,long,lat,sr
0,-180.0,-38.5,165.359078287307
1,-180.0,-37.5,156.12142777559168
2,-180.0,-37.0,153.8158302632868
3,-180.0,-36.5,151.32821663742155
4,-180.0,-36.0,154.52045468197548
5,-180.0,-35.5,154.28702853655247
6,-180.0,-35.0,157.48437355940916
7,-180.0,-34.5,155.1569185548424
8,-180.0,-34.0,150.2222776419514
9,-180.0,-33.5,151.88406211023346
10,-180.0,-33.0,154.76191689828875
11,-180.0,-32.5,152.00794482690569
12,-180.0,-32.0,149.9964860374442
13,-180.0,-31.5,160.07264675707
14,-180.0,-31.0,150.17695922041656
15,-180.0,-30.5,151.09225004742603
16,-180.0,-30.0,153.8811124852104
17,-180.0,-29.5,148.3504496246009
18,-180.0,-29.0,147.8631199127227
19,-180.0,-28.5,148.66298162099204
20,-180.0,-28.0,146.55081510992122
21,-180.0,-27.5,147.400999758899
22,-180.0,-27.0,148.38184604813645
23,-180.0,-26.5,145.60096888106756
24,-180.0,-26.0,149.22399562682412
25,-180.0,-25.5,151.90605649443722
26,-180.0,-25.0,148.4324069534545
27,-180.0,-24.0,149.80034223180843
28,-180.0,-23.5,148.7265697988225
29,-180.0,-23.0,147.3991079384115
30,-180.0,-22.5,150.53057118585068
31,-180.0,-22.0,148.5327321048991
32,-180.0,-21.5,148.95205940497743
33,-180.0,-20.5,157.3480998378227
34,-180.0,-20.0,150.34278477979777
35,-180.0,-19.5,151.4926391871511
36,-180.0,-19.0,152.05897593840191
37,-180.0,-18.5,148.8487693164211
38,-180.0,-18.0,150.0498789095737
39,-180.0,-17.5,150.13766846939592
40,-180.0,-17.0,153.49677967947517
41,-180.0,-16.5,151.01662604668536
42,-180.0,-16.0,150.34650835034154
43,-180.0,-15.5,149.98123802928578
44,-180.0,-15.0,149.98233554670776
45,-180.0,-14.5,148.14969025831175
46,-180.0,-14.0,150.62230341603188
47,-180.0,-13.5,151.1329128321877
48,-180.0,-13.0,149.7456204100711
49,-180.0,-12.5,152.30641550910966
50,-180.0,-12.0,149.6332711495844
51,-180.0,-11.5,152.13568863715324
52,-180.0,-11.0,149.30201755739787
53,-180.0,-10.5,153.5282506313336
54,-180.0,-10.0,150.21218947472119
55,-180.0,-9.5,151.49464010490075
56,-180.0,-8.5,155.18868482002486
57,-180.0,-8.0,153.96951016040782
58,-180.0,-7.5,153.88240170127654
59,-180.0,-7.0,157.37915972089812
60,-180.0,-6.5,152.14332145710847
61,-180.0,-6.0,152.7248274498633
62,-180.0,-5.0,158.72566177167278
63,-180.0,-4.5,157.24063229785102
64,-180.0,-4.0,159.71381091866098
65,-180.0,-3.5,157.80554396373518
66,-180.0,-2.5,160.63013710215193
67,-180.0,-2.0,159.02159097326222
68,-180.0,-1.5,156.24958615223647
69,-180.0,0.5,161.21167799453275
70,-180.0,1.0,161.64730762420487
71,-180.0,1.5,160.31123788976467
72,-180.0,2.0,159.5366966622345
73,-180.0,2.5,157.49595027904573
74,-180.0,3.0,160.61635567661216
75,-180.0,4.5,153.85810809852086
76,-180.0,5.0,154.53814303638308
77,-180.0,5.5,150.30642721952677
78,-180.0,6.0,151.61159165626268
79,-180.0,6.5,153.71276160375646
80,-180.0,7.0,155.13467820145473
81,-180.0,7.5,155.70867873146108
82,-180.0,8.5,159.27261695788164
83,-180.0,9.0,154.0060101882578
84,-180.0,9.5,152.43698367848233
85,-180.0,10.0,151.4115164303164
86,-180.0,10.5,151.17077871112838
87,-180.0,11.0,153.47428441428454
88,-180.0,12.0,155.51312041233703
89,-180.0,12.5,150.50077008676428
90,-180.0,13.0,158.68109576624204
91,-180.0,13.5,166.84867285447982
92,-180.0,14.0,156.94951800254734
93,-180.0,14.5,156.9591582601967
94,-180.0,15.0,156.00703233643497
95,-180.0,15.5,157.71145410438027
96,-180.0,16.5,156.50368536886944
97,-180.0,17.0,157.39032041634263
98,-180.0,17.5,156.27233329963494
99,-180.0,18.0,156.4937962716179
100,-180.0,18.5,157.0695412750249
101,-180.0,19.0,158.27218589766161
102,-180.0,19.5,158.06742169581125
103,-180.0,20.0,160.53788559003232
104,-180.0,20.5,156.49281759450307
105,-180.0,21.0,151.8348392461001
106,-180.0,21.5,152.4775103033287
107,-180.0,22.0,155.24874829978333
108,-180.0,22.5,165.2050027228304
109,-180.0,23.0,151.28374326387097
110,-180.0,23.5,154.06193900878628
111,-180.0,24.0,154.04626995106403
112,-180.0,24.5,157.9216307468191
113,-180.0,25.0,153.48539364924767
114,-180.0,25.5,155.48127291162126
115,-180.0,26.0,154.04901367997826
116,-180.0,26.5,153.0917027645851
117,-180.0,27.0,152.68870913704157
118,-180.0,27.5,153.13084094055483
119,-180.0,28.0,149.84920550673195
120,-180.0,28.5,150.46419652419246
121,-180.0,29.0,152.71916113784854
122,-180.0,30.0,177.72355107000598
123,-180.0,31.0,147.64840538420592
124,-180.0,31.5,148.6552574518002
125,-180.0,32.0,151.45122702036858
126,-180.0,32.5,152.04132092752963
127,-180.0,33.0,150.08151969644527
128,-180.0,33.5,161.5899356841607
129,-180.0,34.0,153.74473440176396
130,-180.0,34.5,154.23425989970264
131,-180.0,35.0,155.43432822240774
132,-180.0,35.5,159.08255514067497
133,-180.0,36.0,153.24263105591623
134,-180.0,36.5,149.55253732116708
135,-180.0,37.0,148.84201006723592
136,-180.0,37.5,156.53398366078085
137,-180.0,40.0,179.75044258918834
138,-179.5,-38.5,164.56234281868817
139,-179.5,-37.5,156.67838170971132
140,-179.5,-37.0,153.44727384339419
141,-179.5,-36.5,150.42829853850782
142,-179.5,-36.0,154.19390243331344
143,-179.5,-35.5,154.26103479099626
144,-179.5,-35.0,157.2600295063867
145,-179.5,-34.5,155.5889555452715
146,-179.5,-34.0,151.1153648193146
147,-179.5,-33.5,151.63030773638027
148,-179.5,-33.0,154.26851732184983
149,-179.5,-32.5,151.9873622892802
150,-179.5,-32.0,150.51738880477228
151,-179.5,-31.5,162.3554375620496
152,-179.5,-31.0,148.97989949563066
153,-179.5,-30.5,150.50991225217777
154,-179.5,-30.0,153.92213217680086
155,-179.5,-29.5,148.66020459410055
156,-179.5,-29.0,147.80609550167335
157,-179.5,-28.5,148.9220997934372
158,-179.5,-28.0,146.43269579819585
159,-179.5,-27.5,147.7689940567285
160,-179.5,-27.0,147.46603091755568
161,-179.5,-26.5,150.3932677692438
162,-179.5,-26.0,150.4142427234379
163,-179.5,-25.5,146.59314050219177
164,-179.5,-25.0,149.56061647339789
165,-179.5,-24.5,149.41429658296656
166,-179.5,-24.0,150.74589101964918
167,-179.5,-23.5,148.1995206774515
168,-179.5,-23.0,146.95841361004145
169,-179.5,-22.5,150.35799945006238
170,-179.5,-22.0,149.5779488883745
171,-179.5,-21.5,149.1490772032183
172,-179.5,-21.0,146.3970638108062
173,-179.5,-20.5,159.45540122072066
174,-179.5,-20.0,150.0590744969229
175,-179.5,-19.5,147.549405656348
176,-179.5,-19.0,150.9564896353487
177,-179.5,-18.5,151.709380262254
178,-179.5,-18.0,149.77098067553155
179,-179.5,-17.5,150.38988184195557
180,-179.5,-17.0,152.0652841209793
181,-179.5,-16.5,151.1148411088115
182,-179.5,-16.0,149.72741448230656
183,-179.5,-15.5,150.00984662977982
184,-179.5,-15.0,149.73521693191404
185,-179.5,-14.5,149.92232553396875
186,-179.5,-14.0,151.01953149655574
187,-179.5,-13.5,151.02866967845088
188,-179.5,-13.0,150.95839466077243
189,-179.5,-12.5,159.52279738975326
190,-179.5,-12.0,147.59999345351557
191,-179.5,-11.5,153.55599049484292
192,-179.5,-11.0,151.21193202882165
193,-179.5,-10.5,151.37857485163482
194,-179.5,-10.0,151.21408795507892
195,-179.5,-9.5,156.98201976178268
196,-179.5,-8.5,152.4784089278324
197,-179.5,-8.0,154.21600194919264
198,-179.5,-7.0,153.37661577539762
199,-179.5,-6.5,153.61052000784866
200,-179.5,-5.5,157.32579146342684
201,-179.5,-5.0,157.50308641773825
202,-179.5,-4.5,158.29068342258512
203,-179.5,-4.0,159.8308965634738
204,-179.5,-3.5,158.30318794168824
205,-179.5,-2.0,159.64229615135628
206,-179.5,-1.5,157.21858843824785
207,-179.5,-1.0,158.29829953500837
208,-179.5,-0.5,159.84482637135062
209,-179.5,0.0,159.72420866060594
210,-179.5,0.5,161.15540651680877
211,-179.5,1.0,159.63140766820968
212,-179.5,1.5,161.7088427913498
213,-179.5,2.0,159.2767647583261
214,-179.5,2.5,157.6532680204765
215,-179.5,3.0,163.4607908966725
216,-179.5,3.5,164.63055708324737
217,-179.5,4.0,154.31247711182783
218,-179.5,4.5,154.92354297956052
219,-179.5,5.0,152.7254111690313
220,-179.5,5.5,151.359232233787
221,-179.5,6.5,153.60700339960707
222,-179.5,7.0,152.64629781466232
223,-179.5,7.5,154.68006781382104
224,-179.5,8.0,153.4133520859744
225,-179.5,8.5,156.1002374666235
226,-179.5,9.0,157.52551686299313
227,-179.5,9.5,152.39651554055035
228,-179.5,10.5,152.04309546980912
229,-179.5,11.0,153.7706613639112
230,-179.5,11.5,149.88891747849667
231,-179.5,12.0,157.43185121786934
232,-179.5,12.5,168.27321737274613
233,-179.5,13.0,158.63384079303913
234,-179.5,13.5,160.08726287622454
235,-179.5,14.0,164.27032054366018
236,-179.5,14.5,156.03305866286593
237,-179.5,15.5,158.01224838613663
238,-179.5,16.0,156.72711335777578
239,-179.5,16.5,157.9732043820859
240,-179.5,17.0,156.95864786904468
241,-179.5,17.5,156.77268706492202
242,-179.5,18.0,156.6715784576604
243,-179.5,18.5,157.777515678739
244,-179.5,19.0,157.42216360094045
245,-179.5,19.5,163.21409634406214
246,-179.5,20.0,159.69190728222412
247,-179.5,20.5,158.20245914366924
248,-179.5,21.0,156.50702832502654
249,-179.5,22.0,155.80911365864102
250,-179.5,22.5,160.0938663768903
251,-179.5,23.0,152.1612574508502
252,-179.5,23.5,156.67629381781742
253,-179.5,24.0,153.54532763773446
254,-179.5,24.5,165.43579592695286
255,-179.5,25.0,154.57726700018574
256,-179.5,25.5,154.4168919192748
257,-179.5,26.0,156.19997689929784
258,-179.5,26.5,154.6626294797193
259,-179.5,27.0,152.8906900596024
260,-179.5,27.5,153.00349800984054
261,-179.5,28.0,150.31261941160068
262,-179.5,28.5,152.3438515723544
263,-179.5,29.0,153.63269453165285
264,-179.5,29.5,147.69271776574865
265,-179.5,31.0,148.17515383858932
266,-179.5,31.5,148.4513523763051
267,-179.5,32.0,154.98220394333117
268,-179.5,32.5,149.05211279449233
269,-179.5,33.0,149.72043224979336
270,-179.5,33.5,160.87218815168694
271,-179.5,34.0,151.0776947315013
272,-179.5,34.5,154.43889682607573
273,-179.5,35.0,155.1982459567467
274,-179.5,35.5,157.3436768694797
275,-179.5,36.0,158.30516028108366
276,-179.5,36.5,150.20963593097073
277,-179.5,37.0,148.9770699121469
278,-179.5,37.5,155.6314545554381
279,-179.5,39.5,173.6781881251502
280,-179.5,40.0,179.72659365391522
281,-179.0,-38.5,163.61531803937416
282,-179.0,-38.0,163.09979979112236
283,-179.0,-37.5,157.42226805611432
284,-179.0,-37.0,152.93490902130802
285,-179.0,-36.5,149.4673455020195
286,-179.0,-36.0,153.15698037590056
287,-179.0,-35.5,154.3630127280682
288,-179.0,-35.0,157.84657792398232
289,-179.0,-34.5,156.12369638994915
290,-179.0,-34.0,152.6406033149454
291,-179.0,-33.5,150.92663584353218
292,-179.0,-33.0,154.42951240946576
293,-179.0,-32.5,151.45453415827788
294,-179.0,-32.0,147.18498541689752
295,-179.0,-31.5,156.1134998224466
296,-179.0,-31.0,150.99975763577118
297,-179.0,-30.5,150.40871250082913
298,-179.0,-30.0,152.19027802833546
299,-179.0,-29.5,147.29075218463663
300,-179.0,-29.0,148.14986326983345
301,-179.0,-28.5,148.8056782571739
302,-179.0,-28.0,146.58190460264004
303,-179.0,-27.5,147.38443080321514
304,-179.0,-27.0,148.15702574571822
305,-179.0,-26.5,150.50704745461482
306,-179.0,-26.0,150.78410723649998
307,-179.0,-25.5,147.90982020415456
308,-179.0,-25.0,153.01242183173886
309,-179.0,-24.5,149.7678658134024
310,-179.0,-24.0,150.17270291821634
311,-179.0,-23.5,147.98599912275
312,-179.0,-23.0,149.7802366008031
313,-179.0,-22.5,148.97515433590075
314,-179.0,-22.0,149.1335436569592
315,-179.0,-21.5,149.30717475399027
316,-179.0,-21.0,153.81069498328438
317,-179.0,-20.5,173.54695738147078
318,-179.0,-20.0,152.31200433478827
319,-179.0,-19.5,147.45764052925355
320,-179.0,-19.0,152.0949133584418
321,-179.0,-18.5,151.62887819285862
322,-179.0,-18.0,150.70271962992254
323,-179.0,-17.5,151.3311003731836
324,-179.0,-17.0,151.06259722675912
325,-179.0,-16.5,151.36467722903996
326,-179.0,-16.0,150.66827283840857
327,-179.0,-15.5,149.4363097023356
328,-179.0,-15.0,149.61558438444368
329,-179.0,-14.5,150.63344956004968
330,-179.0,-14.0,151.44708700504614
331,-179.0,-13.5,150.86681166873313
332,-179.0,-13.0,151.53117282248206
333,-179.0,-12.5,150.05201322809802
334,-179.0,-12.0,150.73880473895997
335,-179.0,-11.5,150.85088157535867
336,-179.0,-11.0,154.12029761079276
337,-179.0,-10.5,150.4652367136545
338,-179.0,-10.0,152.58806241986144
339,-179.0,-9.5,165.60117202850185
340,-179.0,-9.0,156.23413936985068
341,-179.0,-8.5,152.47573098025657
342,-179.0,-8.0,154.2112236479515
343,-179.0,-7.5,154.81623459273123
344,-179.0,-7.0,151.71215962892006
345,-179.0,-6.5,156.61626251819575
346,-179.0,-6.0,158.3739492600243
347,-179.0,-5.5,157.24061391126753
348,-179.0,-5.0,156.8341130350955
349,-179.0,-4.5,160.61963735061678
350,-179.0,-4.0,157.94324258039987
351,-179.0,-3.5,161.50351520215187
352,-179.0,-3.0,158.23151527506297
353,-179.0,-2.0,159.65773087440596
354,-179.0,-1.5,159.39969060118136
355,-179.0,-1.0,160.21614569291637
356,-179.0,-0.5,159.70994386559926
357,-179.0,0.0,159.66759232244422
358,-179.0,0.5,158.7833859573083
359,-179.0,1.0,160.92100920751113
360,-179.0,1.5,160.49420674757934
361,-179.0,2.0,158.76846227057925
362,-179.0,2.5,159.7588569375006
363,-179.0,3.5,160.86523818757485
364,-179.0,4.0,154.59063400306337
365,-179.0,5.0,154.35066846373573
366,-179.0,5.5,154.03762604412427
367,-179.0,6.5,150.2302303265182
368,-179.0,7.0,154.30833683458812
369,-179.0,7.5,151.5178319716659
370,-179.0,8.0,153.72493194724453
371,-179.0,8.5,153.56163656785012
372,-179.0,9.0,168.37329522001627
373,-179.0,9.5,152.09312140903558
374,-179.0,10.0,152.44931681194282
375,-179.0,10.5,153.06550632731853
376,-179.0,11.0,151.55633758493192
377,-179.0,11.5,150.59558280796358
378,-179.0,12.0,150.49732749032842
379,-179.0,12.5,168.21356801969168
380,-179.0,13.0,159.48790727363019
381,-179.0,13.5,156.9615352081134
382,-179.0,14.0,166.30827781329702
383,-179.0,14.5,160.48698564896412
384,-179.0,15.0,156.69027272148531
385,-179.0,15.5,159.22167081662215
386,-179.0,16.0,156.72104855066425
387,-179.0,16.5,157.98384949775607
388,-179.0,17.0,156.82418968599976
389,-179.0,17.5,156.9855684713762
390,-179.0,18.0,156.93760262711154
391,-179.0,18.5,156.79535232428472
392,-179.0,19.0,158.1613938175132
393,-179.0,19.5,159.65438886268726
394,-179.0,20.0,159.27479039692508
395,-179.0,20.5,161.37048903646195
396,-179.0,21.0,156.3368841226527
397,-179.0,21.5,161.5463203784974
398,-179.0,22.0,154.59390241816052
399,-179.0,22.5,153.60873586538904
400,-179.0,23.0,159.7870602175019
401,-179.0,23.5,154.9637588359519
402,-179.0,24.0,154.69329712904138
403,-179.0,24.5,160.7160415613142
404,-179.0,25.0,157.028055435135
405,-179.0,25.5,154.88033570875209
406,-179.0,26.0,155.41676497403978
407,-179.0,26.5,154.81987015502452
408,-179.0,27.0,153.6722187992693
409,-179.0,27.5,153.96242479323212
410,-179.0,28.0,150.6932903717026
411,-179.0,28.5,157.57632131906595
412,-179.0,29.0,152.17122532050087
413,-179.0,29.5,148.6840209406459
414,-179.0,31.0,149.19587749770722
415,-179.0,31.5,148.5729458524867
416,-179.0,32.0,155.2716945835864
417,-179.0,32.5,148.56051002300234
418,-179.0,33.0,147.4877228325541
419,-179.0,33.5,161.16712533926605
420,-179.0,34.0,151.26894316509808
421,-179.0,34.5,154.2818679511405
422,-179.0,35.0,155.73127680417775
423,-179.0,35.5,156.3332454718242
424,-179.0,36.0,161.11188155719492
425,-179.0,36.5,150.41616744149377
426,-179.0,37.0,149.66382551892607
427,-179.0,37.5,154.32036992506497
428,-179.0,39.5,173.5886105060147
429,-179.0,40.0,179.44097081070265
430,-178.5,-38.0,162.5570518994154
431,-178.5,-37.5,158.14028111531897
432,-178.5,-37.0,152.54246974047652
433,-178.5,-36.5,150.06081976763514
434,-178.5,-36.0,151.45478475938611
435,-178.5,-35.5,154.0322086786445
436,-178.5,-35.0,157.2660123206452
437,-178.5,-34.5,156.2611064094913
438,-178.5,-34.0,154.54002178794815
439,-178.5,-33.5,151.13636013880273
440,-178.5,-33.0,153.3850414011245
441,-178.5,-32.5,151.52121878455387
442,-178.5,-32.0,164.3103413819275
443,-178.5,-31.5,149.72426497775393
444,-178.5,-31.0,151.00127028985023
445,-178.5,-30.5,153.4869762450125
446,-178.5,-30.0,148.92402860597645
447,-178.5,-29.5,148.5096234582645
448,-178.5,-29.0,148.2949438206225
449,-178.5,-28.5,148.4162616320383
450,-178.5,-28.0,150.9226248511756
451,-178.5,-27.5,146.30665663885608
452,-178.5,-27.0,147.67883067939988
453,-178.5,-26.5,150.97640895882157
454,-178.5,-26.0,149.2001537813852
455,-178.5,-25.5,148.48899421997737
456,-178.5,-25.0,150.09999914665514
457,-178.5,-24.5,151.18108311512214
458,-178.5,-24.0,149.49434433223246
459,-178.5,-23.5,148.3231162613173
460,-178.5,-23.0,149.68745123382882
461,-178.5,-22.5,150.04461487351244
462,-178.5,-22.0,148.87630664709943
463,-178.5,-21.5,148.28158814939323
464,-178.5,-21.0,155.02354849956845
465,-178.5,-20.5,146.36856414895794
466,-178.5,-20.0,148.02184426286286
467,-178.5,-19.5,150.94305330228434
468,-178.5,-19.0,151.87018270718926
469,-178.5,-18.5,151.58494989242843
470,-178.5,-18.0,152.40407423282545
471,-178.5,-17.5,150.39682082117105
472,-178.5,-17.0,150.05317959380864
473,-178.5,-16.5,151.00402891830078
474,-178.5,-16.0,150.91749942101762
475,-178.5,-15.5,149.2857332787505
476,-178.5,-15.0,150.93489170213027
477,-178.5,-14.5,150.9011271115125
478,-178.5,-14.0,150.91143761132147
479,-178.5,-13.5,151.24270895754162
480,-178.5,-13.0,150.88559723909066
481,-178.5,-12.5,150.4081445436741
482,-178.5,-12.0,151.5772763177087
483,-178.5,-11.5,148.89984294883095
484,-178.5,-11.0,151.78051938364985
485,-178.5,-10.5,153.23910827745578
486,-178.5,-10.0,154.36855554973883
487,-178.5,-9.5,155.39076630096497
488,-178.5,-9.0,156.73182760734036
489,-178.5,-8.5,152.83978215818274
490,-178.5,-8.0,150.16052328292452
491,-178.5,-7.5,153.67406860788174
492,-178.5,-7.0,155.95469673636927
493,-178.5,-6.5,155.22874498918853
494,-178.5,-6.0,157.612755606878
495,-178.5,-5.5,156.8967164319387
496,-178.5,-5.0,156.72628273116538
497,-178.5,-4.5,156.90880174172452
498,-178.5,-4.0,160.54691540364564
499,-178.5,-3.5,160.71472531443877
500,-178.5,-3.0,159.82532607531223
501,-178.5,-2.5,157.87412550415934
502,-178.5,-1.5,160.7423448763792
503,-178.5,-1.0,160.1584880281829
504,-178.5,-0.5,160.61704591518813
505,-178.5,0.0,160.07586947105324
506,-178.5,0.5,160.86726343838612
507,-178.5,1.0,161.2925563992242
508,-178.5,1.5,158.90493701073567
509,-178.5,2.0,160.65514557720184
510,-178.5,2.5,161.8420336856135
511,-178.5,3.0,158.5883897955153
512,-178.5,3.5,155.91377444631075
513,-178.5,4.0,163.7895552154044
514,-178.5,4.5,158.01814182235802
515,-178.5,5.0,158.9076333430063
516,-178.5,5.5,155.9524248415578
517,-178.5,6.0,152.91639800908834
518,-178.5,6.5,152.19616522073508
519,-178.5,7.0,153.88815168562544
520,-178.5,7.5,154.89084118637217
521,-178.5,8.0,154.37347892735744
522,-178.5,8.5,152.4891707354137
523,-178.5,9.0,168.40302106217612
524,-178.5,9.5,168.0689463752928
525,-178.5,10.0,153.35474585606556
526,-178.5,10.5,153.10447766810412
527,-178.5,11.0,152.75895390302423
528,-178.5,11.5,153.30180116042047
529,-178.5,12.5,160.87142567531643
530,-178.5,13.0,158.84240020162792
531,-178.5,13.5,156.04537311272094
532,-178.5,14.0,157.50506201269076
533,-178.5,14.5,166.74259095271478
534,-178.5,15.0,157.33836439631992
535,-178.5,15.5,155.72637379936316
536,-178.5,16.0,159.45393868042768
537,-178.5,16.5,156.32388220875742
538,-178.5,17.0,156.87573787159022
539,-178.5,18.0,156.5508631896805
540,-178.5,18.5,155.28500889126445
541,-178.5,19.0,159.91014779606053
542,-178.5,19.5,159.30565196212993
543,-178.5,20.0,162.5286417713627
544,-178.5,20.5,165.68982001321567
545,-178.5,21.0,157.78023967648141
546,-178.5,21.5,160.3724630228451
547,-178.5,22.0,154.75975790732096
548,-178.5,22.5,152.86754162897643
549,-178.5,23.0,158.68509481220164
550,-178.5,23.5,158.66088965947782
551,-178.5,24.0,159.87803794964276
552,-178.5,24.5,154.18744072605762
553,-178.5,25.0,158.09973585917155
554,-178.5,25.5,154.7497689127345
555,-178.5,26.0,155.223386496004
556,-178.5,26.5,153.873150873165
557,-178.5,27.0,153.53718138711264
558,-178.5,27.5,151.86435688855565
559,-178.5,28.0,152.31654795650755
560,-178.5,28.5,155.45321262313936
561,-178.5,29.0,149.54777691050762
562,-178.5,29.5,151.340124360418
563,-178.5,30.0,147.5460041322
564,-178.5,30.5,149.0150269337212
565,-178.5,31.0,149.03016909756943
566,-178.5,31.5,151.93314125544103
567,-178.5,32.0,153.22036936831466
568,-178.5,32.5,147.63604543796956
569,-178.5,33.0,151.95455599565827
570,-178.5,33.5,153.73596954448834
571,-178.5,34.0,152.92000391191814
572,-178.5,34.5,152.58276879511467
573,-178.5,35.0,154.3014235068322
574,-178.5,35.5,155.8102493068869
575,-178.5,36.0,161.0101197060551
576,-178.5,36.5,150.47181055870956
577,-178.5,37.0,150.00724591151248
578,-178.5,37.5,154.6142063871109
579,-178.5,40.0,179.77824959777226
580,-178.0,-38.0,161.34999319193622
581,-178.0,-37.5,159.04634140181588
582,-178.0,-37.0,152.265198020997
583,-178.0,-36.5,150.06338309274994
584,-178.0,-36.0,149.9145144959341
585,-178.0,-35.5,153.95026935359033
586,-178.0,-35.0,157.30217843889233
587,-178.0,-34.5,155.97691905956128
588,-178.0,-34.0,153.9204139797115
589,-178.0,-33.5,150.8759700167593
590,-178.0,-33.0,152.7271785474981
591,-178.0,-32.5,151.41785974026038
592,-178.0,-32.0,164.82898511066057
593,-178.0,-31.5,148.2649919572613
594,-178.0,-31.0,150.35278755500738
595,-178.0,-30.5,154.10038679286527
596,-178.0,-30.0,149.50086266107493
597,-178.0,-29.5,147.9692874819778
598,-178.0,-29.0,148.58852370203576
599,-178.0,-28.5,148.27022165069093
600,-178.0,-28.0,148.5075363476757
601,-178.0,-27.5,146.86014073673385
602,-178.0,-27.0,148.48590038201098
603,-178.0,-26.5,148.08381926078738
604,-178.0,-26.0,147.46050298140128
605,-178.0,-25.5,152.42610787230828
606,-178.0,-25.0,149.55252718579575
607,-178.0,-24.5,153.18496882173676
608,-178.0,-24.0,149.53715746528633
609,-178.0,-23.5,151.05954523637874
610,-178.0,-23.0,148.4696544226805
611,-178.0,-22.5,149.37529315810917
612,-178.0,-22.0,149.03016621017625
613,-178.0,-21.5,152.36076587720473
614,-178.0,-21.0,153.71732193233456
615,-178.0,-20.5,146.86963945437634
616,-178.0,-19.5,151.66998830010579
617,-178.0,-19.0,149.40486536008436
618,-178.0,-18.5,150.2513175864725
619,-178.0,-18.0,151.74170338053472
620,-178.0,-17.5,150.94154019739815
621,-178.0,-17.0,149.92254025916532
622,-178.0,-16.5,151.2036726455501
623,-178.0,-16.0,149.97948134163394
624,-178.0,-15.5,151.71657070552052
625,-178.0,-15.0,149.38228521709416
626,-178.0,-14.5,152.08581137503992
627,-178.0,-14.0,150.89362019605596
628,-178.0,-13.5,151.0086187188324
629,-178.0,-13.0,150.9000266510358
630,-178.0,-12.5,151.11326795037027
631,-178.0,-12.0,152.16279301539498
632,-178.0,-11.5,149.8689412979882
633,-178.0,-11.0,150.13401957869334
634,-178.0,-10.5,155.37659623204027
635,-178.0,-10.0,156.8837991705141
636,-178.0,-9.5,152.18491975479495
637,-178.0,-9.0,153.29343788865495
638,-178.0,-8.5,154.47606509379347
639,-178.0,-8.0,151.0744909642155
640,-178.0,-7.5,151.31701173706284
641,-178.0,-7.0,156.4936076653116
642,-178.0,-6.5,155.9977136272638
643,-178.0,-6.0,157.2860940951509
644,-178.0,-5.5,157.0753013989836
645,-178.0,-5.0,156.73321492589758
646,-178.0,-4.5,156.69692625665047
647,-178.0,-3.5,160.36255818608254
648,-178.0,-3.0,160.94856835267754
649,-178.0,-2.5,159.9480523219757
650,-178.0,-2.0,160.45194858031226
651,-178.0,-1.5,160.55038455877622
652,-178.0,-1.0,160.41401012724646
653,-178.0,-0.5,160.9079276902702
654,-178.0,0.0,160.46286757898943
655,-178.0,0.5,162.04142814723343
656,-178.0,1.0,160.9700763211658
657,-178.0,1.5,161.33804907991095
658,-178.0,2.0,161.23888898327797
659,-178.0,2.5,162.76182224607447
660,-178.0,3.0,158.17787033008594
661,-178.0,3.5,157.24377904424603
662,-178.0,4.0,160.00675250080184
663,-178.0,4.5,160.93078652549755
664,-178.0,5.5,155.306581552267
665,-178.0,6.0,154.69147272271098
666,-178.0,6.5,153.10863031755102
667,-178.0,7.0,152.25123651814303
668,-178.0,7.5,153.64563656497765
669,-178.0,8.0,153.01017672165978
670,-178.0,8.5,152.86524252773023
671,-178.0,9.0,153.42032925346953
672,-178.0,9.5,164.8095883587714
673,-178.0,10.0,163.9225927362259
674,-178.0,10.5,152.1347013640175
675,-178.0,11.0,152.27118455904161
676,-178.0,11.5,154.56188935561343
677,-178.0,12.0,157.66174421437745
678,-178.0,12.5,156.3666730442267
679,-178.0,13.0,158.39750446630953
680,-178.0,13.5,158.60242116244962
681,-178.0,14.0,159.4919625354148
682,-178.0,14.5,166.5610536476693
683,-178.0,15.0,164.16541778582214
684,-178.0,15.5,156.14848974027504
685,-178.0,16.0,159.27551444342603
686,-178.0,16.5,156.66011459178873
687,-178.0,17.0,156.6492469882358
688,-178.0,17.5,156.62445589598755
689,-178.0,18.0,155.63744307826644
690,-178.0,18.5,160.86522178702782
691,-178.0,19.0,155.15756555137574
692,-178.0,19.5,156.23555326963745
693,-178.0,20.0,157.66389523329303
694,-178.0,20.5,168.96730674929597
695,-178.0,21.0,165.88724795555873
696,-178.0,21.5,154.6613899710927
697,-178.0,22.0,155.4191822538213
698,-178.0,22.5,156.3043468002101
699,-178.0,23.0,155.47592845418558
700,-178.0,23.5,162.55820735555767
701,-178.0,24.0,158.99355593459876
702,-178.0,24.5,154.51868807285646
703,-178.0,25.0,157.9192086086387
704,-178.0,25.5,155.08419607361728
705,-178.0,26.0,155.2925366240695
706,-178.0,26.5,152.96870950593242
707,-178.0,27.0,152.56866952384445
708,-178.0,27.5,150.23900932224296
709,-178.0,28.0,153.50083326898127
710,-178.0,28.5,150.60964221819847
711,-178.0,29.5,152.10262128960312
712,-178.0,30.0,147.6032779169629
713,-178.0,30.5,149.04909007905468
714,-178.0,31.0,150.96651081933427
715,-178.0,31.5,154.90788569538768
716,-178.0,32.0,149.53856836139568
717,-178.0,32.5,147.211493418449
718,-178.0,33.0,152.47930266923905
719,-178.0,33.5,153.23687613916974
720,-178.0,34.0,152.10567020483072
721,-178.0,34.5,152.07102414496376
722,-178.0,35.0,154.6616913094066
723,-178.0,35.5,155.25900594443704
724,-178.0,36.0,160.88339446971378
725,-178.0,36.5,149.81433296346643
726,-178.0,37.0,149.03156764890517
727,-178.0,37.5,154.33440329568634
728,-178.0,40.0,179.8464657054616
729,-177.5,-38.0,160.45353939960754
730,-177.5,-37.5,160.0283409571789
731,-177.5,-37.0,152.23872765814204
732,-177.5,-36.5,150.78965978615173
733,-177.5,-36.0,148.8000487307114
734,-177.5,-35.5,153.2802925849792
735,-177.5,-35.0,154.46865337205492
736,-177.5,-34.5,155.7848943615479
737,-177.5,-34.0,154.24860217374973
738,-177.5,-33.5,152.98133203482394
739,-177.5,-33.0,155.13741417174379
740,-177.5,-32.5,151.13582446619338
741,-177.5,-32.0,157.95131593622372
742,-177.5,-31.5,148.07364117575517
743,-177.5,-31.0,149.7953105052582
744,-177.5,-30.5,154.38851794045655
745,-177.5,-30.0,150.74278036739773
746,-177.5,-29.5,147.70671077967947
747,-177.5,-29.0,148.73314738211803
748,-177.5,-28.5,148.61069739909826
749,-177.5,-28.0,148.59556945359398
750,-177.5,-27.5,147.4656088094927
751,-177.5,-27.0,148.78066945273153
752,-177.5,-26.5,147.00598817048703
753,-177.5,-26.0,148.35167121646535
754,-177.5,-25.5,152.08601535856224
755,-177.5,-25.0,149.73168848988394
756,-177.5,-24.5,148.34307173996257
757,-177.5,-24.0,151.03843818053878
758,-177.5,-23.5,149.3599176024665
759,-177.5,-23.0,149.868480707958
760,-177.5,-22.5,148.88461329215204
761,-177.5,-22.0,148.13665124188185
762,-177.5,-21.5,155.6823936015097
763,-177.5,-21.0,148.1992661724477
764,-177.5,-20.5,147.97895094375005
765,-177.5,-20.0,149.86953351895278
766,-177.5,-19.5,148.89507195143702
767,-177.5,-19.0,150.7061100928787
768,-177.5,-18.5,149.58798455747296
769,-177.5,-18.0,150.99877669655956
770,-177.5,-17.5,151.56092891610825
771,-177.5,-17.0,151.23007524504982
772,-177.5,-16.5,150.14060211930317
773,-177.5,-16.0,151.0118570626393
774,-177.5,-15.5,152.75150253329628
775,-177.5,-15.0,152.59767401917335
776,-177.5,-14.5,149.8391106804665
777,-177.5,-14.0,153.0040495204726
778,-177.5,-13.5,150.56968766049883
779,-177.5,-13.0,150.99956723712373
780,-177.5,-12.5,151.4250128156388
781,-177.5,-12.0,150.11264036778198
782,-177.5,-11.5,152.05235887823045
783,-177.5,-11.0,150.22080540854054
784,-177.5,-10.0,155.64650302813317
785,-177.5,-9.5,151.33667407889928
786,-177.5,-9.0,154.7035260754599
787,-177.5,-8.5,150.68837339448592
788,-177.5,-8.0,152.06173000231672
789,-177.5,-7.5,153.03269792046189
790,-177.5,-7.0,157.5035344616803
791,-177.5,-6.5,156.3599318896288
792,-177.5,-6.0,156.65796040522227
793,-177.5,-5.5,156.87425592214842
794,-177.5,-5.0,155.36178582583446
795,-177.5,-3.5,159.13754718589766
796,-177.5,-3.0,161.1790739127961
797,-177.5,-2.5,160.94921306516204
798,-177.5,-2.0,160.75513362689415
799,-177.5,-1.5,160.13112378950444
800,-177.5,-1.0,160.3168916947645
801,-177.5,-0.5,160.78804197615455
802,-177.5,0.0,162.4837666169839
803,-177.5,0.5,161.89433155991287
804,-177.5,1.0,161.7906806516672
805,-177.5,1.5,162.49228540435973
806,-177.5,2.5,157.9744084781323
807,-177.5,3.0,161.5993799468407
808,-177.5,3.5,159.03747203084785
809,-177.5,4.0,159.8818702010595
810,-177.5,4.5,163.13391612692078
811,-177.5,5.0,163.20875561100644
812,-177.5,5.5,157.68384628056484
813,-177.5,6.0,158.94438342402944
814,-177.5,6.5,154.774429546749
815,-177.5,7.0,154.86396942625458
816,-177.5,7.5,155.02833416336097
817,-177.5,8.0,153.51188072552318
818,-177.5,9.0,153.92642391454808
819,-177.5,9.5,155.54256801950766
820,-177.5,10.0,161.7606374858798
821,-177.5,10.5,155.06404886659246
822,-177.5,11.0,152.93786504505624
823,-177.5,11.5,154.3718563662589
824,-177.5,12.0,156.04708873139344
825,-177.5,12.5,155.1237561174164
826,-177.5,13.0,154.16362001502952
827,-177.5,13.5,164.24061595151622
828,-177.5,14.0,160.10365933643746
829,-177.5,14.5,159.63467479005863
830,-177.5,15.0,163.81190360684562
831,-177.5,15.5,166.13142214339354
832,-177.5,16.0,156.43718859516852
833,-177.5,16.5,156.9232276871477
834,-177.5,17.0,155.95177707938066
835,-177.5,17.5,156.64528497315322
836,-177.5,18.0,157.11751963459818
837,-177.5,18.5,161.82402947669627
838,-177.5,19.0,154.01293824392098
839,-177.5,19.5,153.45872324465958
840,-177.5,20.0,157.5391462250003
841,-177.5,20.5,165.24515615496856
842,-177.5,21.0,170.314420964639
843,-177.5,21.5,155.63877007679153
844,-177.5,22.0,153.8255213968935
845,-177.5,22.5,162.70690291337763
846,-177.5,23.0,154.98751376496068
847,-177.5,23.5,157.94954310188513
848,-177.5,24.0,157.8571697476031
849,-177.5,24.5,155.90299683911127
850,-177.5,25.0,155.72593764612327
851,-177.5,25.5,156.03963948657227
852,-177.5,26.0,155.4469703186314
853,-177.5,26.5,153.18865377784454
854,-177.5,27.0,152.1874920846031
855,-177.5,27.5,149.76806944277058
856,-177.5,28.0,153.43669799863895
857,-177.5,28.5,149.98528720188528
858,-177.5,29.5,152.32831761873476
859,-177.5,30.0,147.9856622724024
860,-177.5,30.5,148.6207185087247
861,-177.5,31.0,154.86301046527174
862,-177.5,31.5,159.82899504813383
863,-177.5,32.0,148.09550787516602
864,-177.5,32.5,147.28048096559908
865,-177.5,33.0,153.60997196362317
866,-177.5,33.5,149.900564747272
867,-177.5,34.0,152.88069828546045
868,-177.5,34.5,153.16226411205207
869,-177.5,35.0,153.17772964914755
870,-177.5,35.5,154.4931181635442
871,-177.5,36.0,160.80952287597623
872,-177.5,36.5,149.73876109301912
873,-177.5,37.0,148.95439521984628
874,-177.5,37.5,153.7785058504088
875,-177.5,40.0,179.7983973717114
876,-177.0,-38.0,159.67306705980104
877,-177.0,-37.5,160.84034389476895
878,-177.0,-37.0,151.62019174981083
879,-177.0,-36.5,151.21100455535992
880,-177.0,-36.0,148.42318950058552
881,-177.0,-35.5,153.76274412812904
882,-177.0,-35.0,152.38465366337462
883,-177.0,-34.5,155.67961104450737
884,-177.0,-34.0,154.94512414329046
885,-177.0,-33.5,151.8245805336879
886,-177.0,-33.0,153.1693313679819
887,-177.0,-32.5,151.5768331977567
888,-177.0,-32.0,156.33047827047162
889,-177.0,-31.5,147.9459053525062
890,-177.0,-31.0,150.0794198311412
891,-177.0,-30.5,151.3235268214685
892,-177.0,-30.0,151.97692750945177
893,-177.0,-29.5,148.23800802923097
894,-177.0,-29.0,148.20343463789163
895,-177.0,-28.5,148.79904810066247
896,-177.0,-28.0,149.02428227932756
897,-177.0,-27.5,148.22656306999127
898,-177.0,-27.0,148.95823464090614
899,-177.0,-26.5,146.948695167492
900,-177.0,-25.5,150.55549174937323
901,-177.0,-25.0,150.63020690834514
902,-177.0,-24.5,148.82196819314558
903,-177.0,-24.0,150.88248896949673
904,-177.0,-23.5,148.17593974858397
905,-177.0,-23.0,150.18075472941783
906,-177.0,-22.5,147.53054698038
907,-177.0,-22.0,153.30294503513912
908,-177.0,-21.5,150.79329661059577
909,-177.0,-21.0,148.36195077300223
910,-177.0,-20.5,148.79270155271143
911,-177.0,-20.0,148.47781746394088
912,-177.0,-19.5,149.8248579884775
913,-177.0,-19.0,150.23528180652409
914,-177.0,-18.5,150.74845868279132
915,-177.0,-18.0,149.61401885169107
916,-177.0,-17.5,151.9299814446046
917,-177.0,-17.0,151.41290278008913
918,-177.0,-16.5,150.0268461116364
919,-177.0,-16.0,151.40744597260323
920,-177.0,-15.5,151.89907815257206
921,-177.0,-15.0,151.0110598433495
922,-177.0,-14.5,150.57579135265888
923,-177.0,-14.0,151.06161331430525
924,-177.0,-13.5,151.58109944592536
925,-177.0,-13.0,151.02366528371613
926,-177.0,-12.5,152.1246196381851
927,-177.0,-12.0,151.94396735619387
928,-177.0,-11.5,151.47059389885268
929,-177.0,-11.0,156.43901151173128
930,-177.0,-10.5,150.50960593075288
931,-177.0,-10.0,153.14596091101677
932,-177.0,-9.5,155.77807392900272
933,-177.0,-9.0,149.87965948546872
934,-177.0,-8.5,151.32790028669208
935,-177.0,-8.0,153.48663981070493
936,-177.0,-7.5,154.3968985226515
937,-177.0,-7.0,155.40050784031172
938,-177.0,-6.5,156.80832152708027
939,-177.0,-6.0,159.04063893646082
940,-177.0,-5.5,154.61740845761443
941,-177.0,-5.0,158.30245554682736
942,-177.0,-3.0,161.63737757291594
943,-177.0,-2.5,161.3929336110321
944,-177.0,-2.0,160.55999595152312
945,-177.0,-1.5,160.57616312055896
946,-177.0,-1.0,159.41552092278
947,-177.0,-0.5,161.3348446736321
948,-177.0,0.0,162.60184415672668
949,-177.0,0.5,162.19966208220134
950,-177.0,1.0,163.32816954026987
951,-177.0,1.5,163.76780439196068
952,-177.0,2.0,160.2220026707121
953,-177.0,2.5,158.97619775275186
954,-177.0,3.5,161.85742963050876
955,-177.0,4.0,161.15515571241417
956,-177.0,5.0,160.40019675138146
957,-177.0,5.5,161.9606160054079
958,-177.0,6.5,158.88748441690626
959,-177.0,7.0,156.70542451152437
960,-177.0,8.0,154.1527325315035
961,-177.0,8.5,153.98933990873525
962,-177.0,9.0,154.78507839087544
963,-177.0,9.5,153.89156564385107
964,-177.0,10.0,154.44850962745858
965,-177.0,10.5,165.88599974163495
966,-177.0,11.0,155.66050669324565
967,-177.0,11.5,156.00065913327788
968,-177.0,12.0,155.27327205115105
969,-177.0,12.5,155.72402503732818
970,-177.0,13.0,157.76696684127043
971,-177.0,13.5,168.3479615681689
972,-177.0,14.0,168.15737749741112
973,-177.0,14.5,160.31826322674888
974,-177.0,15.0,161.03004299283012
975,-177.0,15.5,163.69010558012593
976,-177.0,16.0,156.19011868169756
977,-177.0,16.5,157.20037035407134
978,-177.0,17.0,156.9703529161934
979,-177.0,17.5,154.5722639432272
980,-177.0,18.0,162.44685832563349
981,-177.0,18.5,157.95796981251942
982,-177.0,19.0,156.0949503974437
983,-177.0,19.5,152.78541156545313
984,-177.0,20.0,154.38821429213138
985,-177.0,20.5,158.35819702732377
986,-177.0,21.0,164.4989782069745
987,-177.0,21.5,158.857053330575
988,-177.0,22.0,155.18934402194438
989,-177.0,22.5,157.63560696039318
990,-177.0,23.0,154.08163464467535
991,-177.0,23.5,159.40884864977218
992,-177.0,24.0,155.63286313246357
993,-177.0,24.5,154.0929564557978
994,-177.0,25.0,156.38359622793996
995,-177.0,25.5,155.2661409527174
996,-177.0,26.0,156.9785076150324
997,-177.0,26.5,152.96831109679607
998,-177.0,27.0,152.02496832154856
999,-177.0,27.5,151.77553588563487
1000,-177.0,28.0,150.79848579224046
1001,-177.0,28.5,151.7466948490562
1002,-177.0,29.5,151.2381485250706
1003,-177.0,30.0,151.82277413553422
1004,-177.0,30.5,148.678077081031
1005,-177.0,31.0,165.17194348888736
1006,-177.0,31.5,152.9172026424951
1007,-177.0,32.0,146.91566363767018
1008,-177.0,32.5,147.71966719979514
1009,-177.0,33.0,152.6966885501694
1010,-177.0,33.5,150.8565289228366
1011,-177.0,34.0,151.98886723189784
1012,-177.0,34.5,152.46595216740593
1013,-177.0,35.0,153.57158258078536
1014,-177.0,35.5,155.05051832020177
1015,-177.0,36.5,148.8624985433528
1016,-177.0,37.0,148.73242672874284
1017,-177.0,37.5,153.22523287356734
1018,-176.5,-38.0,158.92683432868196
1019,-176.5,-37.0,151.5693968840812
1020,-176.5,-36.5,149.9957462143412
1021,-176.5,-36.0,147.97314358763904
1022,-176.5,-35.5,150.29342659300275
1023,-176.5,-35.0,153.4935495545366
1024,-176.5,-34.5,156.04713697030007
1025,-176.5,-34.0,155.45195899454637
1026,-176.5,-33.5,152.24357792051953
1027,-176.5,-33.0,153.0910874329233
1028,-176.5,-32.5,154.39862148636965
1029,-176.5,-32.0,153.58038044738205
1030,-176.5,-31.5,148.78804171355608
1031,-176.5,-31.0,150.6865496846479
1032,-176.5,-30.5,149.25019175433522
1033,-176.5,-30.0,149.27614153677325
1034,-176.5,-29.5,148.71235416316225
1035,-176.5,-29.0,149.91608161532162
1036,-176.5,-28.5,148.2339984419478
1037,-176.5,-28.0,146.97970248414987
1038,-176.5,-27.5,150.6720284980091
1039,-176.5,-27.0,148.38451114655845
1040,-176.5,-26.5,146.61979288792108
1041,-176.5,-26.0,145.76864590576795
1042,-176.5,-25.5,150.82857574532272
1043,-176.5,-24.5,149.65141679392644
1044,-176.5,-24.0,148.722027620326
1045,-176.5,-23.5,150.63987122940304
1046,-176.5,-23.0,148.7784774134598
1047,-176.5,-22.5,147.54083596591255
1048,-176.5,-22.0,163.9895109954557
1049,-176.5,-21.5,148.1193049648663
1050,-176.5,-21.0,149.2652141490765
1051,-176.5,-20.5,150.0451017550631
1052,-176.5,-20.0,148.6639622658127
1053,-176.5,-19.5,148.55332990887226
1054,-176.5,-19.0,150.4225846477697
1055,-176.5,-18.5,151.28313854508627
1056,-176.5,-18.0,148.90859835732812
1057,-176.5,-17.5,151.90162164132676
1058,-176.5,-17.0,150.62271498635053
1059,-176.5,-16.5,150.9528345359432
1060,-176.5,-16.0,149.79684431085124
1061,-176.5,-15.5,151.57475838882
1062,-176.5,-15.0,150.77194639132924
1063,-176.5,-14.5,152.9317114575846
1064,-176.5,-14.0,149.6032792668776
1065,-176.5,-13.5,151.85381999521834
1066,-176.5,-13.0,152.7784596614511
1067,-176.5,-12.5,150.88399957680784
1068,-176.5,-12.0,152.53942029369247
1069,-176.5,-11.5,150.52173338151107
1070,-176.5,-11.0,157.5510634794373
1071,-176.5,-10.5,150.86690280174815
1072,-176.5,-10.0,150.7812401436961
1073,-176.5,-9.5,159.71822867337926
1074,-176.5,-9.0,150.4904926498345
1075,-176.5,-8.5,150.9607761255657
1076,-176.5,-8.0,155.02129045148268
1077,-176.5,-7.5,154.83759846327578
1078,-176.5,-7.0,155.6529190904006
1079,-176.5,-6.5,155.57037878327225
1080,-176.5,-6.0,157.60901609933833
1081,-176.5,-5.5,155.68687612601556
1082,-176.5,-2.5,160.48008196198447
1083,-176.5,-2.0,160.69173509535784
1084,-176.5,-1.5,160.71356853336272
1085,-176.5,-1.0,161.72333601801543
1086,-176.5,-0.5,161.44242510045407
1087,-176.5,0.0,161.32368152022428
1088,-176.5,0.5,163.1490782876787
1089,-176.5,1.0,163.13232355129844
1090,-176.5,1.5,163.19515130500625
1091,-176.5,2.0,160.0518518883741
1092,-176.5,3.0,160.8894604303738
1093,-176.5,3.5,161.7837093697816
1094,-176.5,4.0,162.07178710890147
1095,-176.5,4.5,157.78822387726117
1096,-176.5,5.0,160.1318110572637
1097,-176.5,5.5,162.92007806642067
1098,-176.5,6.0,161.17924462794696
1099,-176.5,6.5,161.44830247897286
1100,-176.5,7.0,157.13889490547263
1101,-176.5,7.5,154.92118408647906
1102,-176.5,8.5,155.11883471503802
1103,-176.5,9.0,153.87027360149804
1104,-176.5,9.5,154.49241796921444
1105,-176.5,10.0,154.32333015981897
1106,-176.5,10.5,168.2884527875849
1107,-176.5,11.0,164.89760085295683
1108,-176.5,11.5,154.706721036298
1109,-176.5,12.0,154.98830511559737
1110,-176.5,12.5,154.36522831424324
1111,-176.5,13.0,161.36044084138854
1112,-176.5,13.5,160.41474223277228
1113,-176.5,14.0,156.8903798823375
1114,-176.5,14.5,158.38739028714377
1115,-176.5,15.0,161.1338562508838
1116,-176.5,15.5,159.37081275387473
1117,-176.5,16.0,165.68585091372128
1118,-176.5,16.5,157.48202028454313
1119,-176.5,17.0,152.76726548859378
1120,-176.5,17.5,157.21732065539314
1121,-176.5,18.0,154.9907423014608
1122,-176.5,18.5,151.12021605704234
1123,-176.5,19.0,157.21384826317092
1124,-176.5,19.5,150.43642017317674
1125,-176.5,20.0,153.43153440289097
1126,-176.5,20.5,156.52524743249
1127,-176.5,21.0,159.78284213682133
1128,-176.5,21.5,158.92515138662645
1129,-176.5,22.0,158.22087157602357
1130,-176.5,22.5,155.89913727917272
1131,-176.5,23.0,159.23037153182568
1132,-176.5,23.5,157.59676384222212
1133,-176.5,24.0,154.27621710998545
1134,-176.5,24.5,152.73172269161628
1135,-176.5,25.0,156.04968325805729
1136,-176.5,25.5,153.06908131119627
1137,-176.5,26.0,157.02263363183098
1138,-176.5,26.5,152.2943328454776
1139,-176.5,27.0,151.18483934546364
1140,-176.5,27.5,153.7827973371096
1141,-176.5,28.0,149.58651093770288
1142,-176.5,28.5,151.7954615543014
1143,-176.5,29.0,150.79942966432887
1144,-176.5,29.5,151.10349171066775
1145,-176.5,30.0,148.92944852172576
1146,-176.5,30.5,150.18630977221756
1147,-176.5,31.0,166.38356546296933
1148,-176.5,31.5,150.85567493613382
1149,-176.5,32.0,147.0040942590384
1150,-176.5,32.5,151.20984626276297
1151,-176.5,33.0,150.61890147933133
1152,-176.5,33.5,151.95681462821432
1153,-176.5,34.0,151.85528585900292
1154,-176.5,34.5,152.15363451029393
1155,-176.5,35.0,151.9977286126289
1156,-176.5,35.5,155.47866227923726
1157,-176.5,36.0,147.68807869745146
1158,-176.5,36.5,149.4015380698035
1159,-176.5,37.0,149.27860137030936
1160,-176.5,37.5,153.9550037736628
1161,-176.0,-37.0,151.15101777542466
1162,-176.0,-36.5,150.17622547695169
1163,-176.0,-36.0,148.21198101201313
1164,-176.0,-35.5,150.35493417972134
1165,-176.0,-35.0,153.09458760152745
1166,-176.0,-34.5,156.40098105663319
1167,-176.0,-34.0,154.0363031579303
1168,-176.0,-33.5,147.90549939402544
1169,-176.0,-33.0,153.11126076051414
1170,-176.0,-32.5,155.92328952709562
1171,-176.0,-32.0,150.6391321627348
1172,-176.0,-31.5,150.55160216462878
1173,-176.0,-31.0,151.8160912286609
1174,-176.0,-30.5,148.84127126933453
1175,-176.0,-30.0,146.90351946071075
1176,-176.0,-29.5,150.29927052770668
1177,-176.0,-29.0,149.73788115401945
1178,-176.0,-28.5,148.03895902352878
1179,-176.0,-28.0,147.1984290772694
1180,-176.0,-27.5,150.12616547316503
1181,-176.0,-27.0,148.37682183165668
1182,-176.0,-26.5,146.79904353243757
1183,-176.0,-26.0,147.60086001719804
1184,-176.0,-25.5,151.3250139395999
1185,-176.0,-25.0,149.0497466546809
1186,-176.0,-24.5,150.72892656611
1187,-176.0,-24.0,148.33843802102896
1188,-176.0,-23.5,150.04330909984753
1189,-176.0,-23.0,147.84684942349304
1190,-176.0,-22.5,159.18052456783394
1191,-176.0,-22.0,155.53490665494104
1192,-176.0,-21.5,147.5149174409502
1193,-176.0,-21.0,150.22984263759403
1194,-176.0,-20.5,149.0124602422993
1195,-176.0,-20.0,148.9123368519526
1196,-176.0,-19.5,149.09416213210957
1197,-176.0,-19.0,151.7293125305264
1198,-176.0,-18.5,148.66733255974762
1199,-176.0,-18.0,151.30055708206822
1200,-176.0,-17.5,149.59881202542957
1201,-176.0,-17.0,151.44640341922621
1202,-176.0,-16.5,150.92722315579158
1203,-176.0,-16.0,150.05336448099342
1204,-176.0,-15.5,150.10171037037134
1205,-176.0,-15.0,152.2640273838832
1206,-176.0,-14.5,152.05486671078503
1207,-176.0,-14.0,150.69834061629228
1208,-176.0,-13.5,151.05281617753488
1209,-176.0,-13.0,151.85617338329723
1210,-176.0,-12.5,151.01638070278545
1211,-176.0,-12.0,150.52097114517545
1212,-176.0,-11.0,150.0603612405953
1213,-176.0,-10.5,154.2290697422622
1214,-176.0,-9.5,149.96019279229554
1215,-176.0,-9.0,156.77321500004348
1216,-176.0,-8.5,151.30310760004818
1217,-176.0,-8.0,151.85620095823361
1218,-176.0,-7.5,154.22169497236226
1219,-176.0,-7.0,156.1298427667602
1220,-176.0,-6.5,155.22896848103585
1221,-176.0,-6.0,157.20277917668935
1222,-176.0,-5.5,159.3429106420429
1223,-176.0,-2.5,159.39826102661453
1224,-176.0,-2.0,160.6784431356982
1225,-176.0,-1.5,160.96687508244054
1226,-176.0,-1.0,161.77055223557156
1227,-176.0,-0.5,161.00462196749365
1228,-176.0,0.0,161.753549018498
1229,-176.0,0.5,161.99950242042303
1230,-176.0,1.0,163.82146328010913
1231,-176.0,1.5,161.5567381617352
1232,-176.0,2.0,163.70969013876933
1233,-176.0,2.5,160.3302909973924
1234,-176.0,3.0,160.84585403618516
1235,-176.0,4.0,157.88880744127346
1236,-176.0,4.5,160.0525118239649
1237,-176.0,5.0,159.3962195321537
1238,-176.0,5.5,161.47074764700773
1239,-176.0,6.0,162.07019493258085
1240,-176.0,7.0,156.9643297878279
1241,-176.0,7.5,155.8821783437018
1242,-176.0,8.0,155.98072185302985
1243,-176.0,8.5,157.72815895542612
1244,-176.0,9.0,154.20279301949034
1245,-176.0,9.5,153.67668735927555
1246,-176.0,10.0,153.13144591843545
1247,-176.0,10.5,154.4518852894359
1248,-176.0,11.0,162.21167631830193
1249,-176.0,11.5,158.48256660965183
1250,-176.0,12.0,155.2117977953023
1251,-176.0,12.5,155.74850389202985
1252,-176.0,13.0,158.6899359313815
1253,-176.0,13.5,159.0053022800714
1254,-176.0,14.0,157.4375076637691
1255,-176.0,14.5,156.72818298082714
1256,-176.0,15.0,158.71115873083258
1257,-176.0,15.5,157.06607455117572
1258,-176.0,16.0,162.27897082187047
1259,-176.0,16.5,157.6431982901579
1260,-176.0,17.0,154.8153874298929
1261,-176.0,17.5,157.75146035077069
1262,-176.0,18.0,153.00633790423976
1263,-176.0,18.5,152.75820569071757
1264,-176.0,19.0,152.82696280718224
1265,-176.0,19.5,161.85319261896203
1266,-176.0,20.0,153.94265241647716
1267,-176.0,20.5,155.04371123132097
1268,-176.0,21.0,153.1426877466293
1269,-176.0,21.5,158.50606783105752
1270,-176.0,22.0,162.33201919971455
1271,-176.0,22.5,155.00571549660276
1272,-176.0,23.0,163.8774003673403
1273,-176.0,23.5,153.9727308203577
1274,-176.0,24.0,153.39742451614623
1275,-176.0,24.5,155.01267212262815
1276,-176.0,25.0,153.68474776779868
1277,-176.0,25.5,151.78940918586454
1278,-176.0,26.0,154.8496654795556
1279,-176.0,26.5,152.5529656883447
1280,-176.0,27.0,149.7304939201382
1281,-176.0,27.5,154.11579916303046
1282,-176.0,28.0,149.0115314715451
1283,-176.0,28.5,152.11739653584007
1284,-176.0,29.0,149.68309420671977
1285,-176.0,29.5,150.46752882697191
1286,-176.0,30.0,149.66343037143358
1287,-176.0,30.5,158.09974210279728
1288,-176.0,31.0,150.2419000276967
1289,-176.0,31.5,150.8131493025026
1290,-176.0,32.0,147.96026305864436
1291,-176.0,32.5,151.42032071129358
1292,-176.0,33.0,151.5072874867014
1293,-176.0,33.5,150.18685776732704
1294,-176.0,34.0,150.3769005271067
1295,-176.0,34.5,153.3082416296993
1296,-176.0,35.0,151.5968807515453
1297,-176.0,35.5,152.5002086274283
1298,-176.0,36.0,147.54566059120393
1299,-176.0,36.5,149.8205248800117
1300,-176.0,37.0,149.45950913036864
1301,-176.0,37.5,153.32847123121618
1302,-175.5,-37.5,166.56175049773736
1303,-175.5,-37.0,149.89948538328525
1304,-175.5,-36.5,150.82560287253185
1305,-175.5,-36.0,148.5685122935028
1306,-175.5,-35.5,147.52959907040082
1307,-175.5,-35.0,153.8540154927747
1308,-175.5,-34.5,157.18852043381344
1309,-175.5,-34.0,153.77819130748293
1310,-175.5,-33.5,151.0267502951622
1311,-175.5,-33.0,152.98668462487566
1312,-175.5,-32.5,152.79867689505198
1313,-175.5,-32.0,149.6887984512757
1314,-175.5,-31.5,150.162991450075
1315,-175.5,-31.0,153.90699018149235
1316,-175.5,-30.5,149.0775703719392
1317,-175.5,-30.0,147.1368680992528
1318,-175.5,-29.5,150.22237311985683
1319,-175.5,-29.0,149.7981874979008
1320,-175.5,-28.5,148.18370915145525
1321,-175.5,-28.0,148.65446637506437
1322,-175.5,-27.5,149.1959118221821
1323,-175.5,-27.0,148.57797209668632
1324,-175.5,-26.0,147.6614211124205
1325,-175.5,-25.5,150.10918264109617
1326,-175.5,-25.0,151.22091398347686
1327,-175.5,-24.5,150.64926769270537
1328,-175.5,-24.0,150.7313164647308
1329,-175.5,-23.5,148.38512982200643
1330,-175.5,-23.0,151.84269767383302
1331,-175.5,-22.5,157.99737837873778
1332,-175.5,-22.0,147.67892807176838
1333,-175.5,-21.5,149.3970718842106
1334,-175.5,-21.0,150.39996548256326
1335,-175.5,-20.5,150.12681665653935
1336,-175.5,-20.0,148.23268513405918
1337,-175.5,-19.5,149.44060588793718
1338,-175.5,-19.0,148.37873646149492
1339,-175.5,-18.5,150.8910570850762
1340,-175.5,-18.0,152.5966737979414
1341,-175.5,-17.5,150.1107618243344
1342,-175.5,-17.0,150.77036103536403
1343,-175.5,-16.5,152.70411961093643
1344,-175.5,-16.0,149.59933195075064
1345,-175.5,-15.5,150.09589486436903
1346,-175.5,-15.0,151.2836644441129
1347,-175.5,-14.5,151.34670359222602
1348,-175.5,-14.0,152.18580863812997
1349,-175.5,-13.5,150.0093401420765
1350,-175.5,-13.0,152.57286278461584
1351,-175.5,-12.5,150.46105124343572
1352,-175.5,-12.0,151.73407149302113
1353,-175.5,-11.5,155.0164863790496
1354,-175.5,-11.0,153.2582462672237
1355,-175.5,-10.5,155.5959655206768
1356,-175.5,-10.0,156.98770900141128
1357,-175.5,-9.5,150.20122929457435
1358,-175.5,-9.0,153.13535539780614
1359,-175.5,-8.5,160.79607990957143
1360,-175.5,-8.0,151.65499110945453
1361,-175.5,-7.5,152.51933290266098
1362,-175.5,-7.0,155.76831572101676
1363,-175.5,-6.5,154.82558504645925
1364,-175.5,-5.5,160.14620151356948
1365,-175.5,-5.0,160.571596249722
1366,-175.5,-3.0,159.50973542604657
1367,-175.5,-2.5,159.19098126807378
1368,-175.5,-2.0,158.87862068037805
1369,-175.5,-1.5,162.02108543541468
1370,-175.5,-1.0,161.10235700944827
1371,-175.5,-0.5,162.05471317222202
1372,-175.5,0.0,161.7701038299309
1373,-175.5,0.5,162.53185622521335
1374,-175.5,1.0,159.02541257803625
1375,-175.5,1.5,163.47950824329476
1376,-175.5,2.0,161.78443777551553
1377,-175.5,2.5,159.2208147305696
1378,-175.5,3.0,159.68624714732596
1379,-175.5,3.5,151.56472055857827
1380,-175.5,4.0,152.74828013985461
1381,-175.5,4.5,160.20544990910489
1382,-175.5,5.0,162.2168870496915
1383,-175.5,5.5,161.44134725081216
1384,-175.5,6.0,162.35562684588425
1385,-175.5,6.5,162.88845246535107
1386,-175.5,7.5,156.90848502774665
1387,-175.5,8.0,156.0490263895777
1388,-175.5,8.5,155.07231844490627
1389,-175.5,9.0,153.1405983472008
1390,-175.5,9.5,154.06391868629734
1391,-175.5,10.5,154.06822543261575
1392,-175.5,11.0,153.51947611207623
1393,-175.5,11.5,161.8069733609341
1394,-175.5,12.0,156.9575379902579
1395,-175.5,12.5,158.23449626032203
1396,-175.5,13.0,156.72540313316875
1397,-175.5,13.5,157.60574225074706
1398,-175.5,14.0,157.64524656562193
1399,-175.5,14.5,155.97898874281327
1400,-175.5,15.0,156.2308060656263
1401,-175.5,16.0,157.63522252396766
1402,-175.5,16.5,157.7959486406978
1403,-175.5,17.0,160.23640051309735
1404,-175.5,17.5,152.56514337721282
1405,-175.5,18.0,153.18305219168877
1406,-175.5,18.5,152.85745127985322
1407,-175.5,19.5,160.9758509326045
1408,-175.5,20.5,152.26784982494115
1409,-175.5,21.0,152.71126895251712
1410,-175.5,21.5,160.59942872899094
1411,-175.5,22.0,163.0457569186929
1412,-175.5,22.5,157.41531365966824
1413,-175.5,23.0,158.13116641163802
1414,-175.5,23.5,153.26090591530516
1415,-175.5,24.0,153.08439062697343
1416,-175.5,24.5,154.25655879675912
1417,-175.5,25.0,152.99232034517573
1418,-175.5,25.5,151.66060632439016
1419,-175.5,26.0,151.37584489352346
1420,-175.5,26.5,153.27672475532827
1421,-175.5,27.0,156.94771175042752
1422,-175.5,27.5,152.17093717417694
1423,-175.5,28.0,151.38305987946873
1424,-175.5,28.5,149.22459385980696
1425,-175.5,29.0,153.11203105400656
1426,-175.5,29.5,150.95825672900185
1427,-175.5,30.0,150.49279750425853
1428,-175.5,30.5,158.3005382635429
1429,-175.5,31.0,151.3565485803161
1430,-175.5,31.5,146.8086334103203
1431,-175.5,32.0,148.41476182405842
1432,-175.5,32.5,152.6508504981791
1433,-175.5,33.0,150.70498133588742
1434,-175.5,33.5,150.22362405982713
1435,-175.5,34.0,149.86006545287447
1436,-175.5,34.5,152.522766383985
1437,-175.5,35.0,152.28652957781404
1438,-175.5,35.5,147.91210217530383
1439,-175.5,36.0,147.49558822276555
1440,-175.5,36.5,150.1736730474325
1441,-175.5,37.0,150.18500504845585
1442,-175.5,37.5,153.33482946807422
1443,-175.0,-37.0,149.1393665422589
1444,-175.0,-36.5,150.41524501225686
1445,-175.0,-36.0,148.38306422651215
1446,-175.0,-35.5,147.64268781448993
1447,-175.0,-35.0,153.25860530134324
1448,-175.0,-34.5,157.31061190995763
1449,-175.0,-34.0,153.80158573896605
1450,-175.0,-33.5,152.50632735207972
1451,-175.0,-33.0,151.47997705171272
1452,-175.0,-32.5,154.18208402490322
1453,-175.0,-32.0,148.38032790027282
1454,-175.0,-31.5,151.40446742820004
1455,-175.0,-31.0,151.268256875162
1456,-175.0,-30.5,147.7785644828563
1457,-175.0,-30.0,148.08288813346448
1458,-175.0,-29.5,149.48943673639647
1459,-175.0,-29.0,150.0922129869132
1460,-175.0,-28.5,149.06383303764775
1461,-175.0,-28.0,149.86498511314042
1462,-175.0,-27.5,148.00398643978315
1463,-175.0,-27.0,149.3761787448905
1464,-175.0,-26.5,149.26774111128003
1465,-175.0,-26.0,148.53390921279095
1466,-175.0,-25.5,155.60524550210343
1467,-175.0,-25.0,149.73671641699335
1468,-175.0,-24.5,151.18639397339527
1469,-175.0,-24.0,149.8556888441977
1470,-175.0,-23.5,148.45807650643616
1471,-175.0,-23.0,163.51526016938215
1472,-175.0,-22.5,158.16967423012355
1473,-175.0,-22.0,147.7827665973496
1474,-175.0,-21.5,150.38959207854228
1475,-175.0,-21.0,151.9353277809841
1476,-175.0,-20.5,149.04803621924444
1477,-175.0,-20.0,150.17652765517056
1478,-175.0,-19.5,149.40341238305177
1479,-175.0,-19.0,148.9609805268556
1480,-175.0,-18.5,151.67552619135407
1481,-175.0,-18.0,149.50439375411267
1482,-175.0,-17.5,151.64012355387445
1483,-175.0,-17.0,148.99249571897647
1484,-175.0,-16.5,149.51584685430714
1485,-175.0,-16.0,151.20380402520354
1486,-175.0,-15.5,150.03599441823243
1487,-175.0,-15.0,150.11674555601277
1488,-175.0,-14.5,151.4284038039873
1489,-175.0,-14.0,150.4954079749185
1490,-175.0,-13.5,150.45596002892077
1491,-175.0,-13.0,150.48329858520037
1492,-175.0,-12.5,150.39655415712147
1493,-175.0,-12.0,153.40443965350937
1494,-175.0,-11.5,151.06761814070788
1495,-175.0,-11.0,149.86747151502996
1496,-175.0,-10.5,152.64016711315458
1497,-175.0,-10.0,154.96416866968224
1498,-175.0,-9.5,152.55136830301004
1499,-175.0,-9.0,150.58514564358782
1500,-175.0,-8.5,151.0289561341232
1501,-175.0,-8.0,152.70609604415225
1502,-175.0,-7.0,153.12814321860776
1503,-175.0,-6.5,155.16501303670975
1504,-175.0,-6.0,155.21737634012513
1505,-175.0,-5.0,160.9671701115371
1506,-175.0,-4.5,171.85869050531736
1507,-175.0,-3.0,159.3711363621508
1508,-175.0,-2.5,157.8055681732592
1509,-175.0,-2.0,159.29639048684433
1510,-175.0,-1.5,160.78407592368214
1511,-175.0,-1.0,161.94477972060676
1512,-175.0,-0.5,161.81202202648595
1513,-175.0,0.0,164.5787038950528
1514,-175.0,0.5,158.6936795223526
1515,-175.0,1.0,159.3567853311831
1516,-175.0,1.5,163.9836088574873
1517,-175.0,2.0,159.7149328912356
1518,-175.0,2.5,162.96538108254538
1519,-175.0,3.0,172.70814456531693
1520,-175.0,3.5,152.75281983431802
1521,-175.0,4.0,157.88887028278933
1522,-175.0,4.5,156.77372581253877
1523,-175.0,5.0,161.26996500377044
1524,-175.0,5.5,161.55763576393616
1525,-175.0,6.5,162.11585842328225
1526,-175.0,7.0,161.80489568509878
1527,-175.0,7.5,158.83312357134153
1528,-175.0,8.0,156.68144417992315
1529,-175.0,8.5,154.9494647790197
1530,-175.0,9.0,152.58983806507652
1531,-175.0,9.5,154.4570865044839
1532,-175.0,10.0,153.93199584164694
1533,-175.0,10.5,152.51581251246463
1534,-175.0,11.0,154.45768545480158
1535,-175.0,11.5,159.13626660356766
1536,-175.0,12.0,166.59913715417684
1537,-175.0,12.5,157.78321776670919
1538,-175.0,13.0,156.70910890101166
1539,-175.0,13.5,156.11674487717332
1540,-175.0,14.0,158.02739049396394
1541,-175.0,14.5,155.4937882063321
1542,-175.0,15.0,155.57458806507464
1543,-175.0,15.5,155.27644467303654
1544,-175.0,16.0,156.56881055999554
1545,-175.0,16.5,158.10761558859068
1546,-175.0,17.0,159.98231519219658
1547,-175.0,17.5,150.30139904600202
1548,-175.0,18.0,149.79592268765788
1549,-175.0,18.5,151.26744989415647
1550,-175.0,19.0,151.8437903227309
1551,-175.0,20.0,154.77834641499715
1552,-175.0,20.5,150.0243093867782
1553,-175.0,21.0,153.858105404291
1554,-175.0,21.5,157.25531713180544
1555,-175.0,22.0,157.19330148933352
1556,-175.0,22.5,165.96344095686854
1557,-175.0,23.0,156.80723891080373
1558,-175.0,23.5,154.42208522112026
1559,-175.0,24.0,153.39271398835638
1560,-175.0,24.5,153.59596114631555
1561,-175.0,25.0,152.21929177915501
1562,-175.0,25.5,151.9650203623343
1563,-175.0,26.0,147.8429537652573
1564,-175.0,26.5,153.2423767418123
1565,-175.0,27.0,160.0025897243444
1566,-175.0,27.5,149.66462450614395
1567,-175.0,28.0,151.22644938635
1568,-175.0,28.5,149.05132824682332
1569,-175.0,29.0,151.60142303853465
1570,-175.0,29.5,151.54225722383666
1571,-175.0,30.0,159.72419408701168
1572,-175.0,30.5,150.9107782147022
1573,-175.0,31.0,148.56801248948636
1574,-175.0,31.5,147.57938385381073
1575,-175.0,32.0,155.56088215301452
1576,-175.0,32.5,151.29681380936998
1577,-175.0,33.0,150.62436967567143
1578,-175.0,33.5,150.0976539179757
1579,-175.0,34.0,150.14600332149897
1580,-175.0,34.5,152.3210835866447
1581,-175.0,35.0,148.15711904592627
1582,-175.0,35.5,148.1207729655884
1583,-175.0,36.0,147.62387367970385
1584,-175.0,36.5,150.5269056650265
1585,-175.0,37.0,152.13576152155812
1586,-175.0,37.5,152.35290270505146
1587,-175.0,40.0,174.0096480944702
1588,-174.5,-37.0,149.06770048660985
1589,-174.5,-36.5,150.09151867677554
1590,-174.5,-36.0,148.54307739861278
1591,-174.5,-35.5,149.40216980579143
1592,-174.5,-35.0,154.15507366635768
1593,-174.5,-34.5,155.63606761918408
1594,-174.5,-34.0,154.96075834804336
1595,-174.5,-33.5,152.46167336001426
1596,-174.5,-33.0,151.03533914339653
1597,-174.5,-32.5,154.68866917126434
1598,-174.5,-32.0,148.02410054292196
1599,-174.5,-31.5,151.57489558721687
1600,-174.5,-31.0,149.40365919188355
1601,-174.5,-30.5,147.59507442567082
1602,-174.5,-30.0,148.39564354157704
1603,-174.5,-29.5,149.0275013546773
1604,-174.5,-29.0,151.72026417172242
1605,-174.5,-28.5,149.84339061980054
1606,-174.5,-28.0,149.39619232323057
1607,-174.5,-27.5,146.7941056176324
1608,-174.5,-27.0,148.57665069487314
1609,-174.5,-26.5,148.95773534228707
1610,-174.5,-26.0,150.3474537224766
1611,-174.5,-25.5,153.67100034709554
1612,-174.5,-25.0,149.82515175661737
1613,-174.5,-24.5,150.74330782169832
1614,-174.5,-24.0,149.29089502150123
1615,-174.5,-23.5,147.516665829793
1616,-174.5,-23.0,158.2003164726348
1617,-174.5,-22.5,152.84634531944724
1618,-174.5,-22.0,150.0428376076449
1619,-174.5,-21.5,150.77028617032934
1620,-174.5,-21.0,150.76489368510917
1621,-174.5,-20.5,149.01885050606091
1622,-174.5,-20.0,152.69363609675978
1623,-174.5,-19.5,149.11374738251305
1624,-174.5,-19.0,148.54596423492478
1625,-174.5,-18.5,147.18435512163745
1626,-174.5,-18.0,152.31537620937195
1627,-174.5,-17.5,148.9622927646044
1628,-174.5,-17.0,149.8748373236712
1629,-174.5,-16.5,149.9356228358499
1630,-174.5,-16.0,152.212481779567
1631,-174.5,-15.5,150.42728583996515
1632,-174.5,-15.0,150.40955490774047
1633,-174.5,-14.5,151.19627314204848
1634,-174.5,-14.0,152.2710942458464
1635,-174.5,-13.5,150.72804926420338
1636,-174.5,-13.0,150.57955741458568
1637,-174.5,-12.5,150.19825241589234
1638,-174.5,-12.0,149.63145932044225
1639,-174.5,-11.5,153.1159783618796
1640,-174.5,-11.0,152.48557927585938
1641,-174.5,-10.5,150.8601039076853
1642,-174.5,-10.0,151.84636079418206
1643,-174.5,-9.5,158.79569938755014
1644,-174.5,-9.0,151.28807147360578
1645,-174.5,-8.5,152.58502211970153
1646,-174.5,-8.0,153.18256098214172
1647,-174.5,-7.5,152.9221457242427
1648,-174.5,-7.0,152.44247480719895
1649,-174.5,-6.5,155.65452908628882
1650,-174.5,-6.0,156.4028411389667
1651,-174.5,-5.5,157.26589836152044
1652,-174.5,-3.5,159.6486459817262
1653,-174.5,-3.0,158.30411811297424
1654,-174.5,-2.0,159.28391931550894
1655,-174.5,-1.5,159.53647052162427
1656,-174.5,-1.0,160.31039402990666
1657,-174.5,-0.5,162.6672816897368
1658,-174.5,0.0,162.22722625946113
1659,-174.5,0.5,158.2096429085937
1660,-174.5,1.0,162.64463178580664
1661,-174.5,1.5,153.10604553319692
1662,-174.5,2.0,159.8615623867335
1663,-174.5,2.5,163.0549727064429
1664,-174.5,3.0,163.28164979898972
1665,-174.5,3.5,157.00319431479232
1666,-174.5,4.0,158.71408115855746
1667,-174.5,4.5,159.49370736547502
1668,-174.5,5.0,160.47077359682476
1669,-174.5,5.5,163.15244727603059
1670,-174.5,7.0,161.00563995611517
1671,-174.5,7.5,161.04585895531514
1672,-174.5,8.0,156.5133371452862
1673,-174.5,8.5,155.2455785111757
1674,-174.5,9.0,152.41878988806246
1675,-174.5,9.5,156.05658586327772
1676,-174.5,10.0,153.70422120853019
1677,-174.5,10.5,154.33386204295323
1678,-174.5,11.0,154.61996867358852
1679,-174.5,11.5,155.9899407838262
1680,-174.5,12.0,160.1526211257057
1681,-174.5,12.5,161.30783043445558
1682,-174.5,13.0,157.20933879031685
1683,-174.5,13.5,156.05821835513717
1684,-174.5,14.0,156.11709610932505
1685,-174.5,14.5,156.38557397561812
1686,-174.5,15.5,154.76025968607917
1687,-174.5,16.0,154.20768143548415
1688,-174.5,16.5,160.377100136828
1689,-174.5,17.0,160.51491862033006
1690,-174.5,17.5,150.96227980295558
1691,-174.5,18.0,150.5601836982267
1692,-174.5,19.0,151.6006404376775
1693,-174.5,19.5,151.83339506588536
1694,-174.5,20.0,153.54269030793554
1695,-174.5,20.5,151.84076843489882
1696,-174.5,21.0,153.73604643994096
1697,-174.5,21.5,156.1489647173604
1698,-174.5,22.0,158.2189090879621
1699,-174.5,22.5,161.94136706805537
1700,-174.5,23.0,156.6315876284631
1701,-174.5,23.5,155.12421549708196
1702,-174.5,24.0,154.23875825532585
1703,-174.5,24.5,152.2093940491197
1704,-174.5,25.0,153.04537925211758
1705,-174.5,25.5,151.84662744496015
1706,-174.5,26.0,150.7311947321982
1707,-174.5,26.5,158.932073112865
1708,-174.5,27.0,155.01641191298881
1709,-174.5,27.5,150.30766620245694
1710,-174.5,28.0,149.71545477285036
1711,-174.5,28.5,149.67472244525013
1712,-174.5,29.0,149.3317376393008
1713,-174.5,29.5,150.92370263342687
1714,-174.5,30.0,158.43671455364225
1715,-174.5,30.5,150.62972897714673
1716,-174.5,31.0,150.73439882201848
1717,-174.5,31.5,147.95010022697426
1718,-174.5,32.0,157.67785302416237
1719,-174.5,32.5,152.21970299875656
1720,-174.5,33.0,149.88779344756801
1721,-174.5,33.5,149.94766118153726
1722,-174.5,34.0,149.9821615731585
1723,-174.5,34.5,150.10778409553365
1724,-174.5,35.0,147.70765224665516
1725,-174.5,35.5,148.21815966882878
1726,-174.5,36.0,147.6826728084159
1727,-174.5,36.5,151.08839680047936
1728,-174.5,37.0,152.1792100563535
1729,-174.5,37.5,152.07014440030932
1730,-174.5,40.0,174.13280349990916
1731,-174.5,40.5,174.2061911871241
1732,-174.0,-37.0,148.7547863340824
1733,-174.0,-36.5,149.7364196309222
1734,-174.0,-36.0,148.25395987689328
1735,-174.0,-35.5,150.2206381823369
1736,-174.0,-35.0,151.5184137036496
1737,-174.0,-34.5,153.71995373386486
1738,-174.0,-34.0,155.4276740078035
1739,-174.0,-33.5,151.85391813726247
1740,-174.0,-33.0,153.56063421745677
1741,-174.0,-32.5,151.48601464225376
1742,-174.0,-32.0,148.43200889814716
1743,-174.0,-31.5,152.1290734553601
1744,-174.0,-31.0,149.47275334405546
1745,-174.0,-30.5,147.99904219813746
1746,-174.0,-30.0,149.07751855532302
1747,-174.0,-29.5,149.26068247298122
1748,-174.0,-29.0,149.99045818447914
1749,-174.0,-28.5,151.68447951950583
1750,-174.0,-28.0,148.72402559958766
1751,-174.0,-27.0,148.88140485969703
1752,-174.0,-26.5,148.24758076608623
1753,-174.0,-26.0,158.34634305735008
1754,-174.0,-25.5,148.55789245209448
1755,-174.0,-25.0,148.70380869411386
1756,-174.0,-24.5,149.6594711656535
1757,-174.0,-24.0,149.32885432425883
1758,-174.0,-23.0,154.77763457780944
1759,-174.0,-22.5,151.23058322102324
1760,-174.0,-22.0,152.5537107330533
1761,-174.0,-21.5,151.06743877438606
1762,-174.0,-21.0,148.3511330526146
1763,-174.0,-20.5,150.06060098910788
1764,-174.0,-20.0,149.1811166436742
1765,-174.0,-19.5,149.69635837685308
1766,-174.0,-19.0,149.63460212228247
1767,-174.0,-18.5,151.01209121070303
1768,-174.0,-18.0,152.56316838510295
1769,-174.0,-17.5,147.36032881298382
1770,-174.0,-17.0,150.693483349808
1771,-174.0,-16.5,149.97522631720247
1772,-174.0,-16.0,149.40788397156706
1773,-174.0,-15.5,152.26641281294184
1774,-174.0,-15.0,150.26980582537075
1775,-174.0,-14.5,150.3463969334491
1776,-174.0,-14.0,152.13737109516876
1777,-174.0,-13.5,152.1306473584769
1778,-174.0,-13.0,150.63454450237242
1779,-174.0,-12.5,149.27579189492118
1780,-174.0,-12.0,149.73419550361984
1781,-174.0,-11.5,161.3707677653968
1782,-174.0,-11.0,154.56011859990312
1783,-174.0,-10.5,150.84998922181592
1784,-174.0,-10.0,151.65318007200597
1785,-174.0,-9.5,155.6837325121374
1786,-174.0,-9.0,154.97569804117606
1787,-174.0,-8.5,152.37611249473846
1788,-174.0,-8.0,153.70272638794813
1789,-174.0,-7.5,154.08989367163483
1790,-174.0,-6.0,157.0969774414389
1791,-174.0,-5.5,158.60980682949585
1792,-174.0,-5.0,161.0985623621669
1793,-174.0,-4.0,159.04692260100762
1794,-174.0,-3.5,158.3411029962858
1795,-174.0,-3.0,157.26794952033373
1796,-174.0,-2.5,159.51821584415254
1797,-174.0,-2.0,157.43863796566833
1798,-174.0,-1.5,160.5696152034098
1799,-174.0,-1.0,160.299275998728
1800,-174.0,-0.5,164.53502609007379
1801,-174.0,0.0,159.97237917415106
1802,-174.0,0.5,163.91802901452158
1803,-174.0,1.0,158.35974807547237
1804,-174.0,1.5,156.63486561653232
1805,-174.0,2.5,160.03174627160172
1806,-174.0,3.0,160.46058158390875
1807,-174.0,3.5,160.79731948857005
1808,-174.0,4.0,155.9386820233581
1809,-174.0,4.5,157.32102588920742
1810,-174.0,5.0,161.26979940170514
1811,-174.0,5.5,162.79155489097363
1812,-174.0,6.0,162.5745550667458
1813,-174.0,6.5,159.36495792371113
1814,-174.0,7.0,160.7230004910939
1815,-174.0,7.5,157.8806576329294
1816,-174.0,8.0,153.99598085212943
1817,-174.0,8.5,155.48170479736453
1818,-174.0,9.0,153.88357341453346
1819,-174.0,9.5,154.68028421410642
1820,-174.0,10.0,152.21467350838742
1821,-174.0,10.5,158.9388476316848
1822,-174.0,11.0,154.38097525774933
1823,-174.0,11.5,156.2719587593965
1824,-174.0,12.0,156.09829248640446
1825,-174.0,13.0,157.62821781276915
1826,-174.0,13.5,157.2681728744817
1827,-174.0,14.0,156.00399019941145
1828,-174.0,14.5,156.36834505715066
1829,-174.0,15.0,155.85889030802784
1830,-174.0,15.5,153.81026031570764
1831,-174.0,16.0,158.71009083896521
1832,-174.0,16.5,157.15262814893381
1833,-174.0,17.0,152.93945081329386
1834,-174.0,17.5,158.09512296661748
1835,-174.0,18.0,153.20933065615483
1836,-174.0,18.5,152.21884788772505
1837,-174.0,19.5,152.01190658242112
1838,-174.0,20.0,150.6072417627204
1839,-174.0,20.5,156.911544610542
1840,-174.0,21.0,150.61621305576017
1841,-174.0,21.5,154.0750290300918
1842,-174.0,22.0,158.48174243094195
1843,-174.0,22.5,159.23932516662276
1844,-174.0,23.0,160.34508441687439
1845,-174.0,23.5,154.69632902445304
1846,-174.0,24.0,154.18818663145888
1847,-174.0,24.5,150.980525785032
1848,-174.0,25.0,151.7947567530942
1849,-174.0,25.5,150.9564407233105
1850,-174.0,26.0,151.0977525253291
1851,-174.0,26.5,161.91538708730403
1852,-174.0,27.0,150.0861733776786
1853,-174.0,27.5,150.57240208841492
1854,-174.0,28.0,149.58713101292494
1855,-174.0,28.5,150.2399139679949
1856,-174.0,29.0,148.70195738943085
1857,-174.0,29.5,154.58788175583328
1858,-174.0,30.0,152.61342258718824
1859,-174.0,30.5,150.60833900548343
1860,-174.0,31.0,149.2972300644668
1861,-174.0,31.5,148.01148324392955
1862,-174.0,32.0,159.12365342836068
1863,-174.0,32.5,150.91900218676378
1864,-174.0,33.0,151.87143870795543
1865,-174.0,33.5,148.42864345078408
1866,-174.0,34.0,150.11066221710692
1867,-174.0,34.5,149.47365593190597
1868,-174.0,35.0,148.3357219758351
1869,-174.0,35.5,148.06155552102754
1870,-174.0,36.0,147.60556946491093
1871,-174.0,36.5,152.29846118919852
1872,-174.0,37.0,150.42320543228922
1873,-174.0,37.5,152.71429422186034
1874,-174.0,40.5,174.25967359147083
1875,-173.5,-37.0,149.4141521817861
1876,-173.5,-36.5,149.67912260735125
1877,-173.5,-36.0,148.25757102988536
1878,-173.5,-35.5,150.2085880533665
1879,-173.5,-35.0,153.12009049866558
1880,-173.5,-34.5,151.4480708897287
1881,-173.5,-34.0,155.24523497938168
1882,-173.5,-33.5,153.03544875504846
1883,-173.5,-33.0,154.00778342501556
1884,-173.5,-32.5,149.8352800371229
1885,-173.5,-32.0,149.1478845629198
1886,-173.5,-31.5,152.32705667761874
1887,-173.5,-31.0,149.78647734376136
1888,-173.5,-30.5,147.939360495749
1889,-173.5,-30.0,147.89324004963353
1890,-173.5,-29.5,151.10084634127585
1891,-173.5,-29.0,150.31673366362116
1892,-173.5,-28.5,151.60929515346575
1893,-173.5,-28.0,147.35116394036908
1894,-173.5,-27.5,149.0578161337199
1895,-173.5,-27.0,148.85337209002614
1896,-173.5,-26.5,147.86792738315194
1897,-173.5,-26.0,156.29296364102473
1898,-173.5,-25.5,149.6190390136848
1899,-173.5,-25.0,148.04865295686693
1900,-173.5,-24.5,147.91588636363807
1901,-173.5,-23.5,166.8857167214661
1902,-173.5,-23.0,153.0621016702644
1903,-173.5,-22.5,150.5669233305843
1904,-173.5,-22.0,152.74065929881317
1905,-173.5,-21.5,148.45880482386954
1906,-173.5,-21.0,149.31251381180627
1907,-173.5,-20.5,150.14821830446354
1908,-173.5,-20.0,149.71571313335414
1909,-173.5,-19.5,150.17344664944088
1910,-173.5,-19.0,151.5500343546805
1911,-173.5,-18.5,149.94579228703466
1912,-173.5,-18.0,146.7216675707842
1913,-173.5,-17.5,151.04872849400752
1914,-173.5,-17.0,149.1118220875035
1915,-173.5,-16.5,150.21111966204026
1916,-173.5,-16.0,150.06117562590688
1917,-173.5,-15.5,150.62337934815608
1918,-173.5,-15.0,152.39105795811633
1919,-173.5,-14.5,150.52801707056125
1920,-173.5,-14.0,151.14140865131847
1921,-173.5,-13.5,153.46824875973107
1922,-173.5,-13.0,149.34620187066332
1923,-173.5,-12.5,149.17117541178675
1924,-173.5,-12.0,149.2069483172434
1925,-173.5,-11.5,151.0930255666124
1926,-173.5,-11.0,155.903013607017
1927,-173.5,-10.5,152.10942597642935
1928,-173.5,-10.0,150.49783822175456
1929,-173.5,-9.5,151.70552904298285
1930,-173.5,-9.0,152.19810328832273
1931,-173.5,-8.5,153.1232037991742
1932,-173.5,-8.0,153.10979365741403
1933,-173.5,-5.5,159.24925376595527
1934,-173.5,-5.0,158.9455303364094
1935,-173.5,-4.0,158.38949865229074
1936,-173.5,-3.5,157.75826074910748
1937,-173.5,-3.0,160.34206366176738
1938,-173.5,-2.5,157.89932976645733
1939,-173.5,-2.0,155.6641446283585
1940,-173.5,-1.5,158.314789243508
1941,-173.5,-1.0,161.91374134285638
1942,-173.5,-0.5,154.86375445985715
1943,-173.5,0.0,162.22513683272126
1944,-173.5,0.5,161.22081253212468
1945,-173.5,1.0,156.42489895176593
1946,-173.5,1.5,161.49022391925706
1947,-173.5,2.0,155.88750497777443
1948,-173.5,2.5,152.01956968675773
1949,-173.5,3.0,158.77455422402898
1950,-173.5,3.5,165.77216481606365
1951,-173.5,4.0,155.03524461376907
1952,-173.5,4.5,159.0953608837234
1953,-173.5,6.0,159.9470148046352
1954,-173.5,6.5,160.58332845957227
1955,-173.5,7.0,156.9486404650655
1956,-173.5,7.5,155.54970426251688
1957,-173.5,8.0,159.23438109125811
1958,-173.5,9.0,153.93727590377466
1959,-173.5,9.5,152.38702439699492
1960,-173.5,10.0,153.07481824586614
1961,-173.5,10.5,156.01670897805442
1962,-173.5,11.0,161.51050636813514
1963,-173.5,11.5,155.89691049890692
1964,-173.5,12.0,154.899504663715
1965,-173.5,13.5,156.11414897079828
1966,-173.5,14.0,154.54216720428312
1967,-173.5,14.5,156.42768015379895
1968,-173.5,15.0,155.2120918826371
1969,-173.5,15.5,155.83421195347603
1970,-173.5,16.0,156.20790443363643
1971,-173.5,16.5,160.1777798913878
1972,-173.5,17.0,154.4687276836803
1973,-173.5,17.5,157.39023633757571
1974,-173.5,18.0,165.69369125338173
1975,-173.5,18.5,154.3199179474489
1976,-173.5,19.5,151.3545400826076
1977,-173.5,20.0,151.12320306846226
1978,-173.5,20.5,152.83158436152715
1979,-173.5,21.0,153.6577492175625
1980,-173.5,21.5,154.68599598340953
1981,-173.5,22.0,158.9027814335321
1982,-173.5,22.5,155.42771170723543
1983,-173.5,23.0,162.67752264371663
1984,-173.5,23.5,156.62479610608193
1985,-173.5,24.0,152.63265693079197
1986,-173.5,25.0,151.7919249426469
1987,-173.5,25.5,149.31258769868955
1988,-173.5,26.0,153.52850135005517
1989,-173.5,26.5,156.16842822311602
1990,-173.5,27.0,150.36951873222313
1991,-173.5,27.5,150.2687485435586
1992,-173.5,28.0,149.62368882306623
1993,-173.5,28.5,149.40655377964683
1994,-173.5,29.0,150.26824114678737
1995,-173.5,29.5,155.96057512261882
1996,-173.5,30.0,150.88443631858092
1997,-173.5,30.5,150.14379076736617
1998,-173.5,31.0,150.49028513560035
1999,-173.5,31.5,154.24491074985596
2000,-173.5,32.0,156.19664076545638
2001,-173.5,32.5,150.53933261773483
2002,-173.5,33.0,150.65538817298238
2003,-173.5,33.5,152.43668878007418
2004,-173.5,34.0,148.40113212897612
2005,-173.5,34.5,149.3411105098665
2006,-173.5,35.5,148.24142654877988
2007,-173.5,36.0,147.28013380836651
2008,-173.5,36.5,153.01232639026452
2009,-173.5,37.0,150.82911679421997
2010,-173.5,37.5,151.4918701987758
2011,-173.5,38.5,187.846737469426
2012,-173.5,40.5,174.307075188594
2013,-173.0,-37.0,148.9674100393758
2014,-173.0,-36.5,149.32647430618943
2015,-173.0,-36.0,149.8439986588564
2016,-173.0,-35.5,147.45497785966637
2017,-173.0,-35.0,151.2680437044109
2018,-173.0,-34.5,151.4330243418737
2019,-173.0,-34.0,155.4530529761272
2020,-173.0,-33.5,154.55985271419237
2021,-173.0,-33.0,152.74884498321092
2022,-173.0,-32.5,150.5381395527726
2023,-173.0,-32.0,150.17265741600852
2024,-173.0,-31.5,151.97114808744126
2025,-173.0,-31.0,149.93520661525383
2026,-173.0,-30.5,147.13057914737715
2027,-173.0,-30.0,149.02887757946812
2028,-173.0,-29.5,149.90280640234803
2029,-173.0,-29.0,149.4248284617449
2030,-173.0,-28.5,151.63203152570077
2031,-173.0,-27.5,148.81104737443397
2032,-173.0,-27.0,149.2263126227576
2033,-173.0,-26.5,155.6066333699935
2034,-173.0,-26.0,150.3010881479984
2035,-173.0,-25.5,149.96765954368732
2036,-173.0,-25.0,148.82192874653995
2037,-173.0,-24.5,147.52264973334943
2038,-173.0,-23.5,166.5216128264401
2039,-173.0,-23.0,153.5440205999473
2040,-173.0,-22.5,151.01113437107318
2041,-173.0,-22.0,151.58512515500942
2042,-173.0,-21.5,149.59256323603825
2043,-173.0,-21.0,150.03722293495406
2044,-173.0,-20.5,148.9380133279444
2045,-173.0,-20.0,149.7041197205098
2046,-173.0,-19.5,148.47617584348492
2047,-173.0,-19.0,151.3806197697307
2048,-173.0,-18.5,148.2687023976161
2049,-173.0,-18.0,147.3101269388932
2050,-173.0,-17.5,151.0024329943585
2051,-173.0,-17.0,148.95999080286904
2052,-173.0,-16.5,148.25432393905683
2053,-173.0,-16.0,150.4015436715184
2054,-173.0,-15.5,150.07584858680673
2055,-173.0,-15.0,152.1210644922141
2056,-173.0,-14.5,151.914231402381
2057,-173.0,-14.0,150.11730843815317
2058,-173.0,-13.5,151.88633403432962
2059,-173.0,-13.0,151.4156211847474
2060,-173.0,-12.5,148.96492181422852
2061,-173.0,-11.5,151.2967006755524
2062,-173.0,-11.0,150.56851116021284
2063,-173.0,-10.5,162.43912958689194
2064,-173.0,-10.0,151.49845731605654
2065,-173.0,-9.5,152.2697662977781
2066,-173.0,-9.0,154.06272191100211
2067,-173.0,-8.5,153.38247324838198
2068,-173.0,-7.5,169.70904591507355
2069,-173.0,-7.0,168.98123163168648
2070,-173.0,-5.0,159.57733384039386
2071,-173.0,-4.5,158.2197126189491
2072,-173.0,-4.0,157.40039126246944
2073,-173.0,-3.0,159.96436830143355
2074,-173.0,-2.5,158.4040038980405
2075,-173.0,-2.0,158.68658527010817
2076,-173.0,-1.5,158.56552836045145
2077,-173.0,-1.0,152.75641487883496
2078,-173.0,-0.5,158.9009479296554
2079,-173.0,0.5,156.14462334915385
2080,-173.0,1.0,159.517961434037
2081,-173.0,1.5,164.3143305247173
2082,-173.0,2.0,156.09381212894837
2083,-173.0,2.5,152.49821755213497
2084,-173.0,3.0,160.66740797244753
2085,-173.0,3.5,157.6494954200647
2086,-173.0,4.0,158.01529239519417
2087,-173.0,5.5,155.6146014735732
2088,-173.0,6.0,156.67703910141748
2089,-173.0,6.5,157.6214869926355
2090,-173.0,7.0,153.8323398823868
2091,-173.0,7.5,151.99197368738868
2092,-173.0,8.0,158.70946425166315
2093,-173.0,8.5,155.78396629073424
2094,-173.0,9.0,151.35924338694912
2095,-173.0,9.5,153.0585048023256
2096,-173.0,10.0,152.12340332799047
2097,-173.0,10.5,155.19347314949295
2098,-173.0,11.0,157.83479732958617
2099,-173.0,11.5,158.89063155743082
2100,-173.0,12.0,154.76260907458797
2101,-173.0,12.5,154.52428583926087
2102,-173.0,13.0,154.26346986550624
2103,-173.0,13.5,155.86524968631426
2104,-173.0,14.0,157.28189901160488
2105,-173.0,14.5,155.56627003765914
2106,-173.0,15.0,155.76623071350903
2107,-173.0,15.5,158.3454298251062
2108,-173.0,16.0,154.69817993204316
2109,-173.0,16.5,153.63984954196172
2110,-173.0,17.0,157.47389176428032
2111,-173.0,17.5,154.3632723929122
2112,-173.0,18.0,161.7321609684025
2113,-173.0,18.5,155.03916927185742
2114,-173.0,19.0,153.0511796565367
2115,-173.0,19.5,151.34022282985666
2116,-173.0,20.0,153.20039264833136
2117,-173.0,20.5,151.5877852637335
2118,-173.0,21.0,154.95333103961988
2119,-173.0,21.5,154.07264068222045
2120,-173.0,22.0,154.2140390756454
2121,-173.0,22.5,154.5471459108457
2122,-173.0,23.0,157.47785938217575
2123,-173.0,23.5,159.64260387620624
2124,-173.0,24.0,151.70778506459934
2125,-173.0,24.5,152.96452555818976
2126,-173.0,25.0,151.81764256839523
2127,-173.0,25.5,149.8212923521359
2128,-173.0,26.0,154.2276352923384
2129,-173.0,26.5,152.54860725402423
2130,-173.0,27.0,149.8091853113554
2131,-173.0,27.5,149.1529137317545
2132,-173.0,28.0,149.2998765003431
2133,-173.0,28.5,149.79524240972324
2134,-173.0,29.0,152.10679177255736
2135,-173.0,29.5,152.67892363233366
2136,-173.0,30.0,150.67619117514508
2137,-173.0,30.5,152.25111952337016
2138,-173.0,31.5,156.42949285902944
2139,-173.0,32.0,152.478727176328
2140,-173.0,32.5,150.69474768618275
2141,-173.0,33.0,149.215588788501
2142,-173.0,33.5,152.55983713073059
2143,-173.0,34.0,148.5071386673658
2144,-173.0,34.5,149.57713508125346
2145,-173.0,35.5,148.00575217320468
2146,-173.0,36.0,148.38495995666506
2147,-173.0,36.5,152.8483522314895
2148,-173.0,37.0,151.13394327600668
2149,-173.0,37.5,151.51219102992016
2150,-173.0,38.5,186.76629339635912
2151,-172.5,-37.0,148.43370108228672
2152,-172.5,-36.5,149.17841179230518
2153,-172.5,-36.0,150.17540062458846
2154,-172.5,-35.5,147.31597548347034
2155,-172.5,-35.0,147.85119318206293
2156,-172.5,-34.5,151.4121317104914
2157,-172.5,-34.0,157.19703662681445
2158,-172.5,-33.5,154.20491025651367
2159,-172.5,-33.0,152.46312567669864
2160,-172.5,-32.5,150.09460661311036
2161,-172.5,-32.0,151.80631694375924
2162,-172.5,-31.5,149.9763325322312
2163,-172.5,-31.0,149.55760427635906
2164,-172.5,-30.5,147.88331807377733
2165,-172.5,-30.0,149.222122889402
2166,-172.5,-29.5,149.00197641726163
2167,-172.5,-29.0,150.24170954328977
2168,-172.5,-28.5,153.13086724574802
2169,-172.5,-28.0,155.7762387394345
2170,-172.5,-27.5,148.82400770119673
2171,-172.5,-27.0,149.68048043440123
2172,-172.5,-26.5,154.69652532067173
2173,-172.5,-26.0,149.4583239329418
2174,-172.5,-25.5,150.3106754180947
2175,-172.5,-25.0,149.54915921766215
2176,-172.5,-24.5,149.09809916480648
2177,-172.5,-24.0,157.82966469191285
2178,-172.5,-23.5,162.57353673106152
2179,-172.5,-23.0,153.95588387460205
2180,-172.5,-22.5,152.5720047581085
2181,-172.5,-22.0,148.771059810093
2182,-172.5,-21.5,149.8954011728028
2183,-172.5,-21.0,150.7614674084004
2184,-172.5,-20.5,149.61906800170755
2185,-172.5,-20.0,148.0245105918049
2186,-172.5,-19.5,153.24407117436945
2187,-172.5,-19.0,150.17033654070173
2188,-172.5,-18.5,149.11601144652545
2189,-172.5,-18.0,148.02566562004048
2190,-172.5,-17.5,148.60839990570187
2191,-172.5,-16.5,149.7332776515439
2192,-172.5,-16.0,150.43397498106108
2193,-172.5,-15.5,150.56914389435113
2194,-172.5,-15.0,151.26966088301663
2195,-172.5,-14.5,153.5172782243514
2196,-172.5,-14.0,150.35687042867542
2197,-172.5,-13.5,149.31411397527305
2198,-172.5,-13.0,152.404136725064
2199,-172.5,-12.5,155.8655892649063
2200,-172.5,-12.0,151.69832862097098
2201,-172.5,-11.5,151.0638715873222
2202,-172.5,-11.0,149.62645781923965
2203,-172.5,-10.5,154.97184889797083
2204,-172.5,-10.0,154.0253752403912
2205,-172.5,-9.5,150.924142454372
2206,-172.5,-9.0,154.01171932917143
2207,-172.5,-8.5,154.41189408936913
2208,-172.5,-7.0,167.37795040500197
2209,-172.5,-5.0,156.63227282764797
2210,-172.5,-4.5,158.09535174378087
2211,-172.5,-4.0,160.29692605206964
2212,-172.5,-3.5,160.34526721250754
2213,-172.5,-3.0,159.41710843426583
2214,-172.5,-2.5,159.0707499950567
2215,-172.5,-2.0,158.84902631349382
2216,-172.5,-1.5,152.02013524247715
2217,-172.5,-1.0,152.473801742685
2218,-172.5,-0.5,162.5421368582271
2219,-172.5,0.0,155.73448552219344
2220,-172.5,0.5,151.09605908058202
2221,-172.5,1.0,163.5430435317162
2222,-172.5,1.5,155.6952031643334
2223,-172.5,2.0,157.59323087138898
2224,-172.5,2.5,157.0209546683757
2225,-172.5,3.0,151.07483205403236
2226,-172.5,3.5,156.79393512163077
2227,-172.5,4.0,162.51456857860762
2228,-172.5,4.5,162.20248164316334
2229,-172.5,5.5,153.607117852482
2230,-172.5,6.5,151.89757681800202
2231,-172.5,7.0,156.53515254727594
2232,-172.5,8.0,152.14013729470193
2233,-172.5,8.5,154.38924040348337
2234,-172.5,9.0,153.37401009283792
2235,-172.5,9.5,152.7941563757069
2236,-172.5,10.0,154.78858294314617
2237,-172.5,10.5,153.56661699262162
2238,-172.5,11.0,153.9749352868664
2239,-172.5,11.5,162.27899042487095
2240,-172.5,12.5,154.77972201412862
2241,-172.5,13.0,154.22211420830243
2242,-172.5,14.0,156.53407890389795
2243,-172.5,14.5,155.43579788431353
2244,-172.5,15.0,159.21031196517762
2245,-172.5,15.5,155.02236023288364
2246,-172.5,16.0,153.98235381994706
2247,-172.5,16.5,153.85764666303072
2248,-172.5,17.0,159.0130216298747
2249,-172.5,18.0,154.11435466492583
2250,-172.5,18.5,165.4329857073122
2251,-172.5,19.0,152.88846911638728
2252,-172.5,19.5,151.19508523747848
2253,-172.5,20.0,151.6085207758313
2254,-172.5,20.5,152.94511948230098
2255,-172.5,21.0,156.70438974245164
2256,-172.5,21.5,154.49687102269388
2257,-172.5,22.0,153.4019482830581
2258,-172.5,22.5,154.62613685530803
2259,-172.5,23.0,155.77010882339846
2260,-172.5,23.5,165.7182508395423
2261,-172.5,24.0,158.02778157855172
2262,-172.5,24.5,151.27756151655893
2263,-172.5,25.5,153.14612441058867
2264,-172.5,26.0,153.77248290705984
2265,-172.5,26.5,149.35765858783796
2266,-172.5,27.0,149.15377876387254
2267,-172.5,27.5,148.4813257680713
2268,-172.5,28.0,149.22824972509918
2269,-172.5,28.5,149.801718986509
2270,-172.5,29.0,152.7343576103694
2271,-172.5,29.5,150.5076426301201
2272,-172.5,30.0,149.38131736884463
2273,-172.5,30.5,152.41402044804693
2274,-172.5,31.0,152.4128766996998
2275,-172.5,31.5,156.7211172687683
2276,-172.5,32.0,151.90484007072388
2277,-172.5,32.5,150.0384375884591
2278,-172.5,33.0,151.40922413196893
2279,-172.5,33.5,152.0377522105312
2280,-172.5,34.0,148.21921863749188
2281,-172.5,34.5,149.92572264885922
2282,-172.5,35.5,147.7909937085241
2283,-172.5,36.0,148.29116218874202
2284,-172.5,36.5,151.9154476523743
2285,-172.5,37.0,150.8038737217604
2286,-172.5,37.5,151.40040737167067
2287,-172.5,38.5,185.80136195930993
2288,-172.0,-37.0,148.4953938556312
2289,-172.0,-36.5,148.90367286342186
2290,-172.0,-36.0,150.08745137785502
2291,-172.0,-35.5,147.01397066342648
2292,-172.0,-35.0,147.79775251044617
2293,-172.0,-34.5,151.70405057191377
2294,-172.0,-34.0,158.6035025137451
2295,-172.0,-33.5,153.62209953220565
2296,-172.0,-33.0,152.75950121975654
2297,-172.0,-32.5,149.0512119461332
2298,-172.0,-32.0,152.08280401466217
2299,-172.0,-31.5,149.97830791445497
2300,-172.0,-31.0,149.29073558421317
2301,-172.0,-30.5,149.31147096821954
2302,-172.0,-30.0,147.22146186773386
2303,-172.0,-29.5,148.9233483250498
2304,-172.0,-29.0,151.34201849317924
2305,-172.0,-28.5,153.21604779904106
2306,-172.0,-28.0,156.4967222481909
2307,-172.0,-27.5,148.86708457214067
2308,-172.0,-27.0,151.27132043822053
2309,-172.0,-26.5,153.06380337582542
2310,-172.0,-26.0,148.9270201662991
2311,-172.0,-25.5,149.32663486423712
2312,-172.0,-25.0,148.77950672737606
2313,-172.0,-24.5,149.41312706285117
2314,-172.0,-24.0,153.9336847251163
2315,-172.0,-23.5,154.1478635492272
2316,-172.0,-23.0,152.75960190150258
2317,-172.0,-22.5,152.0059326018738
2318,-172.0,-22.0,149.65673965224295
2319,-172.0,-21.5,150.1635988025287
2320,-172.0,-21.0,152.49217452208651
2321,-172.0,-20.5,148.5622073896595
2322,-172.0,-20.0,153.19080550522267
2323,-172.0,-19.5,152.52163998277126
2324,-172.0,-19.0,148.45571353738788
2325,-172.0,-18.5,149.11970215505625
2326,-172.0,-18.0,148.75522552092883
2327,-172.0,-17.5,147.62583228524034
2328,-172.0,-16.5,150.70376483744764
2329,-172.0,-16.0,147.927903168317
2330,-172.0,-15.5,150.31321331551223
2331,-172.0,-15.0,150.75397037371565
2332,-172.0,-14.5,151.11254228921217
2333,-172.0,-14.0,152.79096993722993
2334,-172.0,-13.5,149.99577765919486
2335,-172.0,-13.0,151.65217834055926
2336,-172.0,-12.5,155.11180597679154
2337,-172.0,-12.0,151.9142999424021
2338,-172.0,-11.5,149.7229833751134
2339,-172.0,-11.0,149.89619812559798
2340,-172.0,-10.5,150.53966862229385
2341,-172.0,-10.0,158.32351948240927
2342,-172.0,-9.5,155.4865022155647
2343,-172.0,-9.0,152.9013396301794
2344,-172.0,-8.5,155.56055195043257
2345,-172.0,-8.0,155.95967045570907
2346,-172.0,-7.0,165.87074705511253
2347,-172.0,-6.5,164.7288109784538
2348,-172.0,-5.0,155.21064537534178
2349,-172.0,-4.5,157.33328511486746
2350,-172.0,-4.0,160.71962654294958
2351,-172.0,-3.5,159.7050057049492
2352,-172.0,-3.0,158.98314108668527
2353,-172.0,-2.5,159.15960967039555
2354,-172.0,-1.5,153.10997372983877
2355,-172.0,-0.5,152.16036289813164
2356,-172.0,0.0,159.45996848713787
2357,-172.0,0.5,163.1183093106832
2358,-172.0,1.0,152.92054233078832
2359,-172.0,1.5,159.82796522899685
2360,-172.0,2.0,151.99663347740344
2361,-172.0,2.5,161.42164393996262
2362,-172.0,3.0,152.75468098782508
2363,-172.0,3.5,153.73864640981142
2364,-172.0,4.0,162.60731883468637
2365,-172.0,4.5,161.91192343651528
2366,-172.0,5.0,154.48452985337642
2367,-172.0,5.5,152.51284142268153
2368,-172.0,6.0,150.8405667048308
2369,-172.0,6.5,150.20830839234304
2370,-172.0,7.5,158.5899007564758
2371,-172.0,8.0,151.31656465770803
2372,-172.0,8.5,150.67545769315342
2373,-172.0,9.0,154.25891377991317
2374,-172.0,9.5,152.9699149857881
2375,-172.0,10.0,153.9877226696935
2376,-172.0,10.5,152.82112620177367
2377,-172.0,11.0,152.9604654372335
2378,-172.0,11.5,156.08577482207997
2379,-172.0,12.0,156.65984049590128
2380,-172.0,12.5,153.7603463075444
2381,-172.0,13.0,154.51065087005077
2382,-172.0,13.5,154.48718482262186
2383,-172.0,14.0,154.56744612398657
2384,-172.0,14.5,157.5450080663337
2385,-172.0,15.0,157.67848623308237
2386,-172.0,15.5,159.33962793009405
2387,-172.0,16.0,154.29877875423713
2388,-172.0,16.5,154.35284383110442
2389,-172.0,17.0,152.4396554326635
2390,-172.0,18.5,157.06780187253526
2391,-172.0,19.0,153.54545431013253
2392,-172.0,19.5,153.40941001227338
2393,-172.0,20.0,151.9996604108298
2394,-172.0,20.5,152.95088805123075
2395,-172.0,21.0,154.08172642644368
2396,-172.0,21.5,155.25567962836547
2397,-172.0,22.0,153.73448412888868
2398,-172.0,22.5,155.07477000216008
2399,-172.0,23.0,156.21773036224468
2400,-172.0,23.5,163.42986562357214
2401,-172.0,24.0,159.12269173839957
2402,-172.0,24.5,150.78123453384666
2403,-172.0,25.0,151.72115843869776
2404,-172.0,25.5,155.4062447255314
2405,-172.0,26.0,149.1356682140389
2406,-172.0,26.5,149.95122897046423
2407,-172.0,27.0,149.9659060423261
2408,-172.0,27.5,148.01091449329897
2409,-172.0,28.0,149.61933254424932
2410,-172.0,28.5,152.55587537727453
2411,-172.0,29.0,150.7678822744912
2412,-172.0,29.5,150.84268920484888
2413,-172.0,30.0,148.11884072185703
2414,-172.0,30.5,153.57356815051418
2415,-172.0,31.0,153.66535890400326
2416,-172.0,31.5,161.8552297110904
2417,-172.0,32.0,150.9889783585803
2418,-172.0,32.5,150.4234251193408
2419,-172.0,33.0,148.14511040553973
2420,-172.0,33.5,152.3582802434723
2421,-172.0,34.0,148.38273919031954
2422,-172.0,34.5,149.94729325208087
2423,-172.0,35.0,149.09926615395517
2424,-172.0,35.5,147.67331083007542
2425,-172.0,36.0,148.1754281770528
2426,-172.0,36.5,152.79689625984844
2427,-172.0,37.0,150.36673384286084
2428,-172.0,37.5,150.89055981754538
2429,-172.0,38.5,184.88300670583362
2430,-172.0,39.5,161.85769476693366
2431,-171.5,-37.0,148.6291845603067
2432,-171.5,-36.5,150.2270989838593
2433,-171.5,-36.0,148.2599919727808
2434,-171.5,-35.5,147.05540566114578
2435,-171.5,-35.0,147.65555549501076
2436,-171.5,-34.5,154.79719572757986
2437,-171.5,-34.0,154.9876133200427
2438,-171.5,-33.5,153.79418255915505
2439,-171.5,-33.0,152.12513699516597
2440,-171.5,-32.5,149.00889410083263
2441,-171.5,-32.0,152.22646788470968
2442,-171.5,-31.5,149.36073495084824
2443,-171.5,-31.0,148.35761803555116
2444,-171.5,-30.5,149.94041637630818
2445,-171.5,-30.0,148.25752563735526
2446,-171.5,-29.5,148.94771399915714
2447,-171.5,-29.0,151.15240365836053
2448,-171.5,-28.5,146.83698952024017
2449,-171.5,-28.0,153.61808753600906
2450,-171.5,-27.5,148.59015610788532
2451,-171.5,-27.0,153.2871652686486
2452,-171.5,-26.5,150.2735180552202
2453,-171.5,-26.0,149.35664842153193
2454,-171.5,-25.5,149.3039047638444
2455,-171.5,-25.0,147.76079321191722
2456,-171.5,-24.5,154.25333313819314
2457,-171.5,-24.0,152.1139207512169
2458,-171.5,-23.5,152.02986364459528
2459,-171.5,-23.0,152.1941853305076
2460,-171.5,-22.5,152.13515034785033
2461,-171.5,-22.0,149.72869790946905
2462,-171.5,-21.5,150.4822775420355
2463,-171.5,-21.0,154.3119621998648
2464,-171.5,-20.5,148.4442812242547
2465,-171.5,-20.0,153.3957181893232
2466,-171.5,-19.5,148.5214512582288
2467,-171.5,-19.0,148.56567918964905
2468,-171.5,-18.5,148.32450061210935
2469,-171.5,-18.0,149.79104877858495
2470,-171.5,-17.5,148.21379863566378
2471,-171.5,-17.0,150.57046268317745
2472,-171.5,-16.5,149.72313067519795
2473,-171.5,-16.0,148.20799249567983
2474,-171.5,-15.5,151.8612084024901
2475,-171.5,-15.0,150.68724128723818
2476,-171.5,-14.5,150.64657536557075
2477,-171.5,-14.0,149.7677412031424
2478,-171.5,-13.5,149.17798757325426
2479,-171.5,-13.0,149.35712772231705
2480,-171.5,-12.5,153.00627898027417
2481,-171.5,-12.0,152.23249104950906
2482,-171.5,-11.5,148.9665661594116
2483,-171.5,-11.0,150.20075939129993
2484,-171.5,-10.5,152.00170507236209
2485,-171.5,-10.0,149.91241549491383
2486,-171.5,-9.5,157.61446022718238
2487,-171.5,-9.0,153.710556250858
2488,-171.5,-8.5,151.77631542936572
2489,-171.5,-8.0,156.14318774986623
2490,-171.5,-6.5,163.700246856243
2491,-171.5,-6.0,162.4663290432025
2492,-171.5,-5.5,153.810936258397
2493,-171.5,-5.0,153.85834791767547
2494,-171.5,-4.0,159.9071440011441
2495,-171.5,-3.5,161.09507018292513
2496,-171.5,-3.0,160.66051729073055
2497,-171.5,-2.5,160.713400732755
2498,-171.5,-2.0,153.8350387495561
2499,-171.5,-1.5,163.92225977509355
2500,-171.5,-1.0,159.84054450210598
2501,-171.5,-0.5,151.92871877149295
2502,-171.5,0.0,159.12046327505763
2503,-171.5,0.5,164.87403964183898
2504,-171.5,1.0,149.48200215210895
2505,-171.5,1.5,152.61086414960536
2506,-171.5,2.0,163.00971123323768
2507,-171.5,2.5,150.1957741204518
2508,-171.5,3.0,160.2205935475647
2509,-171.5,3.5,161.93319055548903
2510,-171.5,4.0,161.76272609435213
2511,-171.5,4.5,159.6049524108002
2512,-171.5,5.0,156.23734330269366
2513,-171.5,5.5,150.52543703741236
2514,-171.5,6.0,149.75148498895794
2515,-171.5,7.5,152.2756872788925
2516,-171.5,8.0,152.72558368083062
2517,-171.5,8.5,150.29091721937164
2518,-171.5,9.0,151.30159674298727
2519,-171.5,9.5,156.21119746016225
2520,-171.5,10.0,151.82373801643132
2521,-171.5,10.5,154.91050562127361
2522,-171.5,11.0,153.31607724758538
2523,-171.5,12.0,154.54206484401593
2524,-171.5,12.5,154.8159383052255
2525,-171.5,13.0,155.54473757779292
2526,-171.5,13.5,154.40734185723912
2527,-171.5,14.0,155.0067234508243
2528,-171.5,14.5,160.57705492521742
2529,-171.5,15.0,157.26231972623677
2530,-171.5,15.5,155.20889807547
2531,-171.5,16.0,154.44409590606134
2532,-171.5,16.5,153.72641851472312
2533,-171.5,17.0,152.55578933928197
2534,-171.5,17.5,152.4224486160581
2535,-171.5,18.0,155.2272611506395
2536,-171.5,18.5,153.92569771241307
2537,-171.5,19.0,154.17001268155136
2538,-171.5,19.5,153.25524119467158
2539,-171.5,20.0,153.66227890761516
2540,-171.5,21.0,153.94638874956908
2541,-171.5,21.5,153.5449615969851
2542,-171.5,22.0,155.54678236154865
2543,-171.5,22.5,156.1964385191781
2544,-171.5,23.0,160.52549796521384
2545,-171.5,23.5,154.02305239956362
2546,-171.5,24.0,161.89151418154927
2547,-171.5,24.5,158.17007523930909
2548,-171.5,25.0,153.5756695896165
2549,-171.5,25.5,156.79107984173976
2550,-171.5,26.0,150.1726397690165
2551,-171.5,26.5,149.20616338512173
2552,-171.5,27.0,149.0297475916744
2553,-171.5,27.5,147.8707177523375
2554,-171.5,28.0,149.59469150740455
2555,-171.5,28.5,153.00730943818883
2556,-171.5,29.0,149.39324311489963
2557,-171.5,29.5,148.97602826152664
2558,-171.5,30.0,152.87646574668622
2559,-171.5,30.5,151.93949618949745
2560,-171.5,31.0,156.38740767245747
2561,-171.5,31.5,157.2837839785282
2562,-171.5,32.0,151.42023722649012
2563,-171.5,32.5,149.97368070871846
2564,-171.5,33.0,147.91824003913618
2565,-171.5,33.5,152.296229544733
2566,-171.5,34.0,148.41700705438384
2567,-171.5,34.5,149.84263117187018
2568,-171.5,35.0,149.15649143018823
2569,-171.5,35.5,147.52542750465253
2570,-171.5,36.0,148.04368696416077
2571,-171.5,36.5,154.1111438796916
2572,-171.5,37.0,150.7185017387692
2573,-171.5,37.5,150.99716843923494
2574,-171.5,38.5,184.01587911388341
2575,-171.5,40.5,174.9300419284765
2576,-171.0,-37.0,148.84636005238792
2577,-171.0,-36.5,150.501252026376
2578,-171.0,-36.0,148.26260765051723
2579,-171.0,-35.5,147.1591205333694
2580,-171.0,-35.0,147.69363209432908
2581,-171.0,-34.5,155.76316946557571
2582,-171.0,-34.0,152.28982466726882
2583,-171.0,-33.5,155.72545234594594
2584,-171.0,-33.0,151.14981965148328
2585,-171.0,-32.5,149.24009789434766
2586,-171.0,-32.0,152.60311881832322
2587,-171.0,-31.5,148.37369579721272
2588,-171.0,-31.0,148.47485138246216
2589,-171.0,-30.5,150.78063394149785
2590,-171.0,-30.0,148.88100583770782
2591,-171.0,-29.5,148.847731382058
2592,-171.0,-29.0,151.718193972049
2593,-171.0,-28.5,146.72393951536324
2594,-171.0,-28.0,153.175997879018
2595,-171.0,-27.5,159.38831760044806
2596,-171.0,-27.0,151.2714370830385
2597,-171.0,-26.5,150.62397365170537
2598,-171.0,-26.0,149.82579322825214
2599,-171.0,-25.5,148.8642063812509
2600,-171.0,-25.0,147.17857312957412
2601,-171.0,-24.5,165.02927924734632
2602,-171.0,-24.0,151.69456852907095
2603,-171.0,-23.5,149.97039087456224
2604,-171.0,-23.0,151.37724413576802
2605,-171.0,-22.5,149.47759522238877
2606,-171.0,-22.0,150.6819509857376
2607,-171.0,-21.5,153.20175486470524
2608,-171.0,-21.0,152.90419799840447
2609,-171.0,-20.5,155.0234462907775
2610,-171.0,-20.0,150.7304311619195
2611,-171.0,-19.5,147.45717378410157
2612,-171.0,-19.0,148.31518779104738
2613,-171.0,-18.5,149.11089368864745
2614,-171.0,-18.0,149.71056268328937
2615,-171.0,-17.5,150.5180383670719
2616,-171.0,-17.0,149.42391824126915
2617,-171.0,-16.5,147.25078755771506
2618,-171.0,-16.0,151.73542087685308
2619,-171.0,-15.5,149.6756228241713
2620,-171.0,-15.0,150.7207184582365
2621,-171.0,-14.5,149.98217322935218
2622,-171.0,-14.0,148.8182228054442
2623,-171.0,-13.0,151.03104705879412
2624,-171.0,-12.5,150.5507507086301
2625,-171.0,-12.0,152.95760342001282
2626,-171.0,-11.5,149.81469233116735
2627,-171.0,-11.0,151.8732671926119
2628,-171.0,-10.5,153.19625517770038
2629,-171.0,-10.0,152.8645154503306
2630,-171.0,-9.5,150.14342388164033
2631,-171.0,-9.0,158.4325650821234
2632,-171.0,-8.5,152.88237917918164
2633,-171.0,-8.0,156.40322065119554
2634,-171.0,-7.5,156.36991581523947
2635,-171.0,-6.0,155.44771690310284
2636,-171.0,-5.5,153.45818883016523
2637,-171.0,-4.5,158.9284102781614
2638,-171.0,-4.0,158.99951050667707
2639,-171.0,-3.5,161.97109780324442
2640,-171.0,-3.0,161.39260798800805
2641,-171.0,-2.5,156.1512179601682
2642,-171.0,-2.0,154.4865689871279
2643,-171.0,-1.5,171.45205742268655
2644,-171.0,-1.0,158.95542838476683
2645,-171.0,-0.5,151.85932629251568
2646,-171.0,0.5,159.13582165987648
2647,-171.0,1.0,159.73211698883284
2648,-171.0,1.5,149.76176978271116
2649,-171.0,2.0,155.70718833728554
2650,-171.0,2.5,155.3315512929304
2651,-171.0,3.0,163.76872872555055
2652,-171.0,3.5,160.8706697277828
2653,-171.0,4.0,154.10553458021764
2654,-171.0,4.5,153.6600231501231
2655,-171.0,5.0,154.14151128009357
2656,-171.0,5.5,151.49846458702277
2657,-171.0,6.0,149.3404889663863
2658,-171.0,7.0,149.47935360812104
2659,-171.0,7.5,149.88051343903066
2660,-171.0,8.0,151.0520406883649
2661,-171.0,8.5,152.01528491194742
2662,-171.0,9.0,151.09819458170557
2663,-171.0,9.5,152.92006943896794
2664,-171.0,10.0,154.46679619731398
2665,-171.0,11.0,156.2300439967195
2666,-171.0,11.5,153.84820967301974
2667,-171.0,12.0,153.60608287473957
2668,-171.0,12.5,158.05637335688323
2669,-171.0,13.0,152.6094050763791
2670,-171.0,13.5,153.79049717180126
2671,-171.0,14.0,159.04955548974658
2672,-171.0,14.5,154.0932400555338
2673,-171.0,15.0,156.51785769683994
2674,-171.0,15.5,154.2606376849228
2675,-171.0,16.0,153.26213755636715
2676,-171.0,16.5,153.6098184212506
2677,-171.0,17.0,153.24086093665866
2678,-171.0,17.5,152.5804364906023
2679,-171.0,18.0,154.62060982683826
2680,-171.0,18.5,153.02296783450154
2681,-171.0,19.0,153.57956683643488
2682,-171.0,19.5,153.70329851521026
2683,-171.0,20.0,153.32080919071046
2684,-171.0,20.5,154.64707028525856
2685,-171.0,21.0,154.51654319411253
2686,-171.0,21.5,153.01981475575585
2687,-171.0,22.0,155.61808841075518
2688,-171.0,22.5,155.92817040654765
2689,-171.0,23.0,167.14076693084152
2690,-171.0,23.5,153.60324722413736
2691,-171.0,24.0,154.75656662729872
2692,-171.0,24.5,164.26804662898093
2693,-171.0,25.0,155.26697657874118
2694,-171.0,25.5,152.98144671106485
2695,-171.0,26.0,149.91011761334593
2696,-171.0,26.5,149.53981442187995
2697,-171.0,27.0,148.6310184265605
2698,-171.0,27.5,149.02980271937395
2699,-171.0,28.0,155.7178164377885
2700,-171.0,28.5,151.549893676221
2701,-171.0,29.0,149.4241573209581
2702,-171.0,29.5,147.6991608197486
2703,-171.0,30.0,154.39510755318537
2704,-171.0,30.5,150.8574502613823
2705,-171.0,31.0,155.947893899079
2706,-171.0,31.5,155.34592578715683
2707,-171.0,32.0,151.8914030324242
2708,-171.0,32.5,149.94458069623352
2709,-171.0,33.0,148.01605978274995
2710,-171.0,33.5,154.3754493397681
2711,-171.0,34.0,148.28461323208418
2712,-171.0,34.5,149.43444564234574
2713,-171.0,35.0,149.15160521138213
2714,-171.0,35.5,147.57173297469205
2715,-171.0,36.0,148.4684403329097
2716,-171.0,36.5,154.21080104737268
2717,-171.0,37.0,151.09505255588505
2718,-171.0,37.5,151.76383599249957
2719,-171.0,38.5,183.297918880241
2720,-171.0,40.5,174.9764004581866
2721,-171.0,41.0,175.07649316546807
2722,-170.5,-37.0,151.08623541059592
2723,-170.5,-36.5,149.6796905887543
2724,-170.5,-36.0,148.24817149118942
2725,-170.5,-35.5,147.26852407024205
2726,-170.5,-35.0,150.9324219316844
2727,-170.5,-34.5,158.86677484814408
2728,-170.5,-34.0,157.32889827088303
2729,-170.5,-33.5,155.14747422137663
2730,-170.5,-33.0,151.24734593613505
2731,-170.5,-32.5,150.96736098831536
2732,-170.5,-32.0,149.95323102858953
2733,-170.5,-31.5,149.58529572126918
2734,-170.5,-31.0,149.0517718106343
2735,-170.5,-30.5,150.40878203145553
2736,-170.5,-30.0,148.97155545797418
2737,-170.5,-29.5,149.28888685914703
2738,-170.5,-29.0,151.1789726747045
2739,-170.5,-28.5,150.55024661105017
2740,-170.5,-28.0,153.69719364076028
2741,-170.5,-27.5,158.6652516535948
2742,-170.5,-27.0,149.392537387212
2743,-170.5,-26.5,150.7654372249598
2744,-170.5,-26.0,148.34368261956462
2745,-170.5,-25.5,148.944754341701
2746,-170.5,-25.0,147.16095056880093
2747,-170.5,-24.5,158.32842572326365
2748,-170.5,-24.0,152.1599915691988
2749,-170.5,-23.5,149.9578448953382
2750,-170.5,-23.0,148.86719053368802
2751,-170.5,-22.5,148.79798024446134
2752,-170.5,-22.0,153.28900858739613
2753,-170.5,-21.5,153.45814507670335
2754,-170.5,-21.0,147.53317023519205
2755,-170.5,-20.5,151.75713783407534
2756,-170.5,-20.0,149.23506146784283
2757,-170.5,-19.5,147.4225629762042
2758,-170.5,-19.0,149.07132541200363
2759,-170.5,-18.5,148.9435042155929
2760,-170.5,-18.0,148.69223618728822
2761,-170.5,-17.5,151.58161947656808
2762,-170.5,-17.0,148.27419035457828
2763,-170.5,-16.5,149.08720781681174
2764,-170.5,-16.0,152.96853127783638
2765,-170.5,-15.5,148.44432786241913
2766,-170.5,-15.0,150.6432657592999
2767,-170.5,-14.5,149.9266040624328
2768,-170.5,-14.0,150.05287157817227
2769,-170.5,-13.5,153.54406001901663
2770,-170.5,-13.0,152.51820508335152
2771,-170.5,-12.5,149.27145754919633
2772,-170.5,-12.0,149.57270256908905
2773,-170.5,-11.5,150.74859334021014
2774,-170.5,-11.0,153.72409088723828
2775,-170.5,-10.5,155.15196451374644
2776,-170.5,-10.0,154.82301703914334
2777,-170.5,-9.5,150.09974521913207
2778,-170.5,-9.0,157.78155419641473
2779,-170.5,-8.5,158.07614314727618
2780,-170.5,-8.0,154.90018126204444
2781,-170.5,-7.5,157.9230201671347
2782,-170.5,-7.0,155.43279843531718
2783,-170.5,-6.5,150.46285112579397
2784,-170.5,-6.0,150.43541570529737
2785,-170.5,-5.5,159.32594082982553
2786,-170.5,-5.0,158.56113454187619
2787,-170.5,-4.5,158.32855648024284
2788,-170.5,-3.5,160.71921790340144
2789,-170.5,-3.0,162.25274340299757
2790,-170.5,-2.5,159.49982360848256
2791,-170.5,-1.5,160.8084980376881
2792,-170.5,-1.0,156.29853898669467
2793,-170.5,-0.5,171.96477124110416
2794,-170.5,0.0,150.59441588671132
2795,-170.5,0.5,149.0665537373012
2796,-170.5,1.0,162.03064291012558
2797,-170.5,1.5,157.07969301580923
2798,-170.5,2.0,151.59323835337887
2799,-170.5,2.5,159.18193427084447
2800,-170.5,3.0,155.66568505008382
2801,-170.5,3.5,159.06412547571804
2802,-170.5,4.0,153.7803293678925
2803,-170.5,4.5,150.96969434229723
2804,-170.5,5.0,150.9895958974001
2805,-170.5,5.5,152.64457916081093
2806,-170.5,6.0,151.19793039139
2807,-170.5,6.5,148.9856892108062
2808,-170.5,7.0,149.4601363155656
2809,-170.5,7.5,149.0742131345895
2810,-170.5,8.0,150.6242940489612
2811,-170.5,8.5,152.47881436556312
2812,-170.5,9.0,150.48184337219445
2813,-170.5,9.5,149.87210969971807
2814,-170.5,10.0,157.4665313776982
2815,-170.5,10.5,157.99505432395642
2816,-170.5,11.0,157.52376197448237
2817,-170.5,11.5,155.23990998375484
2818,-170.5,12.0,154.87473257085068
2819,-170.5,12.5,152.75575406420842
2820,-170.5,13.0,155.00792409173286
2821,-170.5,13.5,154.5290181819375
2822,-170.5,14.0,155.98394129560532
2823,-170.5,14.5,153.0447762036309
2824,-170.5,15.0,153.2144217976369
2825,-170.5,15.5,154.18765518222168
2826,-170.5,16.0,152.51481829656765
2827,-170.5,16.5,152.14402544219286
2828,-170.5,17.0,152.96279693783376
2829,-170.5,17.5,154.96276155065215
2830,-170.5,18.0,153.3530850623763
2831,-170.5,18.5,152.47356830052692
2832,-170.5,19.0,153.4176949387247
2833,-170.5,19.5,153.392009209762
2834,-170.5,20.0,162.87038368284001
2835,-170.5,20.5,155.02785471875734
2836,-170.5,21.0,151.77167542089416
2837,-170.5,21.5,152.80678640536462
2838,-170.5,22.0,155.01974650703028
2839,-170.5,22.5,160.18639872729187
2840,-170.5,23.0,165.33953357652942
2841,-170.5,23.5,152.6093005799873
2842,-170.5,24.0,155.0361169606803
2843,-170.5,24.5,161.80890295861406
2844,-170.5,25.0,158.172325583523
2845,-170.5,25.5,150.8871869283743
2846,-170.5,26.0,150.89396488171204
2847,-170.5,26.5,149.0902581176485
2848,-170.5,27.0,149.20289793549696
2849,-170.5,27.5,148.5224723220222
2850,-170.5,28.0,157.01205036959283
2851,-170.5,28.5,149.85755852278857
2852,-170.5,29.0,149.50039519425036
2853,-170.5,29.5,147.70106573995096
2854,-170.5,30.0,152.31751392415802
2855,-170.5,30.5,156.0166273236208
2856,-170.5,31.0,157.73129880219238
2857,-170.5,31.5,152.77001073382104
2858,-170.5,32.0,152.88152616074652
2859,-170.5,32.5,149.56345777306683
2860,-170.5,33.0,147.8943479682693
2861,-170.5,33.5,153.4340382606976
2862,-170.5,34.0,148.4293613520445
2863,-170.5,34.5,149.36919663231188
2864,-170.5,35.0,148.76076761281405
2865,-170.5,35.5,147.3598661644812
2866,-170.5,36.0,148.87295124483052
2867,-170.5,36.5,155.02467661054592
2868,-170.5,37.0,150.66030239432058
2869,-170.5,37.5,152.02421477421373
2870,-170.5,38.5,182.66546214928678
2871,-170.5,40.0,163.19741027014098
2872,-170.5,41.0,175.19957155973194
2873,-170.0,-39.5,162.73367543840715
2874,-170.0,-37.0,153.68343281485855
2875,-170.0,-36.5,148.05032325131285
2876,-170.0,-36.0,148.0976057031542
2877,-170.0,-35.5,147.30119883020336
2878,-170.0,-35.0,147.8868143957337
2879,-170.0,-34.5,156.87801445581593
2880,-170.0,-34.0,160.0059883043746
2881,-170.0,-33.5,155.7586811877655
2882,-170.0,-33.0,152.40444942150563
2883,-170.0,-32.5,151.13272827836033
2884,-170.0,-32.0,148.45409293900633
2885,-170.0,-31.5,149.89012745399296
2886,-170.0,-31.0,149.68356023907256
2887,-170.0,-30.5,149.48262482028923
2888,-170.0,-30.0,150.01223738264284
2889,-170.0,-29.5,149.66204882634193
2890,-170.0,-29.0,146.82697957259703
2891,-170.0,-28.5,151.3895411409359
2892,-170.0,-28.0,152.00748827457116
2893,-170.0,-27.5,157.25996674973757
2894,-170.0,-27.0,149.91475284191395
2895,-170.0,-26.5,150.0232950985199
2896,-170.0,-26.0,148.76703882153723
2897,-170.0,-25.5,149.79441057917484
2898,-170.0,-25.0,156.9278642290783
2899,-170.0,-24.5,151.85195398471998
2900,-170.0,-24.0,153.23578809553985
2901,-170.0,-23.5,149.00155465757032
2902,-170.0,-23.0,146.8363728730234
2903,-170.0,-22.5,150.90789523552073
2904,-170.0,-22.0,153.33772431103674
2905,-170.0,-21.5,154.3779727591321
2906,-170.0,-20.5,148.3192285093485
2907,-170.0,-19.5,147.20310373008851
2908,-170.0,-19.0,148.0228371560315
2909,-170.0,-18.5,148.7958099049242
2910,-170.0,-18.0,150.80994152989052
2911,-170.0,-17.5,149.71687531441268
2912,-170.0,-17.0,149.16246628740748
2913,-170.0,-16.5,149.48933400106134
2914,-170.0,-16.0,153.94474250397838
2915,-170.0,-15.5,154.01067876174503
2916,-170.0,-15.0,148.97800896472003
2917,-170.0,-14.5,149.00183158786695
2918,-170.0,-14.0,149.82768201528745
2919,-170.0,-13.5,152.26303915400752
2920,-170.0,-13.0,149.56423294144076
2921,-170.0,-12.5,149.36728828137583
2922,-170.0,-12.0,149.53120516844155
2923,-170.0,-11.5,151.96239080343491
2924,-170.0,-11.0,155.86833699715274
2925,-170.0,-10.5,155.7869856600034
2926,-170.0,-9.0,151.23770697984327
2927,-170.0,-8.5,158.99260768637276
2928,-170.0,-8.0,157.2744389563315
2929,-170.0,-7.5,157.45577601549587
2930,-170.0,-7.0,155.79699710179366
2931,-170.0,-6.5,151.18974995569985
2932,-170.0,-6.0,149.734028850314
2933,-170.0,-5.5,158.73279108641793
2934,-170.0,-5.0,158.20961452795572
2935,-170.0,-4.5,157.62637177603003
2936,-170.0,-3.5,160.94518553446468
2937,-170.0,-3.0,157.56902750389864
2938,-170.0,-2.5,162.7989485009386
2939,-170.0,-2.0,157.41936847183302
2940,-170.0,-1.5,156.4017781831149
2941,-170.0,-1.0,172.70191229739874
2942,-170.0,-0.5,164.40104894457076
2943,-170.0,0.0,154.22705320843062
2944,-170.0,0.5,150.16648687154924
2945,-170.0,1.0,156.20417116166615
2946,-170.0,1.5,158.11887127176473
2947,-170.0,2.0,161.5396225972925
2948,-170.0,2.5,157.21951707324845
2949,-170.0,3.0,157.08326421804628
2950,-170.0,3.5,149.84783124399786
2951,-170.0,4.0,154.03632318550356
2952,-170.0,4.5,150.3801792262258
2953,-170.0,5.0,149.9029877108735
2954,-170.0,5.5,151.50102731975917
2955,-170.0,6.0,151.02571348110743
2956,-170.0,6.5,149.02370307874918
2957,-170.0,7.0,149.29985705898125
2958,-170.0,7.5,149.57859811245538
2959,-170.0,8.0,151.67543693274942
2960,-170.0,8.5,149.66351231348233
2961,-170.0,9.0,150.42044802835446
2962,-170.0,9.5,149.44337713885432
2963,-170.0,10.5,157.24407561527713
2964,-170.0,11.0,151.09291589806
2965,-170.0,11.5,156.18979555224678
2966,-170.0,12.0,155.17580148951703
2967,-170.0,12.5,151.94324346809643
2968,-170.0,13.0,154.26636564123322
2969,-170.0,13.5,161.11407360407998
2970,-170.0,14.0,152.69784065225033
2971,-170.0,14.5,153.54780912876876
2972,-170.0,15.0,152.4129943214313
2973,-170.0,15.5,154.2525895917925
2974,-170.0,16.0,153.68513497820166
2975,-170.0,16.5,152.03473177486487
2976,-170.0,17.0,152.40822557336276
2977,-170.0,17.5,153.96702031655798
2978,-170.0,18.0,151.97557160795512
2979,-170.0,18.5,151.32362227998019
2980,-170.0,19.0,155.3303701325307
2981,-170.0,19.5,153.43377352745176
2982,-170.0,20.0,160.71810773209157
2983,-170.0,20.5,152.1897279164998
2984,-170.0,21.0,152.12984698772246
2985,-170.0,21.5,155.74156813714436
2986,-170.0,22.0,156.64177755410503
2987,-170.0,22.5,164.517341236057
2988,-170.0,23.0,151.26531780334832
2989,-170.0,23.5,152.6116764605493
2990,-170.0,24.0,158.67371255323965
2991,-170.0,24.5,154.418553805901
2992,-170.0,25.0,156.94063288474132
2993,-170.0,25.5,149.7672425039069
2994,-170.0,26.0,151.51829473521894
2995,-170.0,26.5,149.3093069760857
2996,-170.0,27.0,149.1924253566079
2997,-170.0,27.5,153.45847980129292
2998,-170.0,28.0,151.37161768489688
2999,-170.0,28.5,149.86210392366945
3000,-170.0,29.0,148.91478753875992
3001,-170.0,29.5,148.84097330277598
3002,-170.0,30.0,147.71823447799156
3003,-170.0,30.5,155.65493278050658
3004,-170.0,31.0,156.55890804375593
3005,-170.0,31.5,154.65331564065806
3006,-170.0,32.0,154.6747153431317
3007,-170.0,32.5,148.770106421337
3008,-170.0,33.0,147.9159193175566
3009,-170.0,33.5,152.09496933528234
3010,-170.0,34.0,148.68484442375288
3011,-170.0,34.5,149.5614495053251
3012,-170.0,35.0,148.50592808163398
3013,-170.0,36.0,148.6903723713983
3014,-170.0,36.5,155.9563878836566
3015,-170.0,37.0,151.93948690620303
3016,-170.0,37.5,152.8413959230051
3017,-170.0,38.5,182.2521870761021
3018,-170.0,39.0,181.90170588379274
3019,-170.0,39.5,162.7581125906774
3020,-170.0,40.0,162.95471116153456
3021,-170.0,41.0,175.42531928064656
3022,-169.5,-37.0,153.86457986696695
3023,-169.5,-36.5,148.03838945003923
3024,-169.5,-36.0,148.08363723393217
3025,-169.5,-35.5,147.40908009461882
3026,-169.5,-35.0,153.0521441553096
3027,-169.5,-34.5,157.04709335523754
3028,-169.5,-34.0,158.27515989508055
3029,-169.5,-33.5,157.03853393975885
3030,-169.5,-33.0,153.6207014626841
3031,-169.5,-32.5,151.19662389905395
3032,-169.5,-32.0,148.91682744172059
3033,-169.5,-31.5,150.34160033813643
3034,-169.5,-31.0,149.83103934732134
3035,-169.5,-30.5,150.5462045415759
3036,-169.5,-30.0,149.62139327667052
3037,-169.5,-29.5,149.25040223699412
3038,-169.5,-29.0,149.00501357300556
3039,-169.5,-28.5,152.88274310554573
3040,-169.5,-28.0,151.05768057504676
3041,-169.5,-27.5,154.37476836680224
3042,-169.5,-27.0,150.37242346981915
3043,-169.5,-26.5,149.87262277081726
3044,-169.5,-26.0,148.73620577629478
3045,-169.5,-25.5,149.58719321543865
3046,-169.5,-25.0,156.30596939185196
3047,-169.5,-24.5,151.35801056260652
3048,-169.5,-24.0,151.8626012653722
3049,-169.5,-23.5,149.15562707799273
3050,-169.5,-23.0,148.84142706798934
3051,-169.5,-22.5,151.56243061460066
3052,-169.5,-22.0,153.62651987260736
3053,-169.5,-21.5,155.96963007180483
3054,-169.5,-21.0,154.74913549375526
3055,-169.5,-20.5,152.84388790804817
3056,-169.5,-20.0,147.30278692416576
3057,-169.5,-19.5,149.30768863985867
3058,-169.5,-19.0,147.624062838901
3059,-169.5,-18.5,151.39382750094225
3060,-169.5,-18.0,150.68025486407873
3061,-169.5,-17.5,147.9421381786417
3062,-169.5,-17.0,150.3308177501781
3063,-169.5,-16.5,150.14250382953463
3064,-169.5,-16.0,148.26932026420266
3065,-169.5,-15.5,153.77541241945187
3066,-169.5,-15.0,148.92251166342174
3067,-169.5,-14.5,149.03285773296335
3068,-169.5,-14.0,152.08809108322785
3069,-169.5,-13.5,150.4037061163382
3070,-169.5,-13.0,149.04818880093822
3071,-169.5,-12.5,149.63397205219565
3072,-169.5,-12.0,151.19823947736606
3073,-169.5,-11.5,149.3950663094908
3074,-169.5,-11.0,152.27402419615967
3075,-169.5,-9.0,152.31820922506307
3076,-169.5,-8.5,153.05861299181808
3077,-169.5,-8.0,159.02656175630523
3078,-169.5,-7.5,154.58855710740414
3079,-169.5,-7.0,154.48595649299727
3080,-169.5,-6.5,154.00180717349392
3081,-169.5,-6.0,154.13872916479974
3082,-169.5,-5.5,156.92361070196696
3083,-169.5,-5.0,160.09341327350813
3084,-169.5,-4.5,158.9938167605176
3085,-169.5,-4.0,160.6280328460868
3086,-169.5,-3.5,157.68157102052749
3087,-169.5,-3.0,158.5233149677846
3088,-169.5,-2.5,155.09730411422794
3089,-169.5,-2.0,159.45920716812375
3090,-169.5,-1.5,153.44655160053824
3091,-169.5,-1.0,163.00706542307734
3092,-169.5,-0.5,156.64262213200763
3093,-169.5,0.0,158.32241001506014
3094,-169.5,0.5,148.67881537622145
3095,-169.5,1.0,149.35941217488622
3096,-169.5,1.5,159.97850216681618
3097,-169.5,2.0,167.73397648331473
3098,-169.5,3.0,153.0404004632726
3099,-169.5,3.5,153.13247578784706
3100,-169.5,4.0,150.85787046718036
3101,-169.5,4.5,151.1900531052191
3102,-169.5,5.5,150.68589442847073
3103,-169.5,6.0,150.57150862365341
3104,-169.5,6.5,149.84972792095425
3105,-169.5,7.0,148.57653402181512
3106,-169.5,7.5,152.103960437591
3107,-169.5,8.0,149.23802202653786
3108,-169.5,8.5,149.10079240585762
3109,-169.5,9.0,150.70168045674103
3110,-169.5,9.5,150.66650624657575
3111,-169.5,10.5,152.58981574578783
3112,-169.5,11.0,152.99002350665012
3113,-169.5,12.0,158.66001029383008
3114,-169.5,12.5,152.63751510950334
3115,-169.5,13.0,150.88216888163083
3116,-169.5,13.5,152.54243980245093
3117,-169.5,14.0,153.12103292637886
3118,-169.5,14.5,152.6728599686337
3119,-169.5,15.0,152.50918827398883
3120,-169.5,16.0,153.3815306568028
3121,-169.5,16.5,153.4121306784798
3122,-169.5,17.0,155.44631659236504
3123,-169.5,17.5,152.88514358203952
3124,-169.5,18.0,164.97209612777792
3125,-169.5,18.5,152.76961752808015
3126,-169.5,19.0,153.54676031570474
3127,-169.5,19.5,171.6908686808064
3128,-169.5,20.0,154.45794129119705
3129,-169.5,20.5,151.03301910986374
3130,-169.5,21.0,152.33782886352753
3131,-169.5,21.5,154.5402990086785
3132,-169.5,22.0,166.60139099063994
3133,-169.5,22.5,160.01557889650465
3134,-169.5,23.0,153.49445105898437
3135,-169.5,23.5,154.3993294997831
3136,-169.5,24.0,157.47548150001495
3137,-169.5,24.5,154.0477578546867
3138,-169.5,25.0,156.2455284073833
3139,-169.5,25.5,150.79543528653574
3140,-169.5,26.0,150.09169095110042
3141,-169.5,26.5,149.3384515516674
3142,-169.5,27.0,149.09967751643165
3143,-169.5,27.5,154.0495178793389
3144,-169.5,28.0,149.23440980014718
3145,-169.5,28.5,147.73927837918748
3146,-169.5,29.0,148.99421703151097
3147,-169.5,29.5,149.86199325792995
3148,-169.5,30.0,148.03799948942148
3149,-169.5,30.5,156.05477669212664
3150,-169.5,31.0,155.91217714429058
3151,-169.5,31.5,154.5159060367882
3152,-169.5,32.0,152.15242343729406
3153,-169.5,32.5,148.6553738272739
3154,-169.5,33.0,149.09253347241847
3155,-169.5,33.5,152.38004979078207
3156,-169.5,34.0,147.54718871596083
3157,-169.5,34.5,149.21100076415294
3158,-169.5,35.0,148.58833986316682
3159,-169.5,36.0,148.6177935377108
3160,-169.5,36.5,157.6619228324475
3161,-169.5,37.0,152.5775943754253
3162,-169.5,37.5,151.8317250448457
3163,-169.5,39.0,181.5491770807547
3164,-169.5,39.5,162.5226946586949
3165,-169.5,41.0,175.5771585672425
3166,-169.0,-37.0,153.25551097757437
3167,-169.0,-36.5,147.92472924695164
3168,-169.0,-36.0,148.08909641498093
3169,-169.0,-35.5,147.64080753601215
3170,-169.0,-35.0,155.6500602377224
3171,-169.0,-34.5,154.40538877429975
3172,-169.0,-34.0,154.35170046185283
3173,-169.0,-33.5,158.02531396149396
3174,-169.0,-33.0,153.37412058094736
3175,-169.0,-32.5,150.6209469370829
3176,-169.0,-32.0,148.45104784038114
3177,-169.0,-31.5,149.7665390429839
3178,-169.0,-31.0,148.92407742735568
3179,-169.0,-30.5,152.4228408690286
3180,-169.0,-30.0,150.17006503398434
3181,-169.0,-29.5,149.19701824389222
3182,-169.0,-29.0,149.78565023727916
3183,-169.0,-28.5,152.6720230461172
3184,-169.0,-28.0,151.0694795927227
3185,-169.0,-27.5,153.87396693227353
3186,-169.0,-27.0,152.49836258687054
3187,-169.0,-26.5,149.90402506455217
3188,-169.0,-26.0,149.23117093780962
3189,-169.0,-25.5,152.48682218238164
3190,-169.0,-25.0,155.25946396576805
3191,-169.0,-24.5,149.54891687808183
3192,-169.0,-24.0,150.22712163009393
3193,-169.0,-23.5,151.88417830622066
3194,-169.0,-23.0,150.6934468073372
3195,-169.0,-22.5,147.28828863914654
3196,-169.0,-22.0,154.2131799057924
3197,-169.0,-21.0,153.51590221039638
3198,-169.0,-20.5,157.70307527342726
3199,-169.0,-20.0,148.16200068840877
3200,-169.0,-19.5,148.98785856272062
3201,-169.0,-19.0,154.38579550252857
3202,-169.0,-18.5,150.55408248529227
3203,-169.0,-18.0,148.8187801520915
3204,-169.0,-17.5,150.0622385002787
3205,-169.0,-17.0,151.00494975568242
3206,-169.0,-16.5,148.70375408882586
3207,-169.0,-16.0,149.31681555019463
3208,-169.0,-15.5,149.61269142027174
3209,-169.0,-15.0,157.7108620817303
3210,-169.0,-14.5,151.23439643290055
3211,-169.0,-14.0,153.56028078327464
3212,-169.0,-13.5,149.97309646108104
3213,-169.0,-13.0,149.77512313392762
3214,-169.0,-12.5,151.05570716262324
3215,-169.0,-12.0,151.9121861935271
3216,-169.0,-11.5,152.22248283736738
3217,-169.0,-11.0,151.33368990529542
3218,-169.0,-10.5,149.5562849179294
3219,-169.0,-8.5,153.63615430434115
3220,-169.0,-8.0,153.97426385125448
3221,-169.0,-7.5,155.5299368062967
3222,-169.0,-7.0,152.15020636578595
3223,-169.0,-6.5,159.6578995871655
3224,-169.0,-6.0,155.35090224150585
3225,-169.0,-5.5,156.6769072411471
3226,-169.0,-5.0,162.24550062164374
3227,-169.0,-4.5,161.0091313399193
3228,-169.0,-4.0,159.430092320423
3229,-169.0,-3.5,159.02619779514052
3230,-169.0,-3.0,157.62922909801557
3231,-169.0,-2.5,156.6542001374481
3232,-169.0,-2.0,159.28741370384662
3233,-169.0,-1.5,162.01855707588217
3234,-169.0,-1.0,151.8521750714297
3235,-169.0,-0.5,158.4530566079159
3236,-169.0,0.0,166.96704873931998
3237,-169.0,0.5,153.73704288621488
3238,-169.0,1.0,150.93578653603748
3239,-169.0,2.0,167.7190023149486
3240,-169.0,2.5,162.17832010729938
3241,-169.0,3.0,149.28957714039694
3242,-169.0,3.5,152.07025424823263
3243,-169.0,4.0,150.74359889719506
3244,-169.0,4.5,152.30505399892488
3245,-169.0,5.0,151.0459490684915
3246,-169.0,5.5,150.80748082383838
3247,-169.0,6.0,150.24662834088397
3248,-169.0,6.5,149.84235886052895
3249,-169.0,7.0,150.9551867080906
3250,-169.0,7.5,148.97417297449974
3251,-169.0,8.0,148.91878659842317
3252,-169.0,8.5,148.71089145026392
3253,-169.0,9.5,152.2534170565967
3254,-169.0,10.0,150.0079791836141
3255,-169.0,10.5,150.8449919527517
3256,-169.0,11.0,156.51440849016186
3257,-169.0,11.5,156.2028411296154
3258,-169.0,12.0,151.30273573590244
3259,-169.0,12.5,154.1063119411094
3260,-169.0,13.0,152.35769537048395
3261,-169.0,13.5,151.5837190549698
3262,-169.0,14.0,152.6897139240947
3263,-169.0,14.5,151.7672860229276
3264,-169.0,15.0,153.04128778223358
3265,-169.0,15.5,153.0627837411213
3266,-169.0,16.0,152.91289465749858
3267,-169.0,16.5,152.94676444792796
3268,-169.0,17.0,152.59206516651008
3269,-169.0,17.5,151.3867725855374
3270,-169.0,18.0,153.18838811995784
3271,-169.0,18.5,152.70950902934783
3272,-169.0,19.0,163.9239533417469
3273,-169.0,19.5,161.08889584888504
3274,-169.0,20.0,151.4785227807468
3275,-169.0,20.5,151.4621968021559
3276,-169.0,21.0,152.27909212156493
3277,-169.0,21.5,158.24947575741666
3278,-169.0,22.0,173.75025937891166
3279,-169.0,22.5,151.42585547812354
3280,-169.0,23.0,152.86400519289782
3281,-169.0,23.5,167.32598476380377
3282,-169.0,24.0,153.35961195516734
3283,-169.0,24.5,152.9979388988966
3284,-169.0,25.0,152.3836989610056
3285,-169.0,25.5,155.44374465654525
3286,-169.0,26.0,150.46268357806258
3287,-169.0,26.5,149.75476525204888
3288,-169.0,27.0,151.12241555540066
3289,-169.0,27.5,150.4692149540501
3290,-169.0,28.0,148.34389390013038
3291,-169.0,28.5,147.5545734051117
3292,-169.0,29.0,148.59806701347472
3293,-169.0,29.5,150.19481014545477
3294,-169.0,30.0,150.86529129336546
3295,-169.0,30.5,160.3968012610097
3296,-169.0,31.0,150.89680907301656
3297,-169.0,31.5,154.5410159820893
3298,-169.0,32.0,151.47312343492953
3299,-169.0,32.5,148.97729813729248
3300,-169.0,33.0,149.2239404009851
3301,-169.0,33.5,154.14541562478453
3302,-169.0,34.0,147.33298763678008
3303,-169.0,34.5,149.51009008951377
3304,-169.0,35.0,150.14166779434896
3305,-169.0,35.5,150.39163144999262
3306,-169.0,36.0,148.9955763360244
3307,-169.0,36.5,159.4538781171712
3308,-169.0,37.0,152.02031375270593
3309,-169.0,37.5,152.669818653255
3310,-169.0,39.0,180.9727296835645
3311,-169.0,39.5,162.47384770586874
3312,-169.0,41.0,175.77293841099714
3313,-168.5,-37.0,150.07506580242952
3314,-168.5,-36.5,148.11266091838252
3315,-168.5,-36.0,148.20731737958596
3316,-168.5,-35.5,150.26356459853002
3317,-168.5,-35.0,156.86819392504094
3318,-168.5,-34.5,154.2709959226684
3319,-168.5,-34.0,155.64894360061294
3320,-168.5,-33.5,158.0901884071139
3321,-168.5,-33.0,152.34050464211793
3322,-168.5,-32.5,150.81926609549055
3323,-168.5,-32.0,148.54548645207188
3324,-168.5,-31.5,149.75078103819098
3325,-168.5,-31.0,149.4004273383454
3326,-168.5,-30.5,150.00593695520118
3327,-168.5,-30.0,149.0524207528222
3328,-168.5,-29.5,151.5229821087764
3329,-168.5,-29.0,149.35803732900214
3330,-168.5,-28.5,152.92602270227658
3331,-168.5,-28.0,150.41285332145364
3332,-168.5,-27.5,151.71444208499642
3333,-168.5,-27.0,153.73956114888153
3334,-168.5,-26.5,149.60059870793003
3335,-168.5,-26.0,149.51195480953098
3336,-168.5,-25.5,156.92373694377903
3337,-168.5,-25.0,152.08027945327711
3338,-168.5,-24.5,148.54767404833123
3339,-168.5,-24.0,150.112114403202
3340,-168.5,-23.5,151.65245447387596
3341,-168.5,-23.0,150.85076041879876
3342,-168.5,-22.5,149.01973864338242
3343,-168.5,-22.0,153.03021580351964
3344,-168.5,-21.5,157.3402098341566
3345,-168.5,-21.0,152.17720697029253
3346,-168.5,-20.5,157.9565826760838
3347,-168.5,-20.0,153.46123125101445
3348,-168.5,-19.5,149.13577664083252
3349,-168.5,-19.0,153.79510519694406
3350,-168.5,-18.5,150.67159656326768
3351,-168.5,-18.0,148.88874906524038
3352,-168.5,-17.5,151.22473190613695
3353,-168.5,-17.0,149.23043750193696
3354,-168.5,-16.5,149.38775698857464
3355,-168.5,-16.0,149.64243733659464
3356,-168.5,-15.5,148.2548934227995
3357,-168.5,-15.0,158.1746418417458
3358,-168.5,-14.5,155.3932728486821
3359,-168.5,-14.0,149.85131236415808
3360,-168.5,-13.5,150.90285550221526
3361,-168.5,-13.0,150.0687256613745
3362,-168.5,-12.5,152.1720831892429
3363,-168.5,-12.0,158.35873707330504
3364,-168.5,-11.5,153.17377526184274
3365,-168.5,-11.0,149.45198350013783
3366,-168.5,-10.5,149.7759261697118
3367,-168.5,-10.0,149.67682896218056
3368,-168.5,-8.0,152.97962545785617
3369,-168.5,-7.5,151.5400815292483
3370,-168.5,-7.0,156.7902020849657
3371,-168.5,-6.5,157.55928777504738
3372,-168.5,-6.0,157.3248635182093
3373,-168.5,-5.5,154.9848821039668
3374,-168.5,-4.5,161.85719949367405
3375,-168.5,-4.0,159.81221293910934
3376,-168.5,-3.5,160.37733248181848
3377,-168.5,-3.0,156.89984155351493
3378,-168.5,-2.5,156.2166296994919
3379,-168.5,-1.5,156.86427868057154
3380,-168.5,-1.0,157.01720510677106
3381,-168.5,-0.5,155.96889197442368
3382,-168.5,0.0,156.7868689611955
3383,-168.5,0.5,157.85685687134313
3384,-168.5,1.0,152.04930580713454
3385,-168.5,2.0,167.40712727581794
3386,-168.5,2.5,157.97169187163885
3387,-168.5,3.0,162.84817814425
3388,-168.5,3.5,150.1943274917839
3389,-168.5,4.0,151.50246727375844
3390,-168.5,4.5,155.43342404099815
3391,-168.5,5.0,151.76900179601853
3392,-168.5,5.5,150.38600803451877
3393,-168.5,6.0,149.73687404454475
3394,-168.5,6.5,149.9486854708112
3395,-168.5,7.0,150.24664840232023
3396,-168.5,7.5,148.4643358585843
3397,-168.5,8.0,148.5524135738539
3398,-168.5,10.0,150.58106098567018
3399,-168.5,10.5,147.84972956156332
3400,-168.5,11.5,154.96793336083456
3401,-168.5,12.0,150.7831521189384
3402,-168.5,12.5,159.98362707721986
3403,-168.5,13.0,155.61875421991695
3404,-168.5,13.5,152.251714027847
3405,-168.5,14.0,151.04461861842756
3406,-168.5,15.5,153.23286778392009
3407,-168.5,16.5,154.14171364535702
3408,-168.5,17.0,151.67025991335277
3409,-168.5,17.5,150.33261209682092
3410,-168.5,18.0,151.20471272079092
3411,-168.5,18.5,152.62413055049942
3412,-168.5,19.0,161.70011550312603
3413,-168.5,19.5,155.87752977618874
3414,-168.5,20.0,150.57317967197923
3415,-168.5,20.5,150.92429890296026
3416,-168.5,21.0,153.34708420445978
3417,-168.5,21.5,163.24521640574613
3418,-168.5,22.0,165.47286506284368
3419,-168.5,23.0,155.3628785197444
3420,-168.5,23.5,159.87771333118795
3421,-168.5,24.0,153.98950051175487
3422,-168.5,24.5,151.64420485375365
3423,-168.5,25.0,152.14273535099986
3424,-168.5,25.5,155.74608332613073
3425,-168.5,26.0,151.31505334535865
3426,-168.5,26.5,150.54079642202447
3427,-168.5,27.0,152.6104471014396
3428,-168.5,27.5,148.936628069475
3429,-168.5,28.0,148.28672444051807
3430,-168.5,28.5,147.05968666711576
3431,-168.5,29.0,149.0570734457762
3432,-168.5,29.5,149.74084249435583
3433,-168.5,30.0,151.33323949937102
3434,-168.5,30.5,153.44037746477514
3435,-168.5,31.0,154.31943355061685
3436,-168.5,31.5,160.51701193889141
3437,-168.5,32.0,149.32566777392634
3438,-168.5,32.5,150.89953049676552
3439,-168.5,33.0,149.84419099151472
3440,-168.5,33.5,152.1930198543527
3441,-168.5,34.5,149.7168139396931
3442,-168.5,35.0,149.76795085983912
3443,-168.5,35.5,154.26658045603682
3444,-168.5,36.0,149.50166870473032
3445,-168.5,36.5,158.11184454512164
3446,-168.5,37.0,151.79699097571523
3447,-168.5,39.0,175.25773973305314
3448,-168.5,41.0,175.91897907101577
3449,-168.0,-37.5,150.51153291135927
3450,-168.0,-37.0,150.3245807582262
3451,-168.0,-36.5,148.77570748740177
3452,-168.0,-36.0,148.07393468325276
3453,-168.0,-35.5,150.69978019049444
3454,-168.0,-35.0,157.6039456577458
3455,-168.0,-34.5,154.119225208883
3456,-168.0,-34.0,155.4028577443043
3457,-168.0,-33.5,157.15497073888977
3458,-168.0,-33.0,153.46289221730498
3459,-168.0,-32.5,150.1252319068047
3460,-168.0,-32.0,149.2316493077561
3461,-168.0,-31.5,148.76939437089442
3462,-168.0,-31.0,149.89622753415827
3463,-168.0,-30.5,149.5605292752197
3464,-168.0,-30.0,148.21868975919745
3465,-168.0,-29.5,152.2280153274892
3466,-168.0,-29.0,148.24787450804112
3467,-168.0,-28.5,152.81292842511786
3468,-168.0,-28.0,152.40733837584065
3469,-168.0,-27.5,149.6905373672546
3470,-168.0,-27.0,152.78256310954308
3471,-168.0,-26.5,151.97732845722558
3472,-168.0,-26.0,149.06926292571114
3473,-168.0,-25.5,156.91616581153292
3474,-168.0,-25.0,148.45155667099755
3475,-168.0,-24.5,149.46186692565138
3476,-168.0,-24.0,149.82818188253327
3477,-168.0,-23.5,151.18121229492752
3478,-168.0,-23.0,147.51065125488492
3479,-168.0,-22.5,153.01322874233546
3480,-168.0,-22.0,147.4257264587424
3481,-168.0,-21.5,151.98955809370304
3482,-168.0,-21.0,148.43782909864905
3483,-168.0,-20.5,148.78690148942187
3484,-168.0,-20.0,159.25557727574466
3485,-168.0,-19.5,152.42184246080348
3486,-168.0,-19.0,151.6187146676774
3487,-168.0,-18.5,152.00698566592052
3488,-168.0,-18.0,148.97687403736717
3489,-168.0,-17.5,152.20510876287935
3490,-168.0,-17.0,149.55041802032812
3491,-168.0,-16.5,149.33181448235266
3492,-168.0,-16.0,148.86165676274223
3493,-168.0,-15.5,148.43612778460232
3494,-168.0,-15.0,151.6374218834107
3495,-168.0,-14.5,154.4550437998053
3496,-168.0,-14.0,149.5765692360899
3497,-168.0,-13.5,149.87414845432045
3498,-168.0,-13.0,153.36017708023843
3499,-168.0,-12.5,149.76899935655902
3500,-168.0,-12.0,156.45760771701256
3501,-168.0,-11.0,148.91139857573773
3502,-168.0,-10.5,149.61522766479706
3503,-168.0,-10.0,150.07028099019362
3504,-168.0,-8.0,150.06256314922402
3505,-168.0,-7.5,152.26255797691744
3506,-168.0,-7.0,158.13743432127814
3507,-168.0,-6.5,155.45113124823314
3508,-168.0,-6.0,158.6164541114298
3509,-168.0,-5.5,157.1783590587025
3510,-168.0,-5.0,155.45464160083299
3511,-168.0,-4.5,157.581548466951
3512,-168.0,-4.0,161.4427508298297
3513,-168.0,-3.5,159.05247771362292
3514,-168.0,-3.0,156.83263529797105
3515,-168.0,-2.0,152.80013990900713
3516,-168.0,-1.5,151.70490311947373
3517,-168.0,-1.0,155.50611574120452
3518,-168.0,-0.5,153.93363685327435
3519,-168.0,0.0,156.21265588610783
3520,-168.0,0.5,164.48167988069332
3521,-168.0,1.0,171.64576480494483
3522,-168.0,2.0,149.70125995015172
3523,-168.0,2.5,164.46293767521763
3524,-168.0,3.0,155.89923179752896
3525,-168.0,3.5,151.22823837581743
3526,-168.0,4.0,152.87505891027863
3527,-168.0,4.5,153.54546567301597
3528,-168.0,5.0,149.44824945435101
3529,-168.0,5.5,150.94426942038874
3530,-168.0,6.0,150.25856803897724
3531,-168.0,6.5,153.28136976031394
3532,-168.0,7.0,149.3802771932666
3533,-168.0,7.5,149.05059979334797
3534,-168.0,8.0,148.00583071814353
3535,-168.0,10.0,152.41585906959844
3536,-168.0,10.5,150.01977938968636
3537,-168.0,11.5,150.735339512621
3538,-168.0,12.0,153.52487528276995
3539,-168.0,12.5,151.16547169871822
3540,-168.0,13.0,156.62506444438333
3541,-168.0,13.5,153.1864606104602
3542,-168.0,14.0,150.4985538856613
3543,-168.0,15.5,153.13269862672732
3544,-168.0,16.0,155.58386066307006
3545,-168.0,16.5,153.3633201758573
3546,-168.0,17.0,151.67144197293695
3547,-168.0,17.5,150.55718770377206
3548,-168.0,18.0,153.56074158618964
3549,-168.0,18.5,161.6396540673988
3550,-168.0,19.0,161.117985676666
3551,-168.0,19.5,149.61163941311256
3552,-168.0,20.0,150.00514432281872
3553,-168.0,20.5,152.7309349976413
3554,-168.0,21.0,158.8668707998098
3555,-168.0,21.5,164.51741221000407
3556,-168.0,22.0,151.3731673244565
3557,-168.0,22.5,151.2292467804998
3558,-168.0,23.0,165.92877367733314
3559,-168.0,23.5,154.40884670212506
3560,-168.0,24.0,152.98028953758467
3561,-168.0,24.5,151.10593589452486
3562,-168.0,25.0,152.1388626410903
3563,-168.0,25.5,150.89675140449424
3564,-168.0,26.0,157.12503530709876
3565,-168.0,26.5,151.25616009777337
3566,-168.0,27.0,150.84980984764772
3567,-168.0,27.5,148.9187457921546
3568,-168.0,28.0,147.72090235333022
3569,-168.0,28.5,147.49656205962285
3570,-168.0,29.0,148.8363674705665
3571,-168.0,29.5,149.76998966189183
3572,-168.0,30.0,152.49168355086667
3573,-168.0,30.5,151.8579893661321
3574,-168.0,31.0,156.1106358731699
3575,-168.0,31.5,157.11676214747723
3576,-168.0,32.0,149.03446421292475
3577,-168.0,32.5,153.10572852173397
3578,-168.0,33.0,150.50084404018403
3579,-168.0,33.5,152.1941843279847
3580,-168.0,34.5,150.14469347188415
3581,-168.0,35.0,149.45779041879072
3582,-168.0,35.5,153.44872533165392
3583,-168.0,36.0,149.823565539907
3584,-168.0,36.5,158.23101475254052
3585,-168.0,37.0,151.91449748915866
3586,-168.0,39.0,180.10466242563686
3587,-168.0,41.0,176.20762323135193
3588,-167.5,-37.5,150.70340320820827
3589,-167.5,-36.5,148.83125859358006
3590,-167.5,-36.0,148.02182247953542
3591,-167.5,-35.5,150.31495150936837
3592,-167.5,-35.0,156.9844161693613
3593,-167.5,-34.5,154.07947620546466
3594,-167.5,-34.0,154.5746050886659
3595,-167.5,-33.5,158.14274061556222
3596,-167.5,-33.0,153.24832323079875
3597,-167.5,-32.5,150.01816106142363
3598,-167.5,-32.0,149.51972854901882
3599,-167.5,-31.5,148.61523323155197
3600,-167.5,-31.0,150.03754482056726
3601,-167.5,-30.5,147.95005602997063
3602,-167.5,-30.0,149.90790098426064
3603,-167.5,-29.5,151.50670060954022
3604,-167.5,-29.0,148.77343921267124
3605,-167.5,-28.5,150.32360095238016
3606,-167.5,-28.0,152.4193513337914
3607,-167.5,-27.5,151.01789129960042
3608,-167.5,-27.0,150.65365704420347
3609,-167.5,-26.5,157.57590576704112
3610,-167.5,-26.0,155.67006313761757
3611,-167.5,-25.5,152.9172582423558
3612,-167.5,-25.0,150.31349307347614
3613,-167.5,-24.5,150.1350980182026
3614,-167.5,-24.0,152.09318377487295
3615,-167.5,-23.5,148.9497158695369
3616,-167.5,-23.0,147.6851577608402
3617,-167.5,-22.5,153.5674663428764
3618,-167.5,-22.0,146.65360537602905
3619,-167.5,-21.5,150.037668727963
3620,-167.5,-21.0,154.71783052532427
3621,-167.5,-20.5,148.57160184396776
3622,-167.5,-20.0,155.81910391369243
3623,-167.5,-19.5,154.2182533036176
3624,-167.5,-19.0,149.95109339838996
3625,-167.5,-18.5,152.6358202174664
3626,-167.5,-18.0,154.0795364809552
3627,-167.5,-17.5,147.74545366238067
3628,-167.5,-17.0,149.9131772942459
3629,-167.5,-16.5,149.47295376364423
3630,-167.5,-16.0,149.02295701015734
3631,-167.5,-15.5,153.01628483386284
3632,-167.5,-15.0,150.71069817431874
3633,-167.5,-14.5,151.72470757575928
3634,-167.5,-14.0,153.40938234527016
3635,-167.5,-13.5,151.43391108963704
3636,-167.5,-13.0,155.91766172584897
3637,-167.5,-12.5,152.42420114733494
3638,-167.5,-12.0,150.60662384273078
3639,-167.5,-11.5,149.95999054903297
3640,-167.5,-11.0,148.78186398191846
3641,-167.5,-10.5,149.22155495360894
3642,-167.5,-10.0,150.12351515122486
3643,-167.5,-9.5,150.37885244146685
3644,-167.5,-8.5,150.53233575450813
3645,-167.5,-8.0,150.84873385230006
3646,-167.5,-7.5,153.5002454008134
3647,-167.5,-7.0,152.5577902320492
3648,-167.5,-6.5,156.70483532916063
3649,-167.5,-6.0,156.99706722730627
3650,-167.5,-5.5,161.06772382231574
3651,-167.5,-5.0,156.5134606310476
3652,-167.5,-4.5,157.94546373874766
3653,-167.5,-4.0,156.2827306448198
3654,-167.5,-3.5,158.73236690656452
3655,-167.5,-3.0,160.80286261543887
3656,-167.5,-2.5,153.22532216011402
3657,-167.5,-2.0,152.87176914859603
3658,-167.5,-1.5,151.95318822091184
3659,-167.5,-1.0,152.9603150303979
3660,-167.5,-0.5,155.4493775308726
3661,-167.5,0.0,161.32498527572898
3662,-167.5,0.5,169.24871454430775
3663,-167.5,1.0,171.54194982519456
3664,-167.5,1.5,156.7458386356601
3665,-167.5,2.0,149.75745889110112
3666,-167.5,2.5,150.3162325929179
3667,-167.5,3.0,158.3403356981482
3668,-167.5,3.5,164.73926099915568
3669,-167.5,4.0,154.7646391764161
3670,-167.5,4.5,151.5453227821721
3671,-167.5,5.0,151.82848276338578
3672,-167.5,5.5,149.63329784721373
3673,-167.5,6.0,152.28887390764837
3674,-167.5,6.5,148.3251196680134
3675,-167.5,7.0,148.43416455833756
3676,-167.5,7.5,149.48320736363996
3677,-167.5,8.0,148.7149682686046
3678,-167.5,10.5,150.79101347283066
3679,-167.5,11.0,149.3154560690746
3680,-167.5,11.5,150.89889878276773
3681,-167.5,12.0,154.2656259879483
3682,-167.5,12.5,153.54663603683198
3683,-167.5,13.0,152.617009715985
3684,-167.5,13.5,152.16184355968005
3685,-167.5,14.0,155.49191753794116
3686,-167.5,15.5,158.6408580528699
3687,-167.5,16.0,154.25146029328982
3688,-167.5,16.5,151.26400177819116
3689,-167.5,17.0,151.17017420009122
3690,-167.5,17.5,153.6282111151139
3691,-167.5,18.0,151.06840574565248
3692,-167.5,18.5,162.86984280074574
3693,-167.5,19.0,151.96016025102557
3694,-167.5,19.5,149.87111745946356
3695,-167.5,20.0,149.6699558363529
3696,-167.5,20.5,153.2867740615103
3697,-167.5,21.0,162.3160625303423
3698,-167.5,21.5,165.0020250117479
3699,-167.5,22.0,150.4499107433576
3700,-167.5,22.5,154.98346750744918
3701,-167.5,23.0,163.51210809560564
3702,-167.5,23.5,154.03116924952627
3703,-167.5,24.0,150.98925970762812
3704,-167.5,24.5,151.34644237296774
3705,-167.5,25.0,151.4926474965006
3706,-167.5,25.5,150.69266796803245
3707,-167.5,26.0,155.48331207054883
3708,-167.5,26.5,154.83318926173814
3709,-167.5,27.0,148.69621647686853
3710,-167.5,27.5,148.89447704982314
3711,-167.5,28.0,146.8451096990616
3712,-167.5,28.5,148.89683274122652
3713,-167.5,29.0,148.73712710972336
3714,-167.5,29.5,151.5935899813923
3715,-167.5,30.0,152.4547098224573
3716,-167.5,30.5,153.1774865089104
3717,-167.5,31.0,158.25751992159752
3718,-167.5,31.5,152.20752117748953
3719,-167.5,32.0,149.30825891664355
3720,-167.5,32.5,153.7417726362995
3721,-167.5,33.0,150.75398759570288
3722,-167.5,33.5,155.43483393734007
3723,-167.5,34.0,154.74673426081387
3724,-167.5,34.5,149.6019702330284
3725,-167.5,35.0,150.25469425909105
3726,-167.5,35.5,155.15801820510328
3727,-167.5,36.0,150.0869213137758
3728,-167.5,36.5,159.56752118829837
3729,-167.5,37.0,151.32409576363443
3730,-167.5,38.5,158.93236783092763
3731,-167.5,39.0,177.40223956283864
3732,-167.5,41.0,176.28773062077403
3733,-167.5,41.5,176.37366395327265
3734,-167.0,-37.5,151.03898364365872
3735,-167.0,-36.5,149.33202955952189
3736,-167.0,-36.0,147.8178500278115
3737,-167.0,-35.5,150.95376384773138
3738,-167.0,-35.0,152.4210599233235
3739,-167.0,-34.5,150.20930569898894
3740,-167.0,-34.0,155.70887202294392
3741,-167.0,-33.5,157.36118648212212
3742,-167.0,-33.0,153.17853638261326
3743,-167.0,-32.5,149.9512220000402
3744,-167.0,-32.0,149.35934082308322
3745,-167.0,-31.5,149.0309251317772
3746,-167.0,-31.0,150.96206003877703
3747,-167.0,-30.5,147.15143285311558
3748,-167.0,-30.0,151.29409434658882
3749,-167.0,-29.5,150.5959889174521
3750,-167.0,-29.0,152.0914656599191
3751,-167.0,-28.5,148.87853105350976
3752,-167.0,-28.0,150.22487050684754
3753,-167.0,-27.5,151.2154463135208
3754,-167.0,-27.0,149.61472634763908
3755,-167.0,-26.5,155.74315631662827
3756,-167.0,-26.0,156.8555758852425
3757,-167.0,-25.5,149.28777244441432
3758,-167.0,-25.0,149.7950796258774
3759,-167.0,-24.5,151.77951885174124
3760,-167.0,-24.0,151.92191124292393
3761,-167.0,-23.5,147.34578851352074
3762,-167.0,-23.0,150.87107372263222
3763,-167.0,-22.5,155.57315945728658
3764,-167.0,-22.0,150.54369460550373
3765,-167.0,-21.5,149.1431795374657
3766,-167.0,-21.0,151.13369732514028
3767,-167.0,-20.0,155.87893079693958
3768,-167.0,-19.5,153.4711138518849
3769,-167.0,-19.0,152.8358062341983
3770,-167.0,-18.5,150.45733320905256
3771,-167.0,-18.0,156.00849554712866
3772,-167.0,-17.5,147.60522297099885
3773,-167.0,-17.0,149.7318737234031
3774,-167.0,-16.5,149.50021589672855
3775,-167.0,-16.0,148.5164854929906
3776,-167.0,-15.5,153.2420077378949
3777,-167.0,-15.0,149.41646012437073
3778,-167.0,-14.5,148.91974527826875
3779,-167.0,-14.0,153.28860039568852
3780,-167.0,-13.5,155.62191186673374
3781,-167.0,-13.0,151.19221533438028
3782,-167.0,-12.5,154.40402207086714
3783,-167.0,-12.0,150.29832557804338
3784,-167.0,-11.5,150.113604907686
3785,-167.0,-10.5,148.89100753426195
3786,-167.0,-10.0,150.00380665906295
3787,-167.0,-9.5,150.9141879656492
3788,-167.0,-9.0,151.15947611177393
3789,-167.0,-8.5,151.04231269688233
3790,-167.0,-7.5,150.8210543951826
3791,-167.0,-7.0,152.99958732976978
3792,-167.0,-6.5,157.20192398648862
3793,-167.0,-6.0,158.59590155399786
3794,-167.0,-5.5,158.3781118994271
3795,-167.0,-5.0,158.90578688234493
3796,-167.0,-4.5,156.7341101743756
3797,-167.0,-4.0,156.1199183073769
3798,-167.0,-3.5,156.25288802792775
3799,-167.0,-3.0,161.25765773564774
3800,-167.0,-2.5,157.5651524333966
3801,-167.0,-2.0,152.12613983648228
3802,-167.0,-1.5,150.36195941120693
3803,-167.0,-1.0,151.66668694608651
3804,-167.0,-0.5,156.1690814195881
3805,-167.0,0.0,162.42206053715853
3806,-167.0,0.5,163.6141853232537
3807,-167.0,1.0,165.08930626598706
3808,-167.0,1.5,158.79835606422418
3809,-167.0,2.0,151.34297213240905
3810,-167.0,2.5,151.9729274040759
3811,-167.0,3.0,161.49444233211923
3812,-167.0,3.5,160.60609142247148
3813,-167.0,4.0,152.84721446669562
3814,-167.0,4.5,152.36200515673286
3815,-167.0,5.0,150.8325076258688
3816,-167.0,5.5,153.98633221494975
3817,-167.0,6.0,150.7612660781646
3818,-167.0,6.5,151.57247312688304
3819,-167.0,7.0,150.27509677561386
3820,-167.0,7.5,148.92966738302638
3821,-167.0,8.0,150.076523484038
3822,-167.0,8.5,147.88012562720647
3823,-167.0,11.0,153.37605301478337
3824,-167.0,11.5,151.124969177495
3825,-167.0,12.5,153.01668168527237
3826,-167.0,13.0,150.70124267846876
3827,-167.0,14.0,156.06915138319252
3828,-167.0,14.5,156.59214348957153
3829,-167.0,15.5,157.33590407808458
3830,-167.0,16.0,152.06760644043348
3831,-167.0,16.5,152.34661622501136
3832,-167.0,17.0,152.07008006134936
3833,-167.0,17.5,153.28027874580164
3834,-167.0,18.0,165.6193329776842
3835,-167.0,18.5,154.07359146636233
3836,-167.0,19.0,149.89156350647886
3837,-167.0,19.5,150.39362165267627
3838,-167.0,20.0,151.08395647857125
3839,-167.0,20.5,162.2648891634441
3840,-167.0,21.0,175.65992337606878
3841,-167.0,21.5,149.56018085139786
3842,-167.0,22.0,149.51759718423648
3843,-167.0,22.5,160.71916720212894
3844,-167.0,23.0,152.98915082603756
3845,-167.0,23.5,150.3227647640533
3846,-167.0,24.0,149.84515161361605
3847,-167.0,24.5,149.81327358204118
3848,-167.0,25.0,151.51419616200425
3849,-167.0,25.5,151.10800724805557
3850,-167.0,26.0,155.8856507696525
3851,-167.0,26.5,153.4224518862317
3852,-167.0,27.0,149.13041909162683
3853,-167.0,27.5,148.52276856627228
3854,-167.0,28.0,147.86180519671308
3855,-167.0,28.5,148.20006885521036
3856,-167.0,29.0,151.0386920436726
3857,-167.0,29.5,151.66337082595228
3858,-167.0,30.0,151.92059761939046
3859,-167.0,30.5,160.0700869457823
3860,-167.0,31.0,159.74853352405214
3861,-167.0,31.5,150.39891088179533
3862,-167.0,32.0,150.01007628835646
3863,-167.0,32.5,153.0861436309081
3864,-167.0,33.0,151.21290444640331
3865,-167.0,33.5,151.67512354209157
3866,-167.0,34.0,157.16441500891085
3867,-167.0,34.5,148.58639100916784
3868,-167.0,35.0,151.80147098642263
3869,-167.0,35.5,152.92470569316995
3870,-167.0,36.0,150.31168027649292
3871,-167.0,36.5,158.5062888870404
3872,-167.0,37.0,151.27215466897394
3873,-167.0,38.5,158.74754683073942
3874,-167.0,39.0,179.23343884673346
3875,-167.0,41.5,176.54453521286007
3876,-166.5,-39.5,163.8146428424655
3877,-166.5,-37.5,151.36837586361577
3878,-166.5,-36.5,150.36636159998747
3879,-166.5,-36.0,147.5469958308111
3880,-166.5,-35.5,149.87786061550818
3881,-166.5,-35.0,151.67432905797358
3882,-166.5,-34.5,148.8840777528509
3883,-166.5,-34.0,155.21745192028658
3884,-166.5,-33.5,156.7408300442926
3885,-166.5,-33.0,152.7849896920103
3886,-166.5,-32.5,150.0840463044707
3887,-166.5,-32.0,149.4184434293245
3888,-166.5,-31.5,150.02324325927339
3889,-166.5,-31.0,150.2912028354456
3890,-166.5,-30.5,148.95943275215052
3891,-166.5,-30.0,150.67333882100917
3892,-166.5,-29.5,150.78131752017234
3893,-166.5,-29.0,153.0003196585711
3894,-166.5,-28.5,148.77654671422687
3895,-166.5,-28.0,149.59763285862618
3896,-166.5,-27.5,151.55856076238325
3897,-166.5,-27.0,150.29561901778098
3898,-166.5,-26.5,152.8851762615543
3899,-166.5,-26.0,158.00347459770077
3900,-166.5,-25.5,149.19480928000388
3901,-166.5,-25.0,147.28103169967855
3902,-166.5,-24.5,152.7516084288586
3903,-166.5,-24.0,148.34223031283517
3904,-166.5,-23.5,147.68986155067003
3905,-166.5,-23.0,153.0067721346443
3906,-166.5,-22.5,147.36843483268513
3907,-166.5,-22.0,150.8971424719617
3908,-166.5,-21.5,150.68882157365854
3909,-166.5,-21.0,149.95869032748178
3910,-166.5,-20.5,146.99988852094447
3911,-166.5,-20.0,153.02976037485297
3912,-166.5,-19.5,154.63994788955532
3913,-166.5,-19.0,154.0978867336291
3914,-166.5,-18.5,154.45196504147086
3915,-166.5,-18.0,147.8567288808822
3916,-166.5,-17.5,150.1270406507192
3917,-166.5,-17.0,149.11212605132815
3918,-166.5,-16.5,150.62257670142185
3919,-166.5,-16.0,150.31016426406742
3920,-166.5,-15.5,151.5549479171866
3921,-166.5,-15.0,149.77132790211127
3922,-166.5,-14.5,149.11655132930187
3923,-166.5,-14.0,152.25252835851202
3924,-166.5,-13.5,157.8005736839116
3925,-166.5,-13.0,151.56062901475758
3926,-166.5,-12.5,151.9491241060279
3927,-166.5,-12.0,155.92685075051043
3928,-166.5,-11.5,149.54802952799724
3929,-166.5,-11.0,150.45961384584692
3930,-166.5,-10.0,148.892507036735
3931,-166.5,-9.5,151.0523678074947
3932,-166.5,-9.0,151.06666166504164
3933,-166.5,-8.5,152.01490764924446
3934,-166.5,-8.0,151.11249993324404
3935,-166.5,-7.5,151.0500815172511
3936,-166.5,-7.0,153.13530952073884
3937,-166.5,-6.5,156.18357780374026
3938,-166.5,-6.0,160.11213672710917
3939,-166.5,-5.5,157.56984459739095
3940,-166.5,-5.0,160.2320599304148
3941,-166.5,-4.5,157.9981113145485
3942,-166.5,-4.0,155.47899417133922
3943,-166.5,-3.0,157.33862950501236
3944,-166.5,-2.5,157.4919327619713
3945,-166.5,-2.0,155.36087656750686
3946,-166.5,-1.5,151.72408527121442
3947,-166.5,-1.0,151.0526364217791
3948,-166.5,0.0,162.24555807137313
3949,-166.5,0.5,162.35870910718353
3950,-166.5,1.0,156.4919607620809
3951,-166.5,1.5,160.9042084459834
3952,-166.5,2.0,156.60905742295705
3953,-166.5,2.5,156.161884931093
3954,-166.5,3.0,157.50350855496202
3955,-166.5,3.5,157.1943554985595
3956,-166.5,4.0,159.2753763568135
3957,-166.5,4.5,150.87434294466098
3958,-166.5,5.0,153.21055090010682
3959,-166.5,5.5,152.81237583312188
3960,-166.5,6.0,148.96777326942404
3961,-166.5,6.5,151.05428919417383
3962,-166.5,7.0,149.38957920241464
3963,-166.5,7.5,149.47878052466146
3964,-166.5,8.0,149.09642420850201
3965,-166.5,8.5,149.6148440443065
3966,-166.5,9.0,156.841061417601
3967,-166.5,9.5,160.0335489837452
3968,-166.5,10.5,152.0547814920701
3969,-166.5,11.0,161.0652844357245
3970,-166.5,11.5,150.07872065454657
3971,-166.5,12.0,154.55630987196676
3972,-166.5,12.5,151.15039545639314
3973,-166.5,13.0,151.90590356525118
3974,-166.5,14.5,156.44723819562185
3975,-166.5,15.0,159.4021808832306
3976,-166.5,15.5,154.30244012821507
3977,-166.5,16.5,151.71254220427423
3978,-166.5,17.0,155.78890470495594
3979,-166.5,18.0,156.1031805647148
3980,-166.5,18.5,149.4706650716572
3981,-166.5,19.0,150.47915449177557
3982,-166.5,19.5,149.35478931706905
3983,-166.5,20.0,152.25919646693868
3984,-166.5,20.5,163.594642263963
3985,-166.5,21.0,177.2043061197187
3986,-166.5,21.5,149.0235280101573
3987,-166.5,22.0,155.4975231014063
3988,-166.5,22.5,149.21729205769634
3989,-166.5,23.0,153.7009477324438
3990,-166.5,23.5,148.1596985801278
3991,-166.5,24.0,148.54540384254466
3992,-166.5,24.5,149.97412750802462
3993,-166.5,25.0,150.7505006705
3994,-166.5,25.5,156.0982700074648
3995,-166.5,26.0,152.76865327172723
3996,-166.5,26.5,156.37580817315643
3997,-166.5,27.0,148.99604985049885
3998,-166.5,27.5,147.4338770652437
3999,-166.5,28.0,148.425361648579
4000,-166.5,28.5,152.04122419896197
4001,-166.5,29.0,150.40673275713223
4002,-166.5,29.5,151.0535944144367
4003,-166.5,30.0,150.4880192006079
4004,-166.5,30.5,158.30844515271255
4005,-166.5,31.0,157.1436731533419
4006,-166.5,31.5,148.2238197727764
4007,-166.5,32.0,151.44262199492266
4008,-166.5,32.5,156.01417559952316
4009,-166.5,33.0,154.7680488466286
4010,-166.5,33.5,151.8563679174058
4011,-166.5,34.0,155.9179619525902
4012,-166.5,34.5,148.8474128734873
4013,-166.5,35.0,152.82474937603948
4014,-166.5,35.5,151.48234715541378
4015,-166.5,36.0,150.96006544923387
4016,-166.5,36.5,156.06042263841587
4017,-166.5,37.0,149.42248591851626
4018,-166.5,38.5,158.7729925386844
4019,-166.5,39.0,179.01068258836386
4020,-166.5,41.5,176.7704001374046
4021,-166.0,-37.5,151.74776010715573
4022,-166.0,-36.5,154.04875685617534
4023,-166.0,-36.0,147.70214543326412
4024,-166.0,-35.5,150.01585142385375
4025,-166.0,-35.0,150.87549277144961
4026,-166.0,-34.5,149.87461151487332
4027,-166.0,-34.0,155.18226133264002
4028,-166.0,-33.5,156.36049214160755
4029,-166.0,-33.0,151.9237253030666
4030,-166.0,-32.5,150.85597395198118
4031,-166.0,-32.0,150.4127858932738
4032,-166.0,-31.5,150.24483367947767
4033,-166.0,-31.0,150.2845077217336
4034,-166.0,-30.5,148.5648245476489
4035,-166.0,-30.0,151.76729313062157
4036,-166.0,-29.5,154.06539874277078
4037,-166.0,-29.0,151.24562420882128
4038,-166.0,-28.5,149.42351636407537
4039,-166.0,-28.0,147.92913967051658
4040,-166.0,-27.5,150.25741888537874
4041,-166.0,-27.0,150.7988685618598
4042,-166.0,-26.5,154.84983388387923
4043,-166.0,-26.0,153.9325799269279
4044,-166.0,-25.5,149.48925905379008
4045,-166.0,-25.0,149.16166193215014
4046,-166.0,-24.5,151.82974931188951
4047,-166.0,-24.0,147.71017665447997
4048,-166.0,-23.5,148.18133730976243
4049,-166.0,-23.0,153.4891496330711
4050,-166.0,-22.5,149.40772662244498
4051,-166.0,-22.0,151.88362272449206
4052,-166.0,-21.5,150.7815366101626
4053,-166.0,-21.0,147.47690749400482
4054,-166.0,-20.5,148.46673832008705
4055,-166.0,-20.0,154.13257915420462
4056,-166.0,-19.5,154.68515241460713
4057,-166.0,-19.0,157.8383445277265
4058,-166.0,-18.5,157.8514977920542
4059,-166.0,-18.0,147.8685661355223
4060,-166.0,-17.5,150.79739904593401
4061,-166.0,-17.0,148.53172776381342
4062,-166.0,-16.5,148.37527406911087
4063,-166.0,-16.0,152.90854347988642
4064,-166.0,-15.5,149.02864337514285
4065,-166.0,-15.0,150.4207812935766
4066,-166.0,-14.5,151.61566241256727
4067,-166.0,-14.0,149.90326937553706
4068,-166.0,-13.5,156.8291472064319
4069,-166.0,-13.0,157.82930851804554
4070,-166.0,-12.5,152.6412413929737
4071,-166.0,-11.5,154.28832854077893
4072,-166.0,-11.0,150.27915889425563
4073,-166.0,-10.5,150.70534338463173
4074,-166.0,-10.0,149.07075809821924
4075,-166.0,-9.5,149.275224389217
4076,-166.0,-9.0,151.55924932447147
4077,-166.0,-8.5,152.0099522002026
4078,-166.0,-8.0,150.48082813338533
4079,-166.0,-7.5,152.96812976543455
4080,-166.0,-6.0,156.99236291519045
4081,-166.0,-5.5,159.55191825490144
4082,-166.0,-5.0,156.78496171480944
4083,-166.0,-4.5,158.56334682590818
4084,-166.0,-4.0,159.17783325150663
4085,-166.0,-3.5,153.09103789558998
4086,-166.0,-3.0,153.32197404053616
4087,-166.0,-2.5,154.8638132529371
4088,-166.0,-2.0,157.08154867025604
4089,-166.0,-1.5,151.63902238886448
4090,-166.0,0.5,155.41548292492325
4091,-166.0,1.0,159.79341143190837
4092,-166.0,1.5,157.01576748024013
4093,-166.0,2.0,159.40045460003032
4094,-166.0,2.5,171.38447648202452
4095,-166.0,3.0,154.61788535626079
4096,-166.0,3.5,151.43042670125604
4097,-166.0,4.0,158.24355846878217
4098,-166.0,4.5,157.2311534550739
4099,-166.0,5.0,157.18706458158604
4100,-166.0,5.5,151.3608639268521
4101,-166.0,6.0,150.87037372718098
4102,-166.0,6.5,149.212489757698
4103,-166.0,7.0,150.26809280557458
4104,-166.0,8.0,149.2600691350849
4105,-166.0,8.5,150.22236645405226
4106,-166.0,9.0,152.4559438852099
4107,-166.0,10.0,152.93848285480087
4108,-166.0,10.5,158.01071476393494
4109,-166.0,11.0,161.78117449047554
4110,-166.0,11.5,152.21490974080805
4111,-166.0,12.0,151.31262458716895
4112,-166.0,12.5,150.5514656068656
4113,-166.0,13.0,152.3630597197916
4114,-166.0,13.5,152.26900169330776
4115,-166.0,14.5,163.72782572931675
4116,-166.0,15.0,156.58266098315235
4117,-166.0,15.5,150.24950400697526
4118,-166.0,16.0,150.71897872057053
4119,-166.0,16.5,157.4204062539623
4120,-166.0,17.0,154.7275295985826
4121,-166.0,17.5,151.1699098014045
4122,-166.0,18.0,150.9761223769439
4123,-166.0,18.5,150.68319979482237
4124,-166.0,19.0,149.39403866716998
4125,-166.0,19.5,152.54991758983613
4126,-166.0,20.0,150.8567636685923
4127,-166.0,20.5,166.0089449340873
4128,-166.0,21.5,149.2828296507723
4129,-166.0,22.0,157.39348770703637
4130,-166.0,22.5,151.19577815603176
4131,-166.0,23.0,152.1089111860117
4132,-166.0,23.5,147.9646745133763
4133,-166.0,24.0,148.9298689760006
4134,-166.0,24.5,149.50228281484763
4135,-166.0,25.0,151.85232541102798
4136,-166.0,25.5,156.8718723475252
4137,-166.0,26.0,149.87330460308524
4138,-166.0,26.5,153.06565837014108
4139,-166.0,27.0,151.81650810256266
4140,-166.0,27.5,147.3609588242011
4141,-166.0,28.0,148.47904920429622
4142,-166.0,28.5,153.0331082621824
4143,-166.0,29.0,152.130566087425
4144,-166.0,29.5,151.08594002495298
4145,-166.0,30.0,149.25686519547983
4146,-166.0,30.5,155.1402253200057
4147,-166.0,31.0,159.18572940291907
4148,-166.0,31.5,149.04447350472134
4149,-166.0,32.0,152.96078891301335
4150,-166.0,32.5,155.0090097294478
4151,-166.0,33.0,157.6816244598777
4152,-166.0,34.0,156.92333906523908
4153,-166.0,34.5,149.3561502070915
4154,-166.0,35.0,152.61322257194567
4155,-166.0,35.5,151.60049929418267
4156,-166.0,36.0,152.6738829955789
4157,-166.0,36.5,156.2227809412269
4158,-166.0,37.0,150.1051096815532
4159,-166.0,37.5,161.6628285473299
4160,-166.0,38.0,158.2698704589384
4161,-166.0,38.5,159.81658418738485
4162,-166.0,39.0,178.69140450339182
4163,-166.0,41.5,176.97747975174448
4164,-165.5,-37.5,152.1322799946003
4165,-165.5,-36.5,156.81129827876975
4166,-165.5,-36.0,148.59192550857065
4167,-165.5,-35.5,150.2310095104101
4168,-165.5,-35.0,150.79615967483576
4169,-165.5,-34.5,150.37047425532535
4170,-165.5,-34.0,153.88508586182547
4171,-165.5,-33.5,151.4506784992805
4172,-165.5,-33.0,152.1257772688276
4173,-165.5,-32.5,150.59289233239545
4174,-165.5,-32.0,150.74227442683875
4175,-165.5,-31.5,150.76596304910697
4176,-165.5,-31.0,150.2547604710143
4177,-165.5,-30.5,148.88341680380108
4178,-165.5,-30.0,150.67548307144995
4179,-165.5,-29.5,153.74010777754086
4180,-165.5,-29.0,150.11060890018229
4181,-165.5,-28.5,149.78148774692366
4182,-165.5,-28.0,149.09109832099276
4183,-165.5,-27.5,149.10788807292525
4184,-165.5,-27.0,150.69184421083568
4185,-165.5,-26.5,153.53095786928608
4186,-165.5,-26.0,151.07255874071768
4187,-165.5,-25.5,156.47535230900507
4188,-165.5,-25.0,152.62638574799357
4189,-165.5,-24.5,150.6558647165993
4190,-165.5,-24.0,147.74670296148736
4191,-165.5,-23.5,152.9018699388099
4192,-165.5,-23.0,151.05942844122646
4193,-165.5,-22.5,149.99350618767969
4194,-165.5,-22.0,147.95729313856404
4195,-165.5,-21.5,151.69909808070702
4196,-165.5,-20.5,150.20906197137276
4197,-165.5,-20.0,147.03985887737122
4198,-165.5,-19.5,158.7700895443276
4199,-165.5,-19.0,158.19919353756075
4200,-165.5,-18.0,149.9579886227113
4201,-165.5,-17.5,150.58808794610056
4202,-165.5,-16.5,148.22115037597445
4203,-165.5,-16.0,149.9145810198469
4204,-165.5,-15.5,150.09152580911547
4205,-165.5,-15.0,150.148863378086
4206,-165.5,-14.5,154.37131795160622
4207,-165.5,-14.0,148.32603857633654
4208,-165.5,-13.5,148.90899911124097
4209,-165.5,-13.0,157.8317607549984
4210,-165.5,-12.0,153.60465375708816
4211,-165.5,-11.5,158.41897059734143
4212,-165.5,-11.0,149.04002714781714
4213,-165.5,-10.5,150.2774032336393
4214,-165.5,-10.0,148.16172320908308
4215,-165.5,-9.5,149.358460497357
4216,-165.5,-9.0,151.77691461602498
4217,-165.5,-8.5,150.68065447244967
4218,-165.5,-8.0,152.32722283202804
4219,-165.5,-7.5,153.49802851088893
4220,-165.5,-6.5,154.58170042811568
4221,-165.5,-6.0,155.46721322974656
4222,-165.5,-5.5,156.35003678182392
4223,-165.5,-5.0,155.8445956902159
4224,-165.5,-4.5,159.86518719768992
4225,-165.5,-4.0,159.28874913438247
4226,-165.5,-3.5,156.69302202899343
4227,-165.5,-3.0,151.67674008992128
4228,-165.5,-2.5,152.71901672637685
4229,-165.5,-2.0,155.0177859488182
4230,-165.5,-1.5,161.50728256506366
4231,-165.5,0.0,149.36088977004343
4232,-165.5,0.5,151.2865493517185
4233,-165.5,1.0,155.50431752803598
4234,-165.5,1.5,155.44025221157878
4235,-165.5,2.0,166.93771918345453
4236,-165.5,2.5,159.92590702762178
4237,-165.5,3.0,148.43281486628234
4238,-165.5,3.5,155.02251135741454
4239,-165.5,4.0,150.22704902173874
4240,-165.5,4.5,164.58809456233334
4241,-165.5,5.0,159.010014554258
4242,-165.5,5.5,148.72558287076916
4243,-165.5,6.0,150.82176250099923
4244,-165.5,6.5,153.18474441663682
4245,-165.5,7.0,150.4701209952186
4246,-165.5,7.5,151.03983928628287
4247,-165.5,8.5,154.8274625700043
4248,-165.5,9.0,150.68739068620823
4249,-165.5,9.5,149.30285290439951
4250,-165.5,10.0,153.31903957932968
4251,-165.5,12.0,150.51646874435068
4252,-165.5,12.5,148.83812314280704
4253,-165.5,13.5,152.10952245695083
4254,-165.5,14.0,152.45600931109428
4255,-165.5,14.5,162.6758860646842
4256,-165.5,15.0,154.39059283195422
4257,-165.5,15.5,151.0417708297211
4258,-165.5,16.0,150.93426061827094
4259,-165.5,16.5,159.00475540868453
4260,-165.5,17.0,152.7918495638054
4261,-165.5,17.5,151.89153992187954
4262,-165.5,18.0,150.7077127302714
4263,-165.5,18.5,150.65355717191295
4264,-165.5,19.0,150.74295991325218
4265,-165.5,19.5,152.0633674416071
4266,-165.5,20.0,160.4309368530251
4267,-165.5,20.5,157.81255386335135
4268,-165.5,21.0,148.06979305889305
4269,-165.5,21.5,149.77647627385102
4270,-165.5,22.0,149.1798440182346
4271,-165.5,22.5,153.72119261340072
4272,-165.5,23.0,148.02088257477283
4273,-165.5,23.5,147.89201026893505
4274,-165.5,24.0,149.4224112427967
4275,-165.5,24.5,148.72187717027626
4276,-165.5,25.0,157.04922221403905
4277,-165.5,25.5,153.32913960200105
4278,-165.5,26.0,149.4587016982916
4279,-165.5,26.5,149.026161766097
4280,-165.5,27.0,154.48050311115324
4281,-165.5,27.5,147.6089197653105
4282,-165.5,28.0,149.10297757239485
4283,-165.5,28.5,151.3792737896504
4284,-165.5,29.0,152.21683080539097
4285,-165.5,29.5,151.8422037138083
4286,-165.5,30.0,153.41697967299442
4287,-165.5,30.5,153.78503621482153
4288,-165.5,31.0,154.3901098637701
4289,-165.5,31.5,152.41699647917946
4290,-165.5,32.0,152.0621504504404
4291,-165.5,32.5,153.140756345085
4292,-165.5,33.0,162.11377385133315
4293,-165.5,34.0,155.8452968422459
4294,-165.5,34.5,152.34616518741413
4295,-165.5,35.0,153.98771728913638
4296,-165.5,35.5,151.6029243159179
4297,-165.5,36.0,154.7645004804482
4298,-165.5,36.5,154.61972906111745
4299,-165.5,37.0,151.386538853564
4300,-165.5,38.0,158.04844064880277
4301,-165.5,38.5,159.77211509193873
4302,-165.5,41.5,177.20523182043777
4303,-165.0,-36.5,156.27465227413896
4304,-165.0,-36.0,149.13780802635796
4305,-165.0,-35.5,150.12383268586888
4306,-165.0,-35.0,150.13172889918144
4307,-165.0,-34.5,151.19188351880294
4308,-165.0,-34.0,154.64963849916884
4309,-165.0,-33.5,151.8594148768864
4310,-165.0,-33.0,152.09987555409325
4311,-165.0,-32.5,149.13086499628423
4312,-165.0,-32.0,150.70167497556932
4313,-165.0,-31.5,151.04672871481034
4314,-165.0,-31.0,150.0221433559152
4315,-165.0,-30.5,149.21086328457955
4316,-165.0,-30.0,150.09801523559807
4317,-165.0,-29.5,152.97674491908617
4318,-165.0,-29.0,150.0380314507636
4319,-165.0,-28.5,150.61790116944937
4320,-165.0,-28.0,151.26365443934966
4321,-165.0,-27.5,148.45965918251443
4322,-165.0,-27.0,150.69564061200458
4323,-165.0,-26.5,152.54519707398222
4324,-165.0,-26.0,150.33156384329934
4325,-165.0,-25.5,156.02417117943713
4326,-165.0,-25.0,152.65159777392034
4327,-165.0,-24.5,149.8872523139885
4328,-165.0,-24.0,148.2960853626503
4329,-165.0,-23.5,152.90453611328425
4330,-165.0,-22.5,150.5164945923456
4331,-165.0,-22.0,150.20943161770924
4332,-165.0,-21.5,152.85677529338673
4333,-165.0,-21.0,148.9784232496226
4334,-165.0,-20.5,151.39302703373482
4335,-165.0,-20.0,147.7602544182833
4336,-165.0,-19.5,158.5554989354131
4337,-165.0,-18.5,151.64020639878166
4338,-165.0,-18.0,151.82758326085167
4339,-165.0,-17.5,154.69825236584222
4340,-165.0,-17.0,158.72456516529766
4341,-165.0,-16.5,149.22396163710152
4342,-165.0,-16.0,148.41620587500648
4343,-165.0,-15.5,150.2896270677389
4344,-165.0,-15.0,152.8155020331878
4345,-165.0,-14.5,149.85429648926686
4346,-165.0,-14.0,150.93847282066653
4347,-165.0,-13.5,148.175967211224
4348,-165.0,-13.0,149.63935265578382
4349,-165.0,-12.5,157.61295999997142
4350,-165.0,-12.0,154.3940705579203
4351,-165.0,-11.5,155.05329743737602
4352,-165.0,-10.5,149.12447153258614
4353,-165.0,-10.0,150.00711691683682
4354,-165.0,-9.0,150.13937947653568
4355,-165.0,-8.5,150.71873788075914
4356,-165.0,-8.0,152.89473287392804
4357,-165.0,-7.5,152.95609407247898
4358,-165.0,-7.0,155.17158841790362
4359,-165.0,-6.5,154.22817044642434
4360,-165.0,-6.0,152.97803493385928
4361,-165.0,-5.5,154.35826618157316
4362,-165.0,-5.0,157.73500294950892
4363,-165.0,-4.5,158.44161981491186
4364,-165.0,-4.0,157.53107538400164
4365,-165.0,-3.5,155.26443971182923
4366,-165.0,-3.0,156.04768297836577
4367,-165.0,-2.5,152.35273720860764
4368,-165.0,-2.0,150.65133852451845
4369,-165.0,-1.5,161.89483472652418
4370,-165.0,-1.0,160.61686281734038
4371,-165.0,-0.5,149.19762778952582
4372,-165.0,0.0,149.64775393441124
4373,-165.0,0.5,151.6236084000602
4374,-165.0,1.0,154.26608157741742
4375,-165.0,1.5,160.6248866503542
4376,-165.0,2.0,159.7957589828957
4377,-165.0,2.5,153.86940639134156
4378,-165.0,3.0,161.6419357928855
4379,-165.0,3.5,148.91497239400937
4380,-165.0,4.0,155.87973099998553
4381,-165.0,4.5,168.34883506747303
4382,-165.0,5.0,157.51482784848974
4383,-165.0,5.5,151.92326595737055
4384,-165.0,6.5,153.75244925388887
4385,-165.0,7.0,155.06628370521517
4386,-165.0,7.5,152.9719182851528
4387,-165.0,8.0,154.34513014222452
4388,-165.0,8.5,157.24204878359498
4389,-165.0,9.0,149.97179239521876
4390,-165.0,9.5,151.82698756135298
4391,-165.0,10.0,149.40106394659418
4392,-165.0,10.5,161.31960954618512
4393,-165.0,11.5,151.48191784497854
4394,-165.0,12.0,151.33705064756958
4395,-165.0,12.5,149.8059379581252
4396,-165.0,13.0,148.37869768292836
4397,-165.0,14.0,157.56863758965636
4398,-165.0,14.5,156.62220306973612
4399,-165.0,15.5,151.19659318485725
4400,-165.0,16.0,160.53048954062518
4401,-165.0,16.5,159.58420832211277
4402,-165.0,17.0,151.53722572132884
4403,-165.0,17.5,151.90005847558936
4404,-165.0,18.0,151.21414180077724
4405,-165.0,18.5,155.43365918966455
4406,-165.0,19.0,152.07346457608438
4407,-165.0,19.5,150.5635936479175
4408,-165.0,20.0,166.0740764442625
4409,-165.0,20.5,148.9129155665962
4410,-165.0,21.0,149.8228015537442
4411,-165.0,21.5,148.83109104090448
4412,-165.0,22.0,152.9958524441998
4413,-165.0,22.5,149.7492920427569
4414,-165.0,23.0,148.22911090707936
4415,-165.0,23.5,148.09915751853254
4416,-165.0,24.0,149.441238614684
4417,-165.0,24.5,153.84344705465168
4418,-165.0,25.0,155.91154923080754
4419,-165.0,25.5,151.29717279194614
4420,-165.0,26.0,148.92858217335603
4421,-165.0,26.5,150.3873690542317
4422,-165.0,27.0,148.86612933967402
4423,-165.0,27.5,148.05160541902245
4424,-165.0,28.0,148.7322310494902
4425,-165.0,28.5,150.24976575225529
4426,-165.0,29.0,152.56528787156662
4427,-165.0,29.5,149.95868139006484
4428,-165.0,30.0,151.9160169839001
4429,-165.0,30.5,154.94984424510858
4430,-165.0,31.0,156.57464515315993
4431,-165.0,31.5,152.78027291847923
4432,-165.0,32.0,150.39154765926122
4433,-165.0,32.5,155.03962219431952
4434,-165.0,33.0,163.25613306048572
4435,-165.0,33.5,154.2896654874988
4436,-165.0,34.0,155.63047161309123
4437,-165.0,34.5,154.87535561862958
4438,-165.0,35.0,154.61490062667968
4439,-165.0,35.5,151.31409562593217
4440,-165.0,36.0,155.73725631184263
4441,-165.0,36.5,153.60868620065287
4442,-165.0,37.0,152.10904454294607
4443,-165.0,37.5,157.87443306691137
4444,-165.0,38.0,157.7855347970287
4445,-165.0,41.5,177.44664840070283
4446,-164.5,-36.5,155.66675067257287
4447,-164.5,-36.0,149.255504384806
4448,-164.5,-35.5,150.0549246241116
4449,-164.5,-35.0,149.34433570431213
4450,-164.5,-34.5,152.44573631730862
4451,-164.5,-34.0,153.13360388144142
4452,-164.5,-33.5,152.30462077009545
4453,-164.5,-33.0,153.25469909103467
4454,-164.5,-32.5,149.94811366433458
4455,-164.5,-32.0,149.88249891644477
4456,-164.5,-31.5,151.64319952457043
4457,-164.5,-31.0,148.58711479307405
4458,-164.5,-30.5,148.85670581691392
4459,-164.5,-30.0,150.1392872421253
4460,-164.5,-29.5,153.19386266526072
4461,-164.5,-29.0,150.60628009079727
4462,-164.5,-28.5,151.68454433577574
4463,-164.5,-28.0,149.21668137852706
4464,-164.5,-27.5,148.07076862001435
4465,-164.5,-27.0,154.61907195158133
4466,-164.5,-26.5,150.936128810421
4467,-164.5,-26.0,153.1835945596642
4468,-164.5,-25.5,153.41385299771588
4469,-164.5,-25.0,151.84328845226457
4470,-164.5,-24.5,148.14835986722235
4471,-164.5,-24.0,151.2041146500943
4472,-164.5,-23.5,153.64038092832902
4473,-164.5,-23.0,152.81927166055613
4474,-164.5,-22.5,149.89349702739318
4475,-164.5,-22.0,152.546367266706
4476,-164.5,-21.5,150.63968208103023
4477,-164.5,-21.0,151.73139386688518
4478,-164.5,-20.5,149.2143944414001
4479,-164.5,-20.0,148.0272362188787
4480,-164.5,-19.5,147.95508892825524
4481,-164.5,-18.5,150.9047392040286
4482,-164.5,-18.0,159.48031308168913
4483,-164.5,-17.5,178.17641270769596
4484,-164.5,-17.0,156.31295029566542
4485,-164.5,-16.5,151.71285256983657
4486,-164.5,-16.0,149.75175461964741
4487,-164.5,-15.5,151.95583259235605
4488,-164.5,-15.0,153.92850306114394
4489,-164.5,-14.5,148.84637212985632
4490,-164.5,-14.0,151.6746769994821
4491,-164.5,-13.5,148.25668980080886
4492,-164.5,-13.0,148.4927755823684
4493,-164.5,-12.5,157.65855663354546
4494,-164.5,-12.0,157.65668812647766
4495,-164.5,-11.5,156.1328041884597
4496,-164.5,-11.0,149.35332641604148
4497,-164.5,-10.5,148.97399950442357
4498,-164.5,-10.0,150.53259063481408
4499,-164.5,-9.5,150.76640375137055
4500,-164.5,-9.0,148.33130838457149
4501,-164.5,-8.5,151.2598867076981
4502,-164.5,-8.0,151.61581546434104
4503,-164.5,-7.5,154.37309411819822
4504,-164.5,-7.0,153.56920406165034
4505,-164.5,-6.5,152.6738035837614
4506,-164.5,-6.0,153.61126867002267
4507,-164.5,-5.5,153.69852087166123
4508,-164.5,-5.0,160.0096801583457
4509,-164.5,-4.5,155.4873515756874
4510,-164.5,-4.0,154.8899166604739
4511,-164.5,-3.5,158.08096615930248
4512,-164.5,-3.0,155.91028087747586
4513,-164.5,-2.5,152.23188439296874
4514,-164.5,-1.5,160.88064469277572
4515,-164.5,-1.0,159.92688524886876
4516,-164.5,-0.5,152.5047523172381
4517,-164.5,0.0,151.48694294087122
4518,-164.5,0.5,152.72706966935576
4519,-164.5,1.0,154.36065719725056
4520,-164.5,1.5,157.4002702905445
4521,-164.5,2.0,153.34783533631693
4522,-164.5,2.5,158.58783481119224
4523,-164.5,3.0,154.53701888034644
4524,-164.5,3.5,159.54596382141952
4525,-164.5,4.0,157.97664822066724
4526,-164.5,4.5,151.88004655142086
4527,-164.5,5.0,159.21330598668746
4528,-164.5,5.5,160.21518373708437
4529,-164.5,6.5,152.99435023577377
4530,-164.5,7.0,153.79689753054646
4531,-164.5,7.5,155.95577796065098
4532,-164.5,8.0,153.5294291454556
4533,-164.5,8.5,152.94810528814813
4534,-164.5,9.0,154.52160017118086
4535,-164.5,9.5,151.49658414991174
4536,-164.5,10.0,154.54231006108458
4537,-164.5,10.5,150.27811189559847
4538,-164.5,11.0,151.55021706406305
4539,-164.5,11.5,151.58840111881727
4540,-164.5,12.5,151.30776307418256
4541,-164.5,13.0,149.63710540457234
4542,-164.5,13.5,166.3701963258859
4543,-164.5,14.0,157.13887045690592
4544,-164.5,14.5,151.26554330494466
4545,-164.5,15.0,151.22823625047215
4546,-164.5,15.5,159.09270788028164
4547,-164.5,16.0,161.69473051334364
4548,-164.5,16.5,151.62144526651738
4549,-164.5,17.0,151.70850263237222
4550,-164.5,17.5,151.17356809469302
4551,-164.5,18.0,151.50412586347954
4552,-164.5,18.5,153.90319230078043
4553,-164.5,19.0,151.54681970852695
4554,-164.5,19.5,166.20870063420705
4555,-164.5,20.0,148.5926990401144
4556,-164.5,20.5,149.54645239288303
4557,-164.5,21.0,149.96036446384664
4558,-164.5,21.5,149.24490310074458
4559,-164.5,22.0,156.65148321455285
4560,-164.5,22.5,148.07920678484152
4561,-164.5,23.0,148.29003892409042
4562,-164.5,23.5,149.36737418080654
4563,-164.5,24.0,148.91529489548256
4564,-164.5,24.5,156.07410266659838
4565,-164.5,25.0,150.94082589913126
4566,-164.5,25.5,152.11171230787298
4567,-164.5,26.0,149.43970145955117
4568,-164.5,26.5,150.30715241948621
4569,-164.5,27.0,149.22877254771277
4570,-164.5,27.5,148.26012076952046
4571,-164.5,28.0,147.99406132220355
4572,-164.5,28.5,150.99638394758858
4573,-164.5,29.0,151.65600244666328
4574,-164.5,29.5,149.95766162788644
4575,-164.5,30.0,152.70801818283218
4576,-164.5,30.5,153.71197821056643
4577,-164.5,31.0,154.86396922413007
4578,-164.5,31.5,155.6216574168688
4579,-164.5,32.0,151.56964850256526
4580,-164.5,32.5,154.82962001838203
4581,-164.5,33.0,165.57994149038905
4582,-164.5,33.5,154.62220484979503
4583,-164.5,34.0,151.55877161953507
4584,-164.5,34.5,154.50856655486444
4585,-164.5,35.0,156.49764743814117
4586,-164.5,35.5,149.75181345277016
4587,-164.5,36.0,156.8181423916492
4588,-164.5,36.5,153.02054915973994
4589,-164.5,37.0,151.92152425609478
4590,-164.5,37.5,157.60229611952133
4591,-164.5,41.5,177.67502543377898
4592,-164.0,-36.5,155.11854476205102
4593,-164.0,-36.0,148.717307536775
4594,-164.0,-35.5,150.33150878051984
4595,-164.0,-35.0,148.41894831889266
4596,-164.0,-34.5,152.76415652527933
4597,-164.0,-34.0,152.3581072119982
4598,-164.0,-33.5,152.12292541615997
4599,-164.0,-33.0,152.24506644918472
4600,-164.0,-32.5,151.97523185804943
4601,-164.0,-32.0,150.38500045602316
4602,-164.0,-31.5,149.57400647452508
4603,-164.0,-31.0,148.32800900710154
4604,-164.0,-30.5,149.35741747706493
4605,-164.0,-30.0,149.93237009942447
4606,-164.0,-29.5,152.15832404520515
4607,-164.0,-29.0,151.65975963333685
4608,-164.0,-28.5,149.1971519466875
4609,-164.0,-28.0,148.98537519526744
4610,-164.0,-27.5,151.2130193122749
4611,-164.0,-27.0,151.86495521244476
4612,-164.0,-26.5,150.02693393501505
4613,-164.0,-26.0,150.3573246162937
4614,-164.0,-25.5,152.41954814299763
4615,-164.0,-25.0,152.8451559797206
4616,-164.0,-24.5,148.0579090044912
4617,-164.0,-24.0,152.70306231837077
4618,-164.0,-23.5,148.10070841991168
4619,-164.0,-23.0,151.1237469267846
4620,-164.0,-22.5,150.9243600126865
4621,-164.0,-22.0,154.10801897502137
4622,-164.0,-21.5,151.23279639030042
4623,-164.0,-21.0,152.43254657636115
4624,-164.0,-20.5,149.3969400440254
4625,-164.0,-20.0,147.92530703147517
4626,-164.0,-19.5,147.59002751127127
4627,-164.0,-19.0,150.04823583855904
4628,-164.0,-18.5,150.475129674483
4629,-164.0,-18.0,177.61792058396003
4630,-164.0,-17.0,151.00165815451896
4631,-164.0,-16.5,151.54712072084064
4632,-164.0,-16.0,151.86523497202643
4633,-164.0,-15.5,152.72139639884276
4634,-164.0,-15.0,147.80367611631812
4635,-164.0,-14.5,149.0388175181363
4636,-164.0,-14.0,148.95936301176872
4637,-164.0,-13.5,152.27636103593625
4638,-164.0,-13.0,147.55069395968144
4639,-164.0,-12.5,147.02921377965043
4640,-164.0,-12.0,157.73513038173786
4641,-164.0,-11.0,151.9210286561683
4642,-164.0,-10.5,151.06474740345965
4643,-164.0,-10.0,149.30485468606756
4644,-164.0,-9.5,150.54740064857063
4645,-164.0,-9.0,153.18315345713793
4646,-164.0,-8.5,151.5576777815939
4647,-164.0,-8.0,151.5102679926887
4648,-164.0,-7.5,154.01126881075083
4649,-164.0,-7.0,154.27681144022907
4650,-164.0,-6.5,152.0809720371738
4651,-164.0,-6.0,154.1168094250988
4652,-164.0,-5.0,155.93776819397718
4653,-164.0,-4.5,157.98260279277588
4654,-164.0,-4.0,152.31536182202413
4655,-164.0,-3.5,159.989569057724
4656,-164.0,-3.0,156.4590456931466
4657,-164.0,-2.5,160.86178730974123
4658,-164.0,-1.0,152.65023517478576
4659,-164.0,-0.5,159.59993896356346
4660,-164.0,0.0,152.59448042597037
4661,-164.0,0.5,155.08604748675995
4662,-164.0,1.5,150.8847780284188
4663,-164.0,2.0,153.46111047457643
4664,-164.0,2.5,154.01356143209333
4665,-164.0,3.0,158.9500775312635
4666,-164.0,3.5,171.174823493001
4667,-164.0,4.0,149.46177355564978
4668,-164.0,4.5,151.58684332710175
4669,-164.0,5.0,155.16752878825525
4670,-164.0,5.5,161.7973332444399
4671,-164.0,6.0,165.64160480960206
4672,-164.0,7.0,152.29863294889438
4673,-164.0,7.5,153.50129163408735
4674,-164.0,8.5,153.55475777618366
4675,-164.0,9.0,155.819630317103
4676,-164.0,9.5,155.462773083068
4677,-164.0,10.0,154.3616903462295
4678,-164.0,10.5,149.5656004934701
4679,-164.0,11.0,152.01129721793797
4680,-164.0,13.0,150.81648746514105
4681,-164.0,13.5,158.28983856600956
4682,-164.0,14.0,151.20569213703337
4683,-164.0,14.5,151.5824864816761
4684,-164.0,15.0,151.39483590702218
4685,-164.0,15.5,164.408519900526
4686,-164.0,16.5,152.2612712520489
4687,-164.0,17.0,155.23730010348592
4688,-164.0,17.5,151.2441456322021
4689,-164.0,18.5,152.78596971672783
4690,-164.0,19.0,156.35555908830372
4691,-164.0,19.5,158.89519142684435
4692,-164.0,20.0,152.31548297330076
4693,-164.0,20.5,150.0214861541581
4694,-164.0,21.0,149.15913537441153
4695,-164.0,21.5,151.48384069036854
4696,-164.0,22.0,147.97052612114436
4697,-164.0,22.5,148.2586257437627
4698,-164.0,23.0,148.30958615983283
4699,-164.0,23.5,149.281312530653
4700,-164.0,24.0,152.1641943944648
4701,-164.0,24.5,154.25306504962975
4702,-164.0,25.0,148.96385785947896
4703,-164.0,25.5,152.35505208639808
4704,-164.0,26.0,150.14321069917986
4705,-164.0,26.5,149.35953662452494
4706,-164.0,27.0,149.61614942200603
4707,-164.0,27.5,148.72472838999468
4708,-164.0,28.0,149.84742963914385
4709,-164.0,28.5,150.4658054786249
4710,-164.0,29.0,151.23962300369266
4711,-164.0,29.5,151.84407332699112
4712,-164.0,30.0,152.83221940882996
4713,-164.0,30.5,151.4650837960493
4714,-164.0,31.0,153.39710167763312
4715,-164.0,31.5,156.22102095593198
4716,-164.0,32.0,152.07126962778884
4717,-164.0,33.0,158.68333555787697
4718,-164.0,33.5,166.7595894856725
4719,-164.0,34.0,146.80263985673434
4720,-164.0,34.5,155.5464956492511
4721,-164.0,35.0,156.78149636797602
4722,-164.0,35.5,150.54484947573084
4723,-164.0,36.0,156.53407342634205
4724,-164.0,36.5,153.31490019003587
4725,-164.0,37.0,149.55807544985774
4726,-164.0,37.5,157.53696989919732
4727,-164.0,41.5,178.01637662341548
4728,-163.5,-36.5,154.66694650967523
4729,-163.5,-36.0,148.84793471716438
4730,-163.5,-35.5,149.15851371539193
4731,-163.5,-35.0,148.64454151162863
4732,-163.5,-34.5,152.24405586694596
4733,-163.5,-34.0,152.82728966282687
4734,-163.5,-33.5,151.4435864108793
4735,-163.5,-33.0,150.8779708850061
4736,-163.5,-32.5,152.93660212332358
4737,-163.5,-32.0,149.95536989248592
4738,-163.5,-31.5,149.67472146862815
4739,-163.5,-31.0,148.05629467657084
4740,-163.5,-30.5,150.59583989307288
4741,-163.5,-30.0,149.9223812207944
4742,-163.5,-29.5,151.97025832170928
4743,-163.5,-29.0,153.1540656817027
4744,-163.5,-28.5,149.64926506796044
4745,-163.5,-28.0,149.28643804669267
4746,-163.5,-27.5,150.24078152435484
4747,-163.5,-27.0,150.33884245951666
4748,-163.5,-26.5,151.8307661683348
4749,-163.5,-26.0,149.37927056019004
4750,-163.5,-25.5,152.75971760041566
4751,-163.5,-25.0,153.00634941558425
4752,-163.5,-24.5,151.5318168127025
4753,-163.5,-24.0,153.6245295762294
4754,-163.5,-23.5,152.1538201501249
4755,-163.5,-23.0,150.59378110334833
4756,-163.5,-22.5,155.81922527188237
4757,-163.5,-22.0,156.13434432724165
4758,-163.5,-21.5,150.50759280966497
4759,-163.5,-21.0,148.36415720795793
4760,-163.5,-20.5,149.27550606709949
4761,-163.5,-20.0,149.46418899652696
4762,-163.5,-19.5,148.3301089636319
4763,-163.5,-19.0,148.96224627325654
4764,-163.5,-18.5,172.86569300409127
4765,-163.5,-18.0,175.5110502807511
4766,-163.5,-17.5,150.05577751871903
4767,-163.5,-17.0,150.3758303946861
4768,-163.5,-16.5,152.93648834839146
4769,-163.5,-16.0,156.2536973266974
4770,-163.5,-15.5,147.70835973340866
4771,-163.5,-15.0,147.51355489120496
4772,-163.5,-14.5,148.44055713941307
4773,-163.5,-14.0,149.13107259046777
4774,-163.5,-13.5,156.92805129279517
4775,-163.5,-13.0,151.8032993035355
4776,-163.5,-12.5,147.57561868600695
4777,-163.5,-11.5,147.85600157919808
4778,-163.5,-11.0,152.97836913045478
4779,-163.5,-10.5,159.3604321743921
4780,-163.5,-10.0,148.56848399667263
4781,-163.5,-9.5,150.39427612434085
4782,-163.5,-9.0,151.51604012271528
4783,-163.5,-8.0,149.69400438060396
4784,-163.5,-7.5,154.527218184024
4785,-163.5,-7.0,154.09747645168255
4786,-163.5,-6.5,153.21811794322878
4787,-163.5,-5.5,156.26515617070856
4788,-163.5,-5.0,155.79068765433365
4789,-163.5,-4.5,153.7888353185705
4790,-163.5,-4.0,158.5416374446718
4791,-163.5,-3.5,155.07328694501717
4792,-163.5,-3.0,161.79651729266382
4793,-163.5,-2.5,161.74911925871115
4794,-163.5,-2.0,161.06942856983218
4795,-163.5,-1.5,149.21605729542938
4796,-163.5,-1.0,150.32303465974945
4797,-163.5,-0.5,152.56019755862857
4798,-163.5,0.0,158.77886549959035
4799,-163.5,1.0,151.56614219945865
4800,-163.5,1.5,148.98395924446325
4801,-163.5,2.0,154.49389612020022
4802,-163.5,2.5,152.80476535145033
4803,-163.5,3.0,160.63136512245845
4804,-163.5,3.5,159.9657156464293
4805,-163.5,4.0,158.71033615729007
4806,-163.5,4.5,150.6327991322002
4807,-163.5,5.0,156.59027648398725
4808,-163.5,5.5,171.11456811889482
4809,-163.5,6.0,161.80810615656475
4810,-163.5,6.5,162.10669357584703
4811,-163.5,7.0,154.6923314621998
4812,-163.5,7.5,151.8435414122774
4813,-163.5,8.0,152.27267432046023
4814,-163.5,8.5,153.8191190094999
4815,-163.5,9.0,154.3769076855122
4816,-163.5,9.5,160.09977510890917
4817,-163.5,10.0,151.9518851785382
4818,-163.5,10.5,151.38292745553485
4819,-163.5,11.0,149.47005216722653
4820,-163.5,13.0,163.68809332394056
4821,-163.5,13.5,152.47003801128503
4822,-163.5,14.0,149.36003569184655
4823,-163.5,14.5,151.59031323018175
4824,-163.5,15.0,158.56324617531996
4825,-163.5,15.5,165.2702988916382
4826,-163.5,16.0,151.86514451787332
4827,-163.5,16.5,151.74051405478446
4828,-163.5,17.0,151.4144569041899
4829,-163.5,17.5,171.3131028537772
4830,-163.5,18.0,154.2032392366184
4831,-163.5,18.5,152.19308919325735
4832,-163.5,19.0,151.59944948869887
4833,-163.5,19.5,149.13676178916722
4834,-163.5,20.0,150.95017575173515
4835,-163.5,20.5,151.3227026175678
4836,-163.5,21.0,149.36575527159792
4837,-163.5,21.5,155.19168942852474
4838,-163.5,22.0,148.1463841187216
4839,-163.5,22.5,148.59271325660288
4840,-163.5,23.0,148.58027275732306
4841,-163.5,23.5,149.25759955232664
4842,-163.5,24.0,156.12985537023425
4843,-163.5,24.5,150.89157644235144
4844,-163.5,25.0,149.63867383248936
4845,-163.5,25.5,152.64802096506128
4846,-163.5,26.0,148.63994910882954
4847,-163.5,26.5,149.83427159940257
4848,-163.5,27.0,150.52274463222358
4849,-163.5,27.5,148.2942892042303
4850,-163.5,28.0,151.87185884876712
4851,-163.5,28.5,150.541623190804
4852,-163.5,29.0,149.97520555605726
4853,-163.5,29.5,152.6295102402145
4854,-163.5,30.0,152.40342902259977
4855,-163.5,30.5,151.05773429090482
4856,-163.5,31.0,154.00783665990303
4857,-163.5,31.5,156.28808948988117
4858,-163.5,32.0,153.53331365946974
4859,-163.5,33.0,154.5426226613988
4860,-163.5,33.5,167.25916985321086
4861,-163.5,34.0,147.04860519187315
4862,-163.5,34.5,155.76529438638434
4863,-163.5,35.0,155.95026730177187
4864,-163.5,35.5,150.7901149349593
4865,-163.5,36.0,153.8669423276214
4866,-163.5,36.5,153.40117524575905
4867,-163.5,37.0,150.11135698956036
4868,-163.5,37.5,157.38272931840405
4869,-163.5,41.5,178.25379816635134
4870,-163.0,-37.5,157.78194309292152
4871,-163.0,-37.0,158.06219610692176
4872,-163.0,-36.5,154.1947272094885
4873,-163.0,-36.0,149.4118198378359
4874,-163.0,-35.5,149.48355112400392
4875,-163.0,-35.0,148.859540762497
4876,-163.0,-34.5,152.48609224192109
4877,-163.0,-34.0,151.70428085537995
4878,-163.0,-33.5,151.98277790908864
4879,-163.0,-33.0,151.4298974863733
4880,-163.0,-32.5,152.36870323831712
4881,-163.0,-32.0,149.48287581002833
4882,-163.0,-31.5,149.90954811022576
4883,-163.0,-31.0,147.9232143303064
4884,-163.0,-30.5,150.55451389147612
4885,-163.0,-30.0,149.41163045637023
4886,-163.0,-29.5,151.45768908266407
4887,-163.0,-29.0,152.9185721015442
4888,-163.0,-28.5,149.68545588707144
4889,-163.0,-28.0,149.8685884044934
4890,-163.0,-27.5,150.58564512961507
4891,-163.0,-27.0,151.38470868237323
4892,-163.0,-26.5,149.43521196291033
4893,-163.0,-26.0,150.06996235199443
4894,-163.0,-25.5,150.46165630538104
4895,-163.0,-25.0,152.95933797823935
4896,-163.0,-24.5,153.31488086654522
4897,-163.0,-24.0,152.52139746288043
4898,-163.0,-23.5,152.5898324824583
4899,-163.0,-23.0,148.98204453322876
4900,-163.0,-22.5,153.5863605225943
4901,-163.0,-22.0,149.21357524042423
4902,-163.0,-21.5,148.54026096312023
4903,-163.0,-21.0,148.76662603850758
4904,-163.0,-20.5,155.5799548699171
4905,-163.0,-20.0,149.5504440022274
4906,-163.0,-19.5,149.95495592384094
4907,-163.0,-19.0,148.693830516016
4908,-163.0,-18.5,161.54675019351725
4909,-163.0,-18.0,150.22875430885514
4910,-163.0,-17.5,150.01871606427883
4911,-163.0,-17.0,151.9178408592055
4912,-163.0,-16.5,155.22300850953803
4913,-163.0,-16.0,154.02014063424298
4914,-163.0,-15.0,147.21682805239476
4915,-163.0,-14.5,147.2253149234957
4916,-163.0,-14.0,151.6013443542113
4917,-163.0,-13.5,151.7531049038269
4918,-163.0,-13.0,153.93225113994131
4919,-163.0,-12.5,148.21393470534335
4920,-163.0,-12.0,147.21630384668467
4921,-163.0,-11.5,150.66996927813312
4922,-163.0,-10.5,152.95204488809014
4923,-163.0,-10.0,151.31794971098944
4924,-163.0,-9.5,150.58563295651314
4925,-163.0,-9.0,152.14458256152804
4926,-163.0,-8.5,152.09513086163096
4927,-163.0,-8.0,154.17267671053747
4928,-163.0,-7.5,153.40832298586722
4929,-163.0,-7.0,153.01512483826386
4930,-163.0,-6.5,155.83810452185423
4931,-163.0,-6.0,156.39158994339354
4932,-163.0,-5.5,156.4961263414328
4933,-163.0,-5.0,154.9988955515612
4934,-163.0,-4.5,152.36584074179967
4935,-163.0,-4.0,156.87107314954173
4936,-163.0,-3.5,157.60716310063054
4937,-163.0,-3.0,161.50914291019018
4938,-163.0,-2.5,161.92547657685523
4939,-163.0,-2.0,159.5300803043501
4940,-163.0,-1.5,151.8183635582773
4941,-163.0,-1.0,148.5101423827833
4942,-163.0,-0.5,151.34910419596875
4943,-163.0,0.0,160.5745096189975
4944,-163.0,0.5,155.4002066125285
4945,-163.0,1.0,149.20978084757598
4946,-163.0,1.5,150.46944065609813
4947,-163.0,2.0,149.37054717239894
4948,-163.0,2.5,155.1146951541377
4949,-163.0,3.0,154.5036762608965
4950,-163.0,3.5,157.07800683868305
4951,-163.0,4.0,155.20955658273172
4952,-163.0,4.5,171.1228460405941
4953,-163.0,5.5,156.17604211960324
4954,-163.0,6.0,171.01182291717797
4955,-163.0,6.5,158.64083302945875
4956,-163.0,7.0,154.44076209166664
4957,-163.0,7.5,151.8590217710556
4958,-163.0,8.0,154.61216062567715
4959,-163.0,8.5,157.7172691855602
4960,-163.0,9.0,156.86922770091385
4961,-163.0,9.5,158.09782452492973
4962,-163.0,10.0,153.25222970674756
4963,-163.0,10.5,153.8461278244348
4964,-163.0,11.0,149.73834501820497
4965,-163.0,11.5,148.11668101265585
4966,-163.0,12.5,156.2775492471982
4967,-163.0,13.0,157.93234711200827
4968,-163.0,13.5,151.3585800353354
4969,-163.0,14.0,150.5693477256128
4970,-163.0,14.5,161.9015350457481
4971,-163.0,15.0,160.6509124167002
4972,-163.0,15.5,151.09205934499192
4973,-163.0,16.0,152.0840248668265
4974,-163.0,16.5,151.70026743831627
4975,-163.0,17.0,151.47733388884066
4976,-163.0,17.5,154.1301337458525
4977,-163.0,18.0,153.69363338834273
4978,-163.0,18.5,152.6709672375881
4979,-163.0,19.0,151.64492451547935
4980,-163.0,19.5,151.2413062748941
4981,-163.0,20.0,149.6156368649583
4982,-163.0,20.5,151.82691125068652
4983,-163.0,21.0,148.88218757181204
4984,-163.0,21.5,148.47252963298573
4985,-163.0,22.0,148.5867306761729
4986,-163.0,22.5,148.53945503347745
4987,-163.0,23.0,149.30046568446986
4988,-163.0,23.5,151.20324615516836
4989,-163.0,24.0,153.5568472704012
4990,-163.0,24.5,149.1771587525324
4991,-163.0,25.0,149.82859528282148
4992,-163.0,25.5,152.63627834296918
4993,-163.0,26.0,149.97948566089536
4994,-163.0,26.5,150.20182685010104
4995,-163.0,27.0,151.04054497366778
4996,-163.0,27.5,148.4956092672119
4997,-163.0,28.0,151.52574627651325
4998,-163.0,28.5,151.30783267496483
4999,-163.0,29.0,149.24093491841342
5000,-163.0,29.5,153.74344958323059
5001,-163.0,30.0,151.5844539680104
5002,-163.0,30.5,151.65833771226536
5003,-163.0,31.0,154.3239949097952
5004,-163.0,31.5,154.72377597213432
5005,-163.0,32.0,158.2015762177338
5006,-163.0,32.5,175.86026670339174
5007,-163.0,33.0,153.4372899436338
5008,-163.0,33.5,162.3243984004718
5009,-163.0,34.5,156.4014963832862
5010,-163.0,35.0,156.0071286965374
5011,-163.0,35.5,151.298839661219
5012,-163.0,36.0,153.8336745393029
5013,-163.0,36.5,152.53063195551448
5014,-163.0,37.0,150.93686452381527
5015,-163.0,39.0,177.15481151697782
5016,-162.5,-38.0,158.52311527014828
5017,-162.5,-37.5,157.03034231255668
5018,-162.5,-37.0,153.6974233983005
5019,-162.5,-36.5,153.77444104258032
5020,-162.5,-36.0,147.9983123735044
5021,-162.5,-35.5,148.8419372348653
5022,-162.5,-35.0,150.08291568873932
5023,-162.5,-34.5,152.39464227672218
5024,-162.5,-34.0,151.20522049890806
5025,-162.5,-33.5,152.84617287131206
5026,-162.5,-33.0,151.20950955849503
5027,-162.5,-32.5,152.88000471484617
5028,-162.5,-32.0,148.98368660425373
5029,-162.5,-31.5,149.88588240555165
5030,-162.5,-31.0,148.56436621251888
5031,-162.5,-30.5,149.65096515698283
5032,-162.5,-30.0,149.62231343751043
5033,-162.5,-29.5,151.78886627946602
5034,-162.5,-29.0,150.22392860077954
5035,-162.5,-28.5,148.79892610495858
5036,-162.5,-28.0,150.1411116232576
5037,-162.5,-27.5,152.01141223543814
5038,-162.5,-27.0,151.07991215966032
5039,-162.5,-26.5,149.6976640390493
5040,-162.5,-26.0,151.91218120324882
5041,-162.5,-25.5,148.47355033269565
5042,-162.5,-25.0,152.67178945251135
5043,-162.5,-24.5,154.08566296114282
5044,-162.5,-24.0,152.07776530067957
5045,-162.5,-23.5,150.30599867337426
5046,-162.5,-23.0,155.1370885514404
5047,-162.5,-22.5,149.5896721675567
5048,-162.5,-22.0,149.73853955725295
5049,-162.5,-21.0,155.89758952419362
5050,-162.5,-20.5,152.98298181748638
5051,-162.5,-20.0,149.62011651317852
5052,-162.5,-19.5,149.62070096871466
5053,-162.5,-19.0,158.03691813880744
5054,-162.5,-18.5,150.40600688719326
5055,-162.5,-18.0,150.66898557550422
5056,-162.5,-17.5,152.16503792614523
5057,-162.5,-17.0,151.5411708956239
5058,-162.5,-16.5,151.09454067282186
5059,-162.5,-16.0,148.49691970281233
5060,-162.5,-15.5,151.53757369776676
5061,-162.5,-14.5,147.03867314379937
5062,-162.5,-14.0,154.0608665087993
5063,-162.5,-13.5,149.1327456558982
5064,-162.5,-13.0,149.95428748858308
5065,-162.5,-12.5,154.33241975202316
5066,-162.5,-12.0,148.31466009319402
5067,-162.5,-11.5,149.61222084516822
5068,-162.5,-11.0,146.75759187994873
5069,-162.5,-10.5,149.9889177434659
5070,-162.5,-10.0,153.46810248975856
5071,-162.5,-9.5,154.08075115513282
5072,-162.5,-9.0,150.4257905684712
5073,-162.5,-8.5,152.32037044662147
5074,-162.5,-8.0,154.59609783345434
5075,-162.5,-7.5,151.38976139997692
5076,-162.5,-7.0,152.06025706306363
5077,-162.5,-6.5,156.7040872157498
5078,-162.5,-6.0,156.74195811876632
5079,-162.5,-5.5,154.67892033521096
5080,-162.5,-5.0,153.18593604463686
5081,-162.5,-4.5,155.6181229624703
5082,-162.5,-4.0,152.82822055040734
5083,-162.5,-3.5,162.62519738662175
5084,-162.5,-3.0,163.00273245776356
5085,-162.5,-2.5,160.58589724574702
5086,-162.5,-2.0,154.89034754596295
5087,-162.5,-1.5,158.79578154924693
5088,-162.5,-1.0,148.8111504162959
5089,-162.5,0.0,151.4030683863613
5090,-162.5,0.5,152.9121403720549
5091,-162.5,1.0,152.3904314819441
5092,-162.5,1.5,149.71270003072522
5093,-162.5,2.0,148.31143004681712
5094,-162.5,3.0,152.04511308039153
5095,-162.5,3.5,151.20992951169157
5096,-162.5,4.0,164.30661713522397
5097,-162.5,4.5,167.56726053334032
5098,-162.5,5.0,171.18131452113008
5099,-162.5,5.5,155.88585462375937
5100,-162.5,6.0,155.19500374633273
5101,-162.5,6.5,162.55706787986182
5102,-162.5,7.0,157.29661062250185
5103,-162.5,7.5,153.30928588677898
5104,-162.5,8.0,155.97318243922567
5105,-162.5,8.5,153.89802795495814
5106,-162.5,9.0,160.2880923563076
5107,-162.5,9.5,157.37570713926
5108,-162.5,10.0,155.04566937485382
5109,-162.5,10.5,161.57813962191912
5110,-162.5,11.0,150.17305774677956
5111,-162.5,11.5,148.9261035917693
5112,-162.5,12.0,148.12499452486995
5113,-162.5,12.5,154.76037520370193
5114,-162.5,13.0,152.4039632321282
5115,-162.5,13.5,152.4465650385986
5116,-162.5,14.0,151.20369683211558
5117,-162.5,14.5,155.56839086851377
5118,-162.5,15.5,151.85666245717889
5119,-162.5,16.0,152.2643086610993
5120,-162.5,16.5,151.87741404789054
5121,-162.5,17.5,154.23501147741985
5122,-162.5,18.0,152.8064641689656
5123,-162.5,19.0,151.23464142014788
5124,-162.5,19.5,151.20071225293748
5125,-162.5,20.0,149.84559223788864
5126,-162.5,20.5,149.8032160227775
5127,-162.5,21.0,151.557173172644
5128,-162.5,21.5,148.25684083836845
5129,-162.5,22.0,148.78034679342306
5130,-162.5,22.5,148.63226036116697
5131,-162.5,23.0,150.30167769585324
5132,-162.5,23.5,155.5993255883689
5133,-162.5,24.0,149.13813850933442
5134,-162.5,24.5,148.42569464281166
5135,-162.5,25.5,149.24811307559904
5136,-162.5,26.0,151.26272576643743
5137,-162.5,26.5,150.6264893769782
5138,-162.5,27.0,148.70749361461137
5139,-162.5,27.5,152.1981096380279
5140,-162.5,28.0,151.8618782268118
5141,-162.5,28.5,149.5961357329561
5142,-162.5,29.0,151.0284918581413
5143,-162.5,29.5,152.3709871339071
5144,-162.5,30.0,151.6124713587081
5145,-162.5,30.5,149.99117234659766
5146,-162.5,31.0,155.37193775948396
5147,-162.5,31.5,152.39703058972174
5148,-162.5,32.0,161.65426962981547
5149,-162.5,32.5,175.8142038495961
5150,-162.5,33.0,151.53289852004113
5151,-162.5,33.5,170.08784583305518
5152,-162.5,34.5,156.6027926492383
5153,-162.5,35.0,155.93043452799074
5154,-162.5,35.5,151.91972502293106
5155,-162.5,36.0,154.65414380419205
5156,-162.5,36.5,150.55241493961853
5157,-162.5,37.0,151.92630861769678
5158,-162.5,39.0,176.9583952418887
5159,-162.0,-38.0,158.53059735411261
5160,-162.0,-37.5,156.45832817580353
5161,-162.0,-37.0,153.47526219106834
5162,-162.0,-36.0,148.8711985231949
5163,-162.0,-35.5,147.97640321761799
5164,-162.0,-35.0,151.49335454803514
5165,-162.0,-34.5,151.82950228218456
5166,-162.0,-34.0,151.63724535922825
5167,-162.0,-33.5,153.5749028199142
5168,-162.0,-33.0,152.39407234657025
5169,-162.0,-32.5,154.69434366072133
5170,-162.0,-32.0,150.4747682478197
5171,-162.0,-31.5,149.45653126139715
5172,-162.0,-31.0,149.02308762074242
5173,-162.0,-30.5,148.61581977686748
5174,-162.0,-30.0,150.7562038217661
5175,-162.0,-29.5,152.0107218641598
5176,-162.0,-29.0,149.94567232591925
5177,-162.0,-28.5,150.29779634314235
5178,-162.0,-28.0,149.84316635759845
5179,-162.0,-27.5,151.0423705713478
5180,-162.0,-27.0,150.6013376775953
5181,-162.0,-26.5,151.56561651253344
5182,-162.0,-26.0,148.92922969665045
5183,-162.0,-25.5,147.90766031774714
5184,-162.0,-25.0,151.33509610435212
5185,-162.0,-24.5,156.19135171741598
5186,-162.0,-24.0,151.18403519932943
5187,-162.0,-23.5,150.87492020897736
5188,-162.0,-23.0,154.93788311675232
5189,-162.0,-22.5,149.14446116720782
5190,-162.0,-22.0,148.3313452206275
5191,-162.0,-21.0,159.7443828617265
5192,-162.0,-20.5,148.2244333378909
5193,-162.0,-20.0,148.953471855213
5194,-162.0,-19.5,149.6449132037392
5195,-162.0,-19.0,163.4019893529075
5196,-162.0,-18.5,149.68873719293472
5197,-162.0,-18.0,149.3747428780626
5198,-162.0,-17.5,152.21720206482564
5199,-162.0,-17.0,151.241972133016
5200,-162.0,-15.5,147.87934483456633
5201,-162.0,-15.0,153.68159536768465
5202,-162.0,-14.5,149.9102649836012
5203,-162.0,-14.0,152.6451698702512
5204,-162.0,-13.5,148.12377741749123
5205,-162.0,-13.0,149.95128934897656
5206,-162.0,-12.5,150.48131212431917
5207,-162.0,-12.0,153.01234877033318
5208,-162.0,-11.5,147.50603276318486
5209,-162.0,-11.0,148.76773907030358
5210,-162.0,-10.5,153.12783489820563
5211,-162.0,-10.0,153.98030399341658
5212,-162.0,-9.5,155.32598648567284
5213,-162.0,-8.5,152.673156965835
5214,-162.0,-8.0,152.82228286259956
5215,-162.0,-7.5,151.03869038307408
5216,-162.0,-7.0,153.18394574290437
5217,-162.0,-6.5,156.65580525810196
5218,-162.0,-6.0,156.12761331406904
5219,-162.0,-5.5,154.37271762747648
5220,-162.0,-5.0,156.09125883464165
5221,-162.0,-4.5,155.4443187711859
5222,-162.0,-3.0,162.9606873551983
5223,-162.0,-2.5,152.0207365346832
5224,-162.0,-2.0,158.22928914464677
5225,-162.0,-1.5,154.93209155525548
5226,-162.0,-1.0,159.40851211873297
5227,-162.0,0.0,150.20004057841015
5228,-162.0,0.5,149.38832047656305
5229,-162.0,1.0,153.4092663480579
5230,-162.0,1.5,150.13642024380445
5231,-162.0,2.5,148.6119159591733
5232,-162.0,3.0,150.64793047813458
5233,-162.0,3.5,152.7046649485869
5234,-162.0,4.0,155.7640735243805
5235,-162.0,4.5,162.6760734616404
5236,-162.0,5.0,171.0528390193653
5237,-162.0,6.0,154.0659942619394
5238,-162.0,6.5,163.50060695916744
5239,-162.0,7.0,163.23633548613782
5240,-162.0,7.5,157.3020925478091
5241,-162.0,8.0,159.52791264401347
5242,-162.0,8.5,153.57680426239023
5243,-162.0,9.0,155.2187678272924
5244,-162.0,9.5,155.00985540731781
5245,-162.0,10.0,156.10398867657813
5246,-162.0,11.0,149.69322419257125
5247,-162.0,11.5,150.16736629753237
5248,-162.0,12.0,148.12152925314524
5249,-162.0,12.5,152.93759025486693
5250,-162.0,13.0,154.2488764298302
5251,-162.0,13.5,159.6640572610448
5252,-162.0,14.0,150.62013768329373
5253,-162.0,14.5,150.58338076460691
5254,-162.0,15.0,151.5327037253952
5255,-162.0,15.5,153.39356423221147
5256,-162.0,16.0,151.52801312321418
5257,-162.0,16.5,151.95900867733695
5258,-162.0,17.0,154.4858930523655
5259,-162.0,17.5,153.35934905657172
5260,-162.0,18.0,153.0148317683056
5261,-162.0,19.0,151.20423922179802
5262,-162.0,19.5,150.48944775241756
5263,-162.0,20.0,150.46241489582889
5264,-162.0,20.5,149.10446631955716
5265,-162.0,21.0,152.10922719776843
5266,-162.0,21.5,148.44175841487103
5267,-162.0,22.0,152.29039064283958
5268,-162.0,22.5,149.33562005375558
5269,-162.0,23.0,151.2909134231484
5270,-162.0,23.5,154.03896058674948
5271,-162.0,24.0,148.8868206263127
5272,-162.0,24.5,148.31211594735407
5273,-162.0,25.0,148.40094485934802
5274,-162.0,25.5,147.88730466456218
5275,-162.0,26.0,152.2650797497117
5276,-162.0,26.5,150.87423283776124
5277,-162.0,27.0,148.3716153960049
5278,-162.0,27.5,154.17855808192704
5279,-162.0,28.0,152.66170095022014
5280,-162.0,28.5,149.02004148940662
5281,-162.0,29.0,151.0269523508855
5282,-162.0,29.5,150.18422119157384
5283,-162.0,30.0,151.47077244824774
5284,-162.0,30.5,151.49927355358923
5285,-162.0,31.0,154.5034763286199
5286,-162.0,31.5,154.063831252027
5287,-162.0,32.0,159.59236090773388
5288,-162.0,32.5,168.15166277736154
5289,-162.0,33.0,151.25808071350798
5290,-162.0,33.5,165.49317790684475
5291,-162.0,34.0,175.0784046888255
5292,-162.0,34.5,158.04384357668988
5293,-162.0,35.0,158.05795210546947
5294,-162.0,35.5,153.1804235583044
5295,-162.0,36.0,155.06706411143819
5296,-162.0,36.5,151.8150025178021
5297,-162.0,37.0,149.01345834444462
5298,-162.0,39.0,176.8097127216539
5299,-161.5,-38.0,158.35042127520566
5300,-161.5,-37.5,155.79195223865503
5301,-161.5,-37.0,153.17111517964184
5302,-161.5,-36.0,149.5180016781248
5303,-161.5,-35.5,148.01307000184195
5304,-161.5,-35.0,151.1806133889266
5305,-161.5,-34.5,151.93541779287932
5306,-161.5,-34.0,151.38687751666563
5307,-161.5,-33.5,150.9647884624618
5308,-161.5,-33.0,152.661974550631
5309,-161.5,-32.5,154.30964814449544
5310,-161.5,-32.0,149.03250719829614
5311,-161.5,-31.5,149.4398046565316
5312,-161.5,-31.0,149.2532342278991
5313,-161.5,-30.5,148.02417118564404
5314,-161.5,-30.0,150.5662311625404
5315,-161.5,-29.5,153.1549899953305
5316,-161.5,-29.0,148.70915125884494
5317,-161.5,-28.5,150.85222993975864
5318,-161.5,-28.0,149.20150584733545
5319,-161.5,-27.5,151.56789003127085
5320,-161.5,-27.0,146.50471252658346
5321,-161.5,-26.5,153.42677238382794
5322,-161.5,-26.0,149.10648423136212
5323,-161.5,-25.5,146.39451262976308
5324,-161.5,-25.0,150.41428114825126
5325,-161.5,-24.5,155.16675249724224
5326,-161.5,-24.0,152.12725082864978
5327,-161.5,-23.5,153.0120340235576
5328,-161.5,-23.0,154.35237069533457
5329,-161.5,-22.5,154.8359782898469
5330,-161.5,-22.0,149.0960165919676
5331,-161.5,-21.5,159.7193033289485
5332,-161.5,-21.0,155.42337329644258
5333,-161.5,-20.5,149.06615429002278
5334,-161.5,-20.0,148.77717190372303
5335,-161.5,-19.5,155.86829017834987
5336,-161.5,-19.0,150.36863348190587
5337,-161.5,-18.5,149.46956645865936
5338,-161.5,-18.0,149.78089003419123
5339,-161.5,-17.5,150.6163748809654
5340,-161.5,-17.0,150.0425841066167
5341,-161.5,-16.0,154.07842858215582
5342,-161.5,-15.0,149.71910515952183
5343,-161.5,-14.5,158.29195411953395
5344,-161.5,-14.0,146.61751713708986
5345,-161.5,-13.5,146.8543961237234
5346,-161.5,-13.0,147.85026951322965
5347,-161.5,-12.5,151.53749519519323
5348,-161.5,-11.5,147.19800040150656
5349,-161.5,-11.0,149.7529599285025
5350,-161.5,-10.0,155.89796298151265
5351,-161.5,-9.0,152.07976180271626
5352,-161.5,-8.5,154.959869667812
5353,-161.5,-8.0,151.36186028044472
5354,-161.5,-7.5,153.1705159916268
5355,-161.5,-6.5,153.4806476834344
5356,-161.5,-6.0,153.57515257507174
5357,-161.5,-5.5,157.5706618685175
5358,-161.5,-5.0,155.95927495600287
5359,-161.5,-3.0,156.1429156945477
5360,-161.5,-2.5,157.16727024688433
5361,-161.5,-2.0,152.53964170762006
5362,-161.5,-1.5,157.95311684589208
5363,-161.5,-1.0,160.6842811435466
5364,-161.5,-0.5,155.40831721488374
5365,-161.5,0.0,148.5277852435788
5366,-161.5,0.5,151.11434531206893
5367,-161.5,1.0,150.55756503666896
5368,-161.5,1.5,154.35653749950836
5369,-161.5,2.0,149.53102720841383
5370,-161.5,2.5,148.77066555562172
5371,-161.5,3.0,150.38682607449488
5372,-161.5,3.5,154.4120599179027
5373,-161.5,4.0,153.32305684111566
5374,-161.5,4.5,158.2802792863919
5375,-161.5,5.0,162.3175622538176
5376,-161.5,5.5,160.9896648634875
5377,-161.5,6.0,153.66794796206804
5378,-161.5,6.5,154.98169880032552
5379,-161.5,7.0,161.2678000073194
5380,-161.5,7.5,159.04011887358507
5381,-161.5,8.5,157.6718207706773
5382,-161.5,9.0,152.0139467051753
5383,-161.5,9.5,156.90865525438363
5384,-161.5,10.0,154.3414594878644
5385,-161.5,10.5,151.5195497355395
5386,-161.5,11.5,149.79286476630384
5387,-161.5,12.0,150.98260699096903
5388,-161.5,12.5,149.80016076082939
5389,-161.5,13.0,159.05136645250855
5390,-161.5,13.5,156.72239151619166
5391,-161.5,14.5,151.23796069875078
5392,-161.5,15.0,152.34042428091186
5393,-161.5,15.5,152.64737961365077
5394,-161.5,16.0,151.66488421566197
5395,-161.5,16.5,150.8431181086134
5396,-161.5,17.0,154.6067667015161
5397,-161.5,17.5,153.2805613979539
5398,-161.5,18.5,151.54399413308755
5399,-161.5,19.0,150.39114106580635
5400,-161.5,19.5,150.26610143661313
5401,-161.5,20.0,151.0759708516021
5402,-161.5,21.0,148.83449672406758
5403,-161.5,21.5,150.6024068388937
5404,-161.5,22.0,148.67041685658845
5405,-161.5,22.5,157.02306470829234
5406,-161.5,23.0,154.0961283930368
5407,-161.5,23.5,149.17762102897828
5408,-161.5,24.0,149.1378437378664
5409,-161.5,24.5,148.46459722572672
5410,-161.5,25.0,148.0135787871707
5411,-161.5,25.5,147.3557536260752
5412,-161.5,26.0,152.13901497101762
5413,-161.5,26.5,150.56357936629428
5414,-161.5,27.0,150.16134347293522
5415,-161.5,27.5,153.37552639111453
5416,-161.5,28.0,153.1083884118812
5417,-161.5,28.5,149.6183406489795
5418,-161.5,29.0,149.40852225527735
5419,-161.5,29.5,150.35552606906137
5420,-161.5,30.0,152.4907613009502
5421,-161.5,30.5,151.97783349129452
5422,-161.5,31.0,155.2184588328078
5423,-161.5,31.5,154.49968196581875
5424,-161.5,32.0,151.6583558663759
5425,-161.5,32.5,155.03962469646044
5426,-161.5,33.0,163.38853649559186
5427,-161.5,33.5,157.3015807400167
5428,-161.5,34.0,176.4760522256724
5429,-161.5,34.5,158.69275850300372
5430,-161.5,35.0,159.79460842543807
5431,-161.5,35.5,153.26374941676679
5432,-161.5,36.0,153.42683576165754
5433,-161.5,36.5,152.86570538104957
5434,-161.5,37.0,147.90209948848997
5435,-161.5,39.0,176.57098210267307
5436,-161.0,-38.0,158.26838323447316
5437,-161.0,-37.5,155.12866056682975
5438,-161.0,-37.0,152.7437395855852
5439,-161.0,-36.0,149.45511663304904
5440,-161.0,-35.5,148.05347974745052
5441,-161.0,-35.0,148.89397577154955
5442,-161.0,-34.5,151.98063174327729
5443,-161.0,-34.0,152.0454672765706
5444,-161.0,-33.5,148.7292246631794
5445,-161.0,-33.0,152.49702303235853
5446,-161.0,-32.5,153.63442446492198
5447,-161.0,-32.0,147.53079882797235
5448,-161.0,-31.5,149.9110124708668
5449,-161.0,-31.0,149.54974835849546
5450,-161.0,-30.5,148.49390654860164
5451,-161.0,-30.0,150.11515060911717
5452,-161.0,-29.5,153.62058378386078
5453,-161.0,-29.0,149.70807813932856
5454,-161.0,-28.5,150.57556734679224
5455,-161.0,-28.0,154.58618157174848
5456,-161.0,-27.5,149.3506790761508
5457,-161.0,-27.0,150.39324966767091
5458,-161.0,-26.5,148.6363059839742
5459,-161.0,-26.0,149.20711315762648
5460,-161.0,-25.5,149.85434104706573
5461,-161.0,-25.0,150.49111613484942
5462,-161.0,-24.5,151.15023692375874
5463,-161.0,-24.0,152.3801813196769
5464,-161.0,-23.5,152.93127330877311
5465,-161.0,-23.0,153.25164132484562
5466,-161.0,-22.0,155.33966289034683
5467,-161.0,-21.5,154.20781612552
5468,-161.0,-20.5,149.71378745560207
5469,-161.0,-20.0,150.0518978850164
5470,-161.0,-19.5,153.63647127996524
5471,-161.0,-19.0,154.90683900470694
5472,-161.0,-18.5,149.29662001211963
5473,-161.0,-18.0,150.9091957367746
5474,-161.0,-17.5,149.62995720377918
5475,-161.0,-17.0,149.81868840318276
5476,-161.0,-15.0,148.04028293182353
5477,-161.0,-14.5,155.63395821329303
5478,-161.0,-14.0,152.77584182780564
5479,-161.0,-13.5,149.84306601942504
5480,-161.0,-13.0,150.45888510553908
5481,-161.0,-12.5,150.04301183735998
5482,-161.0,-12.0,148.5801076077854
5483,-161.0,-11.5,149.83996830834874
5484,-161.0,-11.0,147.9170457950874
5485,-161.0,-10.5,152.4583058330364
5486,-161.0,-10.0,154.95592739713751
5487,-161.0,-9.5,154.257183140858
5488,-161.0,-9.0,153.2408397000841
5489,-161.0,-8.5,151.3772050675381
5490,-161.0,-8.0,148.93132748972218
5491,-161.0,-7.5,154.11307989853236
5492,-161.0,-7.0,154.8103151859547
5493,-161.0,-6.5,150.8724737426286
5494,-161.0,-6.0,153.43411602388267
5495,-161.0,-5.5,157.34501038544232
5496,-161.0,-5.0,158.88520969273137
5497,-161.0,-3.5,152.71092198004533
5498,-161.0,-3.0,152.55149751910523
5499,-161.0,-2.5,155.73462862074663
5500,-161.0,-2.0,153.16163198966643
5501,-161.0,-1.5,157.68202911308077
5502,-161.0,-1.0,156.40619697402843
5503,-161.0,-0.5,153.93179752579115
5504,-161.0,0.0,153.1892945674751
5505,-161.0,0.5,149.0333934497759
5506,-161.0,1.0,148.03037049262466
5507,-161.0,1.5,153.59298795519823
5508,-161.0,2.0,150.946910793427
5509,-161.0,2.5,149.97604173514253
5510,-161.0,4.0,154.60684910738064
5511,-161.0,4.5,152.47524139289143
5512,-161.0,5.0,163.1219686730475
5513,-161.0,5.5,160.8265971575389
5514,-161.0,6.0,171.13167197638987
5515,-161.0,6.5,154.15942092564964
5516,-161.0,7.0,155.71040703795367
5517,-161.0,7.5,169.93224550767775
5518,-161.0,8.0,160.61697726135125
5519,-161.0,8.5,159.0014740909007
5520,-161.0,9.0,153.95145414712118
5521,-161.0,9.5,153.12785055211432
5522,-161.0,10.5,152.0755271502913
5523,-161.0,11.0,152.23286560456884
5524,-161.0,11.5,154.05374436050175
5525,-161.0,12.0,150.77067998856904
5526,-161.0,12.5,149.97343142882883
5527,-161.0,13.0,161.61956329867073
5528,-161.0,13.5,153.40500720816885
5529,-161.0,14.0,153.2793422343674
5530,-161.0,14.5,153.33436125958448
5531,-161.0,15.0,151.1187883095903
5532,-161.0,15.5,152.20125591464634
5533,-161.0,16.5,152.77969585808802
5534,-161.0,17.0,153.93295477875412
5535,-161.0,18.0,151.1937701964379
5536,-161.0,18.5,151.83597357187068
5537,-161.0,19.0,150.25784749109198
5538,-161.0,19.5,150.5737193406153
5539,-161.0,20.0,151.56942509532692
5540,-161.0,20.5,157.59205874951448
5541,-161.0,21.0,148.55834500904908
5542,-161.0,21.5,150.23214540962312
5543,-161.0,22.0,148.95955482932777
5544,-161.0,22.5,154.91772539089104
5545,-161.0,23.0,153.80964139375948
5546,-161.0,23.5,153.28556485661443
5547,-161.0,24.5,148.41633465152043
5548,-161.0,25.0,147.93973627622188
5549,-161.0,25.5,148.36262102922538
5550,-161.0,26.0,153.31851786196464
5551,-161.0,26.5,149.63671220963923
5552,-161.0,27.0,154.3353537445622
5553,-161.0,27.5,151.9976661302697
5554,-161.0,28.0,149.4029823580414
5555,-161.0,28.5,155.8417547620543
5556,-161.0,29.0,150.50648705426977
5557,-161.0,29.5,149.3925579033284
5558,-161.0,30.0,152.32271405572774
5559,-161.0,30.5,150.74384190073104
5560,-161.0,31.0,156.83122530107283
5561,-161.0,31.5,153.19856637621658
5562,-161.0,32.0,155.16925139962927
5563,-161.0,32.5,160.53541478649737
5564,-161.0,33.0,163.04918847662512
5565,-161.0,34.0,172.4232749469189
5566,-161.0,34.5,156.24156938241828
5567,-161.0,35.0,160.32517632632786
5568,-161.0,35.5,155.8612776742314
5569,-161.0,36.0,152.64558899523544
5570,-161.0,36.5,153.31530741463567
5571,-161.0,37.0,147.76557181192226
5572,-161.0,39.0,176.42952178242112
5573,-160.5,-38.0,158.1838027744596
5574,-160.5,-37.5,154.58029270401641
5575,-160.5,-37.0,152.3816743347499
5576,-160.5,-36.0,149.3067663434195
5577,-160.5,-35.5,148.6301605605339
5578,-160.5,-35.0,148.365082829267
5579,-160.5,-34.5,152.38954306033997
5580,-160.5,-34.0,153.99283242307843
5581,-160.5,-33.5,148.61787899653697
5582,-160.5,-33.0,154.8537298690893
5583,-160.5,-32.5,151.43514376001556
5584,-160.5,-32.0,147.83955338180752
5585,-160.5,-31.5,150.2186135204176
5586,-160.5,-31.0,149.55607931369715
5587,-160.5,-30.5,149.86498388697197
5588,-160.5,-30.0,148.03100242004223
5589,-160.5,-29.5,152.04629623101158
5590,-160.5,-29.0,151.30988103593015
5591,-160.5,-28.5,151.1396672665388
5592,-160.5,-28.0,153.44028001483122
5593,-160.5,-27.5,149.92765086515791
5594,-160.5,-27.0,147.7452835912631
5595,-160.5,-26.5,148.48008814711113
5596,-160.5,-26.0,147.76997002260214
5597,-160.5,-25.5,150.18310215724566
5598,-160.5,-25.0,150.41563986939892
5599,-160.5,-24.5,151.00808979320973
5600,-160.5,-24.0,153.27409902757552
5601,-160.5,-23.5,154.74042969659456
5602,-160.5,-23.0,151.48736289049276
5603,-160.5,-22.5,151.5630313287763
5604,-160.5,-22.0,154.73726434091182
5605,-160.5,-21.5,148.32017835321562
5606,-160.5,-21.0,150.28763432319914
5607,-160.5,-20.5,149.46240674667789
5608,-160.5,-20.0,156.61372305194413
5609,-160.5,-19.5,158.17745602114738
5610,-160.5,-19.0,149.39306175802037
5611,-160.5,-18.5,151.56967510150474
5612,-160.5,-18.0,150.57257715471863
5613,-160.5,-17.5,151.03110570082418
5614,-160.5,-17.0,150.8519367401119
5615,-160.5,-16.5,150.19298006697815
5616,-160.5,-15.0,161.5883539734867
5617,-160.5,-14.5,147.66794918279825
5618,-160.5,-14.0,153.7426294016623
5619,-160.5,-13.5,149.4848055330118
5620,-160.5,-13.0,149.91499099430945
5621,-160.5,-12.5,147.6669932908612
5622,-160.5,-12.0,149.8470851991301
5623,-160.5,-11.5,152.18879713761805
5624,-160.5,-11.0,152.23098104964546
5625,-160.5,-10.5,150.0895449613544
5626,-160.5,-10.0,154.36431179393173
5627,-160.5,-9.5,153.25524084280195
5628,-160.5,-9.0,156.2976386484891
5629,-160.5,-7.5,153.23104351146364
5630,-160.5,-7.0,154.2233485932556
5631,-160.5,-6.5,151.62757523186357
5632,-160.5,-6.0,153.89528448627416
5633,-160.5,-5.5,153.45187351545076
5634,-160.5,-5.0,160.57109800362352
5635,-160.5,-4.5,160.99435911682207
5636,-160.5,-4.0,154.0332779359205
5637,-160.5,-3.5,154.63957136473547
5638,-160.5,-3.0,152.72599362993134
5639,-160.5,-2.5,151.2540032607715
5640,-160.5,-2.0,160.73399283517534
5641,-160.5,-1.5,151.0549039313997
5642,-160.5,-1.0,151.95090032985917
5643,-160.5,-0.5,153.69959961362346
5644,-160.5,0.0,155.2039213903793
5645,-160.5,0.5,148.13498543485179
5646,-160.5,1.5,148.1129139586238
5647,-160.5,2.0,151.10216241784676
5648,-160.5,2.5,152.45872830238423
5649,-160.5,4.0,154.50127077838332
5650,-160.5,4.5,154.4999115299295
5651,-160.5,5.0,152.91712848237762
5652,-160.5,5.5,165.03976953008228
5653,-160.5,6.0,166.91791097880545
5654,-160.5,6.5,155.02719813024822
5655,-160.5,7.0,157.13147501393442
5656,-160.5,7.5,160.2618688397691
5657,-160.5,8.0,163.46314868953135
5658,-160.5,8.5,158.76885231440332
5659,-160.5,9.0,159.83846724854146
5660,-160.5,9.5,153.60939413257688
5661,-160.5,10.0,151.2913857020462
5662,-160.5,11.0,151.96421740987643
5663,-160.5,11.5,154.34943855775902
5664,-160.5,12.0,148.9979214801288
5665,-160.5,12.5,154.81274376720026
5666,-160.5,13.0,148.33021543209887
5667,-160.5,14.0,153.40201631561044
5668,-160.5,14.5,153.62387224463163
5669,-160.5,15.0,152.39767788543375
5670,-160.5,15.5,151.45313457937925
5671,-160.5,16.0,153.11062271789936
5672,-160.5,16.5,153.608870886223
5673,-160.5,17.0,152.32479721402592
5674,-160.5,17.5,150.94446887607043
5675,-160.5,18.0,151.0968494762023
5676,-160.5,18.5,150.00468986743738
5677,-160.5,19.0,150.0334207038952
5678,-160.5,20.5,154.0851216221827
5679,-160.5,21.0,148.2430704597302
5680,-160.5,21.5,148.5632410982362
5681,-160.5,22.0,151.72168708254833
5682,-160.5,22.5,152.20095670531714
5683,-160.5,23.0,157.69063445709205
5684,-160.5,23.5,154.55726495301292
5685,-160.5,24.0,147.29501821079035
5686,-160.5,24.5,147.77448309000886
5687,-160.5,25.0,147.94321390426813
5688,-160.5,25.5,148.4970357594832
5689,-160.5,26.0,153.44188284434406
5690,-160.5,26.5,150.80965548494538
5691,-160.5,27.0,153.40439094489253
5692,-160.5,27.5,152.36586191253008
5693,-160.5,28.0,150.33475404781143
5694,-160.5,28.5,156.32489445539622
5695,-160.5,29.0,150.60501294603475
5696,-160.5,29.5,150.4020999194143
5697,-160.5,30.0,151.43055695194647
5698,-160.5,30.5,150.96450101503015
5699,-160.5,31.0,160.4724080823907
5700,-160.5,31.5,156.97323629881222
5701,-160.5,32.0,155.7547689879215
5702,-160.5,32.5,164.11774368195165
5703,-160.5,33.0,162.78641362707413
5704,-160.5,34.0,171.8895834207063
5705,-160.5,34.5,156.67394959886258
5706,-160.5,35.0,156.69775486250506
5707,-160.5,35.5,157.69759444809534
5708,-160.5,36.0,153.08250840119612
5709,-160.5,36.5,151.04448929599698
5710,-160.5,37.0,148.03157569873778
5711,-160.5,39.0,176.30343793143328
5712,-160.0,-38.0,158.1112383683396
5713,-160.0,-37.5,154.04485929268554
5714,-160.0,-37.0,152.00344009579803
5715,-160.0,-36.0,149.05852367927227
5716,-160.0,-35.5,148.9301848682163
5717,-160.0,-35.0,148.5405301823356
5718,-160.0,-34.5,152.27090927597663
5719,-160.0,-34.0,151.84651674167185
5720,-160.0,-33.5,148.91145136618718
5721,-160.0,-33.0,159.3728782733061
5722,-160.0,-32.5,148.77856029034464
5723,-160.0,-32.0,149.01348418479895
5724,-160.0,-31.5,150.2800173981604
5725,-160.0,-31.0,149.64149552816855
5726,-160.0,-30.5,150.23871692073834
5727,-160.0,-30.0,147.31370574677806
5728,-160.0,-29.5,151.46106194451283
5729,-160.0,-29.0,152.86182042643134
5730,-160.0,-28.5,150.66490426693412
5731,-160.0,-28.0,151.44316651243523
5732,-160.0,-27.5,151.28960021488408
5733,-160.0,-27.0,147.88171974966968
5734,-160.0,-26.5,148.6214827609442
5735,-160.0,-26.0,148.2697189069769
5736,-160.0,-25.5,151.06017277677344
5737,-160.0,-25.0,150.94901355843578
5738,-160.0,-24.5,150.22235676554482
5739,-160.0,-24.0,152.0141118957435
5740,-160.0,-23.5,154.59589297232793
5741,-160.0,-23.0,150.31323571173425
5742,-160.0,-22.5,153.88569266722246
5743,-160.0,-22.0,154.84874521441319
5744,-160.0,-21.5,149.05842094894004
5745,-160.0,-21.0,152.0914393642187
5746,-160.0,-20.5,157.11439689035137
5747,-160.0,-20.0,157.86586098529733
5748,-160.0,-19.5,152.78043743971526
5749,-160.0,-19.0,151.3247862350971
5750,-160.0,-18.5,151.1894369779964
5751,-160.0,-18.0,152.79556487969077
5752,-160.0,-17.5,151.8142138246235
5753,-160.0,-17.0,150.89807126831127
5754,-160.0,-16.5,149.52509286187123
5755,-160.0,-15.0,161.8604143910756
5756,-160.0,-14.5,154.66550853531865
5757,-160.0,-14.0,148.2302706939834
5758,-160.0,-13.5,154.28897483199916
5759,-160.0,-13.0,146.44694944946477
5760,-160.0,-12.5,146.78401096070166
5761,-160.0,-12.0,150.228306391542
5762,-160.0,-11.5,152.76931287630615
5763,-160.0,-11.0,154.3778831501606
5764,-160.0,-10.5,152.22838738979792
5765,-160.0,-10.0,150.12535418080503
5766,-160.0,-9.5,152.69578363850655
5767,-160.0,-7.5,150.19019109544593
5768,-160.0,-7.0,151.46661037084925
5769,-160.0,-6.5,155.1177548616162
5770,-160.0,-6.0,150.440219699543
5771,-160.0,-5.5,156.49138337080748
5772,-160.0,-5.0,161.0675436665211
5773,-160.0,-4.5,161.33509650958013
5774,-160.0,-4.0,157.91576217226518
5775,-160.0,-3.5,155.93409575753506
5776,-160.0,-3.0,150.5411928837685
5777,-160.0,-2.5,152.63735711603093
5778,-160.0,-2.0,159.312301244667
5779,-160.0,-1.5,153.1059566705989
5780,-160.0,-1.0,149.01901975273478
5781,-160.0,-0.5,154.29147447101184
5782,-160.0,0.0,153.4159283908989
5783,-160.0,0.5,156.88720808688987
5784,-160.0,1.0,148.06548908761357
5785,-160.0,1.5,148.28439667853834
5786,-160.0,2.0,149.98020073489164
5787,-160.0,2.5,154.3175463341808
5788,-160.0,3.0,153.4627217349185
5789,-160.0,4.5,153.73140785395307
5790,-160.0,5.0,155.0378996521699
5791,-160.0,5.5,160.63044456302316
5792,-160.0,6.0,160.36809995705283
5793,-160.0,6.5,161.76670895495488
5794,-160.0,7.5,156.75790433762387
5795,-160.0,8.0,163.02241443853467
5796,-160.0,8.5,162.1672771394392
5797,-160.0,9.0,159.122405373874
5798,-160.0,9.5,151.37008733066014
5799,-160.0,10.0,152.63211628677553
5800,-160.0,10.5,152.60445711463828
5801,-160.0,11.0,153.2131997840093
5802,-160.0,11.5,152.20643632497476
5803,-160.0,12.0,158.80212559951892
5804,-160.0,12.5,155.77047007593433
5805,-160.0,13.0,149.70173103870408
5806,-160.0,13.5,148.54262059260017
5807,-160.0,14.0,153.9010421381679
5808,-160.0,14.5,152.5780796049993
5809,-160.0,15.0,153.5070843479657
5810,-160.0,15.5,150.38931004408767
5811,-160.0,16.0,154.05690678226705
5812,-160.0,16.5,154.3678536576638
5813,-160.0,17.0,150.54423111226322
5814,-160.0,17.5,150.86029044757075
5815,-160.0,18.5,150.45877179913245
5816,-160.0,20.0,147.84793667002933
5817,-160.0,20.5,148.8546612380655
5818,-160.0,21.0,153.57771093940872
5819,-160.0,21.5,148.44935903572633
5820,-160.0,22.0,153.89789177994763
5821,-160.0,22.5,149.1671373375311
5822,-160.0,23.0,155.9288394492936
5823,-160.0,23.5,161.10908992581395
5824,-160.0,24.0,155.13196014375484
5825,-160.0,24.5,147.72544583401208
5826,-160.0,25.0,148.37090294149894
5827,-160.0,25.5,148.5266711298207
5828,-160.0,26.0,152.61053727552786
5829,-160.0,26.5,159.86243519529665
5830,-160.0,27.0,152.73147083849668
5831,-160.0,27.5,162.162080646745
5832,-160.0,28.0,155.0781363163713
5833,-160.0,28.5,159.96484830454324
5834,-160.0,29.0,150.1638872768201
5835,-160.0,29.5,151.00078076921866
5836,-160.0,30.0,149.7564069790124
5837,-160.0,30.5,155.24638725381357
5838,-160.0,31.0,159.1685298446457
5839,-160.0,31.5,157.78566537014206
5840,-160.0,32.0,155.25572664132412
5841,-160.0,32.5,163.19183739658493
5842,-160.0,33.0,163.66179161363755
5843,-160.0,34.0,167.38025611061775
5844,-160.0,34.5,162.16503539762752
5845,-160.0,35.0,156.07887462781878
5846,-160.0,35.5,154.8952836524639
5847,-160.0,36.0,154.16551685259822
5848,-160.0,36.5,151.09968815270025
5849,-160.0,37.0,148.01600513535894
5850,-160.0,39.0,176.12634912074267
5851,-159.5,-38.0,157.99633151212677
5852,-159.5,-37.5,153.5808509766991
5853,-159.5,-37.0,151.69753044953165
5854,-159.5,-36.0,149.83355862779416
5855,-159.5,-35.5,148.81487238338875
5856,-159.5,-35.0,148.7706701093572
5857,-159.5,-34.5,151.44307967877154
5858,-159.5,-34.0,151.75166025164117
5859,-159.5,-33.5,148.78773548977242
5860,-159.5,-33.0,157.85233409138164
5861,-159.5,-32.5,148.35559698729438
5862,-159.5,-32.0,149.2558160048386
5863,-159.5,-31.5,150.79692017840594
5864,-159.5,-31.0,149.87014600337184
5865,-159.5,-30.5,149.59450921457952
5866,-159.5,-30.0,147.77889961857198
5867,-159.5,-29.5,150.59200645830282
5868,-159.5,-29.0,151.5906757231383
5869,-159.5,-28.5,151.44230450471454
5870,-159.5,-28.0,151.4170434281996
5871,-159.5,-27.5,151.59815365433963
5872,-159.5,-27.0,148.10176386398825
5873,-159.5,-26.5,148.9116481206064
5874,-159.5,-26.0,150.7308950262876
5875,-159.5,-25.5,152.69240275441268
5876,-159.5,-25.0,151.11414907406544
5877,-159.5,-24.5,150.80793612247925
5878,-159.5,-24.0,152.00944381223343
5879,-159.5,-23.5,150.81407282229424
5880,-159.5,-22.5,154.6953868482799
5881,-159.5,-22.0,151.7314592840216
5882,-159.5,-21.5,154.70215933428307
5883,-159.5,-21.0,153.1767420697529
5884,-159.5,-20.5,156.77447190185381
5885,-159.5,-20.0,156.08390471441123
5886,-159.5,-19.5,152.09910316319812
5887,-159.5,-19.0,152.5413580727171
5888,-159.5,-18.5,149.95796783810974
5889,-159.5,-18.0,152.41464698347497
5890,-159.5,-17.0,150.4608868480057
5891,-159.5,-16.5,149.18717297226738
5892,-159.5,-16.0,148.97485213784114
5893,-159.5,-15.5,162.12294744412353
5894,-159.5,-15.0,158.29609603229704
5895,-159.5,-14.5,151.11718245084623
5896,-159.5,-14.0,152.5574574142987
5897,-159.5,-13.5,149.33540604765054
5898,-159.5,-13.0,150.29354468501305
5899,-159.5,-12.5,149.01305644669088
5900,-159.5,-12.0,147.3968674929188
5901,-159.5,-11.5,151.4880305696803
5902,-159.5,-11.0,153.96789901211946
5903,-159.5,-10.5,153.86647182227645
5904,-159.5,-10.0,150.252593171294
5905,-159.5,-9.5,151.53623226131666
5906,-159.5,-8.0,150.95700196601996
5907,-159.5,-7.5,149.06863724530706
5908,-159.5,-7.0,150.75969053199444
5909,-159.5,-6.5,155.10505954532132
5910,-159.5,-6.0,157.68012391799996
5911,-159.5,-5.5,157.0359535547847
5912,-159.5,-5.0,156.9961007839825
5913,-159.5,-4.5,159.71540766550956
5914,-159.5,-4.0,160.08985943287792
5915,-159.5,-3.5,151.5484479208919
5916,-159.5,-3.0,151.79500824157805
5917,-159.5,-2.5,156.4601430569682
5918,-159.5,-2.0,151.0556411723662
5919,-159.5,-1.5,149.67550623365645
5920,-159.5,-1.0,154.55562770002078
5921,-159.5,-0.5,149.06140490299842
5922,-159.5,0.0,155.08087240633301
5923,-159.5,0.5,154.1479293148583
5924,-159.5,1.0,152.00771970174495
5925,-159.5,1.5,149.4144109844871
5926,-159.5,2.5,154.73319984790095
5927,-159.5,3.0,154.1619235356186
5928,-159.5,3.5,154.38914875584715
5929,-159.5,4.0,153.13599786847695
5930,-159.5,4.5,153.4274840415253
5931,-159.5,5.0,154.63990784425462
5932,-159.5,5.5,154.3709676531973
5933,-159.5,6.0,160.66598206201706
5934,-159.5,6.5,160.82880659595912
5935,-159.5,7.0,171.11237470641248
5936,-159.5,7.5,158.18557864611395
5937,-159.5,8.0,156.75127567227054
5938,-159.5,8.5,163.3499747192302
5939,-159.5,9.0,162.56543721640213
5940,-159.5,10.0,153.93393530408144
5941,-159.5,10.5,153.51665432984998
5942,-159.5,11.0,158.57508336865664
5943,-159.5,11.5,153.75964199440836
5944,-159.5,12.0,159.93847377328936
5945,-159.5,13.0,149.44563736069378
5946,-159.5,13.5,152.38599585120343
5947,-159.5,14.0,151.64786510396533
5948,-159.5,14.5,153.00852415340287
5949,-159.5,15.0,152.002884837436
5950,-159.5,15.5,156.0682205496025
5951,-159.5,16.0,153.04496226650733
5952,-159.5,16.5,153.6027543640286
5953,-159.5,17.0,150.81462644738326
5954,-159.5,17.5,150.78771222644698
5955,-159.5,18.0,150.2501791302054
5956,-159.5,18.5,150.397995263008
5957,-159.5,19.5,166.10770764459255
5958,-159.5,20.0,150.4924639915934
5959,-159.5,20.5,148.43639327723895
5960,-159.5,21.0,156.21402445842557
5961,-159.5,21.5,151.89029918979583
5962,-159.5,22.0,151.39912236761256
5963,-159.5,22.5,150.83930434197953
5964,-159.5,23.0,149.02626812410324
5965,-159.5,23.5,157.2708445908862
5966,-159.5,24.0,155.29210003207993
5967,-159.5,24.5,147.68309099312975
5968,-159.5,25.0,148.51749665382894
5969,-159.5,25.5,148.1037019099109
5970,-159.5,26.0,150.69557209401026
5971,-159.5,26.5,159.90171596315753
5972,-159.5,27.0,153.10951708199954
5973,-159.5,27.5,157.21389481456225
5974,-159.5,28.0,157.4579575397449
5975,-159.5,28.5,154.981081544435
5976,-159.5,29.0,152.92849833874342
5977,-159.5,29.5,150.4907945122718
5978,-159.5,30.0,149.6587268942198
5979,-159.5,30.5,158.05841482698295
5980,-159.5,31.0,157.2243616361518
5981,-159.5,31.5,155.13491432422651
5982,-159.5,32.0,156.62047292378531
5983,-159.5,32.5,151.2453836859288
5984,-159.5,33.0,175.8359044001712
5985,-159.5,33.5,175.8857189383774
5986,-159.5,34.0,159.6197291231869
5987,-159.5,34.5,165.46862283870357
5988,-159.5,35.0,155.7228405624651
5989,-159.5,35.5,150.54899836161522
5990,-159.5,36.0,155.04546978444324
5991,-159.5,36.5,151.8023156009103
5992,-159.5,37.0,148.2949657092377
5993,-159.5,39.0,175.9398280913452
5994,-159.0,-38.0,157.9414332927183
5995,-159.0,-37.5,152.99803031328392
5996,-159.0,-37.0,153.42065943651738
5997,-159.0,-36.0,149.8254951386353
5998,-159.0,-35.5,149.1540010725904
5999,-159.0,-35.0,148.69345623932068
6000,-159.0,-34.5,150.64759758174188
6001,-159.0,-34.0,151.74214926662378
6002,-159.0,-33.5,148.26577768475215
6003,-159.0,-33.0,151.04458928202416
6004,-159.0,-32.5,148.77796663539667
6005,-159.0,-32.0,149.08684489625998
6006,-159.0,-31.5,150.43378913089666
6007,-159.0,-31.0,149.72496301213695
6008,-159.0,-30.5,149.99650412191127
6009,-159.0,-30.0,149.13622991334316
6010,-159.0,-29.5,148.84882039794027
6011,-159.0,-29.0,150.6526258641287
6012,-159.0,-28.5,154.9286520419638
6013,-159.0,-28.0,147.59380743204372
6014,-159.0,-27.5,149.51225146900896
6015,-159.0,-27.0,148.97214120923158
6016,-159.0,-26.5,149.50409665674465
6017,-159.0,-26.0,149.705883513475
6018,-159.0,-25.5,151.63374180083463
6019,-159.0,-25.0,151.9904308950004
6020,-159.0,-24.5,150.55181458609215
6021,-159.0,-24.0,151.5300502369227
6022,-159.0,-23.5,153.22538085579706
6023,-159.0,-23.0,157.39230120918316
6024,-159.0,-22.5,154.26574895376413
6025,-159.0,-22.0,150.0869724786095
6026,-159.0,-21.5,155.05487660262037
6027,-159.0,-21.0,150.49572256407387
6028,-159.0,-20.5,154.0121244044017
6029,-159.0,-20.0,152.898366761506
6030,-159.0,-19.5,156.51787970527153
6031,-159.0,-19.0,151.7221585555561
6032,-159.0,-18.5,153.7542760714443
6033,-159.0,-18.0,150.57034052803837
6034,-159.0,-17.5,153.32885295079979
6035,-159.0,-16.5,148.85810334683126
6036,-159.0,-16.0,148.76580991827427
6037,-159.0,-15.5,161.03788677475666
6038,-159.0,-15.0,152.7134940372909
6039,-159.0,-14.5,151.39788084879982
6040,-159.0,-14.0,154.46290607148904
6041,-159.0,-13.5,147.4859053535285
6042,-159.0,-13.0,150.75222568020473
6043,-159.0,-12.5,149.76935214802032
6044,-159.0,-12.0,149.16451428638405
6045,-159.0,-11.5,150.8579601475077
6046,-159.0,-11.0,153.281147625647
6047,-159.0,-10.5,151.13996256122303
6048,-159.0,-10.0,154.6139870876964
6049,-159.0,-9.5,147.2566825033559
6050,-159.0,-9.0,146.8890202473813
6051,-159.0,-8.5,150.06337798586813
6052,-159.0,-8.0,149.68060971507018
6053,-159.0,-7.5,149.25447907111442
6054,-159.0,-7.0,149.04189464921137
6055,-159.0,-6.5,152.7838475057631
6056,-159.0,-6.0,158.35596006817988
6057,-159.0,-5.5,157.9732537682995
6058,-159.0,-5.0,156.2691803207526
6059,-159.0,-4.5,157.34041096458645
6060,-159.0,-4.0,158.74723495737695
6061,-159.0,-3.5,156.183044176952
6062,-159.0,-3.0,157.30892397278518
6063,-159.0,-2.5,153.1795363109963
6064,-159.0,-2.0,149.16589442521644
6065,-159.0,-1.5,152.46091490771633
6066,-159.0,-1.0,153.01318910003437
6067,-159.0,-0.5,150.92836843181234
6068,-159.0,0.0,152.1412207484455
6069,-159.0,0.5,152.33338964559482
6070,-159.0,1.0,151.72669970635778
6071,-159.0,1.5,155.7104222523276
6072,-159.0,3.0,155.1239765120351
6073,-159.0,3.5,154.46458420452066
6074,-159.0,4.0,153.11912191171007
6075,-159.0,5.0,154.22764187080557
6076,-159.0,5.5,155.62499536502133
6077,-159.0,6.0,155.85048079258192
6078,-159.0,6.5,163.92360047187185
6079,-159.0,7.0,161.64796292476797
6080,-159.0,7.5,158.04462307767062
6081,-159.0,8.0,158.29086295869973
6082,-159.0,8.5,158.93196568292473
6083,-159.0,9.0,170.4336090606664
6084,-159.0,9.5,160.3498134051629
6085,-159.0,10.5,155.08796262767518
6086,-159.0,11.0,154.91941599573374
6087,-159.0,11.5,159.53439233305133
6088,-159.0,12.0,153.4057920024364
6089,-159.0,12.5,151.19420001124107
6090,-159.0,13.0,152.71565891119815
6091,-159.0,13.5,150.70592629626128
6092,-159.0,14.0,151.69835237973246
6093,-159.0,14.5,153.2354294785244
6094,-159.0,15.0,152.02779503116503
6095,-159.0,15.5,156.11776401093798
6096,-159.0,16.0,152.78381316361333
6097,-159.0,16.5,152.20859938400685
6098,-159.0,17.0,152.55851886545403
6099,-159.0,17.5,150.67627421176536
6100,-159.0,18.0,150.26193649690418
6101,-159.0,19.5,148.36311250176732
6102,-159.0,20.0,155.92253111033426
6103,-159.0,20.5,148.28260670435122
6104,-159.0,21.0,148.4876647592659
6105,-159.0,21.5,155.94263171070122
6106,-159.0,22.0,149.33572277718977
6107,-159.0,22.5,150.04962876807724
6108,-159.0,23.0,148.81676344108212
6109,-159.0,23.5,155.77864653898854
6110,-159.0,24.0,154.04565676818052
6111,-159.0,24.5,153.3868224068293
6112,-159.0,25.5,147.91528351635085
6113,-159.0,26.0,153.28115344142563
6114,-159.0,26.5,152.5104202856439
6115,-159.0,27.0,154.96368964695102
6116,-159.0,27.5,153.1359435839354
6117,-159.0,28.0,160.042061316875
6118,-159.0,28.5,151.31821849780005
6119,-159.0,29.0,157.53958258624272
6120,-159.0,29.5,150.43678840849998
6121,-159.0,30.0,150.41588208046292
6122,-159.0,30.5,161.97648319005373
6123,-159.0,31.0,157.08144619084598
6124,-159.0,31.5,155.27415489840064
6125,-159.0,32.0,156.32146608434832
6126,-159.0,32.5,151.56239792436736
6127,-159.0,33.5,175.84050230892174
6128,-159.0,34.0,150.02969935627073
6129,-159.0,34.5,165.71504382586753
6130,-159.0,35.0,153.83882628240568
6131,-159.0,35.5,150.90375286478127
6132,-159.0,36.0,155.36374933617137
6133,-159.0,36.5,152.53432078506236
6134,-159.0,37.0,148.36995117143923
6135,-159.0,39.0,175.82068346150993
6136,-158.5,-38.0,157.89033261314637
6137,-158.5,-37.5,152.79287919296107
6138,-158.5,-37.0,153.01472319588137
6139,-158.5,-36.0,149.22679048047297
6140,-158.5,-35.5,148.65864408216052
6141,-158.5,-35.0,149.99285476270543
6142,-158.5,-34.5,150.13214137596552
6143,-158.5,-34.0,150.90726625207546
6144,-158.5,-33.5,148.24054582029999
6145,-158.5,-33.0,149.6767721236304
6146,-158.5,-32.5,149.57313707305374
6147,-158.5,-32.0,148.6261474410011
6148,-158.5,-31.5,151.88330617410014
6149,-158.5,-31.0,149.12831500584974
6150,-158.5,-30.5,150.50325464435358
6151,-158.5,-30.0,148.9487344417913
6152,-158.5,-29.5,148.4080019547922
6153,-158.5,-29.0,151.4682066492949
6154,-158.5,-28.5,155.34451750088792
6155,-158.5,-28.0,147.66669139227642
6156,-158.5,-27.5,149.65580262886547
6157,-158.5,-27.0,149.11976109736335
6158,-158.5,-26.5,149.78755242668933
6159,-158.5,-26.0,148.92592826265962
6160,-158.5,-25.5,152.21774980416922
6161,-158.5,-25.0,150.9395367321084
6162,-158.5,-24.5,152.60868462085017
6163,-158.5,-24.0,148.56138226405724
6164,-158.5,-23.5,155.626828177024
6165,-158.5,-23.0,154.5576252716909
6166,-158.5,-22.0,152.121012691611
6167,-158.5,-21.5,154.13026579032626
6168,-158.5,-21.0,156.01972831594819
6169,-158.5,-20.5,151.7566450258576
6170,-158.5,-20.0,158.80966169600384
6171,-158.5,-19.5,154.2323729015362
6172,-158.5,-18.5,152.77880114135473
6173,-158.5,-18.0,153.32037763615565
6174,-158.5,-17.5,152.4937108561768
6175,-158.5,-16.5,148.46830242367605
6176,-158.5,-16.0,150.92462310645215
6177,-158.5,-15.5,153.693040015298
6178,-158.5,-15.0,148.86787844566302
6179,-158.5,-14.5,154.85608856624083
6180,-158.5,-13.5,147.87885953687498
6181,-158.5,-13.0,149.5750772973298
6182,-158.5,-12.5,152.8544195905455
6183,-158.5,-12.0,149.8289896204047
6184,-158.5,-11.5,149.9767959982987
6185,-158.5,-11.0,150.52492945934435
6186,-158.5,-10.5,152.09078760209508
6187,-158.5,-9.5,147.35909184565398
6188,-158.5,-9.0,147.85376132902257
6189,-158.5,-8.5,150.06286134842392
6190,-158.5,-8.0,148.79485531950618
6191,-158.5,-7.5,150.0767133650097
6192,-158.5,-7.0,148.93019284922784
6193,-158.5,-6.0,156.21157336640508
6194,-158.5,-5.5,158.07290320502125
6195,-158.5,-5.0,154.34442442128687
6196,-158.5,-4.5,156.6490580549752
6197,-158.5,-4.0,154.58056581105723
6198,-158.5,-3.5,159.65343462836933
6199,-158.5,-3.0,158.02803977340767
6200,-158.5,-2.5,149.6221942695684
6201,-158.5,-2.0,150.86499315063327
6202,-158.5,-1.5,153.06124524822792
6203,-158.5,-1.0,148.69770784661418
6204,-158.5,-0.5,155.57577095915755
6205,-158.5,0.0,148.2031012083916
6206,-158.5,0.5,150.19185570892336
6207,-158.5,1.0,153.6638019058898
6208,-158.5,1.5,155.72205081724866
6209,-158.5,2.0,156.92392553413734
6210,-158.5,3.0,152.04135144464692
6211,-158.5,3.5,154.5080459473479
6212,-158.5,4.0,153.84875591790697
6213,-158.5,4.5,157.82717418428538
6214,-158.5,5.0,156.21847576039045
6215,-158.5,5.5,156.20068417994332
6216,-158.5,6.0,157.1450816941646
6217,-158.5,6.5,157.46790142117698
6218,-158.5,7.0,161.92934513922742
6219,-158.5,7.5,165.0787316458361
6220,-158.5,8.0,158.43288986677294
6221,-158.5,8.5,157.0266847740678
6222,-158.5,9.0,161.96779685084624
6223,-158.5,9.5,167.85283823569173
6224,-158.5,10.0,159.08556619935678
6225,-158.5,10.5,158.8506087882899
6226,-158.5,11.0,153.08246079260135
6227,-158.5,11.5,159.25495457331903
6228,-158.5,12.0,151.33106676197198
6229,-158.5,12.5,150.62583222744072
6230,-158.5,13.0,155.61861340343367
6231,-158.5,13.5,151.17432820819218
6232,-158.5,14.0,151.92163920702234
6233,-158.5,14.5,150.9501028088688
6234,-158.5,15.0,155.421398314492
6235,-158.5,15.5,153.53797570832717
6236,-158.5,16.0,150.0742891982298
6237,-158.5,16.5,150.17474236774484
6238,-158.5,17.0,155.39187561239692
6239,-158.5,17.5,149.9222823982656
6240,-158.5,18.0,150.20000737835582
6241,-158.5,19.0,148.83540814936282
6242,-158.5,19.5,148.1680097314046
6243,-158.5,20.0,151.62378597700283
6244,-158.5,20.5,148.12338929047675
6245,-158.5,21.0,151.39486591758808
6246,-158.5,21.5,154.9474534556002
6247,-158.5,22.0,151.75368159490873
6248,-158.5,22.5,149.04755414025826
6249,-158.5,23.0,150.73796485240342
6250,-158.5,23.5,149.15035707628073
6251,-158.5,24.0,155.46252194265443
6252,-158.5,24.5,157.4040858227795
6253,-158.5,25.0,147.33891662840455
6254,-158.5,25.5,147.4960580395299
6255,-158.5,26.0,153.6411812329591
6256,-158.5,26.5,152.98950686410112
6257,-158.5,27.0,151.6901085448329
6258,-158.5,27.5,156.65845781880716
6259,-158.5,28.0,155.73690932733143
6260,-158.5,28.5,150.5458602996711
6261,-158.5,29.0,156.10624148944825
6262,-158.5,29.5,150.58236083151746
6263,-158.5,30.0,150.63054011467904
6264,-158.5,30.5,162.26172428046377
6265,-158.5,31.0,155.69303339446517
6266,-158.5,31.5,155.00356342997702
6267,-158.5,32.0,156.03885795227993
6268,-158.5,32.5,153.76472106437865
6269,-158.5,33.0,175.79077832234952
6270,-158.5,33.5,175.84158445612613
6271,-158.5,34.0,153.0428205953684
6272,-158.5,34.5,164.83457047955386
6273,-158.5,35.0,150.22558420805888
6274,-158.5,35.5,150.26614258746687
6275,-158.5,36.0,156.02832291728214
6276,-158.5,36.5,152.16489714516766
6277,-158.5,37.0,148.57116958231933
6278,-158.5,39.0,175.69147769619713
6279,-158.0,-37.5,152.28944626622518
6280,-158.0,-37.0,152.78812326464626
6281,-158.0,-36.0,149.26820722649413
6282,-158.0,-35.5,147.05232268563742
6283,-158.0,-35.0,150.04554749001147
6284,-158.0,-34.5,149.90692581280356
6285,-158.0,-34.0,150.78651178118392
6286,-158.0,-33.5,148.55715622324138
6287,-158.0,-33.0,150.12122262496288
6288,-158.0,-32.5,149.64009970124923
6289,-158.0,-32.0,148.64004261219876
6290,-158.0,-31.5,152.02413103241514
6291,-158.0,-31.0,148.65270159326153
6292,-158.0,-30.5,151.53597737792714
6293,-158.0,-30.0,148.24082540775194
6294,-158.0,-29.5,148.4056126717869
6295,-158.0,-29.0,151.22574514393415
6296,-158.0,-28.5,152.92934743161027
6297,-158.0,-28.0,149.94240217204373
6298,-158.0,-27.5,149.84761049848606
6299,-158.0,-27.0,148.312799797811
6300,-158.0,-26.5,151.07611009081145
6301,-158.0,-26.0,149.27431427632996
6302,-158.0,-25.5,150.5925625640549
6303,-158.0,-25.0,150.84926255291742
6304,-158.0,-24.5,153.36121244062792
6305,-158.0,-24.0,150.13239320769443
6306,-158.0,-23.5,153.34346074594805
6307,-158.0,-23.0,154.19163586468864
6308,-158.0,-22.5,152.31354169461616
6309,-158.0,-22.0,154.13100323267088
6310,-158.0,-21.5,150.82171354148554
6311,-158.0,-21.0,154.02772233962438
6312,-158.0,-20.5,154.5062266824059
6313,-158.0,-20.0,155.01225925418916
6314,-158.0,-19.5,148.2899510490286
6315,-158.0,-18.5,151.6360880373043
6316,-158.0,-18.0,154.87023587020687
6317,-158.0,-17.5,150.56695814562156
6318,-158.0,-17.0,152.04583279546347
6319,-158.0,-16.0,151.63382817720898
6320,-158.0,-15.5,149.4980235672276
6321,-158.0,-15.0,153.55429250512321
6322,-158.0,-14.5,153.83143976103332
6323,-158.0,-13.5,151.59835618753897
6324,-158.0,-13.0,151.85385163987007
6325,-158.0,-12.5,150.4567752825648
6326,-158.0,-12.0,151.9886183932788
6327,-158.0,-11.5,150.97517898118795
6328,-158.0,-11.0,150.10471665627765
6329,-158.0,-10.5,149.67700830313802
6330,-158.0,-9.0,150.6192300692744
6331,-158.0,-8.5,148.71499142494923
6332,-158.0,-8.0,150.06797735888114
6333,-158.0,-7.5,149.1579243898254
6334,-158.0,-6.0,153.06581444685787
6335,-158.0,-5.5,155.628932696961
6336,-158.0,-5.0,156.71251913916157
6337,-158.0,-4.5,152.185728730232
6338,-158.0,-4.0,155.81882653058037
6339,-158.0,-3.5,159.30465218148382
6340,-158.0,-3.0,153.7668115289279
6341,-158.0,-2.5,150.9434232844721
6342,-158.0,-2.0,154.62326934357125
6343,-158.0,-1.5,148.34396465740235
6344,-158.0,-0.5,149.57396740445895
6345,-158.0,0.0,150.70366364992324
6346,-158.0,0.5,149.1843752967262
6347,-158.0,1.0,153.05965459801914
6348,-158.0,1.5,154.46607154777442
6349,-158.0,2.0,155.42893804681768
6350,-158.0,3.0,151.93137981664458
6351,-158.0,4.0,155.30347228859102
6352,-158.0,4.5,154.41071866345843
6353,-158.0,5.0,156.74339893000453
6354,-158.0,5.5,155.92086468025434
6355,-158.0,6.5,156.46021595962486
6356,-158.0,7.0,162.2957235473545
6357,-158.0,7.5,162.55229364115658
6358,-158.0,8.0,165.789518020986
6359,-158.0,9.0,155.90638040840048
6360,-158.0,9.5,164.72174152907107
6361,-158.0,10.0,162.0602301633261
6362,-158.0,10.5,156.981563669459
6363,-158.0,11.0,159.51405860289228
6364,-158.0,11.5,151.71487487416206
6365,-158.0,12.0,149.77309726167454
6366,-158.0,12.5,152.82655017256235
6367,-158.0,13.0,150.9857639459085
6368,-158.0,13.5,155.53464842516348
6369,-158.0,14.0,150.43472993129367
6370,-158.0,14.5,154.206315313144
6371,-158.0,15.0,154.08389460718428
6372,-158.0,15.5,152.3359595942247
6373,-158.0,16.0,150.54245126301277
6374,-158.0,16.5,150.21427423223588
6375,-158.0,17.0,149.8189879177216
6376,-158.0,17.5,151.26528850557992
6377,-158.0,18.0,150.50145448106235
6378,-158.0,18.5,150.61472431010645
6379,-158.0,19.0,148.83255182137705
6380,-158.0,19.5,148.10628444285277
6381,-158.0,20.0,153.13890795668723
6382,-158.0,20.5,148.7910804674558
6383,-158.0,21.0,154.07973626169183
6384,-158.0,21.5,152.35643149093684
6385,-158.0,22.0,159.69956788259574
6386,-158.0,22.5,149.85942343943887
6387,-158.0,23.0,150.12113746783854
6388,-158.0,23.5,148.1370358267386
6389,-158.0,24.0,156.5203459244444
6390,-158.0,24.5,163.97265448084707
6391,-158.0,25.0,149.87249949112461
6392,-158.0,25.5,160.1391795186762
6393,-158.0,26.0,151.9301568407892
6394,-158.0,26.5,153.07548125653196
6395,-158.0,27.0,151.58789344591207
6396,-158.0,27.5,158.60198025884694
6397,-158.0,28.0,152.60099248365742
6398,-158.0,28.5,153.32226911645404
6399,-158.0,29.0,153.88562565321553
6400,-158.0,29.5,150.05005797987377
6401,-158.0,30.0,151.57929237095112
6402,-158.0,30.5,160.447046968257
6403,-158.0,31.0,154.72626197944842
6404,-158.0,31.5,156.0603560028333
6405,-158.0,32.0,154.00973421013944
6406,-158.0,32.5,157.19521517503446
6407,-158.0,33.0,175.712921877897
6408,-158.0,33.5,175.80556508139446
6409,-158.0,34.0,154.06447999962222
6410,-158.0,34.5,163.3904487680045
6411,-158.0,35.0,154.28730754853206
6412,-158.0,35.5,150.65605271469423
6413,-158.0,36.0,155.08601640745744
6414,-158.0,36.5,153.43915665541036
6415,-158.0,39.0,175.54765416403055
6416,-157.5,-37.5,151.96469896876138
6417,-157.5,-37.0,153.8296536985306
6418,-157.5,-36.0,149.29490444060318
6419,-157.5,-35.5,148.6611524682108
6420,-157.5,-35.0,149.74475140853573
6421,-157.5,-34.5,149.4451354653923
6422,-157.5,-34.0,151.1378040433411
6423,-157.5,-33.5,148.6614144096168
6424,-157.5,-33.0,149.87558321528837
6425,-157.5,-32.5,149.51817635652748
6426,-157.5,-32.0,149.43401635155476
6427,-157.5,-31.5,149.78874057186607
6428,-157.5,-31.0,149.43367509025674
6429,-157.5,-30.5,151.38236505607574
6430,-157.5,-30.0,149.06138848655064
6431,-157.5,-29.5,148.60567120764887
6432,-157.5,-29.0,150.75529387388946
6433,-157.5,-28.5,151.6801352951311
6434,-157.5,-28.0,152.84946085969207
6435,-157.5,-27.5,149.16206163000135
6436,-157.5,-27.0,150.21921685391231
6437,-157.5,-26.5,151.48426624076413
6438,-157.5,-26.0,150.65836211682554
6439,-157.5,-25.5,150.4532040191301
6440,-157.5,-25.0,151.83705786164043
6441,-157.5,-24.5,149.35947727355088
6442,-157.5,-24.0,152.23785731915586
6443,-157.5,-23.5,152.02849157466633
6444,-157.5,-22.5,154.1250517764108
6445,-157.5,-22.0,156.11555205382285
6446,-157.5,-21.5,151.77735287353684
6447,-157.5,-21.0,153.0618350649454
6448,-157.5,-20.5,156.70107356910495
6449,-157.5,-20.0,153.28124008400667
6450,-157.5,-18.5,154.86994501710083
6451,-157.5,-18.0,152.74254385605573
6452,-157.5,-17.5,154.9569492673974
6453,-157.5,-17.0,151.06585669271783
6454,-157.5,-16.5,152.39604375706855
6455,-157.5,-16.0,152.53256149586636
6456,-157.5,-15.5,150.6198842301633
6457,-157.5,-15.0,151.38274834014982
6458,-157.5,-14.0,151.57812823941705
6459,-157.5,-13.5,151.48218937716896
6460,-157.5,-13.0,152.99115092339497
6461,-157.5,-12.5,150.94990226381768
6462,-157.5,-12.0,151.2199511256675
6463,-157.5,-11.5,149.6023871569513
6464,-157.5,-11.0,152.22269254675183
6465,-157.5,-10.5,147.88925354944703
6466,-157.5,-10.0,148.5724441877447
6467,-157.5,-9.5,149.61943633456698
6468,-157.5,-9.0,150.3477835552625
6469,-157.5,-8.5,149.7183631500746
6470,-157.5,-8.0,149.9190809965116
6471,-157.5,-7.5,149.35266410308637
6472,-157.5,-6.0,153.0399309877742
6473,-157.5,-5.5,155.9780859408767
6474,-157.5,-5.0,156.34008122938957
6475,-157.5,-4.5,156.1366104768591
6476,-157.5,-4.0,156.95496358578157
6477,-157.5,-3.5,152.52554047611972
6478,-157.5,-3.0,152.91385589565303
6479,-157.5,-2.5,156.8646726471378
6480,-157.5,-2.0,148.08423155359228
6481,-157.5,-1.5,148.33392643952095
6482,-157.5,-1.0,148.01941591786746
6483,-157.5,-0.5,148.25563057661367
6484,-157.5,0.0,150.43926696985065
6485,-157.5,0.5,153.42279198332787
6486,-157.5,1.5,153.0966195681525
6487,-157.5,2.0,156.10378540407572
6488,-157.5,2.5,154.21160640317882
6489,-157.5,3.0,151.82532997667613
6490,-157.5,3.5,154.26520455352548
6491,-157.5,4.0,155.8806541608347
6492,-157.5,4.5,154.37888576881727
6493,-157.5,5.0,155.15213052154027
6494,-157.5,6.0,156.08208010967306
6495,-157.5,6.5,156.4060609939814
6496,-157.5,7.0,156.9957479454703
6497,-157.5,7.5,164.4213266222168
6498,-157.5,8.0,163.58135480984632
6499,-157.5,9.0,157.600283654303
6500,-157.5,9.5,157.78108729635275
6501,-157.5,10.0,164.1276177774878
6502,-157.5,10.5,160.78443896281607
6503,-157.5,11.0,162.55892367432986
6504,-157.5,11.5,153.68201516455036
6505,-157.5,12.0,151.1910084737543
6506,-157.5,12.5,155.4674316787532
6507,-157.5,13.0,154.31341921760014
6508,-157.5,13.5,152.8252811225861
6509,-157.5,14.0,150.52283381029162
6510,-157.5,14.5,152.25057129004443
6511,-157.5,15.0,152.94951839275805
6512,-157.5,15.5,150.8195207446358
6513,-157.5,16.0,151.8018024033495
6514,-157.5,16.5,149.4754771792512
6515,-157.5,17.0,149.91783290572332
6516,-157.5,18.5,149.51489772432146
6517,-157.5,19.0,148.2092224648636
6518,-157.5,19.5,148.1840545922583
6519,-157.5,20.0,154.69683581603792
6520,-157.5,20.5,152.99969078611608
6521,-157.5,21.0,150.213391105162
6522,-157.5,21.5,149.54802372494353
6523,-157.5,22.0,154.9074798375559
6524,-157.5,22.5,150.8389809865835
6525,-157.5,23.0,148.4636951232106
6526,-157.5,23.5,150.4036808078382
6527,-157.5,24.0,151.7121412138191
6528,-157.5,24.5,155.1519193824124
6529,-157.5,25.0,154.0581851342817
6530,-157.5,25.5,157.53574600260433
6531,-157.5,26.0,153.9183981198449
6532,-157.5,26.5,152.15515746530622
6533,-157.5,27.0,154.03346921069982
6534,-157.5,27.5,155.24672826613426
6535,-157.5,28.0,151.5205349729402
6536,-157.5,28.5,155.98560616667973
6537,-157.5,29.0,151.369183586526
6538,-157.5,29.5,155.72310111399764
6539,-157.5,30.0,152.24127249460992
6540,-157.5,30.5,159.5719744128653
6541,-157.5,31.0,154.24543084958066
6542,-157.5,31.5,154.68527172918738
6543,-157.5,32.0,152.42392753861603
6544,-157.5,32.5,158.81902958550344
6545,-157.5,33.5,175.75061656524957
6546,-157.5,34.0,158.1032265125491
6547,-157.5,34.5,155.46054610134937
6548,-157.5,35.0,158.1070419311094
6549,-157.5,35.5,149.56037105235927
6550,-157.5,36.0,151.35852286279498
6551,-157.5,36.5,154.80048040519569
6552,-157.5,37.0,177.379365443205
6553,-157.5,39.0,175.37333029920615
6554,-157.0,-37.5,151.67478927307573
6555,-157.0,-37.0,153.64123187243314
6556,-157.0,-36.0,149.16787224385646
6557,-157.0,-35.5,148.17321476702608
6558,-157.0,-35.0,149.96307140089797
6559,-157.0,-34.5,149.0035010999387
6560,-157.0,-34.0,150.7930048530976
6561,-157.0,-33.5,149.22603950387565
6562,-157.0,-33.0,149.86439403748875
6563,-157.0,-32.5,149.60770860882909
6564,-157.0,-32.0,149.6764068166375
6565,-157.0,-31.5,149.25254120420954
6566,-157.0,-31.0,150.49699789458808
6567,-157.0,-30.5,149.4900681122614
6568,-157.0,-30.0,150.37743037399417
6569,-157.0,-29.5,149.36310861200036
6570,-157.0,-29.0,151.9835882974901
6571,-157.0,-28.5,150.66372131033333
6572,-157.0,-28.0,150.35166819125305
6573,-157.0,-27.5,149.24885018266852
6574,-157.0,-27.0,150.78912194222252
6575,-157.0,-26.5,149.82727358932092
6576,-157.0,-26.0,151.9717717636586
6577,-157.0,-25.5,149.88253465438424
6578,-157.0,-25.0,151.09524491263778
6579,-157.0,-24.5,150.21563885910325
6580,-157.0,-24.0,153.95208141352035
6581,-157.0,-23.5,150.23185230540352
6582,-157.0,-23.0,150.59952195153193
6583,-157.0,-22.5,154.12126781889
6584,-157.0,-22.0,153.09443578809163
6585,-157.0,-21.5,153.422919884564
6586,-157.0,-21.0,152.61379747051708
6587,-157.0,-20.5,153.6640756725649
6588,-157.0,-20.0,153.96594385388582
6589,-157.0,-19.5,150.627538563692
6590,-157.0,-19.0,154.08344344177254
6591,-157.0,-18.5,154.43841627189286
6592,-157.0,-18.0,156.36833008086282
6593,-157.0,-17.5,152.8742968357277
6594,-157.0,-17.0,151.69163361881616
6595,-157.0,-16.5,152.18458239797351
6596,-157.0,-16.0,149.39722118388104
6597,-157.0,-15.5,154.30613637665562
6598,-157.0,-15.0,148.2530695970846
6599,-157.0,-14.5,148.22060086009236
6600,-157.0,-14.0,151.1952939035459
6601,-157.0,-13.5,156.19690784307014
6602,-157.0,-13.0,152.97552022559287
6603,-157.0,-12.5,153.91265834253056
6604,-157.0,-12.0,149.40272455395208
6605,-157.0,-11.5,151.69573864432402
6606,-157.0,-11.0,148.3369510951712
6607,-157.0,-10.5,147.06814338101447
6608,-157.0,-10.0,147.51758610178092
6609,-157.0,-9.5,151.1598004910743
6610,-157.0,-9.0,151.47358631825637
6611,-157.0,-8.5,150.15685638012914
6612,-157.0,-8.0,149.7195131350393
6613,-157.0,-6.5,150.12868325169262
6614,-157.0,-6.0,151.4933943699356
6615,-157.0,-5.5,156.08916453072064
6616,-157.0,-5.0,156.4082055623389
6617,-157.0,-4.5,156.85125979076517
6618,-157.0,-4.0,153.8439148858075
6619,-157.0,-3.5,151.28700728799907
6620,-157.0,-3.0,154.4908132177428
6621,-157.0,-2.5,153.3317873612028
6622,-157.0,-2.0,151.59914856806537
6623,-157.0,-1.5,148.2127154000001
6624,-157.0,-1.0,148.04655443473308
6625,-157.0,-0.5,148.957707997032
6626,-157.0,0.0,149.44081838180844
6627,-157.0,0.5,152.40252131363928
6628,-157.0,1.5,153.468957590085
6629,-157.0,2.0,152.5202097543504
6630,-157.0,2.5,153.0701013580742
6631,-157.0,3.0,155.37344813122036
6632,-157.0,3.5,153.40851560793644
6633,-157.0,4.5,154.74566963083808
6634,-157.0,5.0,153.7348088065034
6635,-157.0,5.5,154.62169253442588
6636,-157.0,6.0,155.78118246041643
6637,-157.0,6.5,156.0291254956846
6638,-157.0,7.0,158.30155276364337
6639,-157.0,7.5,157.87300016120165
6640,-157.0,8.0,169.07994834224183
6641,-157.0,8.5,161.0772043487545
6642,-157.0,9.0,156.89039170960015
6643,-157.0,9.5,156.37058107770076
6644,-157.0,10.0,160.5438427466015
6645,-157.0,10.5,165.96031598862288
6646,-157.0,11.0,156.97539239675433
6647,-157.0,11.5,160.30984179201516
6648,-157.0,12.0,154.94413246069774
6649,-157.0,12.5,149.67175699481086
6650,-157.0,13.0,157.51847730208442
6651,-157.0,13.5,154.05926839052438
6652,-157.0,14.0,159.22428345323348
6653,-157.0,14.5,152.0234825215594
6654,-157.0,15.0,153.6936771010356
6655,-157.0,15.5,150.60455725785883
6656,-157.0,16.0,151.2044629271178
6657,-157.0,16.5,150.27111606402985
6658,-157.0,17.0,149.92299874705222
6659,-157.0,17.5,150.05387712081566
6660,-157.0,18.0,147.84247370898916
6661,-157.0,18.5,148.8442951951605
6662,-157.0,19.0,148.89602016186552
6663,-157.0,19.5,148.61023308759516
6664,-157.0,20.0,151.5788055668131
6665,-157.0,20.5,154.191313260318
6666,-157.0,21.0,151.62625325426058
6667,-157.0,22.0,149.85943571793717
6668,-157.0,22.5,151.0089121155255
6669,-157.0,23.0,149.16041659219226
6670,-157.0,23.5,149.94300010230702
6671,-157.0,24.0,148.79206382578212
6672,-157.0,24.5,155.20528212901635
6673,-157.0,25.0,162.20650714643006
6674,-157.0,25.5,149.64430354630582
6675,-157.0,26.0,156.29281913351332
6676,-157.0,26.5,154.71953579743945
6677,-157.0,27.0,154.19996429082647
6678,-157.0,27.5,153.39576949624214
6679,-157.0,28.0,153.52360274313432
6680,-157.0,28.5,154.45969213410993
6681,-157.0,29.0,151.79193250785204
6682,-157.0,29.5,153.6865672665733
6683,-157.0,30.0,153.88100596668966
6684,-157.0,30.5,157.30738481157562
6685,-157.0,31.0,154.49171352028128
6686,-157.0,31.5,152.49425104522913
6687,-157.0,32.0,151.6613842002156
6688,-157.0,32.5,158.4470287728098
6689,-157.0,33.5,165.1688597981168
6690,-157.0,34.0,154.4994769372856
6691,-157.0,34.5,158.65173776374561
6692,-157.0,35.0,163.14542997125946
6693,-157.0,35.5,152.58064510372415
6694,-157.0,36.0,149.09273371096646
6695,-157.0,36.5,156.46948519982544
6696,-157.0,37.0,177.3828582918093
6697,-157.0,39.0,175.26214400935237
6698,-156.5,-37.5,151.30811668104562
6699,-156.5,-37.0,153.6809959188416
6700,-156.5,-36.0,149.25441127223897
6701,-156.5,-35.5,149.48259364354294
6702,-156.5,-35.0,149.87941312153268
6703,-156.5,-34.5,149.4190951204331
6704,-156.5,-34.0,151.73070101516623
6705,-156.5,-33.5,149.19787057761653
6706,-156.5,-33.0,150.2627543631761
6707,-156.5,-32.5,149.6859739362308
6708,-156.5,-32.0,149.86862869415285
6709,-156.5,-31.5,149.83076029510212
6710,-156.5,-31.0,150.08005461409624
6711,-156.5,-30.5,149.61127994354558
6712,-156.5,-30.0,150.32368211457572
6713,-156.5,-29.5,150.6357031356723
6714,-156.5,-29.0,151.86133858950654
6715,-156.5,-28.5,149.63937069542058
6716,-156.5,-28.0,148.4717040412146
6717,-156.5,-27.5,151.17639560709608
6718,-156.5,-27.0,148.4771049044045
6719,-156.5,-26.5,149.4929513543746
6720,-156.5,-26.0,152.95668046823286
6721,-156.5,-25.5,150.09097557889305
6722,-156.5,-25.0,148.22217857230456
6723,-156.5,-24.5,150.8452274758877
6724,-156.5,-24.0,153.50568574722743
6725,-156.5,-23.5,151.64726560590967
6726,-156.5,-23.0,150.3021955680398
6727,-156.5,-22.5,155.11250169054318
6728,-156.5,-22.0,152.74665167213038
6729,-156.5,-21.5,154.3398885834971
6730,-156.5,-21.0,154.10063230717316
6731,-156.5,-20.5,153.6792372687343
6732,-156.5,-20.0,153.19386040347203
6733,-156.5,-19.5,151.4184010890667
6734,-156.5,-19.0,153.81326195263696
6735,-156.5,-18.5,155.49129961748815
6736,-156.5,-18.0,155.85427263990414
6737,-156.5,-17.5,151.2416586660163
6738,-156.5,-17.0,154.53819752206022
6739,-156.5,-16.5,150.52059337464
6740,-156.5,-16.0,152.47164841091148
6741,-156.5,-15.5,152.76543509940322
6742,-156.5,-15.0,148.10556462127906
6743,-156.5,-14.5,148.94105509175128
6744,-156.5,-14.0,151.32695666400147
6745,-156.5,-13.5,152.67044599055143
6746,-156.5,-13.0,155.24270697993674
6747,-156.5,-12.5,152.3344919907807
6748,-156.5,-12.0,152.4909561463425
6749,-156.5,-11.5,149.269159389117
6750,-156.5,-11.0,151.59783939871218
6751,-156.5,-10.5,147.7799501401103
6752,-156.5,-10.0,147.65778036394926
6753,-156.5,-9.5,149.50354395416596
6754,-156.5,-9.0,152.90391790118846
6755,-156.5,-8.5,150.97784058719878
6756,-156.5,-8.0,148.91869661071152
6757,-156.5,-7.5,148.88428050706128
6758,-156.5,-7.0,157.2376918157886
6759,-156.5,-6.5,149.8806192593159
6760,-156.5,-6.0,154.58401041907427
6761,-156.5,-5.5,154.81222302442183
6762,-156.5,-5.0,158.37823304114488
6763,-156.5,-4.5,155.0467596313084
6764,-156.5,-4.0,154.18492519655237
6765,-156.5,-3.5,154.5230125279864
6766,-156.5,-3.0,150.15100043507752
6767,-156.5,-2.5,151.1059742210517
6768,-156.5,-2.0,153.71195822101305
6769,-156.5,-1.5,149.46188820263987
6770,-156.5,-1.0,148.69551063929262
6771,-156.5,-0.5,148.87662658668938
6772,-156.5,0.5,151.82594623458627
6773,-156.5,1.0,151.5529343598186
6774,-156.5,1.5,151.03707832916274
6775,-156.5,2.0,152.13812833817144
6776,-156.5,2.5,152.23598126126487
6777,-156.5,3.0,152.84052296155244
6778,-156.5,3.5,154.85115991969874
6779,-156.5,4.5,153.93838492758516
6780,-156.5,5.0,154.42118541078608
6781,-156.5,5.5,153.7380173295572
6782,-156.5,6.5,154.53819550321046
6783,-156.5,7.0,158.3029365541856
6784,-156.5,8.0,161.75790410031362
6785,-156.5,8.5,164.5336339922962
6786,-156.5,9.0,161.57621732986848
6787,-156.5,9.5,155.85438638191948
6788,-156.5,10.0,159.2415234393065
6789,-156.5,10.5,162.4820438980352
6790,-156.5,11.0,164.06708206545449
6791,-156.5,11.5,157.54922989712963
6792,-156.5,12.0,153.66602735957014
6793,-156.5,12.5,153.18314093906852
6794,-156.5,13.0,149.14568135358502
6795,-156.5,13.5,156.63070256802038
6796,-156.5,14.0,153.39920314269136
6797,-156.5,14.5,158.24354073193547
6798,-156.5,15.0,152.12824801606794
6799,-156.5,15.5,148.57742181675198
6800,-156.5,16.0,150.1987495439098
6801,-156.5,16.5,150.58906908537728
6802,-156.5,17.5,149.94837655854244
6803,-156.5,18.0,147.79506288314232
6804,-156.5,18.5,148.30483652362065
6805,-156.5,19.0,150.06652836232774
6806,-156.5,19.5,153.36005706340603
6807,-156.5,20.0,151.8746361573105
6808,-156.5,20.5,152.920657204574
6809,-156.5,21.0,153.17289544046398
6810,-156.5,21.5,149.70923579503886
6811,-156.5,22.0,149.85537304041117
6812,-156.5,22.5,148.3749755101403
6813,-156.5,23.0,150.93558153346692
6814,-156.5,23.5,149.1431542977655
6815,-156.5,24.0,154.5466083495208
6816,-156.5,24.5,150.41737997069467
6817,-156.5,25.0,156.19428151573823
6818,-156.5,25.5,153.25303987429777
6819,-156.5,26.0,148.2329294016112
6820,-156.5,26.5,157.7509268458267
6821,-156.5,27.0,152.32958493746784
6822,-156.5,27.5,150.99554317308963
6823,-156.5,28.0,156.7973304071628
6824,-156.5,28.5,151.33997670934312
6825,-156.5,29.0,155.6515802116903
6826,-156.5,29.5,153.58218966451832
6827,-156.5,30.0,156.7179080193384
6828,-156.5,30.5,150.80914264926068
6829,-156.5,31.0,153.21342056329237
6830,-156.5,31.5,152.63106288463786
6831,-156.5,32.0,152.9944363872408
6832,-156.5,32.5,158.74643287615
6833,-156.5,33.5,157.52792236466016
6834,-156.5,34.0,153.44287525661812
6835,-156.5,34.5,159.66888476966275
6836,-156.5,35.0,170.99296362134334
6837,-156.5,35.5,152.77115664162454
6838,-156.5,36.0,150.09975629331933
6839,-156.5,36.5,157.9064753871701
6840,-156.5,37.0,177.40851894959596
6841,-156.5,39.0,175.1466307495937
6842,-156.0,-37.5,154.10281380499458
6843,-156.0,-37.0,152.48713447891413
6844,-156.0,-36.0,149.5144923444843
6845,-156.0,-35.5,150.28178349852232
6846,-156.0,-35.0,149.65732568954513
6847,-156.0,-34.5,149.26866868392392
6848,-156.0,-34.0,151.17035137323563
6849,-156.0,-33.5,149.14750925192797
6850,-156.0,-33.0,149.98229828717058
6851,-156.0,-32.5,149.46103455298265
6852,-156.0,-32.0,150.51407003970863
6853,-156.0,-31.5,149.67898066035474
6854,-156.0,-31.0,147.27382438206524
6855,-156.0,-30.5,150.12718720354007
6856,-156.0,-30.0,149.99191178915729
6857,-156.0,-29.5,150.51133340666004
6858,-156.0,-29.0,152.44177230226288
6859,-156.0,-28.5,149.6650131212751
6860,-156.0,-28.0,148.34291888684268
6861,-156.0,-27.5,150.6612999346635
6862,-156.0,-27.0,148.2689662373994
6863,-156.0,-26.5,150.70699058098853
6864,-156.0,-26.0,151.20157881268693
6865,-156.0,-25.5,150.81894045618287
6866,-156.0,-25.0,147.85026746445646
6867,-156.0,-24.5,150.96342493356923
6868,-156.0,-24.0,151.22816787083616
6869,-156.0,-23.5,152.21656857979988
6870,-156.0,-23.0,150.92753365957932
6871,-156.0,-22.5,155.1764902086107
6872,-156.0,-22.0,153.66838787781066
6873,-156.0,-21.5,154.6748580417165
6874,-156.0,-21.0,154.55623242435314
6875,-156.0,-20.5,151.22927105994344
6876,-156.0,-20.0,153.67454643235143
6877,-156.0,-19.5,152.6361077503861
6878,-156.0,-19.0,150.34343749174312
6879,-156.0,-18.5,155.17825665462775
6880,-156.0,-17.0,150.74009356297492
6881,-156.0,-16.5,152.63714546406328
6882,-156.0,-16.0,151.49210410393638
6883,-156.0,-15.5,148.78165339519893
6884,-156.0,-15.0,150.63309870370625
6885,-156.0,-14.5,149.37435563015373
6886,-156.0,-14.0,148.82589793767605
6887,-156.0,-13.5,152.30694934444006
6888,-156.0,-13.0,152.07287108418836
6889,-156.0,-12.5,152.36964513558917
6890,-156.0,-12.0,153.33656082456403
6891,-156.0,-11.5,147.81956530805775
6892,-156.0,-11.0,147.99514694301368
6893,-156.0,-10.5,150.60759078791415
6894,-156.0,-10.0,149.2152307577555
6895,-156.0,-9.5,148.65354955063046
6896,-156.0,-9.0,149.63505501686825
6897,-156.0,-8.5,150.49177998455548
6898,-156.0,-7.5,149.81717157781966
6899,-156.0,-7.0,151.89269507913218
6900,-156.0,-6.5,153.05570552732308
6901,-156.0,-6.0,151.88970461275002
6902,-156.0,-5.5,153.57924435201477
6903,-156.0,-4.5,153.90685484026085
6904,-156.0,-4.0,154.29971887766445
6905,-156.0,-3.5,154.6332389408024
6906,-156.0,-3.0,150.066851736329
6907,-156.0,-2.5,151.6408991328528
6908,-156.0,-2.0,150.74023713670843
6909,-156.0,-1.5,150.92582418065786
6910,-156.0,-1.0,148.86928535422797
6911,-156.0,1.0,151.6107125302289
6912,-156.0,1.5,151.61280234080004
6913,-156.0,2.0,150.7642140104881
6914,-156.0,2.5,151.39190331532106
6915,-156.0,3.0,151.82546622285238
6916,-156.0,3.5,154.60826066187792
6917,-156.0,4.0,153.41612796701227
6918,-156.0,5.0,154.06609902619851
6919,-156.0,5.5,153.193082489845
6920,-156.0,6.0,152.892517545437
6921,-156.0,6.5,155.92158624348903
6922,-156.0,8.0,156.62967569813168
6923,-156.0,8.5,165.674496323033
6924,-156.0,9.0,161.5682179104922
6925,-156.0,9.5,163.971515014168
6926,-156.0,10.0,158.91337232020766
6927,-156.0,10.5,156.6613279604138
6928,-156.0,11.0,165.04964974030295
6929,-156.0,11.5,161.26189118127567
6930,-156.0,12.0,159.42158730171687
6931,-156.0,12.5,153.93713402805355
6932,-156.0,13.0,149.5746606472731
6933,-156.0,13.5,156.70518477876578
6934,-156.0,14.0,153.67535269171603
6935,-156.0,14.5,153.94438266348178
6936,-156.0,15.0,149.52779748581216
6937,-156.0,15.5,149.55452360320695
6938,-156.0,16.0,150.08395005898544
6939,-156.0,16.5,150.5544767407265
6940,-156.0,17.0,150.4747352963795
6941,-156.0,17.5,147.99302377237206
6942,-156.0,18.0,149.1339038057128
6943,-156.0,18.5,148.10883721269664
6944,-156.0,19.0,149.67035261914637
6945,-156.0,19.5,152.910100219584
6946,-156.0,20.0,151.8627948406843
6947,-156.0,20.5,149.44606800919055
6948,-156.0,21.0,155.11684883967783
6949,-156.0,21.5,149.76009824090298
6950,-156.0,22.0,148.20976882729738
6951,-156.0,22.5,148.50565885421244
6952,-156.0,23.0,150.93764526613037
6953,-156.0,23.5,150.8258479632381
6954,-156.0,24.0,149.6116077693609
6955,-156.0,24.5,153.1645964894697
6956,-156.0,25.0,154.20866238306323
6957,-156.0,25.5,158.8433202751034
6958,-156.0,26.0,147.2327409250512
6959,-156.0,26.5,157.35984506089284
6960,-156.0,27.0,156.78160060434655
6961,-156.0,27.5,151.14104537070108
6962,-156.0,28.0,155.69923651252506
6963,-156.0,28.5,150.12388685080452
6964,-156.0,29.0,154.94394867262807
6965,-156.0,29.5,151.83426388327172
6966,-156.0,30.0,157.24481290669615
6967,-156.0,30.5,149.65700449891682
6968,-156.0,31.0,151.43143041450767
6969,-156.0,31.5,151.98276730597578
6970,-156.0,32.0,157.04090277814475
6971,-156.0,32.5,160.30876535040102
6972,-156.0,33.0,153.724041605961
6973,-156.0,33.5,157.84388567668432
6974,-156.0,34.0,151.29347315970455
6975,-156.0,34.5,152.3262913948042
6976,-156.0,35.0,155.276397512521
6977,-156.0,35.5,150.7207662613711
6978,-156.0,36.0,150.086080761639
6979,-156.0,36.5,158.49237496253357
6980,-156.0,37.0,172.5760722257581
6981,-156.0,39.0,175.14529746442904
6982,-155.5,-37.5,154.9388699553549
6983,-155.5,-37.0,152.1510761643772
6984,-155.5,-36.0,149.9010467056426
6985,-155.5,-35.5,150.450952986093
6986,-155.5,-35.0,149.23545212719907
6987,-155.5,-34.5,149.20475235766426
6988,-155.5,-34.0,150.1721820760656
6989,-155.5,-33.5,149.70126750423637
6990,-155.5,-33.0,149.75710646660843
6991,-155.5,-32.5,149.4321967149919
6992,-155.5,-32.0,150.70983929794446
6993,-155.5,-31.5,150.57480071660885
6994,-155.5,-31.0,147.44324940909368
6995,-155.5,-30.5,149.8647122908042
6996,-155.5,-30.0,148.4821429245342
6997,-155.5,-29.5,151.53153230047988
6998,-155.5,-29.0,153.61368480137924
6999,-155.5,-28.5,150.59427024202571
7000,-155.5,-28.0,149.14584443437627
7001,-155.5,-27.5,149.43857916864087
7002,-155.5,-27.0,150.31294805776244
7003,-155.5,-26.5,150.79052020112738
7004,-155.5,-26.0,150.77521376333254
7005,-155.5,-25.5,151.5772753205125
7006,-155.5,-25.0,149.20330502706273
7007,-155.5,-24.5,150.67165220233127
7008,-155.5,-24.0,148.0974372299948
7009,-155.5,-23.5,152.79267760758424
7010,-155.5,-23.0,153.08215172015318
7011,-155.5,-22.5,151.7603813935352
7012,-155.5,-22.0,153.52166878560422
7013,-155.5,-21.5,154.95232537369154
7014,-155.5,-21.0,154.52892554403465
7015,-155.5,-20.5,148.25065500145044
7016,-155.5,-20.0,151.3658654977824
7017,-155.5,-19.5,154.4312170052149
7018,-155.5,-19.0,151.20559694579606
7019,-155.5,-18.5,155.03019895254064
7020,-155.5,-17.5,151.38735601043044
7021,-155.5,-17.0,148.95617776237978
7022,-155.5,-16.5,152.29163440503697
7023,-155.5,-16.0,151.06618246110816
7024,-155.5,-15.5,151.39086627250327
7025,-155.5,-15.0,151.12030032580532
7026,-155.5,-14.5,148.19296711231542
7027,-155.5,-14.0,149.26826289279973
7028,-155.5,-13.5,149.93746880100485
7029,-155.5,-13.0,148.8673084817939
7030,-155.5,-12.5,153.10335856308893
7031,-155.5,-12.0,154.5822458532857
7032,-155.5,-11.0,148.77834019640764
7033,-155.5,-10.5,149.4023506498069
7034,-155.5,-10.0,149.8214265820591
7035,-155.5,-9.5,147.74988880423788
7036,-155.5,-9.0,147.7689286209572
7037,-155.5,-8.5,147.78529789165728
7038,-155.5,-7.5,154.58738857334308
7039,-155.5,-7.0,149.66579429327527
7040,-155.5,-6.5,151.2393216776013
7041,-155.5,-6.0,151.45211797368955
7042,-155.5,-5.5,158.66015460280315
7043,-155.5,-5.0,155.13894131036704
7044,-155.5,-4.5,151.82393759820758
7045,-155.5,-4.0,155.65764634171964
7046,-155.5,-3.5,154.28342187611995
7047,-155.5,-3.0,152.83557573162813
7048,-155.5,-2.5,149.12044367093858
7049,-155.5,-2.0,149.8181174181618
7050,-155.5,-1.5,150.2158436562101
7051,-155.5,-1.0,152.3661422248961
7052,-155.5,1.0,151.26282842282265
7053,-155.5,1.5,151.46848821730774
7054,-155.5,2.0,151.3693745806465
7055,-155.5,2.5,152.1666767340517
7056,-155.5,3.0,151.21893017771495
7057,-155.5,3.5,152.5870155404471
7058,-155.5,4.0,153.77261133448553
7059,-155.5,4.5,152.92945465615597
7060,-155.5,5.0,153.41717900054738
7061,-155.5,5.5,152.98017825428184
7062,-155.5,6.0,152.6586459372123
7063,-155.5,6.5,153.80010212409806
7064,-155.5,7.5,155.1392411570891
7065,-155.5,8.0,155.27684786211518
7066,-155.5,8.5,157.93800202740525
7067,-155.5,9.0,170.6307610248978
7068,-155.5,9.5,161.794792295667
7069,-155.5,10.0,157.13408743498428
7070,-155.5,10.5,156.98480033341582
7071,-155.5,11.0,160.2151737748823
7072,-155.5,11.5,171.9674451225093
7073,-155.5,12.0,158.9885452331333
7074,-155.5,12.5,152.06928223399396
7075,-155.5,13.0,154.94203282010184
7076,-155.5,13.5,152.75448395804452
7077,-155.5,14.0,154.03903553154652
7078,-155.5,14.5,153.0457454576086
7079,-155.5,15.0,149.0624438194938
7080,-155.5,15.5,149.7317343041424
7081,-155.5,16.0,149.66516787264075
7082,-155.5,16.5,150.69082523210702
7083,-155.5,17.0,149.75549375559973
7084,-155.5,17.5,149.01635683202193
7085,-155.5,18.0,148.46883147777493
7086,-155.5,18.5,148.2817953863461
7087,-155.5,19.0,153.16749746716474
7088,-155.5,19.5,148.70296546243054
7089,-155.5,20.0,152.10717449937133
7090,-155.5,20.5,149.71915053528937
7091,-155.5,21.0,153.3374677354463
7092,-155.5,21.5,151.8648783707254
7093,-155.5,22.0,148.4135639934273
7094,-155.5,23.5,149.5619285817671
7095,-155.5,24.0,150.22710238159166
7096,-155.5,24.5,155.9774787226039
7097,-155.5,25.0,154.01426177860532
7098,-155.5,25.5,147.48570939606122
7099,-155.5,26.0,150.7657296923369
7100,-155.5,26.5,155.00187297435863
7101,-155.5,27.0,154.75799134833824
7102,-155.5,27.5,157.73798791204737
7103,-155.5,28.0,152.7735825904636
7104,-155.5,28.5,151.4825950008352
7105,-155.5,29.0,154.09715649907295
7106,-155.5,29.5,151.0763507339452
7107,-155.5,30.0,155.92139068683667
7108,-155.5,30.5,148.35553120981504
7109,-155.5,31.0,149.69666170573993
7110,-155.5,31.5,154.819125475098
7111,-155.5,32.0,156.47721410610467
7112,-155.5,32.5,159.20537384939175
7113,-155.5,33.0,159.31372280126715
7114,-155.5,33.5,157.06365177630707
7115,-155.5,34.0,151.42345371303756
7116,-155.5,34.5,152.81520440537705
7117,-155.5,35.0,148.41632234081794
7118,-155.5,35.5,149.68733154894235
7119,-155.5,36.0,149.69415791249222
7120,-155.5,36.5,158.60488309605458
7121,-155.5,37.0,168.95867612529537
7122,-155.0,-37.5,155.04570361825688
7123,-155.0,-37.0,151.8322995792223
7124,-155.0,-36.5,150.76966381792806
7125,-155.0,-36.0,149.70630686695682
7126,-155.0,-35.5,150.9695231549599
7127,-155.0,-35.0,149.44439621459924
7128,-155.0,-34.5,150.15589068147082
7129,-155.0,-34.0,147.92326686186112
7130,-155.0,-33.5,150.55909568754626
7131,-155.0,-33.0,149.6627845570374
7132,-155.0,-32.5,149.0906685497009
7133,-155.0,-32.0,150.8879029997037
7134,-155.0,-31.5,150.94380236868787
7135,-155.0,-31.0,147.31926199555838
7136,-155.0,-30.5,147.74316910658044
7137,-155.0,-30.0,148.6310703917729
7138,-155.0,-29.5,153.1210189529428
7139,-155.0,-29.0,151.2509553874175
7140,-155.0,-28.5,149.98199793680337
7141,-155.0,-28.0,149.66320023769381
7142,-155.0,-27.5,149.0961663282188
7143,-155.0,-27.0,151.57014269587035
7144,-155.0,-26.5,149.74175716128642
7145,-155.0,-26.0,150.8014769677469
7146,-155.0,-25.5,149.9108639521994
7147,-155.0,-25.0,150.43555193892183
7148,-155.0,-24.5,149.6485859534251
7149,-155.0,-24.0,150.4368402655831
7150,-155.0,-23.5,152.42241481721183
7151,-155.0,-23.0,155.2827431012284
7152,-155.0,-22.5,151.17985261185737
7153,-155.0,-22.0,154.77717741718956
7154,-155.0,-21.5,154.49255865694278
7155,-155.0,-21.0,153.4697626871729
7156,-155.0,-20.5,152.32035081139085
7157,-155.0,-20.0,151.03072582932572
7158,-155.0,-19.5,154.02775726959976
7159,-155.0,-19.0,153.89834068843064
7160,-155.0,-18.5,148.9690204919418
7161,-155.0,-17.5,151.42891315835973
7162,-155.0,-17.0,152.57355334605592
7163,-155.0,-16.5,151.64975064890308
7164,-155.0,-16.0,151.44906894095152
7165,-155.0,-15.5,151.50018529313726
7166,-155.0,-15.0,152.72051583022608
7167,-155.0,-14.5,151.85473385511648
7168,-155.0,-14.0,149.3272515676649
7169,-155.0,-13.5,149.24856053199088
7170,-155.0,-13.0,150.4930869559718
7171,-155.0,-12.5,152.2212700284508
7172,-155.0,-12.0,154.17675615850823
7173,-155.0,-11.5,149.55301478222583
7174,-155.0,-11.0,149.15808913121595
7175,-155.0,-10.5,149.55406417792133
7176,-155.0,-10.0,151.38084302412682
7177,-155.0,-9.5,148.57051547417828
7178,-155.0,-9.0,147.35681985197726
7179,-155.0,-8.5,147.75523528593635
7180,-155.0,-8.0,154.9793128327649
7181,-155.0,-7.5,149.20798818777837
7182,-155.0,-7.0,150.96085175383737
7183,-155.0,-6.5,150.097211525405
7184,-155.0,-6.0,152.7309610494611
7185,-155.0,-5.5,156.27373692433937
7186,-155.0,-5.0,152.18575556069135
7187,-155.0,-4.5,152.57534787180973
7188,-155.0,-4.0,151.68803075383883
7189,-155.0,-3.5,153.81683808723423
7190,-155.0,-3.0,153.7873775317756
7191,-155.0,-2.5,151.10040172739716
7192,-155.0,-2.0,149.67589742048935
7193,-155.0,-1.5,150.02576144940116
7194,-155.0,-1.0,152.0949152434281
7195,-155.0,-0.5,152.37797469468734
7196,-155.0,0.5,151.31952230817856
7197,-155.0,1.0,150.94325110344798
7198,-155.0,1.5,150.63216260937298
7199,-155.0,2.0,152.01899646607026
7200,-155.0,2.5,151.87326358616008
7201,-155.0,3.0,150.86884047147586
7202,-155.0,3.5,151.94026786793773
7203,-155.0,4.0,152.15334614012266
7204,-155.0,4.5,153.53983857692046
7205,-155.0,5.0,152.55767616163808
7206,-155.0,5.5,152.53292579932813
7207,-155.0,6.0,154.04443624437948
7208,-155.0,6.5,151.49221167297443
7209,-155.0,7.0,152.98997176953029
7210,-155.0,7.5,155.2007967186767
7211,-155.0,8.0,155.45151285912004
7212,-155.0,8.5,157.32583398839108
7213,-155.0,9.0,158.33363981253183
7214,-155.0,9.5,165.98506469468313
7215,-155.0,10.0,160.47110252794408
7216,-155.0,10.5,161.14825232215833
7217,-155.0,11.0,159.99255564311045
7218,-155.0,11.5,162.58964101237063
7219,-155.0,12.0,169.84865509078264
7220,-155.0,12.5,154.86957853374295
7221,-155.0,13.0,157.40610503430622
7222,-155.0,13.5,152.44836074975217
7223,-155.0,14.0,153.2699321092458
7224,-155.0,14.5,155.07765597117012
7225,-155.0,15.0,148.7959708090258
7226,-155.0,15.5,149.9474142318989
7227,-155.0,16.0,149.65761478242095
7228,-155.0,16.5,149.0900275273419
7229,-155.0,17.0,149.88017624991056
7230,-155.0,17.5,149.13456198598604
7231,-155.0,18.0,147.81330645691926
7232,-155.0,18.5,148.94563758341909
7233,-155.0,19.0,152.14775753278496
7234,-155.0,19.5,148.8248320807708
7235,-155.0,20.0,150.93667103732835
7236,-155.0,20.5,152.42976647069352
7237,-155.0,21.0,150.00750510590169
7238,-155.0,21.5,152.06650803666338
7239,-155.0,22.0,148.45402969787048
7240,-155.0,23.0,160.7568819347127
7241,-155.0,23.5,147.91561853189611
7242,-155.0,24.0,155.6291146487144
7243,-155.0,24.5,150.12430233824088
7244,-155.0,25.0,155.06808433005645
7245,-155.0,25.5,149.3615477554061
7246,-155.0,26.0,161.88364733023585
7247,-155.0,26.5,150.46750377474018
7248,-155.0,27.0,153.51996465765717
7249,-155.0,27.5,159.50244040718826
7250,-155.0,28.0,150.7180067655156
7251,-155.0,28.5,151.82433001460848
7252,-155.0,29.0,152.33533490759294
7253,-155.0,29.5,153.16971204171668
7254,-155.0,30.0,154.1418596517661
7255,-155.0,30.5,148.27028744833729
7256,-155.0,31.0,149.56709293112044
7257,-155.0,31.5,155.58150249051582
7258,-155.0,32.0,153.55960082396018
7259,-155.0,32.5,160.59972581850008
7260,-155.0,33.0,157.58527402206172
7261,-155.0,33.5,150.57546490098386
7262,-155.0,34.0,149.80547367633045
7263,-155.0,34.5,154.1523920358089
7264,-155.0,35.0,148.29440680443872
7265,-155.0,35.5,149.24331006258473
7266,-155.0,36.0,149.88915860770732
7267,-155.0,36.5,160.3054606568408
7268,-155.0,37.0,165.4476015927879
7269,-154.5,-37.5,153.4730271569414
7270,-154.5,-37.0,153.21107682317736
7271,-154.5,-36.5,150.03798512405558
7272,-154.5,-36.0,149.31360279407377
7273,-154.5,-35.5,150.51686738170258
7274,-154.5,-35.0,150.17457197912393
7275,-154.5,-34.5,149.64660706717274
7276,-154.5,-34.0,147.40568084806466
7277,-154.5,-33.5,150.69558809316996
7278,-154.5,-33.0,148.72810552273316
7279,-154.5,-32.5,149.2322824336815
7280,-154.5,-32.0,151.21131105402142
7281,-154.5,-31.5,152.08394788017569
7282,-154.5,-31.0,147.44053850619247
7283,-154.5,-30.5,147.46650106188235
7284,-154.5,-30.0,148.82425381103457
7285,-154.5,-29.5,154.54887610152335
7286,-154.5,-29.0,151.807749881586
7287,-154.5,-28.5,148.94499840593272
7288,-154.5,-28.0,149.2547798475234
7289,-154.5,-27.5,150.6575941538183
7290,-154.5,-27.0,149.33681663152691
7291,-154.5,-26.5,149.73709768683773
7292,-154.5,-26.0,150.18180430642687
7293,-154.5,-25.5,149.52461060958146
7294,-154.5,-25.0,152.1981443815542
7295,-154.5,-24.5,146.57162160291682
7296,-154.5,-24.0,150.8222555958101
7297,-154.5,-23.5,150.94188424120279
7298,-154.5,-23.0,154.57088528419067
7299,-154.5,-22.5,152.99377648260307
7300,-154.5,-22.0,152.3328468554786
7301,-154.5,-21.5,154.23866814432975
7302,-154.5,-20.5,152.26784493583187
7303,-154.5,-20.0,152.698228270584
7304,-154.5,-19.5,152.2914458677784
7305,-154.5,-19.0,154.03583302582024
7306,-154.5,-18.5,149.85660472138784
7307,-154.5,-18.0,152.0047579173724
7308,-154.5,-17.5,151.57794471573368
7309,-154.5,-17.0,152.28374568596342
7310,-154.5,-16.5,150.86324364036395
7311,-154.5,-16.0,152.24909046050732
7312,-154.5,-15.5,152.68246518428265
7313,-154.5,-15.0,151.69470785433418
7314,-154.5,-14.5,152.13079369962634
7315,-154.5,-14.0,150.42529620882695
7316,-154.5,-13.5,148.37357628744599
7317,-154.5,-13.0,150.7267156041514
7318,-154.5,-12.5,154.75122713688714
7319,-154.5,-11.5,153.87609066139166
7320,-154.5,-11.0,150.99070136632577
7321,-154.5,-10.5,149.72922450073236
7322,-154.5,-10.0,149.5590399078858
7323,-154.5,-9.5,150.5266268819573
7324,-154.5,-9.0,149.09943010386408
7325,-154.5,-8.5,151.91394748538264
7326,-154.5,-8.0,150.28407549324288
7327,-154.5,-7.5,152.71281780284704
7328,-154.5,-7.0,150.70913069480986
7329,-154.5,-6.5,151.1552743038619
7330,-154.5,-6.0,152.40744782950776
7331,-154.5,-5.5,153.09413898321793
7332,-154.5,-5.0,152.2747867892942
7333,-154.5,-4.0,153.25690004190147
7334,-154.5,-3.0,151.18066376498945
7335,-154.5,-2.5,151.74495517818465
7336,-154.5,-2.0,150.16574939581102
7337,-154.5,-1.5,149.9077340307713
7338,-154.5,-1.0,151.00802134506952
7339,-154.5,-0.5,152.3064000997772
7340,-154.5,0.0,151.73914838942318
7341,-154.5,0.5,151.47818440625943
7342,-154.5,1.0,150.46660521580696
7343,-154.5,1.5,151.66452844407337
7344,-154.5,2.0,151.62439127291623
7345,-154.5,2.5,151.783947965131
7346,-154.5,3.0,152.38050168524168
7347,-154.5,3.5,151.22726928885038
7348,-154.5,4.0,151.7774640676476
7349,-154.5,4.5,153.12002150947487
7350,-154.5,5.0,152.96678664722532
7351,-154.5,5.5,154.1092517939372
7352,-154.5,6.0,154.37377586796492
7353,-154.5,6.5,152.17521860314525
7354,-154.5,7.0,151.97337545704053
7355,-154.5,7.5,153.44510553334086
7356,-154.5,8.0,154.08138432194363
7357,-154.5,9.0,158.3518363917633
7358,-154.5,9.5,162.1257830617962
7359,-154.5,10.0,164.0956928787571
7360,-154.5,10.5,160.85946732788167
7361,-154.5,11.0,164.18269920444533
7362,-154.5,11.5,157.98571820231237
7363,-154.5,12.0,165.52241877178238
7364,-154.5,12.5,164.43251131140832
7365,-154.5,13.0,157.44154308520882
7366,-154.5,13.5,153.36830236918462
7367,-154.5,14.0,148.82537271183924
7368,-154.5,14.5,149.86652639671564
7369,-154.5,15.0,152.89358916192725
7370,-154.5,15.5,149.21172468619463
7371,-154.5,16.0,149.28756538180866
7372,-154.5,16.5,148.9404166802551
7373,-154.5,17.0,149.7309536293764
7374,-154.5,17.5,149.2300850283871
7375,-154.5,18.0,149.0367945818299
7376,-154.5,18.5,151.979751542922
7377,-154.5,19.0,150.26842344305578
7378,-154.5,20.0,150.18002082913966
7379,-154.5,20.5,151.97752319706444
7380,-154.5,21.0,149.89171282355105
7381,-154.5,21.5,148.8021240800172
7382,-154.5,23.0,155.62524737773253
7383,-154.5,23.5,146.41365781714453
7384,-154.5,24.0,156.0389697229816
7385,-154.5,24.5,152.7280773859372
7386,-154.5,25.0,148.10859641884323
7387,-154.5,25.5,152.7570507096858
7388,-154.5,26.0,155.7380813717015
7389,-154.5,26.5,151.24207135872848
7390,-154.5,27.0,150.97166878972354
7391,-154.5,27.5,156.8871433718936
7392,-154.5,28.0,148.88139890239225
7393,-154.5,28.5,153.19753413233428
7394,-154.5,29.0,150.70470048436616
7395,-154.5,29.5,152.4179954340081
7396,-154.5,30.0,153.81787738511315
7397,-154.5,30.5,149.35770544833753
7398,-154.5,31.0,149.2949440494488
7399,-154.5,31.5,154.98597324809168
7400,-154.5,32.0,161.36659706860462
7401,-154.5,32.5,158.14729922535707
7402,-154.5,33.0,157.16246807098568
7403,-154.5,33.5,148.76184955112552
7404,-154.5,34.0,151.39086739828588
7405,-154.5,34.5,155.16200378432995
7406,-154.5,35.0,148.77567518793916
7407,-154.5,35.5,148.90092293661556
7408,-154.5,36.0,149.8532726477957
7409,-154.5,36.5,161.10198773041617
7410,-154.5,37.0,163.56597079110247
7411,-154.5,37.5,177.3900109871912
7412,-154.0,-37.5,152.8221609719651
7413,-154.0,-37.0,153.01604471832295
7414,-154.0,-36.5,149.69577550221618
7415,-154.0,-36.0,149.1109326419933
7416,-154.0,-35.5,150.4382505565702
7417,-154.0,-35.0,150.14907913426958
7418,-154.0,-34.5,149.39588648764507
7419,-154.0,-34.0,147.65777093116637
7420,-154.0,-33.5,149.75891622866072
7421,-154.0,-33.0,149.28399285670196
7422,-154.0,-32.5,150.43819150912657
7423,-154.0,-32.0,150.58768812413618
7424,-154.0,-31.5,152.3987300503429
7425,-154.0,-31.0,148.94535334888062
7426,-154.0,-30.5,147.40871234084676
7427,-154.0,-30.0,148.33793370641033
7428,-154.0,-29.5,153.8334793239047
7429,-154.0,-29.0,154.03286273610564
7430,-154.0,-28.5,149.67378067343856
7431,-154.0,-28.0,149.31100285738233
7432,-154.0,-27.5,150.1885567435695
7433,-154.0,-27.0,148.67584096598088
7434,-154.0,-26.5,150.52764759433146
7435,-154.0,-26.0,150.0943596085748
7436,-154.0,-25.5,150.2977329516142
7437,-154.0,-25.0,151.31876405673086
7438,-154.0,-24.5,149.86216387038223
7439,-154.0,-24.0,149.81137555405627
7440,-154.0,-23.5,151.19995140464496
7441,-154.0,-23.0,152.6506706101296
7442,-154.0,-22.5,153.76087560230837
7443,-154.0,-22.0,151.32518793387138
7444,-154.0,-21.5,152.93359194982503
7445,-154.0,-21.0,152.82267775015998
7446,-154.0,-20.5,153.09504888920534
7447,-154.0,-20.0,153.90556157190787
7448,-154.0,-19.5,151.98526927346745
7449,-154.0,-19.0,152.9712938648538
7450,-154.0,-18.5,153.4239409240627
7451,-154.0,-18.0,151.04259445523084
7452,-154.0,-17.5,151.87825310374578
7453,-154.0,-17.0,153.5367617891891
7454,-154.0,-16.5,153.74495066645133
7455,-154.0,-16.0,152.30665989352633
7456,-154.0,-15.5,152.97136280643892
7457,-154.0,-15.0,151.81915679492334
7458,-154.0,-14.5,152.09340273128075
7459,-154.0,-14.0,148.87167784205909
7460,-154.0,-13.5,152.98726811074857
7461,-154.0,-13.0,148.97588178852507
7462,-154.0,-12.5,150.10765419829033
7463,-154.0,-12.0,148.7217973400636
7464,-154.0,-11.5,153.43086944290303
7465,-154.0,-11.0,152.4076585395645
7466,-154.0,-10.5,150.8466874010069
7467,-154.0,-10.0,150.18824393667037
7468,-154.0,-9.5,148.9580751211422
7469,-154.0,-9.0,150.60670645967028
7470,-154.0,-8.5,151.76595507778748
7471,-154.0,-8.0,150.3405674491309
7472,-154.0,-7.5,151.15593117121813
7473,-154.0,-7.0,152.4308616666796
7474,-154.0,-6.5,158.25499389226582
7475,-154.0,-6.0,152.70508654186423
7476,-154.0,-5.5,151.2769452336682
7477,-154.0,-5.0,152.93709402621172
7478,-154.0,-4.5,154.41296546877822
7479,-154.0,-4.0,150.87096134339671
7480,-154.0,-3.5,148.9242640612332
7481,-154.0,-3.0,150.21915579934137
7482,-154.0,-2.5,150.8987493234773
7483,-154.0,-2.0,151.72981203461464
7484,-154.0,-1.0,149.9575453310038
7485,-154.0,-0.5,150.1240640876263
7486,-154.0,0.0,151.94824623707078
7487,-154.0,0.5,150.30150787308358
7488,-154.0,1.0,151.04677033242692
7489,-154.0,1.5,151.3639256159813
7490,-154.0,2.5,151.85939953582886
7491,-154.0,3.0,151.94778253112054
7492,-154.0,3.5,152.05087657304475
7493,-154.0,4.0,151.31263277657615
7494,-154.0,4.5,151.2221029674709
7495,-154.0,5.0,152.59816329409296
7496,-154.0,5.5,153.94379150384736
7497,-154.0,6.5,152.00597035134143
7498,-154.0,7.0,152.37485774755666
7499,-154.0,7.5,152.7950924340568
7500,-154.0,8.5,157.84664246761125
7501,-154.0,9.0,157.9222799284013
7502,-154.0,9.5,154.82151016002052
7503,-154.0,10.0,167.00634317997196
7504,-154.0,10.5,162.48943640375913
7505,-154.0,12.0,162.1216033035292
7506,-154.0,12.5,167.51349276562343
7507,-154.0,13.0,155.7330459766806
7508,-154.0,13.5,152.45259882833946
7509,-154.0,14.0,149.75601304927827
7510,-154.0,14.5,149.03763948959792
7511,-154.0,15.0,152.22215246080083
7512,-154.0,15.5,150.94039394475607
7513,-154.0,16.0,148.3600758771103
7514,-154.0,16.5,149.10768470273527
7515,-154.0,17.0,148.78771078052876
7516,-154.0,17.5,149.73242973377103
7517,-154.0,18.0,149.61714866909637
7518,-154.0,18.5,151.99289161673738
7519,-154.0,19.0,149.51292627864675
7520,-154.0,19.5,150.0491680983232
7521,-154.0,20.0,149.66725436770324
7522,-154.0,20.5,150.35572361188994
7523,-154.0,21.0,150.00460079974567
7524,-154.0,21.5,148.9359761523214
7525,-154.0,22.5,155.14469086911245
7526,-154.0,23.0,152.87650294278492
7527,-154.0,23.5,161.5880686572577
7528,-154.0,24.0,149.60591776295055
7529,-154.0,24.5,152.77708533207485
7530,-154.0,25.0,149.65088358735406
7531,-154.0,25.5,159.9049461246874
7532,-154.0,26.0,147.2884286890585
7533,-154.0,26.5,153.05517065645077
7534,-154.0,27.0,149.2148808755099
7535,-154.0,27.5,153.58909008088148
7536,-154.0,28.0,152.14408593569522
7537,-154.0,28.5,151.684153991547
7538,-154.0,29.0,151.13959864418865
7539,-154.0,29.5,153.93707725110522
7540,-154.0,30.0,151.104846834024
7541,-154.0,30.5,151.35111381937483
7542,-154.0,31.0,148.63742834697538
7543,-154.0,31.5,148.77714551132132
7544,-154.0,32.0,161.660504445087
7545,-154.0,32.5,158.24999577220552
7546,-154.0,33.0,158.36553851728516
7547,-154.0,33.5,149.05031801789195
7548,-154.0,34.0,149.6907515192488
7549,-154.0,35.0,149.65448761918645
7550,-154.0,35.5,149.15331644400626
7551,-154.0,36.0,149.78711171398265
7552,-154.0,36.5,158.61894180210467
7553,-154.0,37.0,157.13633221748742
7554,-154.0,37.5,177.382197531044
7555,-153.5,-37.5,152.71568444003813
7556,-153.5,-37.0,152.6448342807348
7557,-153.5,-36.5,149.15266229548897
7558,-153.5,-36.0,149.48578992470664
7559,-153.5,-35.5,150.0424762189751
7560,-153.5,-35.0,150.19266275914785
7561,-153.5,-34.5,149.28913313816295
7562,-153.5,-34.0,148.2184868336583
7563,-153.5,-33.5,149.1203528028506
7564,-153.5,-33.0,149.9959480621025
7565,-153.5,-32.5,150.4292724177345
7566,-153.5,-32.0,150.98128029421687
7567,-153.5,-31.5,151.83770986840656
7568,-153.5,-31.0,147.55467164553755
7569,-153.5,-30.5,147.4504762814982
7570,-153.5,-30.0,148.20806059733917
7571,-153.5,-29.5,153.44191374330393
7572,-153.5,-29.0,153.20543347460068
7573,-153.5,-28.5,149.1617692335769
7574,-153.5,-28.0,150.66775344984205
7575,-153.5,-27.5,148.355062467064
7576,-153.5,-27.0,149.4583733307018
7577,-153.5,-26.5,150.02419863642103
7578,-153.5,-26.0,151.09764688511768
7579,-153.5,-25.5,150.05010518209212
7580,-153.5,-25.0,147.20782085923355
7581,-153.5,-24.5,153.06829122212534
7582,-153.5,-24.0,148.72384296108632
7583,-153.5,-23.5,151.6540282536455
7584,-153.5,-23.0,151.88241034103328
7585,-153.5,-22.5,155.52841710379047
7586,-153.5,-22.0,152.28253667671171
7587,-153.5,-21.5,150.88990439515607
7588,-153.5,-21.0,153.91370989199928
7589,-153.5,-20.5,154.28179763548877
7590,-153.5,-20.0,152.73426532453075
7591,-153.5,-19.5,149.16923391572965
7592,-153.5,-19.0,153.4352784150822
7593,-153.5,-18.5,152.2635267648283
7594,-153.5,-18.0,151.6760668399939
7595,-153.5,-17.5,150.61750701822564
7596,-153.5,-17.0,149.69516880161217
7597,-153.5,-16.5,154.76486960159951
7598,-153.5,-16.0,152.82523288220614
7599,-153.5,-15.5,152.43601491005174
7600,-153.5,-15.0,152.98476038317517
7601,-153.5,-14.5,151.03449474136693
7602,-153.5,-14.0,151.1391561637374
7603,-153.5,-13.5,152.2533413106428
7604,-153.5,-13.0,149.08406141415844
7605,-153.5,-12.5,149.2520614960522
7606,-153.5,-12.0,151.36746284243696
7607,-153.5,-11.5,150.2529343713066
7608,-153.5,-11.0,155.6214991005537
7609,-153.5,-10.5,151.6697281893579
7610,-153.5,-9.5,149.7811078062892
7611,-153.5,-9.0,153.7892181175777
7612,-153.5,-8.5,149.90222679253097
7613,-153.5,-8.0,151.70830893045493
7614,-153.5,-7.5,150.78188216333135
7615,-153.5,-7.0,152.4436520805249
7616,-153.5,-6.5,155.15237041675383
7617,-153.5,-6.0,151.76320544467137
7618,-153.5,-5.5,151.14648100880953
7619,-153.5,-5.0,150.55751436050485
7620,-153.5,-4.5,153.76928089872087
7621,-153.5,-4.0,154.65759893255884
7622,-153.5,-3.5,149.60438659181509
7623,-153.5,-3.0,149.6133651008226
7624,-153.5,-2.5,154.7261708541035
7625,-153.5,-2.0,152.56443969741972
7626,-153.5,-1.5,150.97323494726427
7627,-153.5,-0.5,150.48782939955333
7628,-153.5,0.0,151.52609677610138
7629,-153.5,0.5,151.55643090252858
7630,-153.5,1.0,151.0342758860594
7631,-153.5,2.5,152.0250794916007
7632,-153.5,3.0,151.48225675420602
7633,-153.5,3.5,151.96210964331425
7634,-153.5,4.0,152.3674957857065
7635,-153.5,4.5,151.03174339231808
7636,-153.5,5.0,152.42162795009426
7637,-153.5,5.5,153.16756596146456
7638,-153.5,6.0,151.1997584549759
7639,-153.5,6.5,151.35406937197587
7640,-153.5,7.0,152.02653588475826
7641,-153.5,7.5,152.48007906749189
7642,-153.5,8.0,153.14288922177215
7643,-153.5,8.5,156.00585223255422
7644,-153.5,9.0,156.00210617613993
7645,-153.5,10.0,157.05690610109264
7646,-153.5,10.5,171.65592188504397
7647,-153.5,11.0,163.01836195650353
7648,-153.5,12.5,158.9041629511638
7649,-153.5,13.0,164.28747253328916
7650,-153.5,13.5,149.63892362613078
7651,-153.5,14.0,150.20450387956424
7652,-153.5,14.5,151.75792484521585
7653,-153.5,15.0,149.08356567926626
7654,-153.5,15.5,152.6694838633882
7655,-153.5,16.0,148.45389762789912
7656,-153.5,16.5,148.82847251270826
7657,-153.5,17.0,149.2934191095414
7658,-153.5,17.5,148.9946564058352
7659,-153.5,18.0,151.76838766888142
7660,-153.5,18.5,149.26649165590092
7661,-153.5,19.0,149.783600277045
7662,-153.5,19.5,150.013200416515
7663,-153.5,20.5,149.7443873610712
7664,-153.5,21.0,150.19909412555114
7665,-153.5,22.5,154.29791909249045
7666,-153.5,23.0,149.14989503995193
7667,-153.5,23.5,159.2264243625937
7668,-153.5,24.0,148.0914025641526
7669,-153.5,24.5,155.98941835776645
7670,-153.5,25.0,151.81340809269247
7671,-153.5,25.5,159.95810407913754
7672,-153.5,26.0,150.4730929745187
7673,-153.5,26.5,151.8067273231911
7674,-153.5,27.0,151.36651605902773
7675,-153.5,27.5,151.1592361662414
7676,-153.5,28.0,151.9852586346432
7677,-153.5,28.5,150.8939428957229
7678,-153.5,29.0,152.17282911575828
7679,-153.5,29.5,153.12500938484715
7680,-153.5,30.0,150.94005825793607
7681,-153.5,30.5,151.07567580925425
7682,-153.5,31.0,148.08628631448775
7683,-153.5,31.5,148.48793452679243
7684,-153.5,32.0,158.6614182866311
7685,-153.5,32.5,156.8145222931766
7686,-153.5,33.0,159.65994702304704
7687,-153.5,33.5,150.63361267352877
7688,-153.5,34.0,148.4857515500892
7689,-153.5,34.5,148.7241339930438
7690,-153.5,35.0,150.21505639334134
7691,-153.5,35.5,150.74163121343747
7692,-153.5,36.0,150.09196462602148
7693,-153.5,36.5,156.43269929496483
7694,-153.5,37.0,164.41287897476292
7695,-153.5,37.5,176.57759660045704
7696,-153.0,-37.5,151.20247784098504
7697,-153.0,-37.0,152.84308300296425
7698,-153.0,-36.5,148.79470696883115
7699,-153.0,-36.0,150.32946864887768
7700,-153.0,-35.5,149.83462276807256
7701,-153.0,-35.0,149.9217386265313
7702,-153.0,-34.5,148.90623145542577
7703,-153.0,-34.0,148.62833486216613
7704,-153.0,-33.5,148.72933444202894
7705,-153.0,-33.0,151.09014917912216
7706,-153.0,-32.5,149.9708949762955
7707,-153.0,-32.0,151.55934743017212
7708,-153.0,-31.5,152.27722207077267
7709,-153.0,-31.0,147.69639730196715
7710,-153.0,-30.5,147.36520400548685
7711,-153.0,-30.0,147.7872344594373
7712,-153.0,-29.5,154.15896518824047
7713,-153.0,-29.0,150.87939054159133
7714,-153.0,-28.5,149.47881050168704
7715,-153.0,-28.0,149.5368618151156
7716,-153.0,-27.5,148.27537931986416
7717,-153.0,-27.0,149.58680535360432
7718,-153.0,-26.5,149.45794303133314
7719,-153.0,-26.0,150.68335673974147
7720,-153.0,-25.5,149.7327657861459
7721,-153.0,-25.0,149.3184325427503
7722,-153.0,-24.5,151.91439398642936
7723,-153.0,-24.0,151.27456078577626
7724,-153.0,-23.5,150.68634656383128
7725,-153.0,-23.0,151.46533026008694
7726,-153.0,-22.5,155.19392696157956
7727,-153.0,-22.0,152.50058394532851
7728,-153.0,-21.5,149.75488887025674
7729,-153.0,-21.0,152.9305971212819
7730,-153.0,-20.5,154.10134293264187
7731,-153.0,-20.0,153.4848451296936
7732,-153.0,-19.0,150.735427595486
7733,-153.0,-18.5,153.99529501544637
7734,-153.0,-18.0,152.77932522701948
7735,-153.0,-17.5,149.1835547446558
7736,-153.0,-17.0,152.68962009385749
7737,-153.0,-16.5,153.02178154434026
7738,-153.0,-16.0,154.71045893564127
7739,-153.0,-15.5,151.40513994146386
7740,-153.0,-15.0,151.9508148509281
7741,-153.0,-14.5,150.8828344398275
7742,-153.0,-14.0,152.72935127927116
7743,-153.0,-13.5,155.01745706804354
7744,-153.0,-13.0,149.7433449377967
7745,-153.0,-12.5,149.30871508191856
7746,-153.0,-12.0,150.622024889157
7747,-153.0,-11.5,149.45923973365603
7748,-153.0,-11.0,149.75006275687642
7749,-153.0,-10.5,152.77748539033288
7750,-153.0,-10.0,152.87546450426325
7751,-153.0,-9.5,155.01108541742215
7752,-153.0,-9.0,151.22118560567327
7753,-153.0,-8.5,151.8262194281302
7754,-153.0,-8.0,150.67334963525562
7755,-153.0,-7.5,153.042180743623
7756,-153.0,-7.0,154.28617741726282
7757,-153.0,-6.5,151.50121620888748
7758,-153.0,-6.0,150.43587521301967
7759,-153.0,-5.5,151.49292580433647
7760,-153.0,-5.0,150.2468150643327
7761,-153.0,-4.0,152.81088611684106
7762,-153.0,-3.5,149.77150046470265
7763,-153.0,-3.0,149.07188280301884
7764,-153.0,-2.0,154.42950376210402
7765,-153.0,-1.5,152.24277630618687
7766,-153.0,-1.0,150.64333348111464
7767,-153.0,-0.5,150.57887665374298
7768,-153.0,0.0,150.3206515416029
7769,-153.0,0.5,152.070678099155
7770,-153.0,1.0,151.06170681756393
7771,-153.0,2.0,151.63893138957283
7772,-153.0,2.5,151.60906712905643
7773,-153.0,3.0,151.62882582395432
7774,-153.0,3.5,152.73234676822563
7775,-153.0,4.0,151.36634600621832
7776,-153.0,4.5,152.359230466123
7777,-153.0,5.0,151.3260192133677
7778,-153.0,5.5,152.00787964576566
7779,-153.0,6.0,152.48111335611887
7780,-153.0,6.5,151.1283232600488
7781,-153.0,7.0,151.43289234573547
7782,-153.0,7.5,152.00164507670286
7783,-153.0,8.0,152.59456135537707
7784,-153.0,8.5,153.91860071072077
7785,-153.0,9.0,157.84432466842685
7786,-153.0,9.5,158.68872156910962
7787,-153.0,10.0,159.797444857595
7788,-153.0,10.5,160.99175454734527
7789,-153.0,11.0,169.43436657034985
7790,-153.0,11.5,163.53373768251345
7791,-153.0,12.0,155.29242240930557
7792,-153.0,12.5,154.2155521955233
7793,-153.0,13.0,163.15857380809703
7794,-153.0,13.5,160.1157597028338
7795,-153.0,14.0,150.42768260316055
7796,-153.0,14.5,151.42451996685415
7797,-153.0,15.0,148.89642117360202
7798,-153.0,15.5,148.9081050257509
7799,-153.0,16.0,151.32552975278193
7800,-153.0,16.5,148.38164330764204
7801,-153.0,17.0,149.07818418734567
7802,-153.0,17.5,150.9733484976953
7803,-153.0,18.0,151.0500686250545
7804,-153.0,18.5,149.69819959843227
7805,-153.0,19.0,149.82425935009283
7806,-153.0,19.5,149.6483677962664
7807,-153.0,20.0,150.0577734399989
7808,-153.0,20.5,149.37057080948597
7809,-153.0,21.0,149.9860653462025
7810,-153.0,21.5,150.65869152984013
7811,-153.0,22.0,161.2008150501904
7812,-153.0,22.5,152.75487695876322
7813,-153.0,23.0,156.35854866063966
7814,-153.0,23.5,151.94778412125802
7815,-153.0,24.0,158.1723303533614
7816,-153.0,25.0,156.72461793454133
7817,-153.0,25.5,149.11651180906807
7818,-153.0,26.0,152.33729155099664
7819,-153.0,26.5,154.0629088465929
7820,-153.0,27.0,152.00237575908523
7821,-153.0,27.5,147.8005526426641
7822,-153.0,28.0,154.2520963337086
7823,-153.0,28.5,150.09935357055127
7824,-153.0,29.0,152.57514591856207
7825,-153.0,29.5,156.40094418228088
7826,-153.0,30.0,151.23809251460239
7827,-153.0,30.5,150.91661645339306
7828,-153.0,31.0,147.7783150715089
7829,-153.0,31.5,148.65417113652128
7830,-153.0,32.0,157.46779546187128
7831,-153.0,32.5,158.43435567237617
7832,-153.0,33.0,155.12531776740187
7833,-153.0,33.5,154.7161067053496
7834,-153.0,34.5,148.4550298905093
7835,-153.0,35.0,150.07714480802144
7836,-153.0,35.5,149.91302628826216
7837,-153.0,36.0,150.48234972713624
7838,-153.0,36.5,157.4507490336437
7839,-153.0,37.0,168.59872456449872
7840,-153.0,37.5,173.04852611856643
7841,-152.5,-37.5,151.4042470020702
7842,-152.5,-37.0,152.8139164119222
7843,-152.5,-36.5,149.72573210110278
7844,-152.5,-36.0,150.24406102950527
7845,-152.5,-35.5,149.6563141864286
7846,-152.5,-35.0,149.94999010883936
7847,-152.5,-34.5,149.64862305544273
7848,-152.5,-34.0,149.409443680937
7849,-152.5,-33.5,148.6545719589053
7850,-152.5,-33.0,150.29164131516657
7851,-152.5,-32.5,149.84433581258094
7852,-152.5,-32.0,151.7709094860156
7853,-152.5,-31.5,152.9703580313845
7854,-152.5,-31.0,147.91006549707507
7855,-152.5,-30.5,147.65846975005252
7856,-152.5,-30.0,148.9726908825553
7857,-152.5,-29.5,153.25002813679257
7858,-152.5,-29.0,149.87580801996464
7859,-152.5,-28.5,151.63800929190128
7860,-152.5,-28.0,148.64552330590297
7861,-152.5,-27.5,148.92595408391534
7862,-152.5,-27.0,149.70477478406127
7863,-152.5,-26.5,149.89750839509827
7864,-152.5,-26.0,150.28624881652195
7865,-152.5,-25.5,148.73117103403555
7866,-152.5,-25.0,150.48778579438385
7867,-152.5,-24.5,149.68198361775634
7868,-152.5,-24.0,153.4593181608188
7869,-152.5,-23.5,150.3777026535734
7870,-152.5,-23.0,153.52205005533915
7871,-152.5,-22.5,151.3674966004038
7872,-152.5,-21.5,151.86206344152555
7873,-152.5,-21.0,150.6921106820059
7874,-152.5,-20.5,153.75020004408157
7875,-152.5,-19.5,149.8242071595322
7876,-152.5,-19.0,151.13840654558638
7877,-152.5,-18.5,152.0111231554557
7878,-152.5,-18.0,153.63571429169676
7879,-152.5,-17.5,149.09746186146035
7880,-152.5,-17.0,151.92652761098924
7881,-152.5,-16.5,154.81765284685616
7882,-152.5,-16.0,152.80087355525717
7883,-152.5,-15.5,151.46611307902904
7884,-152.5,-15.0,148.99234249624945
7885,-152.5,-14.5,153.27652389252447
7886,-152.5,-14.0,152.33489667970113
7887,-152.5,-13.5,153.2607892348287
7888,-152.5,-13.0,148.909357903489
7889,-152.5,-12.5,151.4007530451137
7890,-152.5,-12.0,150.1313744170739
7891,-152.5,-11.5,151.85168807162032
7892,-152.5,-11.0,151.74407643472037
7893,-152.5,-10.5,153.91301733925366
7894,-152.5,-10.0,153.02938247547397
7895,-152.5,-9.5,151.6252806947825
7896,-152.5,-9.0,150.23556676861293
7897,-152.5,-8.5,151.4062539168489
7898,-152.5,-8.0,151.4853151765833
7899,-152.5,-7.5,152.1731467866797
7900,-152.5,-7.0,153.24910652623367
7901,-152.5,-6.5,150.76451152194818
7902,-152.5,-6.0,149.84184585019938
7903,-152.5,-5.5,150.72546830130003
7904,-152.5,-5.0,150.81040413873566
7905,-152.5,-4.5,150.16476980824763
7906,-152.5,-4.0,151.18943095768773
7907,-152.5,-3.5,152.07892546570739
7908,-152.5,-2.0,157.08690181771286
7909,-152.5,-1.5,153.1243202591007
7910,-152.5,-1.0,151.74605693057165
7911,-152.5,-0.5,149.74523210081097
7912,-152.5,0.0,149.70829660509452
7913,-152.5,0.5,150.9165982275845
7914,-152.5,1.0,153.12459806924275
7915,-152.5,1.5,151.49300436456156
7916,-152.5,2.0,151.50343994659139
7917,-152.5,2.5,151.43802719057828
7918,-152.5,3.0,152.34611848183636
7919,-152.5,3.5,152.36909703545965
7920,-152.5,4.0,151.83598425044866
7921,-152.5,4.5,152.87728859868884
7922,-152.5,5.0,150.9588808450313
7923,-152.5,5.5,150.6436764136193
7924,-152.5,6.0,151.78005827214184
7925,-152.5,6.5,152.4024758564499
7926,-152.5,7.5,153.3310843746599
7927,-152.5,8.0,152.40655883624285
7928,-152.5,8.5,151.73659582591895
7929,-152.5,9.0,157.45595602196886
7930,-152.5,9.5,156.97853139790547
7931,-152.5,10.5,154.58003041214465
7932,-152.5,11.0,167.69636731155308
7933,-152.5,11.5,164.15451898875259
7934,-152.5,12.0,155.44131902039985
7935,-152.5,13.0,157.3695422227116
7936,-152.5,13.5,168.46537131265296
7937,-152.5,14.0,157.96998531762858
7938,-152.5,14.5,150.3435528463159
7939,-152.5,15.0,148.04517325459904
7940,-152.5,15.5,148.79963183782368
7941,-152.5,16.0,150.6910589055875
7942,-152.5,16.5,149.44636115869997
7943,-152.5,17.0,149.15207411317564
7944,-152.5,17.5,150.5534212447224
7945,-152.5,18.0,149.65080415535834
7946,-152.5,18.5,151.09898081727613
7947,-152.5,19.0,149.562327800116
7948,-152.5,19.5,149.63275087974034
7949,-152.5,20.0,149.91712341942815
7950,-152.5,20.5,149.40040167266505
7951,-152.5,21.0,149.33025418779965
7952,-152.5,21.5,150.40224852896637
7953,-152.5,22.0,146.51131585864977
7954,-152.5,23.0,156.36671948410023
7955,-152.5,23.5,148.58001078991157
7956,-152.5,24.0,157.02413449621437
7957,-152.5,24.5,162.31381113052805
7958,-152.5,25.0,161.92316579558695
7959,-152.5,25.5,151.19369563935913
7960,-152.5,26.0,159.08734395426978
7961,-152.5,26.5,154.00348642474026
7962,-152.5,27.0,150.5519991835016
7963,-152.5,27.5,149.81636216539624
7964,-152.5,28.0,157.25963627533653
7965,-152.5,28.5,150.20148264910895
7966,-152.5,29.0,151.32836868003324
7967,-152.5,29.5,157.60096581459965
7968,-152.5,30.0,150.59460717664402
7969,-152.5,30.5,149.8062299613664
7970,-152.5,31.0,149.75411024839946
7971,-152.5,31.5,150.3140601525522
7972,-152.5,32.0,155.02649417489917
7973,-152.5,32.5,163.4743431798536
7974,-152.5,33.0,155.12054914371345
7975,-152.5,33.5,153.76974680644938
7976,-152.5,34.5,147.9256965822971
7977,-152.5,35.0,149.16905931816993
7978,-152.5,35.5,149.50662866145444
7979,-152.5,36.0,150.05394874519388
7980,-152.5,36.5,161.67264486805718
7981,-152.5,37.0,165.50501461679994
7982,-152.5,37.5,168.58417264151157
7983,-152.5,38.5,176.42187761060038
7984,-152.0,-37.5,151.7651379845441
7985,-152.0,-37.0,152.19878270014487
7986,-152.0,-36.5,150.1519729495652
7987,-152.0,-36.0,150.25017203290906
7988,-152.0,-35.5,149.67977231880914
7989,-152.0,-35.0,150.69395465714206
7990,-152.0,-34.5,149.98613113460496
7991,-152.0,-34.0,149.09364561903053
7992,-152.0,-33.5,148.91281207244
7993,-152.0,-33.0,150.5377140311214
7994,-152.0,-32.5,149.26363922854406
7995,-152.0,-32.0,151.56304414369978
7996,-152.0,-31.5,152.1856861720038
7997,-152.0,-31.0,148.02491089929654
7998,-152.0,-30.5,147.67331001122488
7999,-152.0,-30.0,151.71817902748342
8000,-152.0,-29.5,151.50054710379538
8001,-152.0,-29.0,152.33351752276218
8002,-152.0,-28.5,149.8234096740661
8003,-152.0,-28.0,148.59855703855033
8004,-152.0,-27.5,149.53289071250015
8005,-152.0,-27.0,149.76198720745336
8006,-152.0,-26.5,150.36583445241354
8007,-152.0,-26.0,149.82644495289364
8008,-152.0,-25.5,150.01149250792162
8009,-152.0,-25.0,151.6865249200002
8010,-152.0,-24.5,149.17244084040195
8011,-152.0,-24.0,152.0926880129391
8012,-152.0,-23.5,151.2156456387088
8013,-152.0,-23.0,153.55122674417865
8014,-152.0,-22.5,149.48940450758806
8015,-152.0,-22.0,150.0603433580903
8016,-152.0,-21.5,153.0859814941378
8017,-152.0,-21.0,149.06368531608683
8018,-152.0,-20.5,152.64083104760206
8019,-152.0,-20.0,154.30131886176463
8020,-152.0,-19.5,151.04416031295472
8021,-152.0,-19.0,151.93269976138666
8022,-152.0,-18.5,150.30664760239907
8023,-152.0,-18.0,152.91535923050895
8024,-152.0,-17.5,152.9361640955033
8025,-152.0,-17.0,149.26130550996336
8026,-152.0,-16.5,154.55851050817427
8027,-152.0,-16.0,151.38317951382143
8028,-152.0,-15.5,151.8318087207191
8029,-152.0,-15.0,151.7586492223088
8030,-152.0,-14.5,153.83851705764064
8031,-152.0,-14.0,153.33242702865059
8032,-152.0,-13.5,151.57872412691182
8033,-152.0,-13.0,152.16296135089755
8034,-152.0,-12.5,149.9521372046833
8035,-152.0,-12.0,149.91878448405606
8036,-152.0,-11.5,150.15871483611488
8037,-152.0,-10.5,153.59434694847855
8038,-152.0,-10.0,152.7315559908467
8039,-152.0,-9.5,153.37389946194904
8040,-152.0,-9.0,150.53760879019927
8041,-152.0,-8.5,152.06103623117147
8042,-152.0,-8.0,153.42980763802734
8043,-152.0,-7.5,152.5157572387414
8044,-152.0,-7.0,150.91268408706748
8045,-152.0,-6.5,152.68023240276236
8046,-152.0,-6.0,150.88621147855721
8047,-152.0,-5.5,150.2706779384869
8048,-152.0,-5.0,149.7951435513791
8049,-152.0,-4.5,150.5631228777551
8050,-152.0,-4.0,150.8006114502655
8051,-152.0,-3.5,154.50265174534002
8052,-152.0,-1.5,154.1616325430285
8053,-152.0,-1.0,150.83116560623864
8054,-152.0,-0.5,151.1011403664952
8055,-152.0,0.0,150.35403571291843
8056,-152.0,0.5,149.68563602430174
8057,-152.0,1.0,152.3945805335522
8058,-152.0,1.5,152.08786322837318
8059,-152.0,2.0,151.13844575501815
8060,-152.0,2.5,151.36026816097566
8061,-152.0,3.0,152.5942805666386
8062,-152.0,3.5,150.83866368396934
8063,-152.0,4.0,152.52637887957434
8064,-152.0,5.0,150.19567210970956
8065,-152.0,5.5,150.90461086762033
8066,-152.0,6.0,150.69204221359044
8067,-152.0,6.5,152.11342039632876
8068,-152.0,7.0,153.13744494893663
8069,-152.0,7.5,152.45730601323422
8070,-152.0,8.0,152.0262066225106
8071,-152.0,8.5,152.58584984649238
8072,-152.0,9.0,153.92383026891295
8073,-152.0,9.5,155.37712708897521
8074,-152.0,11.0,155.2019831005453
8075,-152.0,11.5,162.95583988173843
8076,-152.0,12.0,159.30454804548552
8077,-152.0,12.5,154.60278546680527
8078,-152.0,13.0,154.8740302870921
8079,-152.0,13.5,160.0158824588721
8080,-152.0,14.0,174.87187951329204
8081,-152.0,14.5,151.94255582053762
8082,-152.0,15.0,149.8030151753609
8083,-152.0,15.5,148.75609263642485
8084,-152.0,16.0,148.87033437412248
8085,-152.0,16.5,151.32561944209567
8086,-152.0,17.0,151.35058129987573
8087,-152.0,17.5,149.01978640730536
8088,-152.0,18.0,149.82150690275688
8089,-152.0,18.5,150.2836892092891
8090,-152.0,19.0,150.404844572991
8091,-152.0,19.5,149.36220503529495
8092,-152.0,20.0,149.62503268164684
8093,-152.0,21.0,149.2567894125442
8094,-152.0,21.5,149.80178638773725
8095,-152.0,22.0,148.07954724244334
8096,-152.0,22.5,162.68319439443562
8097,-152.0,23.0,148.69209651797098
8098,-152.0,23.5,151.0542085124681
8099,-152.0,24.0,156.17284777938286
8100,-152.0,24.5,163.32260689408972
8101,-152.0,25.0,150.4758171451863
8102,-152.0,25.5,152.06312262531839
8103,-152.0,26.0,155.294656555022
8104,-152.0,26.5,152.881533788323
8105,-152.0,27.0,147.8197848865126
8106,-152.0,27.5,151.32279641874794
8107,-152.0,28.0,151.48559709005755
8108,-152.0,28.5,153.0327906039474
8109,-152.0,29.0,152.25373413971133
8110,-152.0,29.5,153.21364146817118
8111,-152.0,30.0,150.0381981447357
8112,-152.0,30.5,148.84844407062917
8113,-152.0,31.0,150.065993561402
8114,-152.0,31.5,152.90127379105343
8115,-152.0,32.0,154.55425256892377
8116,-152.0,32.5,154.53300592825374
8117,-152.0,33.0,155.37873823343486
8118,-152.0,33.5,150.70966522188732
8119,-152.0,34.5,148.0123517296704
8120,-152.0,35.0,148.99108666153845
8121,-152.0,35.5,150.77893408745825
8122,-152.0,36.0,150.45651328435557
8123,-152.0,36.5,165.09237991744448
8124,-152.0,37.0,162.6024350332494
8125,-152.0,37.5,165.79331624704025
8126,-152.0,38.5,178.69667658746897
8127,-151.5,-37.5,153.1575824283252
8128,-151.5,-37.0,151.74387956496878
8129,-151.5,-36.5,150.2446162654126
8130,-151.5,-36.0,149.1032978555939
8131,-151.5,-35.5,149.70757103482853
8132,-151.5,-35.0,150.00606444421803
8133,-151.5,-34.5,150.07357253582433
8134,-151.5,-34.0,149.28534298049516
8135,-151.5,-33.5,148.43187798441156
8136,-151.5,-33.0,150.46597425511692
8137,-151.5,-32.5,150.96535204507703
8138,-151.5,-32.0,153.64064077661953
8139,-151.5,-31.5,150.64975210718472
8140,-151.5,-30.5,147.9310958048857
8141,-151.5,-30.0,152.055620845476
8142,-151.5,-29.5,150.40019733826864
8143,-151.5,-29.0,152.06811131054684
8144,-151.5,-28.5,149.1462260441798
8145,-151.5,-28.0,148.8363042439516
8146,-151.5,-27.5,149.40670112355474
8147,-151.5,-27.0,149.89305249270075
8148,-151.5,-26.5,150.74570787538377
8149,-151.5,-26.0,149.3577003060601
8150,-151.5,-25.5,150.5003278166715
8151,-151.5,-25.0,150.27729179204152
8152,-151.5,-24.5,150.86636215954127
8153,-151.5,-24.0,151.15946497452342
8154,-151.5,-23.5,154.83568269175487
8155,-151.5,-23.0,150.5409890402225
8156,-151.5,-22.5,146.57967162721758
8157,-151.5,-22.0,150.25530778704467
8158,-151.5,-21.5,153.11538044846375
8159,-151.5,-21.0,152.28283449102915
8160,-151.5,-20.5,149.07996033996974
8161,-151.5,-20.0,152.2143806203748
8162,-151.5,-19.5,151.56805993257484
8163,-151.5,-19.0,152.4876808211222
8164,-151.5,-18.5,150.54288124019308
8165,-151.5,-18.0,148.86897726371927
8166,-151.5,-17.5,153.25322936542716
8167,-151.5,-17.0,149.57333282957467
8168,-151.5,-16.5,154.65915883325152
8169,-151.5,-16.0,152.51819692527076
8170,-151.5,-15.5,152.70809928364008
8171,-151.5,-15.0,153.54528484090662
8172,-151.5,-14.5,152.89973331330378
8173,-151.5,-14.0,151.12329561721896
8174,-151.5,-13.5,151.99024317452628
8175,-151.5,-13.0,152.35378164914638
8176,-151.5,-12.5,150.57876434688518
8177,-151.5,-12.0,149.84223395054514
8178,-151.5,-11.5,149.4786522327344
8179,-151.5,-11.0,149.92501936701478
8180,-151.5,-10.5,153.38055848753794
8181,-151.5,-10.0,152.13638227385263
8182,-151.5,-9.5,154.15080165773009
8183,-151.5,-9.0,152.05253902203938
8184,-151.5,-8.5,152.78441810026771
8185,-151.5,-8.0,154.10887165967168
8186,-151.5,-7.5,151.28290907120166
8187,-151.5,-7.0,151.83492815238847
8188,-151.5,-6.5,151.67756510712738
8189,-151.5,-6.0,152.0769794771449
8190,-151.5,-5.0,150.2736658149211
8191,-151.5,-4.5,150.07448034439338
8192,-151.5,-4.0,150.56580735277402
8193,-151.5,-3.5,150.6015743377209
8194,-151.5,-3.0,151.6843744810307
8195,-151.5,-2.0,151.24000407039222
8196,-151.5,-1.5,149.7742887426684
8197,-151.5,-1.0,154.76058049851557
8198,-151.5,-0.5,151.40310772045447
8199,-151.5,0.0,150.46340712362803
8200,-151.5,1.0,150.62644432960332
8201,-151.5,1.5,152.56855026927778
8202,-151.5,2.0,151.34753835545777
8203,-151.5,2.5,152.49363716554305
8204,-151.5,3.0,151.58020966201892
8205,-151.5,3.5,152.40299208010188
8206,-151.5,4.0,152.39497762982649
8207,-151.5,4.5,149.92502691660042
8208,-151.5,5.0,150.03593065562222
8209,-151.5,5.5,150.8896273315532
8210,-151.5,6.0,151.00726268406535
8211,-151.5,6.5,149.59219710944575
8212,-151.5,7.0,152.688165722168
8213,-151.5,7.5,151.64594829466986
8214,-151.5,8.0,154.96759182068445
8215,-151.5,8.5,154.8644277785468
8216,-151.5,9.0,152.2304628320015
8217,-151.5,9.5,150.08515242796946
8218,-151.5,10.0,154.95458186581808
8219,-151.5,11.0,151.7862130071044
8220,-151.5,11.5,156.0243039857463
8221,-151.5,12.0,166.95709035871226
8222,-151.5,12.5,156.79031850177125
8223,-151.5,13.0,155.1462856445906
8224,-151.5,13.5,154.4226772290114
8225,-151.5,14.0,163.75588193467445
8226,-151.5,14.5,164.98414793355317
8227,-151.5,15.0,149.71726257821985
8228,-151.5,15.5,148.8831172105624
8229,-151.5,16.0,148.69174726580505
8230,-151.5,16.5,150.62931839091976
8231,-151.5,17.0,151.58365359760523
8232,-151.5,17.5,148.9689570935837
8233,-151.5,18.0,153.0551076490812
8234,-151.5,18.5,150.10980811697956
8235,-151.5,19.0,151.28479187058886
8236,-151.5,19.5,149.8437330283598
8237,-151.5,20.0,149.6836228680866
8238,-151.5,20.5,149.66500884195517
8239,-151.5,21.5,147.7966507718197
8240,-151.5,22.0,149.73965374535152
8241,-151.5,22.5,155.8764608931395
8242,-151.5,23.0,146.58420811657595
8243,-151.5,23.5,152.75714372353858
8244,-151.5,24.0,150.5022746585228
8245,-151.5,24.5,157.80706362359965
8246,-151.5,25.0,149.66470401611093
8247,-151.5,25.5,154.59200608395943
8248,-151.5,26.0,152.2893344964123
8249,-151.5,26.5,153.6772686162477
8250,-151.5,27.0,147.7503241890927
8251,-151.5,27.5,151.41459758632595
8252,-151.5,28.0,151.0473209834349
8253,-151.5,28.5,156.01524177904733
8254,-151.5,29.0,152.7509933891492
8255,-151.5,29.5,149.57756251878553
8256,-151.5,30.0,149.61245640376137
8257,-151.5,30.5,150.45276500810385
8258,-151.5,31.0,150.00790510625922
8259,-151.5,31.5,150.9732202029807
8260,-151.5,32.0,153.57036030545163
8261,-151.5,32.5,151.41848429658424
8262,-151.5,33.0,155.05640278838396
8263,-151.5,33.5,154.788350564433
8264,-151.5,34.0,147.50127815164905
8265,-151.5,34.5,147.84970287696098
8266,-151.5,35.0,150.09502677664824
8267,-151.5,35.5,151.45875892215295
8268,-151.5,36.0,150.6049486343151
8269,-151.5,36.5,168.64392399744273
8270,-151.5,37.0,153.01015711351357
8271,-151.5,37.5,166.76044656712682
8272,-151.5,38.5,181.17314870480928
8273,-151.0,-37.5,152.7308789306296
8274,-151.0,-37.0,151.4380020214239
8275,-151.0,-36.5,150.59584756107114
8276,-151.0,-36.0,149.73879557789834
8277,-151.0,-35.5,149.6203794462615
8278,-151.0,-35.0,149.7669201768759
8279,-151.0,-34.5,150.70424199057163
8280,-151.0,-34.0,149.47195482314223
8281,-151.0,-33.5,149.35676014539726
8282,-151.0,-33.0,150.2172287230383
8283,-151.0,-32.5,151.15653186812412
8284,-151.0,-32.0,150.22247045578266
8285,-151.0,-31.5,151.32625459488827
8286,-151.0,-31.0,151.81143224083118
8287,-151.0,-30.5,148.77136094719668
8288,-151.0,-30.0,151.41695099034868
8289,-151.0,-29.5,151.94612861351558
8290,-151.0,-29.0,149.74093222875808
8291,-151.0,-28.5,148.97879320028122
8292,-151.0,-28.0,149.1686458008649
8293,-151.0,-27.5,149.30036996389055
8294,-151.0,-27.0,150.7595585715863
8295,-151.0,-26.5,150.5449380706701
8296,-151.0,-26.0,149.55618402289804
8297,-151.0,-25.5,150.14563384132344
8298,-151.0,-25.0,148.28019975602967
8299,-151.0,-24.5,150.74804948620042
8300,-151.0,-24.0,151.26720571456266
8301,-151.0,-23.5,154.32437833079038
8302,-151.0,-23.0,149.17657636495343
8303,-151.0,-22.5,149.84110648132702
8304,-151.0,-22.0,149.93297980500637
8305,-151.0,-21.5,150.7123792639726
8306,-151.0,-21.0,153.0708085247468
8307,-151.0,-20.5,148.06451403250523
8308,-151.0,-20.0,151.34673704443483
8309,-151.0,-19.5,153.44218595447063
8310,-151.0,-19.0,151.89520766558695
8311,-151.0,-18.5,152.5816134302053
8312,-151.0,-18.0,150.05162492932868
8313,-151.0,-17.5,150.92469792676445
8314,-151.0,-17.0,153.6391842310835
8315,-151.0,-16.5,150.99923183680121
8316,-151.0,-16.0,151.58883510439622
8317,-151.0,-15.5,153.35597787602626
8318,-151.0,-15.0,153.38224675059035
8319,-151.0,-14.5,152.35879821721022
8320,-151.0,-14.0,149.3147718062118
8321,-151.0,-13.0,152.2734852422053
8322,-151.0,-12.5,153.52124326133656
8323,-151.0,-12.0,150.6079950394716
8324,-151.0,-11.0,148.65113882631107
8325,-151.0,-10.5,151.0456552958717
8326,-151.0,-10.0,154.86568461992107
8327,-151.0,-9.5,152.81034419478797
8328,-151.0,-9.0,153.893161597689
8329,-151.0,-8.5,153.68902278604548
8330,-151.0,-8.0,152.73628836888594
8331,-151.0,-7.5,151.73763348085146
8332,-151.0,-7.0,153.05045990233975
8333,-151.0,-6.5,151.83004210869058
8334,-151.0,-6.0,153.33859706708756
8335,-151.0,-5.5,150.8252514898953
8336,-151.0,-5.0,149.7474683773644
8337,-151.0,-4.5,150.2856268568654
8338,-151.0,-4.0,150.26320739033753
8339,-151.0,-3.5,150.32612348616448
8340,-151.0,-3.0,150.4070956167484
8341,-151.0,-2.5,151.17991989450803
8342,-151.0,-2.0,151.01514863390088
8343,-151.0,-1.5,149.302886058229
8344,-151.0,-1.0,156.37327634853483
8345,-151.0,-0.5,153.04083086898038
8346,-151.0,0.0,151.96625103138115
8347,-151.0,0.5,151.12466088242542
8348,-151.0,1.0,151.4007316118763
8349,-151.0,1.5,151.15743343335865
8350,-151.0,2.0,152.9622181576065
8351,-151.0,2.5,152.03806346546912
8352,-151.0,3.5,152.3787052618559
8353,-151.0,4.5,149.64614951256377
8354,-151.0,5.5,150.07869041300066
8355,-151.0,6.0,151.75620231081322
8356,-151.0,6.5,151.6836503716645
8357,-151.0,7.0,150.91003752347493
8358,-151.0,7.5,153.46893176863995
8359,-151.0,8.0,154.45676705227135
8360,-151.0,8.5,155.79405113305873
8361,-151.0,9.0,151.05187866325574
8362,-151.0,9.5,150.0889195607089
8363,-151.0,10.0,154.65544964168691
8364,-151.0,10.5,151.66429267321539
8365,-151.0,11.0,151.33849263758572
8366,-151.0,11.5,149.95116322172655
8367,-151.0,12.0,157.78893723327707
8368,-151.0,12.5,165.8308603007866
8369,-151.0,13.0,154.68893412592894
8370,-151.0,13.5,156.05761789867813
8371,-151.0,14.0,157.33180172576283
8372,-151.0,14.5,162.32186441112563
8373,-151.0,15.0,159.71028878079676
8374,-151.0,15.5,149.56367677945482
8375,-151.0,16.0,149.32769619342469
8376,-151.0,16.5,151.1201778453235
8377,-151.0,17.0,150.31864035664196
8378,-151.0,17.5,149.79590596330897
8379,-151.0,18.0,149.92616180356453
8380,-151.0,18.5,151.8294282915273
8381,-151.0,19.0,150.71294195782093
8382,-151.0,19.5,150.32988082721994
8383,-151.0,20.0,149.2963226812024
8384,-151.0,20.5,149.5110162183117
8385,-151.0,21.0,146.3851067094313
8386,-151.0,21.5,147.35254061607247
8387,-151.0,22.0,159.83580177825226
8388,-151.0,22.5,147.71053108218064
8389,-151.0,23.5,153.26713256770722
8390,-151.0,24.0,151.24028694491628
8391,-151.0,24.5,150.35208752197508
8392,-151.0,25.0,145.49661845624294
8393,-151.0,25.5,162.60631707641622
8394,-151.0,26.0,152.7675566392159
8395,-151.0,26.5,149.64531627213125
8396,-151.0,27.0,148.72065752088687
8397,-151.0,27.5,151.32225909016162
8398,-151.0,28.0,152.02505065007577
8399,-151.0,28.5,153.76038066064788
8400,-151.0,29.0,153.13729872968267
8401,-151.0,29.5,148.78000230178398
8402,-151.0,30.0,150.06569749114877
8403,-151.0,30.5,150.3038687081514
8404,-151.0,31.0,149.83093797542594
8405,-151.0,31.5,149.5780166065942
8406,-151.0,32.0,153.35922086747937
8407,-151.0,32.5,155.6410250463346
8408,-151.0,33.0,151.292107177744
8409,-151.0,33.5,159.0119977335917
8410,-151.0,34.0,147.7869487397903
8411,-151.0,34.5,148.34438675338637
8412,-151.0,35.0,149.27890858097922
8413,-151.0,35.5,151.06814862339357
8414,-151.0,36.0,150.80311932143135
8415,-151.0,36.5,165.44573919073446
8416,-151.0,37.0,153.65167476032218
8417,-151.0,37.5,167.59534346172816
8418,-151.0,38.5,180.95648951422257
8419,-150.5,-37.5,152.5788081462294
8420,-150.5,-36.5,150.06822466220825
8421,-150.5,-36.0,150.00473608302522
8422,-150.5,-35.5,149.07070424898274
8423,-150.5,-35.0,149.57055169247695
8424,-150.5,-34.5,150.941850346396
8425,-150.5,-34.0,149.23869936036087
8426,-150.5,-33.5,150.26113976007647
8427,-150.5,-33.0,150.85205387740217
8428,-150.5,-32.5,149.01757090361187
8429,-150.5,-32.0,151.2269473951222
8430,-150.5,-31.5,150.861970738475
8431,-150.5,-31.0,150.32355935969295
8432,-150.5,-30.5,150.07222523429206
8433,-150.5,-30.0,152.93442947091725
8434,-150.5,-29.5,149.7958488907901
8435,-150.5,-29.0,149.46204361151442
8436,-150.5,-28.5,148.62154183896158
8437,-150.5,-28.0,150.31800092301285
8438,-150.5,-27.5,149.54598799848318
8439,-150.5,-27.0,150.71615416900812
8440,-150.5,-26.5,149.99947124730016
8441,-150.5,-26.0,151.21431700704423
8442,-150.5,-25.5,149.1728341366786
8443,-150.5,-25.0,150.2724139670009
8444,-150.5,-24.5,150.19594662909262
8445,-150.5,-24.0,151.36487447514472
8446,-150.5,-23.5,148.94764294102137
8447,-150.5,-23.0,151.7144803984786
8448,-150.5,-22.5,149.52411573456365
8449,-150.5,-22.0,149.5808787831555
8450,-150.5,-21.5,150.52497485130564
8451,-150.5,-21.0,150.79538521705456
8452,-150.5,-20.5,151.65048757216593
8453,-150.5,-20.0,148.55449745752398
8454,-150.5,-19.5,152.67052725885048
8455,-150.5,-19.0,153.51854203762554
8456,-150.5,-18.5,151.5464254498858
8457,-150.5,-18.0,150.500058364172
8458,-150.5,-17.5,150.25688582985927
8459,-150.5,-17.0,153.56303808358152
8460,-150.5,-16.5,152.30449491692127
8461,-150.5,-16.0,150.7055082517264
8462,-150.5,-15.5,153.8937713590379
8463,-150.5,-15.0,153.4961066588907
8464,-150.5,-14.5,151.15369606489682
8465,-150.5,-14.0,153.32766878574364
8466,-150.5,-13.5,151.62382851173342
8467,-150.5,-13.0,151.56254870050458
8468,-150.5,-12.5,152.76661069663632
8469,-150.5,-12.0,156.86666112567218
8470,-150.5,-11.0,150.73338490409898
8471,-150.5,-10.5,150.0998952395278
8472,-150.5,-10.0,153.59667665414852
8473,-150.5,-9.5,153.28050985291813
8474,-150.5,-9.0,153.67546959148095
8475,-150.5,-8.5,153.09464781496789
8476,-150.5,-8.0,150.93995666557365
8477,-150.5,-7.5,150.98510852407355
8478,-150.5,-7.0,150.9925247459639
8479,-150.5,-6.5,152.09117401906124
8480,-150.5,-6.0,151.16459653376327
8481,-150.5,-5.5,150.7440583122463
8482,-150.5,-5.0,150.11621230258686
8483,-150.5,-3.5,149.94973030615364
8484,-150.5,-3.0,150.550293632205
8485,-150.5,-2.5,151.22752697023503
8486,-150.5,-2.0,149.5670023337559
8487,-150.5,-1.0,149.74174030778218
8488,-150.5,-0.5,158.50689615466032
8489,-150.5,0.0,151.6295359535453
8490,-150.5,0.5,151.4065052758639
8491,-150.5,1.0,151.5237907072796
8492,-150.5,1.5,150.67750064862204
8493,-150.5,2.0,152.32576085423204
8494,-150.5,2.5,153.44317510122067
8495,-150.5,3.0,152.20037986244418
8496,-150.5,3.5,152.22507021173706
8497,-150.5,4.0,150.20170345383653
8498,-150.5,4.5,149.44695124499353
8499,-150.5,5.0,149.75801933900865
8500,-150.5,6.0,151.65114264498132
8501,-150.5,6.5,151.5851661304308
8502,-150.5,7.0,151.27109663605395
8503,-150.5,7.5,153.0531152740145
8504,-150.5,8.0,155.00710439508197
8505,-150.5,8.5,155.71943963475601
8506,-150.5,9.0,155.97000306877433
8507,-150.5,9.5,152.37577678858614
8508,-150.5,10.0,149.91811805212583
8509,-150.5,10.5,151.96391963377488
8510,-150.5,11.0,151.2086044656294
8511,-150.5,11.5,149.7488094677085
8512,-150.5,12.0,149.39224972195942
8513,-150.5,12.5,163.89372862703667
8514,-150.5,13.0,162.34504901405788
8515,-150.5,13.5,148.4540856713941
8516,-150.5,14.0,148.63103154179706
8517,-150.5,14.5,156.47329696131905
8518,-150.5,15.0,164.88620390647012
8519,-150.5,15.5,151.22257904244051
8520,-150.5,16.0,151.5298606852358
8521,-150.5,16.5,149.26505813548366
8522,-150.5,17.0,149.51359075630765
8523,-150.5,17.5,150.3987268156286
8524,-150.5,18.0,149.69791894339016
8525,-150.5,18.5,152.09539255505842
8526,-150.5,19.0,150.3803695600547
8527,-150.5,19.5,151.31809716153475
8528,-150.5,20.0,149.8310106468605
8529,-150.5,20.5,149.416345463176
8530,-150.5,21.0,146.44123115180196
8531,-150.5,21.5,164.0099716907035
8532,-150.5,22.0,155.730530628457
8533,-150.5,22.5,148.7093319334191
8534,-150.5,23.0,155.39886516724738
8535,-150.5,23.5,151.55601639859745
8536,-150.5,24.0,150.06620848890014
8537,-150.5,24.5,146.90919920649102
8538,-150.5,25.0,152.46687996606371
8539,-150.5,25.5,162.6873537466635
8540,-150.5,26.0,154.58584081181016
8541,-150.5,26.5,150.17159694969422
8542,-150.5,27.0,149.69057082954606
8543,-150.5,27.5,147.23711210152797
8544,-150.5,28.0,152.57803989908302
8545,-150.5,28.5,150.13939140155443
8546,-150.5,29.0,156.5596924991905
8547,-150.5,29.5,148.66126219151684
8548,-150.5,30.0,150.05671675399262
8549,-150.5,30.5,151.1240266136585
8550,-150.5,31.0,149.64083621429225
8551,-150.5,31.5,150.3952633295531
8552,-150.5,32.0,164.12099375431825
8553,-150.5,32.5,155.75379122491282
8554,-150.5,33.0,150.68638312673113
8555,-150.5,33.5,156.42104696303258
8556,-150.5,34.0,147.29739902782097
8557,-150.5,35.0,148.93130927475005
8558,-150.5,35.5,150.59761133835588
8559,-150.5,36.0,150.66135420951616
8560,-150.5,36.5,167.33332377260248
8561,-150.5,37.0,153.8604337843052
8562,-150.5,37.5,168.32648531060264
8563,-150.5,38.5,170.98145315052477
8564,-150.0,-37.5,152.2427683547019
8565,-150.0,-36.5,150.92858542817947
8566,-150.0,-36.0,149.53215821259846
8567,-150.0,-35.5,148.59969156989453
8568,-150.0,-35.0,149.1021226957905
8569,-150.0,-34.5,151.10399969721024
8570,-150.0,-34.0,149.00054348968337
8571,-150.0,-33.5,150.72839978104108
8572,-150.0,-33.0,150.195477717939
8573,-150.0,-32.5,151.04340116238018
8574,-150.0,-32.0,154.472647769274
8575,-150.0,-31.5,150.50879725934539
8576,-150.0,-31.0,149.24286323867005
8577,-150.0,-30.5,149.48226015180987
8578,-150.0,-30.0,153.95357553193801
8579,-150.0,-29.5,148.23907209298017
8580,-150.0,-29.0,149.394265334964
8581,-150.0,-28.5,148.7734455253455
8582,-150.0,-28.0,150.0979346896063
8583,-150.0,-27.5,149.9565363241796
8584,-150.0,-27.0,150.20769832756832
8585,-150.0,-26.5,151.26829506674105
8586,-150.0,-26.0,150.83494616500445
8587,-150.0,-25.5,147.62631648290915
8588,-150.0,-25.0,150.10798052269269
8589,-150.0,-24.5,149.58057474897464
8590,-150.0,-24.0,154.14288981146487
8591,-150.0,-23.5,148.63919398773731
8592,-150.0,-23.0,149.448793946261
8593,-150.0,-22.5,149.4905826047687
8594,-150.0,-22.0,148.9917624882632
8595,-150.0,-21.5,148.42390248554634
8596,-150.0,-21.0,150.48760080437629
8597,-150.0,-20.5,153.32822799568737
8598,-150.0,-20.0,150.30180040528165
8599,-150.0,-19.5,151.44396467471367
8600,-150.0,-19.0,153.57958179942264
8601,-150.0,-18.5,152.4218696954307
8602,-150.0,-18.0,153.20699491840284
8603,-150.0,-17.5,151.62680957271505
8604,-150.0,-17.0,149.9432060801933
8605,-150.0,-16.5,152.87099600699608
8606,-150.0,-16.0,151.86308504040147
8607,-150.0,-15.5,152.22059903816387
8608,-150.0,-15.0,152.0889207870382
8609,-150.0,-14.0,152.73819860212546
8610,-150.0,-13.5,151.54072418448413
8611,-150.0,-13.0,155.2617931794082
8612,-150.0,-12.5,153.32284153824418
8613,-150.0,-12.0,156.6942414331812
8614,-150.0,-11.5,149.62815699520908
8615,-150.0,-11.0,149.68090799324503
8616,-150.0,-10.5,151.90501137774604
8617,-150.0,-10.0,151.30104185318152
8618,-150.0,-9.5,153.53507775772752
8619,-150.0,-9.0,153.36069545655
8620,-150.0,-8.5,151.98543503739742
8621,-150.0,-8.0,150.79558173051998
8622,-150.0,-7.5,151.45493817062052
8623,-150.0,-7.0,151.21772378468035
8624,-150.0,-6.5,149.8803772494624
8625,-150.0,-6.0,151.980285887065
8626,-150.0,-5.5,150.7387358713616
8627,-150.0,-5.0,153.156993837584
8628,-150.0,-4.5,151.06802127632062
8629,-150.0,-3.0,150.6491214344977
8630,-150.0,-2.5,149.9668980834681
8631,-150.0,-2.0,149.34970439086362
8632,-150.0,-1.5,149.56577201291324
8633,-150.0,-1.0,149.47039890066708
8634,-150.0,0.0,154.88574062480666
8635,-150.0,0.5,151.00149008223627
8636,-150.0,1.0,150.97393212720516
8637,-150.0,1.5,151.92317005138287
8638,-150.0,2.0,151.39795079469098
8639,-150.0,2.5,152.9221783779421
8640,-150.0,3.0,152.09185152459125
8641,-150.0,3.5,151.30265689748364
8642,-150.0,4.0,154.5891909387845
8643,-150.0,4.5,149.66467590745404
8644,-150.0,5.0,149.80687486594758
8645,-150.0,5.5,151.38852288944204
8646,-150.0,6.0,151.41373563052312
8647,-150.0,6.5,150.74194898547373
8648,-150.0,7.0,151.81079166055753
8649,-150.0,7.5,155.53010459348894
8650,-150.0,8.0,153.00691888997974
8651,-150.0,8.5,156.12791503876466
8652,-150.0,9.0,158.28828502742874
8653,-150.0,9.5,158.77088681668567
8654,-150.0,10.0,150.54522700006228
8655,-150.0,10.5,151.35697958143382
8656,-150.0,11.0,151.97721494092883
8657,-150.0,11.5,149.7340799974577
8658,-150.0,12.0,155.37460758486554
8659,-150.0,12.5,153.5609934877206
8660,-150.0,13.0,172.43709940872233
8661,-150.0,13.5,154.5831821050413
8662,-150.0,14.0,149.33427437472594
8663,-150.0,14.5,150.59936265616372
8664,-150.0,15.0,159.18611441105082
8665,-150.0,15.5,157.81513837536394
8666,-150.0,16.0,151.4454233871888
8667,-150.0,16.5,149.18342724005993
8668,-150.0,17.0,149.50941278161773
8669,-150.0,17.5,150.31201891909836
8670,-150.0,18.0,150.50989780437519
8671,-150.0,18.5,149.6868140462858
8672,-150.0,19.0,151.89259769602182
8673,-150.0,19.5,151.68832399748058
8674,-150.0,20.0,150.59466545497074
8675,-150.0,20.5,148.95861531196377
8676,-150.0,21.0,149.20606380715716
8677,-150.0,21.5,164.1828074395591
8678,-150.0,22.0,147.16453907444492
8679,-150.0,22.5,149.01498832160496
8680,-150.0,23.0,152.7981279202849
8681,-150.0,23.5,162.74864236527424
8682,-150.0,24.0,147.90438366898007
8683,-150.0,24.5,147.84224887955943
8684,-150.0,25.0,152.98901168169732
8685,-150.0,25.5,148.09733320060997
8686,-150.0,26.0,151.1677745606382
8687,-150.0,26.5,151.1199124579654
8688,-150.0,27.0,149.27592168072283
8689,-150.0,27.5,147.6536180651777
8690,-150.0,28.0,152.50582656268253
8691,-150.0,28.5,150.46759743823952
8692,-150.0,29.0,156.90175425185288
8693,-150.0,29.5,150.23834068681816
8694,-150.0,30.0,149.5655023919369
8695,-150.0,30.5,149.99217073388897
8696,-150.0,31.0,150.34082787204477
8697,-150.0,31.5,150.25696854740647
8698,-150.0,32.0,157.85273296725583
8699,-150.0,32.5,152.67157994679397
8700,-150.0,33.0,150.12753230059303
8701,-150.0,33.5,156.2872482294186
8702,-150.0,34.0,149.6882153957291
8703,-150.0,34.5,147.682557041353
8704,-150.0,35.0,149.7017487868789
8705,-150.0,35.5,150.6624583196279
8706,-150.0,36.0,150.6309464537382
8707,-150.0,36.5,161.0196657179063
8708,-150.0,37.0,154.13095400427434
8709,-150.0,38.0,168.15862284070334
8710,-150.0,38.5,167.3967660684728
8711,-149.5,-37.5,152.0733954791988
8712,-149.5,-36.5,151.05918070208926
8713,-149.5,-36.0,149.19416927884774
8714,-149.5,-35.5,148.61081131852129
8715,-149.5,-35.0,148.8412972863603
8716,-149.5,-34.5,151.5849768095033
8717,-149.5,-34.0,149.24711960080023
8718,-149.5,-33.5,150.8311471020721
8719,-149.5,-33.0,150.43003049421753
8720,-149.5,-32.5,148.90417982348941
8721,-149.5,-32.0,151.9268314051891
8722,-149.5,-31.5,150.67179577265193
8723,-149.5,-31.0,149.45457382688468
8724,-149.5,-30.5,153.9558296167128
8725,-149.5,-30.0,150.14423672711155
8726,-149.5,-29.5,149.68253210355616
8727,-149.5,-29.0,149.06333010701928
8728,-149.5,-28.5,149.7468329421665
8729,-149.5,-28.0,149.35559837654336
8730,-149.5,-27.5,150.1759876479023
8731,-149.5,-27.0,150.92104979533568
8732,-149.5,-26.5,151.44247126974483
8733,-149.5,-26.0,149.19534747206572
8734,-149.5,-25.5,150.02043503089592
8735,-149.5,-25.0,149.77068170382657
8736,-149.5,-24.5,150.01318237414267
8737,-149.5,-24.0,149.18861969224557
8738,-149.5,-23.5,147.9027351987592
8739,-149.5,-23.0,149.49245926405766
8740,-149.5,-22.5,150.91511705983214
8741,-149.5,-22.0,148.46520437566525
8742,-149.5,-21.5,146.95384464715866
8743,-149.5,-21.0,150.3655051942244
8744,-149.5,-20.5,153.91027193164194
8745,-149.5,-20.0,152.0938802401679
8746,-149.5,-19.5,147.40127282128316
8747,-149.5,-19.0,151.4296031311502
8748,-149.5,-18.5,154.05880773771256
8749,-149.5,-18.0,154.17492164281015
8750,-149.5,-17.5,152.84584246251364
8751,-149.5,-17.0,150.83450736192773
8752,-149.5,-16.5,153.01950234061096
8753,-149.5,-16.0,155.1040674494561
8754,-149.5,-15.5,151.72497521532878
8755,-149.5,-14.5,154.24848947529668
8756,-149.5,-14.0,151.39676552167936
8757,-149.5,-13.5,153.03405018234628
8758,-149.5,-13.0,151.2638110726306
8759,-149.5,-12.5,156.23371391611266
8760,-149.5,-12.0,156.18665840434494
8761,-149.5,-11.5,150.45301485830075
8762,-149.5,-10.5,150.38906363419105
8763,-149.5,-10.0,150.6374429945744
8764,-149.5,-9.5,152.9359444701842
8765,-149.5,-9.0,152.2064919046739
8766,-149.5,-8.5,150.63976045804728
8767,-149.5,-8.0,149.84236577541068
8768,-149.5,-7.5,150.77745107807752
8769,-149.5,-6.5,149.87447961922487
8770,-149.5,-6.0,149.85562339407966
8771,-149.5,-5.5,152.15193356014385
8772,-149.5,-5.0,153.5016531179914
8773,-149.5,-4.5,152.21752823626133
8774,-149.5,-3.5,151.33517832353937
8775,-149.5,-3.0,149.84233597632854
8776,-149.5,-2.5,149.77605686849714
8777,-149.5,-2.0,149.97580780784415
8778,-149.5,-1.5,149.52087859392307
8779,-149.5,-0.5,149.85388488871007
8780,-149.5,0.0,153.23921880503443
8781,-149.5,0.5,154.5304769106037
8782,-149.5,1.0,151.74847820809555
8783,-149.5,1.5,151.47402172473684
8784,-149.5,2.0,152.12753916689417
8785,-149.5,2.5,151.59338083688178
8786,-149.5,3.0,153.40956034740242
8787,-149.5,3.5,153.12332915838252
8788,-149.5,4.0,149.4375458764646
8789,-149.5,4.5,149.44478999896333
8790,-149.5,5.5,151.10339441576886
8791,-149.5,6.0,150.52816198543414
8792,-149.5,6.5,152.0242731568693
8793,-149.5,7.0,155.28203905716975
8794,-149.5,7.5,153.121464307267
8795,-149.5,8.0,151.89469599844398
8796,-149.5,8.5,153.25763995707257
8797,-149.5,9.0,157.7134628661188
8798,-149.5,9.5,150.72697943950212
8799,-149.5,10.0,150.46470180077714
8800,-149.5,10.5,150.40378543060766
8801,-149.5,11.0,152.46348354837738
8802,-149.5,11.5,159.5913235545971
8803,-149.5,12.0,158.71962235604948
8804,-149.5,12.5,149.57919698953714
8805,-149.5,13.0,156.56330585037583
8806,-149.5,13.5,164.1782369668005
8807,-149.5,14.0,150.0486787181403
8808,-149.5,14.5,149.81958899986907
8809,-149.5,15.0,157.86337622114374
8810,-149.5,15.5,157.99769098753367
8811,-149.5,16.0,160.7983141153589
8812,-149.5,16.5,150.21810611154496
8813,-149.5,17.0,149.3842606970726
8814,-149.5,17.5,150.23689656521577
8815,-149.5,18.0,150.41728238311947
8816,-149.5,18.5,150.26294811267766
8817,-149.5,19.0,150.82767939878693
8818,-149.5,19.5,151.56499076433568
8819,-149.5,20.0,151.17454225792142
8820,-149.5,20.5,148.56521914017216
8821,-149.5,21.0,149.54761816788874
8822,-149.5,21.5,148.9898315468001
8823,-149.5,22.0,149.05077674741196
8824,-149.5,22.5,149.73733085045197
8825,-149.5,23.0,150.92889765280003
8826,-149.5,23.5,145.98586044747464
8827,-149.5,24.0,147.07511350198521
8828,-149.5,24.5,150.37132046757782
8829,-149.5,25.0,149.81046648509854
8830,-149.5,25.5,149.20797475703634
8831,-149.5,26.0,146.0993848636075
8832,-149.5,26.5,151.03078835369882
8833,-149.5,27.0,150.02555929597372
8834,-149.5,27.5,148.2882904860245
8835,-149.5,28.0,149.91996138738776
8836,-149.5,28.5,153.5654973071097
8837,-149.5,29.0,153.6055542515109
8838,-149.5,29.5,151.0971342329806
8839,-149.5,30.0,149.8820091386779
8840,-149.5,30.5,149.28650239203424
8841,-149.5,31.0,151.31731127773617
8842,-149.5,31.5,150.39835901563788
8843,-149.5,32.0,156.6501438569576
8844,-149.5,32.5,150.86200655642062
8845,-149.5,33.0,148.37569459541606
8846,-149.5,33.5,152.1013601453242
8847,-149.5,34.0,151.38734060598836
8848,-149.5,34.5,147.6632055657358
8849,-149.5,35.0,150.99022793670068
8850,-149.5,35.5,151.294706589829
8851,-149.5,36.0,151.7019810724229
8852,-149.5,36.5,157.94644041455345
8853,-149.5,37.0,154.3392648521156
8854,-149.5,37.5,154.59994161109339
8855,-149.5,38.0,169.6607579083834
8856,-149.0,-37.5,151.39764950125257
8857,-149.0,-37.0,148.55590362799194
8858,-149.0,-36.5,150.65155501629383
8859,-149.0,-36.0,148.68133538787123
8860,-149.0,-35.5,148.66573146296966
8861,-149.0,-35.0,148.29409996821778
8862,-149.0,-34.5,150.68623844012694
8863,-149.0,-34.0,148.97542652027204
8864,-149.0,-33.5,150.81153078596793
8865,-149.0,-33.0,150.49548280525403
8866,-149.0,-32.5,148.33059595923962
8867,-149.0,-32.0,151.21389462076513
8868,-149.0,-31.5,155.6196519171207
8869,-149.0,-31.0,148.38920292617578
8870,-149.0,-30.5,153.24415239427398
8871,-149.0,-30.0,149.2159979540706
8872,-149.0,-29.5,149.5770822431004
8873,-149.0,-29.0,148.8301459652045
8874,-149.0,-28.5,149.61265272024227
8875,-149.0,-28.0,149.86731284399764
8876,-149.0,-27.5,150.96954776562583
8877,-149.0,-27.0,151.1578535253024
8878,-149.0,-26.5,150.932006862936
8879,-149.0,-26.0,149.7311752179688
8880,-149.0,-25.5,150.80881407990128
8881,-149.0,-25.0,149.31300951447813
8882,-149.0,-24.5,149.94671744713946
8883,-149.0,-24.0,148.30734811157055
8884,-149.0,-23.5,149.27868437024597
8885,-149.0,-23.0,148.75321012866277
8886,-149.0,-22.5,149.5656490565727
8887,-149.0,-22.0,149.52740598917677
8888,-149.0,-21.5,148.5460928070176
8889,-149.0,-21.0,150.81409533664714
8890,-149.0,-20.5,150.55548013023545
8891,-149.0,-20.0,150.85611856845432
8892,-149.0,-19.5,148.2024358602193
8893,-149.0,-19.0,149.35244294976388
8894,-149.0,-18.5,153.7052436216078
8895,-149.0,-18.0,153.70654399392814
8896,-149.0,-17.5,152.62505933011587
8897,-149.0,-17.0,154.14173933379004
8898,-149.0,-16.5,153.3346697895452
8899,-149.0,-16.0,153.99496902115334
8900,-149.0,-15.5,154.4366170393336
8901,-149.0,-15.0,150.42395154326417
8902,-149.0,-14.5,153.10478579879168
8903,-149.0,-14.0,153.19826321089838
8904,-149.0,-13.0,154.569590601738
8905,-149.0,-12.0,151.799776584452
8906,-149.0,-11.5,151.419534182541
8907,-149.0,-11.0,151.0929461579433
8908,-149.0,-10.5,150.66470198976572
8909,-149.0,-10.0,153.5233143296518
8910,-149.0,-9.5,151.15459106092746
8911,-149.0,-9.0,150.66853637284265
8912,-149.0,-8.5,149.9913311657202
8913,-149.0,-8.0,151.2440861993728
8914,-149.0,-7.5,150.780370504589
8915,-149.0,-7.0,150.1409840999165
8916,-149.0,-6.5,149.24931204008186
8917,-149.0,-6.0,149.8260895596645
8918,-149.0,-5.5,152.05976757390317
8919,-149.0,-5.0,152.04245349044064
8920,-149.0,-4.5,153.75326049019105
8921,-149.0,-4.0,151.084068809196
8922,-149.0,-3.5,151.40650723666872
8923,-149.0,-3.0,148.8998244118639
8924,-149.0,-2.5,149.60330314188215
8925,-149.0,-2.0,149.7947640404203
8926,-149.0,-1.5,150.78282317744686
8927,-149.0,-0.5,149.82896384851108
8928,-149.0,0.0,150.64874169188437
8929,-149.0,0.5,153.40639141379484
8930,-149.0,1.0,151.75257628806585
8931,-149.0,1.5,152.54216557453177
8932,-149.0,2.0,151.2254916161362
8933,-149.0,2.5,151.78999933750333
8934,-149.0,3.0,152.44964329250084
8935,-149.0,3.5,154.4083690158146
8936,-149.0,4.0,149.84250911507854
8937,-149.0,5.0,150.68756185322007
8938,-149.0,5.5,150.48606476620785
8939,-149.0,6.0,150.75147506641244
8940,-149.0,6.5,153.53861859802518
8941,-149.0,7.0,155.01380547228206
8942,-149.0,7.5,154.53540137761703
8943,-149.0,8.0,153.404184479208
8944,-149.0,8.5,153.71573420099918
8945,-149.0,9.0,152.8628800233546
8946,-149.0,9.5,150.64832706610372
8947,-149.0,10.5,150.62544515282363
8948,-149.0,11.0,151.2905523786906
8949,-149.0,11.5,158.61279720290273
8950,-149.0,12.5,149.59677730842657
8951,-149.0,13.0,149.83515309554338
8952,-149.0,13.5,161.4659529520801
8953,-149.0,14.0,158.30005544217377
8954,-149.0,14.5,150.11363305505773
8955,-149.0,15.0,152.68295390764519
8956,-149.0,15.5,162.90061417142215
8957,-149.0,16.0,161.05400264925473
8958,-149.0,16.5,152.84128900230445
8959,-149.0,17.0,150.51308330732292
8960,-149.0,17.5,150.27145541679272
8961,-149.0,18.0,150.60985081199127
8962,-149.0,18.5,150.64599477545553
8963,-149.0,19.0,149.5060836381639
8964,-149.0,19.5,151.27055194019184
8965,-149.0,20.0,147.25034970143176
8966,-149.0,20.5,150.8194271704535
8967,-149.0,21.0,147.62853141383363
8968,-149.0,21.5,148.27126015902778
8969,-149.0,22.5,151.29322719550072
8970,-149.0,23.0,148.85217794823458
8971,-149.0,23.5,147.16937377105037
8972,-149.0,24.0,145.97290522356613
8973,-149.0,24.5,149.2622945357066
8974,-149.0,25.0,148.30141335130628
8975,-149.0,25.5,149.18845936226708
8976,-149.0,26.0,151.07320797088474
8977,-149.0,26.5,150.5586625756617
8978,-149.0,27.0,150.7746248267727
8979,-149.0,27.5,148.49978040868422
8980,-149.0,28.0,149.0818786823505
8981,-149.0,28.5,152.16555743401526
8982,-149.0,29.0,152.3899664327842
8983,-149.0,29.5,155.36278766090382
8984,-149.0,30.0,150.7268059851245
8985,-149.0,30.5,149.63387248069864
8986,-149.0,31.0,150.91959285029475
8987,-149.0,31.5,151.20897137189417
8988,-149.0,32.0,156.43212227340896
8989,-149.0,32.5,147.83619024783664
8990,-149.0,33.0,151.0286841086928
8991,-149.0,33.5,150.19622341224778
8992,-149.0,34.0,153.80412520992397
8993,-149.0,34.5,147.7518688706792
8994,-149.0,35.0,151.00154432380805
8995,-149.0,35.5,150.1770542237582
8996,-149.0,36.0,150.80432548217655
8997,-149.0,36.5,151.4419356565004
8998,-149.0,37.5,154.88378198925662
8999,-149.0,38.0,167.4071232924609
9000,-148.5,-37.5,151.70244475142098
9001,-148.5,-37.0,148.38552971865843
9002,-148.5,-36.5,151.09158678302592
9003,-148.5,-36.0,148.58621398102625
9004,-148.5,-35.5,148.36352347815227
9005,-148.5,-35.0,148.79286141871881
9006,-148.5,-34.5,151.24368790670084
9007,-148.5,-34.0,149.20258096163496
9008,-148.5,-33.5,149.95304857010572
9009,-148.5,-33.0,150.9521770569135
9010,-148.5,-32.5,149.14839323878354
9011,-148.5,-32.0,150.98745665063416
9012,-148.5,-31.5,156.12014649548553
9013,-148.5,-31.0,148.2251080625847
9014,-148.5,-30.5,152.3321935139888
9015,-148.5,-30.0,148.90631983533305
9016,-148.5,-29.5,148.64175083301512
9017,-148.5,-29.0,149.5701200085186
9018,-148.5,-28.5,149.56304088871602
9019,-148.5,-28.0,149.53322608730934
9020,-148.5,-27.5,151.02443028809023
9021,-148.5,-27.0,153.3968692953918
9022,-148.5,-26.5,150.1005346024889
9023,-148.5,-26.0,148.94432131666335
9024,-148.5,-25.5,149.825754308158
9025,-148.5,-25.0,149.8309400775146
9026,-148.5,-24.5,149.29992406623762
9027,-148.5,-24.0,148.56454021595067
9028,-148.5,-23.5,149.34168330086837
9029,-148.5,-23.0,148.51166306060256
9030,-148.5,-22.5,149.24996849818538
9031,-148.5,-22.0,148.91438704945463
9032,-148.5,-21.5,148.86996451818086
9033,-148.5,-21.0,152.1076979347998
9034,-148.5,-20.5,149.4118432622674
9035,-148.5,-20.0,150.14138975724063
9036,-148.5,-19.5,152.2435536770392
9037,-148.5,-19.0,149.59169856679816
9038,-148.5,-18.5,151.63785319082533
9039,-148.5,-18.0,152.7507113042891
9040,-148.5,-17.5,153.7064380191046
9041,-148.5,-17.0,154.91161237858006
9042,-148.5,-16.5,153.1350904152392
9043,-148.5,-16.0,151.78403042272205
9044,-148.5,-15.5,155.16231076788222
9045,-148.5,-15.0,153.28508378036327
9046,-148.5,-14.5,153.73028677567294
9047,-148.5,-14.0,153.2172080987611
9048,-148.5,-13.5,152.9088004343099
9049,-148.5,-13.0,152.85011590654491
9050,-148.5,-12.5,152.52369591163733
9051,-148.5,-12.0,149.64365940260217
9052,-148.5,-11.5,152.82098420823633
9053,-148.5,-11.0,150.32906563092888
9054,-148.5,-10.5,153.08618616668073
9055,-148.5,-10.0,153.0122980722769
9056,-148.5,-9.5,151.59823262072467
9057,-148.5,-9.0,149.95439192657108
9058,-148.5,-8.0,151.0357596200519
9059,-148.5,-7.5,150.6417834146619
9060,-148.5,-7.0,149.7890617875082
9061,-148.5,-6.5,149.96443947081377
9062,-148.5,-5.0,151.9650763427993
9063,-148.5,-4.5,151.8401186423662
9064,-148.5,-4.0,150.95970330902801
9065,-148.5,-3.5,149.56527686242148
9066,-148.5,-3.0,148.8566056265699
9067,-148.5,-2.5,149.30653701168112
9068,-148.5,-2.0,150.0409559967112
9069,-148.5,-1.5,150.55729611614953
9070,-148.5,-1.0,154.05257956716102
9071,-148.5,-0.5,152.44414767106062
9072,-148.5,0.0,150.01804727152958
9073,-148.5,0.5,150.97035140716608
9074,-148.5,1.0,151.88572495603782
9075,-148.5,1.5,152.35628470620787
9076,-148.5,2.0,151.29531752932468
9077,-148.5,2.5,151.71754346668558
9078,-148.5,3.0,154.08159935505034
9079,-148.5,3.5,150.90808101740754
9080,-148.5,4.0,152.55341928598986
9081,-148.5,4.5,150.4247448370869
9082,-148.5,5.0,150.46034120876772
9083,-148.5,5.5,150.09662425342228
9084,-148.5,6.0,152.05713220777142
9085,-148.5,6.5,155.04649239178178
9086,-148.5,7.0,153.91326969098944
9087,-148.5,7.5,155.96553540732944
9088,-148.5,8.0,154.8080998262648
9089,-148.5,8.5,153.23566287387538
9090,-148.5,9.0,151.29386354104605
9091,-148.5,9.5,152.79519971437384
9092,-148.5,10.0,151.06160896572322
9093,-148.5,10.5,150.81803366090574
9094,-148.5,11.0,150.85953629884693
9095,-148.5,11.5,154.5517785003601
9096,-148.5,12.0,150.30524962333047
9097,-148.5,12.5,150.106034962893
9098,-148.5,13.0,150.8396799734568
9099,-148.5,13.5,150.4545174191333
9100,-148.5,14.0,162.9441378288887
9101,-148.5,14.5,155.24605131456366
9102,-148.5,15.0,154.7714974468782
9103,-148.5,15.5,150.84121522535852
9104,-148.5,16.0,161.76038049241856
9105,-148.5,16.5,158.95595602552655
9106,-148.5,17.0,151.37312531432374
9107,-148.5,17.5,151.25250368876007
9108,-148.5,18.0,150.8208933299663
9109,-148.5,18.5,150.51386211301468
9110,-148.5,19.0,149.779078182713
9111,-148.5,19.5,149.44949393201992
9112,-148.5,20.0,150.1474663290629
9113,-148.5,20.5,152.8142347592278
9114,-148.5,21.0,148.75549375722653
9115,-148.5,21.5,149.4650716700641
9116,-148.5,22.5,151.96197460288766
9117,-148.5,23.0,147.95028453339376
9118,-148.5,23.5,146.62244206769745
9119,-148.5,24.5,149.05963191869208
9120,-148.5,25.0,147.99447866094422
9121,-148.5,25.5,147.42193601925095
9122,-148.5,26.0,151.78708223918332
9123,-148.5,26.5,150.8028547984107
9124,-148.5,27.0,150.0187620080539
9125,-148.5,27.5,149.0344038561999
9126,-148.5,28.0,150.9008623058028
9127,-148.5,28.5,151.4444524710113
9128,-148.5,29.0,153.1561960555982
9129,-148.5,29.5,153.48037095352703
9130,-148.5,30.0,151.08485498319075
9131,-148.5,30.5,149.56581168721982
9132,-148.5,31.0,150.6479250562453
9133,-148.5,31.5,151.71785349191168
9134,-148.5,32.0,149.27021653143652
9135,-148.5,32.5,147.14105632498507
9136,-148.5,33.0,151.04212002768153
9137,-148.5,33.5,149.432209042134
9138,-148.5,34.0,147.53638356308352
9139,-148.5,34.5,147.83872013409214
9140,-148.5,35.0,150.9296754768924
9141,-148.5,35.5,150.84663742377288
9142,-148.5,36.0,151.33171690969544
9143,-148.5,36.5,151.33476972377773
9144,-148.5,37.0,163.11894026739705
9145,-148.5,37.5,159.9816375495975
9146,-148.5,38.0,165.6383768620037
9147,-148.0,-37.5,152.68562608241896
9148,-148.0,-37.0,151.42198200763326
9149,-148.0,-36.5,151.09553753617013
9150,-148.0,-36.0,148.77788689619848
9151,-148.0,-35.5,148.75232064997695
9152,-148.0,-35.0,148.76898105535878
9153,-148.0,-34.5,151.59232227848236
9154,-148.0,-34.0,147.99248023281177
9155,-148.0,-33.5,149.01969197958502
9156,-148.0,-33.0,151.5409021082731
9157,-148.0,-32.5,149.78919477972013
9158,-148.0,-32.0,150.7471156724604
9159,-148.0,-31.5,156.6628416881638
9160,-148.0,-31.0,148.04860868063906
9161,-148.0,-30.5,152.77769700309557
9162,-148.0,-30.0,148.8766427640035
9163,-148.0,-29.5,148.51324921451757
9164,-148.0,-29.0,150.0587953875494
9165,-148.0,-28.5,148.7201049726166
9166,-148.0,-28.0,149.5749439638924
9167,-148.0,-27.5,151.7136641699984
9168,-148.0,-27.0,153.3396393463387
9169,-148.0,-26.5,149.8660992371887
9170,-148.0,-26.0,150.31008666778206
9171,-148.0,-25.5,149.28861286063625
9172,-148.0,-25.0,149.83194520523352
9173,-148.0,-24.5,147.87629129327635
9174,-148.0,-24.0,148.1625222213772
9175,-148.0,-23.5,148.91846267100968
9176,-148.0,-23.0,149.08564590874758
9177,-148.0,-22.5,147.93098019532806
9178,-148.0,-22.0,148.99771847526873
9179,-148.0,-21.5,152.3276305253059
9180,-148.0,-21.0,149.5975789859254
9181,-148.0,-20.5,146.83419862592865
9182,-148.0,-20.0,150.3565741188891
9183,-148.0,-19.5,151.54991660266072
9184,-148.0,-19.0,152.70077767903257
9185,-148.0,-18.5,151.09271355711016
9186,-148.0,-18.0,152.7845965549689
9187,-148.0,-17.5,154.24314010041113
9188,-148.0,-16.5,154.01362719170757
9189,-148.0,-16.0,151.8888395223897
9190,-148.0,-15.5,154.3307835561993
9191,-148.0,-15.0,155.8141396647291
9192,-148.0,-14.5,152.20874005184496
9193,-148.0,-14.0,156.0778005085532
9194,-148.0,-13.5,153.62299292714638
9195,-148.0,-12.5,150.58344201465735
9196,-148.0,-11.5,150.3691014173927
9197,-148.0,-10.5,152.1528569138033
9198,-148.0,-10.0,151.17717306145315
9199,-148.0,-9.5,150.76306560140466
9200,-148.0,-9.0,150.51141313632823
9201,-148.0,-8.5,150.67017452060756
9202,-148.0,-8.0,151.05726282229082
9203,-148.0,-7.5,150.07037589721364
9204,-148.0,-7.0,149.25015913006496
9205,-148.0,-6.5,149.59154770375108
9206,-148.0,-4.5,151.38257161833076
9207,-148.0,-4.0,148.84851389093635
9208,-148.0,-3.5,149.70850548882183
9209,-148.0,-3.0,149.9465453897946
9210,-148.0,-2.5,149.0591745834126
9211,-148.0,-1.5,149.84035034551601
9212,-148.0,-1.0,150.333615399753
9213,-148.0,-0.5,153.46075077940253
9214,-148.0,0.0,150.52188074060436
9215,-148.0,0.5,151.41963358947825
9216,-148.0,1.0,151.18110174574107
9217,-148.0,1.5,151.1796353502919
9218,-148.0,2.0,152.05772893819312
9219,-148.0,2.5,150.78820515067437
9220,-148.0,3.0,150.33613692976425
9221,-148.0,3.5,151.3835009805062
9222,-148.0,4.0,152.62185382175517
9223,-148.0,4.5,151.1013018092151
9224,-148.0,5.0,149.70284172346948
9225,-148.0,5.5,150.95886401008065
9226,-148.0,6.0,153.97276321772136
9227,-148.0,6.5,153.46200297890996
9228,-148.0,7.0,153.65336451762582
9229,-148.0,7.5,155.64473920063
9230,-148.0,8.0,155.53703847993407
9231,-148.0,8.5,151.97014109016132
9232,-148.0,9.0,151.2549598448166
9233,-148.0,9.5,152.12610144648954
9234,-148.0,10.0,151.26378541514896
9235,-148.0,11.5,150.91985599304752
9236,-148.0,12.0,150.22418399427912
9237,-148.0,12.5,151.1580060775047
9238,-148.0,13.0,150.97600319191787
9239,-148.0,13.5,150.80947413894643
9240,-148.0,14.0,156.22932245705098
9241,-148.0,14.5,159.1277697201453
9242,-148.0,15.0,151.73529204505246
9243,-148.0,15.5,151.10360226083898
9244,-148.0,16.0,160.68070627477647
9245,-148.0,16.5,159.04458042287726
9246,-148.0,17.0,159.0024038025659
9247,-148.0,17.5,151.56973603849184
9248,-148.0,18.0,150.49793774797706
9249,-148.0,18.5,150.56651905043543
9250,-148.0,19.0,150.51727140703812
9251,-148.0,19.5,148.60367621620804
9252,-148.0,20.0,150.57766104004875
9253,-148.0,20.5,147.05130693788405
9254,-148.0,21.0,150.952962656688
9255,-148.0,21.5,148.15250001373875
9256,-148.0,22.0,151.8963509247263
9257,-148.0,23.0,147.23555164214198
9258,-148.0,23.5,147.03141103892466
9259,-148.0,24.0,148.2199974053814
9260,-148.0,24.5,146.66864833826708
9261,-148.0,25.0,147.5912378293383
9262,-148.0,25.5,148.1434282808536
9263,-148.0,26.0,150.5510235652705
9264,-148.0,26.5,153.21418678951795
9265,-148.0,27.0,149.2361904107864
9266,-148.0,27.5,150.04324870411352
9267,-148.0,28.0,150.16003907901975
9268,-148.0,28.5,151.1489857808712
9269,-148.0,29.0,152.6158971176801
9270,-148.0,29.5,152.09402773572154
9271,-148.0,30.0,150.4991097472303
9272,-148.0,30.5,150.15389095913142
9273,-148.0,31.0,151.33655687634794
9274,-148.0,31.5,150.70838109339883
9275,-148.0,32.0,148.0620668816834
9276,-148.0,32.5,147.8968096261396
9277,-148.0,33.0,151.44927445288332
9278,-148.0,33.5,149.5514677328465
9279,-148.0,34.0,147.3435429045554
9280,-148.0,34.5,148.46397673601388
9281,-148.0,35.0,151.0816790660055
9282,-148.0,35.5,153.29384807976191
9283,-148.0,36.0,150.75238947857486
9284,-148.0,36.5,151.40632890333438
9285,-148.0,37.0,162.05169614249326
9286,-148.0,37.5,161.93848462249525
9287,-148.0,38.0,164.53552305231173
9288,-147.5,-37.5,152.0870571960973
9289,-147.5,-37.0,149.97991096399252
9290,-147.5,-36.5,150.07216565781724
9291,-147.5,-36.0,149.25197705404963
9292,-147.5,-35.5,148.22772390156385
9293,-147.5,-35.0,149.42203707886642
9294,-147.5,-34.5,151.81330497858048
9295,-147.5,-34.0,147.99225415156138
9296,-147.5,-33.5,149.98437333555012
9297,-147.5,-33.0,151.88899902280625
9298,-147.5,-32.5,152.78661827230187
9299,-147.5,-32.0,149.94893543501422
9300,-147.5,-31.5,153.1285859772588
9301,-147.5,-31.0,148.30391381683688
9302,-147.5,-30.5,154.17747757354226
9303,-147.5,-30.0,149.04513040923942
9304,-147.5,-29.5,148.13809468655
9305,-147.5,-29.0,150.22018606160086
9306,-147.5,-28.5,148.68694150993514
9307,-147.5,-28.0,149.60578375162729
9308,-147.5,-27.5,151.79361746904232
9309,-147.5,-27.0,152.51305301614045
9310,-147.5,-26.5,150.14281202794083
9311,-147.5,-26.0,150.1934181828778
9312,-147.5,-25.5,149.306404770917
9313,-147.5,-25.0,148.86651532067575
9314,-147.5,-24.5,147.49374996934833
9315,-147.5,-24.0,149.90408570610612
9316,-147.5,-23.5,148.9325767097496
9317,-147.5,-23.0,148.69433059163057
9318,-147.5,-22.5,147.91450997896996
9319,-147.5,-22.0,149.46066706946533
9320,-147.5,-21.5,151.31194554795854
9321,-147.5,-21.0,147.7698844735932
9322,-147.5,-20.5,146.2909607417957
9323,-147.5,-20.0,149.58672003190935
9324,-147.5,-19.5,152.4253491892447
9325,-147.5,-19.0,152.39176411560436
9326,-147.5,-18.5,151.1983300948682
9327,-147.5,-18.0,152.16945165054778
9328,-147.5,-17.5,155.1615093224372
9329,-147.5,-17.0,152.3167365364982
9330,-147.5,-16.5,155.6183131454848
9331,-147.5,-16.0,152.73775988063738
9332,-147.5,-15.5,150.75102669907642
9333,-147.5,-15.0,153.92006009184047
9334,-147.5,-14.5,152.85470461640196
9335,-147.5,-14.0,152.60295511642505
9336,-147.5,-13.5,156.75364015037056
9337,-147.5,-13.0,152.79283467285714
9338,-147.5,-12.5,150.51831502784884
9339,-147.5,-12.0,151.07012064473122
9340,-147.5,-11.5,153.42784290048203
9341,-147.5,-11.0,152.66300759543205
9342,-147.5,-10.5,151.7196601604046
9343,-147.5,-10.0,151.01963004601717
9344,-147.5,-9.5,149.99015369118223
9345,-147.5,-9.0,152.55275952076545
9346,-147.5,-8.5,149.53528903463175
9347,-147.5,-8.0,149.56872649353258
9348,-147.5,-7.5,148.36595183772093
9349,-147.5,-7.0,150.42044336753597
9350,-147.5,-6.5,149.37819110394815
9351,-147.5,-6.0,149.21843391433399
9352,-147.5,-5.0,150.72172113251196
9353,-147.5,-4.5,149.64036561461322
9354,-147.5,-4.0,149.9791326460549
9355,-147.5,-3.5,148.70415976895958
9356,-147.5,-3.0,149.61999784755193
9357,-147.5,-2.5,149.94790663310175
9358,-147.5,-2.0,149.32638723725864
9359,-147.5,-1.5,149.79710208626113
9360,-147.5,-1.0,150.22286200564588
9361,-147.5,-0.5,150.0749015449865
9362,-147.5,0.0,152.87186460198126
9363,-147.5,0.5,149.2175195252233
9364,-147.5,1.0,150.94759020548528
9365,-147.5,1.5,153.63912932918174
9366,-147.5,2.0,151.29804091276378
9367,-147.5,2.5,151.19319799338115
9368,-147.5,3.0,150.0657984216085
9369,-147.5,3.5,150.90615483244306
9370,-147.5,4.0,152.30802706093746
9371,-147.5,4.5,150.78714002392843
9372,-147.5,5.0,151.21782213566715
9373,-147.5,5.5,152.74432255712952
9374,-147.5,6.0,153.29264159444224
9375,-147.5,6.5,153.69968567351486
9376,-147.5,7.0,155.5173210617843
9377,-147.5,7.5,155.042433177983
9378,-147.5,8.0,152.63998000727594
9379,-147.5,8.5,151.25826457871895
9380,-147.5,9.0,151.8019185177722
9381,-147.5,9.5,152.46868544818744
9382,-147.5,10.0,152.67792222123956
9383,-147.5,11.5,150.59651927656023
9384,-147.5,12.0,150.62976347338395
9385,-147.5,12.5,151.27543091219349
9386,-147.5,13.0,151.98738656737027
9387,-147.5,13.5,151.51923770272825
9388,-147.5,14.0,153.15547109535848
9389,-147.5,14.5,168.8919863947516
9390,-147.5,15.0,161.8022247827693
9391,-147.5,15.5,151.15831984961065
9392,-147.5,16.0,153.12689080594055
9393,-147.5,16.5,159.44354099915526
9394,-147.5,17.0,161.01241639001688
9395,-147.5,17.5,152.7215574574374
9396,-147.5,18.0,151.50888523892598
9397,-147.5,18.5,150.45111238194977
9398,-147.5,19.0,149.59572264059267
9399,-147.5,19.5,150.04364852035613
9400,-147.5,20.0,149.68352538998244
9401,-147.5,20.5,149.64245256260537
9402,-147.5,21.0,153.73929069361012
9403,-147.5,21.5,149.7679905982011
9404,-147.5,22.0,151.07607270489964
9405,-147.5,22.5,146.33759500744804
9406,-147.5,23.0,147.09713841131523
9407,-147.5,23.5,148.489210868377
9408,-147.5,24.0,148.35270520832978
9409,-147.5,24.5,146.57296252509946
9410,-147.5,25.0,147.62309688084034
9411,-147.5,25.5,149.19858480514762
9412,-147.5,26.0,150.25607647481763
9413,-147.5,26.5,151.41143273363957
9414,-147.5,27.0,148.86866460179826
9415,-147.5,27.5,149.43518399796636
9416,-147.5,28.0,150.22284708193055
9417,-147.5,28.5,150.73692286230445
9418,-147.5,29.0,153.5326083560776
9419,-147.5,29.5,152.2713965696836
9420,-147.5,30.0,150.15930949005022
9421,-147.5,30.5,149.93004722106124
9422,-147.5,31.0,152.0895388212681
9423,-147.5,31.5,150.78613659864521
9424,-147.5,32.0,148.53916131045443
9425,-147.5,32.5,149.13997118298823
9426,-147.5,33.0,154.89205484616465
9427,-147.5,33.5,154.4553118313005
9428,-147.5,34.0,146.94504126379883
9429,-147.5,34.5,151.3264761246811
9430,-147.5,35.0,151.0510570305463
9431,-147.5,35.5,153.23631497886606
9432,-147.5,36.0,156.39913083613158
9433,-147.5,36.5,151.5501216807833
9434,-147.5,37.0,161.0597091625073
9435,-147.5,37.5,162.06492538094668
9436,-147.5,38.0,167.98656695170396
9437,-147.0,-40.5,158.0153380267239
9438,-147.0,-37.5,153.2221935650984
9439,-147.0,-37.0,150.84450046622482
9440,-147.0,-36.5,150.64920113146303
9441,-147.0,-36.0,149.07464553733817
9442,-147.0,-35.5,147.9591713552381
9443,-147.0,-35.0,149.54086730818076
9444,-147.0,-34.5,151.89547885593453
9445,-147.0,-33.5,150.13042950693062
9446,-147.0,-33.0,152.14946651690403
9447,-147.0,-32.5,157.80068298122978
9448,-147.0,-32.0,151.65635890253873
9449,-147.0,-31.5,150.7257285956039
9450,-147.0,-31.0,148.11491818969282
9451,-147.0,-30.5,162.05696262466716
9452,-147.0,-30.0,148.81293514507888
9453,-147.0,-29.5,149.37932537988422
9454,-147.0,-29.0,149.11302970784828
9455,-147.0,-28.5,149.14174959570906
9456,-147.0,-28.0,149.7147447272352
9457,-147.0,-27.5,151.46830824428528
9458,-147.0,-27.0,152.9237955085611
9459,-147.0,-26.5,151.5398693001657
9460,-147.0,-26.0,149.33992561693074
9461,-147.0,-25.5,150.29675697714762
9462,-147.0,-25.0,147.89427959549934
9463,-147.0,-24.5,147.3167678767032
9464,-147.0,-24.0,147.9680822014316
9465,-147.0,-23.5,148.2619650957795
9466,-147.0,-23.0,148.69312594760393
9467,-147.0,-22.5,149.078002246954
9468,-147.0,-22.0,148.88779867384488
9469,-147.0,-21.5,149.302989703917
9470,-147.0,-21.0,145.79838093154768
9471,-147.0,-20.5,149.07382644394792
9472,-147.0,-20.0,147.84702412896644
9473,-147.0,-19.5,152.0224036971695
9474,-147.0,-19.0,151.8689296696666
9475,-147.0,-18.5,151.31147102445274
9476,-147.0,-18.0,151.21516124836214
9477,-147.0,-17.5,153.24667570201981
9478,-147.0,-17.0,156.3248602242441
9479,-147.0,-16.5,153.67210849178903
9480,-147.0,-16.0,154.9997567945622
9481,-147.0,-15.5,152.72775660908724
9482,-147.0,-15.0,155.29985281771155
9483,-147.0,-14.5,154.21043968874835
9484,-147.0,-14.0,149.5372281700653
9485,-147.0,-13.5,153.5615653164677
9486,-147.0,-13.0,151.16683452521016
9487,-147.0,-12.5,151.6014762901941
9488,-147.0,-12.0,151.29970591282654
9489,-147.0,-11.5,151.11980903932186
9490,-147.0,-11.0,152.90229293440242
9491,-147.0,-10.5,151.62729630652618
9492,-147.0,-10.0,150.6886916737809
9493,-147.0,-9.5,149.0723250598904
9494,-147.0,-8.5,151.1240204632232
9495,-147.0,-8.0,148.6983417027606
9496,-147.0,-7.5,150.13288455001373
9497,-147.0,-7.0,149.54996679553344
9498,-147.0,-6.5,149.4289084325681
9499,-147.0,-6.0,149.12355438809837
9500,-147.0,-5.5,150.0164912829548
9501,-147.0,-5.0,150.77989485626708
9502,-147.0,-4.5,147.76948831282107
9503,-147.0,-4.0,151.35275402551977
9504,-147.0,-3.5,149.27136439288242
9505,-147.0,-2.5,150.61514702170885
9506,-147.0,-2.0,149.2683373055696
9507,-147.0,-1.5,150.1970388823162
9508,-147.0,-1.0,149.19477881521817
9509,-147.0,-0.5,150.40699057081142
9510,-147.0,0.0,151.14331303444843
9511,-147.0,0.5,154.24272462755673
9512,-147.0,1.0,150.86952323575136
9513,-147.0,1.5,150.71236241210127
9514,-147.0,2.5,151.31536332753046
9515,-147.0,3.0,150.74075994900804
9516,-147.0,3.5,150.37749013780015
9517,-147.0,4.0,150.41697917316802
9518,-147.0,4.5,151.6608241110705
9519,-147.0,5.0,151.79119956532008
9520,-147.0,5.5,153.16944411884924
9521,-147.0,6.0,152.89740391987624
9522,-147.0,7.0,154.5829646541602
9523,-147.0,7.5,152.36398181898795
9524,-147.0,8.0,151.448399302329
9525,-147.0,9.0,153.6881137918027
9526,-147.0,9.5,151.83353512260396
9527,-147.0,10.0,151.75995226535332
9528,-147.0,10.5,153.16980792027329
9529,-147.0,11.0,151.7743871902439
9530,-147.0,11.5,151.15322321052219
9531,-147.0,12.0,151.36874191737087
9532,-147.0,12.5,150.223316542254
9533,-147.0,13.0,151.82149819705873
9534,-147.0,13.5,152.72897911933669
9535,-147.0,14.0,152.5532786499652
9536,-147.0,14.5,151.16100733906111
9537,-147.0,15.0,163.70742131192975
9538,-147.0,15.5,158.18578467760312
9539,-147.0,16.0,152.41283921286765
9540,-147.0,16.5,154.79176515819356
9541,-147.0,17.0,158.45851271135032
9542,-147.0,17.5,163.16998271366583
9543,-147.0,18.0,151.6189538553117
9544,-147.0,18.5,149.56909661014114
9545,-147.0,19.0,149.0500344270491
9546,-147.0,19.5,150.56068512085463
9547,-147.0,20.0,148.73408577487228
9548,-147.0,20.5,150.20129877814747
9549,-147.0,21.0,151.76850383116565
9550,-147.0,21.5,151.92189097019318
9551,-147.0,22.0,149.25562763564497
9552,-147.0,22.5,146.60392388018695
9553,-147.0,23.0,146.04291011209082
9554,-147.0,23.5,148.892445883523
9555,-147.0,24.0,147.5082870587515
9556,-147.0,24.5,146.75482658535552
9557,-147.0,25.0,147.58973342635818
9558,-147.0,25.5,148.1894983470856
9559,-147.0,26.0,150.1618922365963
9560,-147.0,26.5,150.85180934424525
9561,-147.0,27.0,149.56608745529869
9562,-147.0,27.5,149.15618633687606
9563,-147.0,28.0,151.05523363248616
9564,-147.0,28.5,150.0562933285769
9565,-147.0,29.0,152.1760187650151
9566,-147.0,29.5,153.28288738824986
9567,-147.0,30.0,149.54933841774525
9568,-147.0,30.5,150.23264495711328
9569,-147.0,31.0,151.53339526192102
9570,-147.0,31.5,153.23816603370219
9571,-147.0,32.0,149.7243978033664
9572,-147.0,32.5,157.1686907358304
9573,-147.0,33.0,149.63961940345655
9574,-147.0,33.5,154.15521004912551
9575,-147.0,34.0,147.13897770454474
9576,-147.0,34.5,151.27575418649909
9577,-147.0,35.0,151.13946414530773
9578,-147.0,35.5,153.39443020115058
9579,-147.0,36.0,157.9797238185902
9580,-147.0,36.5,151.86399469209488
9581,-147.0,37.0,159.6551231609801
9582,-147.0,37.5,162.00090034347883
9583,-147.0,38.0,168.5289200753022
9584,-146.5,-37.5,152.97660725994444
9585,-146.5,-37.0,150.95786091320568
9586,-146.5,-36.5,149.41736608540492
9587,-146.5,-36.0,150.12731420430154
9588,-146.5,-35.5,147.8476757129263
9589,-146.5,-35.0,150.43507993197827
9590,-146.5,-34.5,153.57034032953183
9591,-146.5,-33.5,149.5343491435747
9592,-146.5,-33.0,152.7916858915715
9593,-146.5,-32.5,157.76946946193183
9594,-146.5,-32.0,152.8737083927034
9595,-146.5,-31.5,151.0473935655129
9596,-146.5,-31.0,147.79694267487133
9597,-146.5,-30.5,164.97214299610854
9598,-146.5,-30.0,146.94347098460833
9599,-146.5,-29.5,149.59803467070043
9600,-146.5,-29.0,147.76400822141633
9601,-146.5,-28.5,149.44351457860935
9602,-146.5,-28.0,150.63418925614386
9603,-146.5,-27.5,151.79289542656852
9604,-146.5,-27.0,151.0752807018314
9605,-146.5,-26.5,151.98720082747397
9606,-146.5,-26.0,149.69559089531768
9607,-146.5,-25.5,150.69611255428606
9608,-146.5,-25.0,147.58351240489904
9609,-146.5,-24.5,147.9507465589365
9610,-146.5,-24.0,147.50548992128984
9611,-146.5,-23.5,148.50910441289687
9612,-146.5,-23.0,148.38489821129383
9613,-146.5,-22.5,148.7003592825714
9614,-146.5,-22.0,149.59849965265488
9615,-146.5,-21.5,146.62458874496625
9616,-146.5,-21.0,148.8497619303903
9617,-146.5,-20.5,148.44273603470106
9618,-146.5,-20.0,151.88491048228707
9619,-146.5,-19.5,150.6607735235111
9620,-146.5,-19.0,152.51672098475396
9621,-146.5,-18.5,152.47734392254554
9622,-146.5,-18.0,151.2097331351734
9623,-146.5,-17.5,152.55215310644675
9624,-146.5,-17.0,155.0319875304923
9625,-146.5,-16.5,152.97641221760986
9626,-146.5,-16.0,154.32626940014111
9627,-146.5,-15.5,158.09737079391718
9628,-146.5,-15.0,150.80409691503843
9629,-146.5,-14.0,152.2985962721925
9630,-146.5,-13.5,147.61960581339474
9631,-146.5,-13.0,153.94512698915324
9632,-146.5,-12.5,151.78433268367252
9633,-146.5,-12.0,146.63010651438483
9634,-146.5,-11.5,153.11269189797153
9635,-146.5,-11.0,151.40916004403903
9636,-146.5,-10.5,150.56806915306575
9637,-146.5,-10.0,150.1952053971005
9638,-146.5,-9.5,149.93469268971924
9639,-146.5,-9.0,148.9136277098138
9640,-146.5,-8.5,149.65083486032128
9641,-146.5,-8.0,149.66943404808208
9642,-146.5,-7.5,149.54350622714142
9643,-146.5,-6.5,149.52263082243903
9644,-146.5,-6.0,149.50606741488784
9645,-146.5,-5.5,150.04445772281488
9646,-146.5,-5.0,147.85978841628307
9647,-146.5,-4.5,147.60411049393775
9648,-146.5,-4.0,148.13095855678338
9649,-146.5,-3.5,151.57067424743832
9650,-146.5,-3.0,151.6139081149456
9651,-146.5,-2.5,149.34271470268965
9652,-146.5,-2.0,150.32050147482087
9653,-146.5,-1.5,148.92018786085163
9654,-146.5,-1.0,149.363990995658
9655,-146.5,-0.5,151.03944824011916
9656,-146.5,0.0,151.01452507535728
9657,-146.5,0.5,151.32658140304707
9658,-146.5,1.0,152.91675175379527
9659,-146.5,1.5,149.69558747829666
9660,-146.5,2.0,148.17924682780108
9661,-146.5,2.5,148.45956235226325
9662,-146.5,3.0,153.51680630819166
9663,-146.5,3.5,149.6595848780146
9664,-146.5,4.0,150.15454871205958
9665,-146.5,4.5,151.7179327183805
9666,-146.5,5.0,150.34621801579743
9667,-146.5,5.5,152.21276703365163
9668,-146.5,6.0,152.54697493992856
9669,-146.5,6.5,153.5278503115221
9670,-146.5,7.0,152.89168767287904
9671,-146.5,7.5,150.18750960846236
9672,-146.5,8.0,149.99250127358312
9673,-146.5,8.5,154.4964588667806
9674,-146.5,9.0,154.13156098842154
9675,-146.5,9.5,152.09057563945748
9676,-146.5,10.0,152.28187148887008
9677,-146.5,10.5,152.7588924462293
9678,-146.5,11.0,153.06074383887173
9679,-146.5,11.5,153.8730020240428
9680,-146.5,12.5,151.63785170231176
9681,-146.5,13.0,153.0892054878473
9682,-146.5,13.5,153.66545968859486
9683,-146.5,14.5,151.7361008857207
9684,-146.5,15.0,167.53142582088765
9685,-146.5,15.5,161.58910690584344
9686,-146.5,16.0,151.06961223469958
9687,-146.5,16.5,152.48351296134436
9688,-146.5,17.0,157.96421697486846
9689,-146.5,17.5,163.75229565642613
9690,-146.5,18.0,162.30958503801284
9691,-146.5,18.5,149.72341474550737
9692,-146.5,19.0,150.13781986001922
9693,-146.5,19.5,149.6626827057883
9694,-146.5,20.0,149.9907844796398
9695,-146.5,20.5,149.4490071134188
9696,-146.5,21.0,150.6311676833378
9697,-146.5,21.5,152.7708111673848
9698,-146.5,22.0,149.83256291060272
9699,-146.5,22.5,148.01178952406192
9700,-146.5,23.5,149.0109794091817
9701,-146.5,24.0,146.81881616217228
9702,-146.5,24.5,147.65128238455083
9703,-146.5,25.5,148.1677198509425
9704,-146.5,26.0,150.69584483021433
9705,-146.5,26.5,150.6302110140211
9706,-146.5,27.0,150.3328319665919
9707,-146.5,27.5,148.25035541263102
9708,-146.5,28.0,150.88674886927828
9709,-146.5,28.5,150.4607113921973
9710,-146.5,29.0,152.47881487130053
9711,-146.5,29.5,150.31030307203892
9712,-146.5,30.0,151.7229932080215
9713,-146.5,30.5,151.2762160271985
9714,-146.5,31.0,150.7166382987439
9715,-146.5,31.5,151.9948709885501
9716,-146.5,32.0,151.11533803595285
9717,-146.5,32.5,156.83455159825505
9718,-146.5,33.0,148.65354598228518
9719,-146.5,33.5,151.03707797643733
9720,-146.5,34.0,149.2427219298561
9721,-146.5,34.5,151.2620498595025
9722,-146.5,35.0,153.69274392180293
9723,-146.5,35.5,154.11851620084045
9724,-146.5,36.0,160.57962695882458
9725,-146.5,36.5,164.35468301284303
9726,-146.5,37.0,159.2043583199502
9727,-146.5,37.5,161.80610469285224
9728,-146.5,38.0,164.3956365784642
9729,-146.0,-37.5,152.37195011258416
9730,-146.0,-37.0,150.07825612290077
9731,-146.0,-36.5,147.48909640489558
9732,-146.0,-36.0,151.3301495364684
9733,-146.0,-35.5,147.980693971961
9734,-146.0,-35.0,150.34741933316943
9735,-146.0,-34.5,153.9517370381534
9736,-146.0,-33.5,146.87564911460112
9737,-146.0,-33.0,152.71508880030274
9738,-146.0,-32.5,158.24654048680543
9739,-146.0,-32.0,156.2431023814769
9740,-146.0,-31.5,149.73909318595764
9741,-146.0,-31.0,145.69800371486832
9742,-146.0,-30.5,159.87091478327875
9743,-146.0,-30.0,147.35431869408302
9744,-146.0,-29.5,150.10664402454594
9745,-146.0,-29.0,147.44669746060197
9746,-146.0,-28.5,149.59637601530187
9747,-146.0,-28.0,151.45833092299392
9748,-146.0,-27.5,151.172413621832
9749,-146.0,-27.0,151.7441457335843
9750,-146.0,-26.5,151.19342679459422
9751,-146.0,-26.0,150.16942734905658
9752,-146.0,-25.5,148.9631650457256
9753,-146.0,-25.0,147.56803033920076
9754,-146.0,-24.5,147.8193728285845
9755,-146.0,-24.0,147.27825300784997
9756,-146.0,-23.5,147.92424083212913
9757,-146.0,-23.0,148.48451083167788
9758,-146.0,-22.5,150.0407225580638
9759,-146.0,-22.0,148.7060759372172
9760,-146.0,-21.5,147.15302261992892
9761,-146.0,-21.0,149.70116768883773
9762,-146.0,-20.5,151.9128200599052
9763,-146.0,-20.0,150.2950582644503
9764,-146.0,-19.5,152.19178883821564
9765,-146.0,-19.0,150.1356523993162
9766,-146.0,-18.5,152.4400850686487
9767,-146.0,-18.0,151.9787163493438
9768,-146.0,-17.5,150.93898367642524
9769,-146.0,-17.0,153.98719350140794
9770,-146.0,-16.5,155.61722585233548
9771,-146.0,-16.0,156.57764878486796
9772,-146.0,-15.5,156.47276610496274
9773,-146.0,-15.0,151.10008293800055
9774,-146.0,-14.5,147.9921716406403
9775,-146.0,-14.0,152.23125403191227
9776,-146.0,-13.5,148.48812123918074
9777,-146.0,-13.0,151.46993440962493
9778,-146.0,-12.5,153.1872833905598
9779,-146.0,-12.0,151.57479656103067
9780,-146.0,-11.5,153.45969557076037
9781,-146.0,-11.0,151.17647271340783
9782,-146.0,-10.5,149.632316813766
9783,-146.0,-9.5,150.56526592832867
9784,-146.0,-9.0,150.1140443203363
9785,-146.0,-8.5,148.4206686054103
9786,-146.0,-8.0,152.04161811271916
9787,-146.0,-7.5,148.40274097333244
9788,-146.0,-6.0,150.24496282975477
9789,-146.0,-5.5,147.76159097089578
9790,-146.0,-5.0,148.92788008979625
9791,-146.0,-4.5,148.0414320659049
9792,-146.0,-4.0,148.02766613287133
9793,-146.0,-3.0,150.9415532311937
9794,-146.0,-2.5,149.47048526047715
9795,-146.0,-2.0,150.39415779625466
9796,-146.0,-1.5,149.62099310839372
9797,-146.0,-1.0,151.3451556742505
9798,-146.0,0.0,150.41713210103765
9799,-146.0,0.5,151.1126743360969
9800,-146.0,1.0,150.78582797735183
9801,-146.0,1.5,151.7726034428559
9802,-146.0,2.0,148.1824728172153
9803,-146.0,3.0,150.5022010807295
9804,-146.0,3.5,151.0478030892278
9805,-146.0,4.0,150.01382680011304
9806,-146.0,4.5,151.15254036423156
9807,-146.0,5.0,154.39255766704156
9808,-146.0,5.5,150.84005632041757
9809,-146.0,6.0,151.94261389877533
9810,-146.0,6.5,153.49046143973774
9811,-146.0,7.0,149.5762071404317
9812,-146.0,7.5,149.44756075088318
9813,-146.0,8.0,151.78935983129776
9814,-146.0,8.5,153.47923623514444
9815,-146.0,10.0,152.67887824654343
9816,-146.0,10.5,153.77255813012445
9817,-146.0,11.0,153.46618376715102
9818,-146.0,11.5,153.95104293569943
9819,-146.0,12.0,153.5842127084687
9820,-146.0,12.5,153.5752179992236
9821,-146.0,13.0,154.13445232338864
9822,-146.0,13.5,151.10992403051932
9823,-146.0,14.0,152.41021060651923
9824,-146.0,14.5,151.9862037380022
9825,-146.0,15.0,151.69732838418457
9826,-146.0,15.5,161.752300809752
9827,-146.0,16.0,161.45657651056462
9828,-146.0,16.5,152.53381833114096
9829,-146.0,17.5,163.2294685227332
9830,-146.0,18.0,156.66008924508728
9831,-146.0,18.5,148.31466789565917
9832,-146.0,19.0,151.2876770335277
9833,-146.0,19.5,148.47414882047715
9834,-146.0,20.0,150.10200748335518
9835,-146.0,20.5,150.4810156759556
9836,-146.0,21.0,150.16444980612516
9837,-146.0,21.5,151.7740603825218
9838,-146.0,22.0,148.5701416472975
9839,-146.0,22.5,149.25382288603964
9840,-146.0,23.5,147.71418251852904
9841,-146.0,24.0,147.82901805420263
9842,-146.0,24.5,147.82990949060607
9843,-146.0,25.5,148.21236911022646
9844,-146.0,26.0,152.44772872328497
9845,-146.0,26.5,149.78009993246187
9846,-146.0,27.0,150.03564699205285
9847,-146.0,27.5,150.08793256331836
9848,-146.0,28.0,150.8982065190123
9849,-146.0,28.5,149.92468947096202
9850,-146.0,29.0,152.4448160024389
9851,-146.0,29.5,149.52371172665877
9852,-146.0,30.0,155.37783278762885
9853,-146.0,30.5,150.23491163398668
9854,-146.0,31.0,150.58057151934796
9855,-146.0,31.5,151.15787143514297
9856,-146.0,32.0,150.94849228330915
9857,-146.0,32.5,154.01091464725306
9858,-146.0,33.0,146.96500722534137
9859,-146.0,33.5,149.40625053083866
9860,-146.0,34.0,152.0493750138505
9861,-146.0,34.5,151.41376499917533
9862,-146.0,35.0,151.08528764184086
9863,-146.0,35.5,155.0494430635933
9864,-146.0,36.0,163.00279274242814
9865,-146.0,36.5,164.25821935387924
9866,-146.0,37.0,158.57345586226205
9867,-146.0,37.5,163.02701150583667
9868,-146.0,38.0,161.56120058634338
9869,-145.5,-37.5,152.74901744279953
9870,-145.5,-37.0,149.6072635919826
9871,-145.5,-36.5,147.16121604937518
9872,-145.5,-36.0,149.11135587238027
9873,-145.5,-35.5,148.1854892004336
9874,-145.5,-35.0,150.41501349498517
9875,-145.5,-34.5,154.15167091173836
9876,-145.5,-33.5,146.90823282426942
9877,-145.5,-33.0,153.90052233915716
9878,-145.5,-32.5,158.11513335102188
9879,-145.5,-32.0,152.63116641891997
9880,-145.5,-31.5,150.70092655810993
9881,-145.5,-31.0,152.85720091398247
9882,-145.5,-30.5,159.40531759775124
9883,-145.5,-30.0,149.50222230957988
9884,-145.5,-29.5,148.7212598583984
9885,-145.5,-29.0,147.73686080277875
9886,-145.5,-28.5,149.5939812460119
9887,-145.5,-28.0,151.32517465921754
9888,-145.5,-27.5,151.36725086503793
9889,-145.5,-27.0,152.55943277005164
9890,-145.5,-26.5,149.31453539300287
9891,-145.5,-26.0,150.55060864272235
9892,-145.5,-25.5,148.4490878945034
9893,-145.5,-25.0,147.75990753728738
9894,-145.5,-24.5,147.5078045348702
9895,-145.5,-24.0,147.16755227674045
9896,-145.5,-23.5,147.4851472854561
9897,-145.5,-23.0,149.42160558230134
9898,-145.5,-22.5,149.7446611161357
9899,-145.5,-22.0,147.4950847824297
9900,-145.5,-21.5,148.9144600642509
9901,-145.5,-21.0,148.25515957728777
9902,-145.5,-20.5,151.30909161732913
9903,-145.5,-20.0,152.11682826603237
9904,-145.5,-19.5,152.5253914754585
9905,-145.5,-19.0,149.97058283436584
9906,-145.5,-18.5,151.82138532032215
9907,-145.5,-18.0,152.4665406891821
9908,-145.5,-17.5,153.48852172637388
9909,-145.5,-17.0,150.8104425512982
9910,-145.5,-16.5,157.73191420047326
9911,-145.5,-16.0,158.1624249210327
9912,-145.5,-15.0,152.60339501853034
9913,-145.5,-14.5,147.56459705208977
9914,-145.5,-14.0,152.04682710462356
9915,-145.5,-13.5,153.43041520448097
9916,-145.5,-13.0,149.45178860499578
9917,-145.5,-12.5,151.86599013061138
9918,-145.5,-12.0,154.16259543522406
9919,-145.5,-11.5,151.34499193839812
9920,-145.5,-11.0,152.06094717484578
9921,-145.5,-10.5,150.01776191255692
9922,-145.5,-10.0,149.5434528630612
9923,-145.5,-9.5,150.8865171305352
9924,-145.5,-9.0,149.3324370439223
9925,-145.5,-8.5,149.73974532801958
9926,-145.5,-8.0,148.73209097441702
9927,-145.5,-7.5,148.6028244625523
9928,-145.5,-7.0,148.23551377383046
9929,-145.5,-6.5,150.93055246022774
9930,-145.5,-6.0,150.16634149676113
9931,-145.5,-5.5,148.5396552823586
9932,-145.5,-5.0,149.19587007872667
9933,-145.5,-4.5,148.88122887069505
9934,-145.5,-3.0,148.47780005959805
9935,-145.5,-2.5,151.08055842066352
9936,-145.5,-2.0,148.645141286134
9937,-145.5,-1.5,150.55913349287013
9938,-145.5,-1.0,151.05086826164725
9939,-145.5,-0.5,150.14200198992978
9940,-145.5,0.0,151.00743286110435
9941,-145.5,0.5,149.59071053297538
9942,-145.5,1.0,151.14989827910676
9943,-145.5,1.5,150.62076902606668
9944,-145.5,2.0,154.3040021061928
9945,-145.5,2.5,148.98636369164436
9946,-145.5,3.0,148.8209880951472
9947,-145.5,3.5,149.9354649996197
9948,-145.5,4.0,150.85014319819035
9949,-145.5,4.5,150.51232522506896
9950,-145.5,5.0,152.30470723236482
9951,-145.5,5.5,154.30676192957995
9952,-145.5,6.0,151.8938979372053
9953,-145.5,6.5,150.11063994299576
9954,-145.5,7.0,148.60540030766452
9955,-145.5,7.5,149.68227445344473
9956,-145.5,8.0,150.38151439355693
9957,-145.5,10.0,154.7543743638251
9958,-145.5,10.5,153.78630698985816
9959,-145.5,11.0,153.80570339420242
9960,-145.5,11.5,153.8447517355577
9961,-145.5,12.0,153.8588811892447
9962,-145.5,12.5,156.73004557295712
9963,-145.5,13.0,154.56985009548285
9964,-145.5,13.5,151.9031149960288
9965,-145.5,14.0,152.7987908206579
9966,-145.5,15.0,152.13625015562957
9967,-145.5,16.0,164.23289085731807
9968,-145.5,16.5,157.90281915264828
9969,-145.5,17.5,155.3405551144493
9970,-145.5,18.0,157.64456102599146
9971,-145.5,18.5,164.70655145964443
9972,-145.5,19.0,149.2529478495892
9973,-145.5,19.5,150.54513171395632
9974,-145.5,20.0,150.21455806405962
9975,-145.5,20.5,150.80649100926144
9976,-145.5,21.0,151.68996241333392
9977,-145.5,21.5,149.8220985567504
9978,-145.5,22.0,147.56731504459282
9979,-145.5,22.5,149.453185984957
9980,-145.5,23.0,149.37705163216768
9981,-145.5,23.5,147.08669137987428
9982,-145.5,24.0,148.26843288047348
9983,-145.5,24.5,147.99717661941955
9984,-145.5,25.0,148.11313070291646
9985,-145.5,25.5,148.3224742384471
9986,-145.5,26.0,149.48360629820135
9987,-145.5,26.5,150.29597021741571
9988,-145.5,27.0,149.25967811946387
9989,-145.5,27.5,152.38825096559714
9990,-145.5,28.0,150.67141647776376
9991,-145.5,28.5,149.12470287301375
9992,-145.5,29.0,151.86627489934716
9993,-145.5,29.5,149.25608732466702
9994,-145.5,30.0,155.4359043502349
9995,-145.5,30.5,150.88794091510627
9996,-145.5,31.0,154.28722975526696
9997,-145.5,31.5,150.58539801288038
9998,-145.5,32.0,149.85984192853965
9999,-145.5,32.5,151.09190290556492
10000,-145.5,33.0,146.23297226004837
10001,-145.5,33.5,148.38789774121528
10002,-145.5,34.0,153.20713103431632
10003,-145.5,34.5,151.58901207659983
10004,-145.5,35.0,150.68978305124185
10005,-145.5,35.5,155.64789509178033
10006,-145.5,36.0,151.9435772178382
10007,-145.5,36.5,163.3083242365706
10008,-145.5,37.0,160.39561058322832
10009,-145.5,37.5,165.71574451023858
10010,-145.5,38.0,160.73383219095598
10011,-145.0,-37.5,152.57909998843598
10012,-145.0,-37.0,149.6051939779741
10013,-145.0,-36.5,146.99431445601115
10014,-145.0,-36.0,148.8993997935507
10015,-145.0,-35.5,148.1782470566297
10016,-145.0,-35.0,150.29652840770936
10017,-145.0,-34.5,154.21846740195215
10018,-145.0,-33.5,147.87631900883196
10019,-145.0,-33.0,153.5823087450646
10020,-145.0,-32.5,155.59502515767272
10021,-145.0,-32.0,152.71207758652037
10022,-145.0,-31.5,151.0205815720414
10023,-145.0,-31.0,151.3494896102172
10024,-145.0,-30.5,155.13062680296164
10025,-145.0,-30.0,151.60313710492295
10026,-145.0,-29.5,147.79776604572837
10027,-145.0,-29.0,148.41185136195992
10028,-145.0,-28.5,150.1700167126659
10029,-145.0,-28.0,150.90573399275567
10030,-145.0,-27.5,152.12461805331927
10031,-145.0,-27.0,151.30930513535208
10032,-145.0,-26.5,149.85514057297777
10033,-145.0,-26.0,150.74454288428896
10034,-145.0,-25.5,148.73110254728795
10035,-145.0,-25.0,147.463586641039
10036,-145.0,-24.5,147.41073584306517
10037,-145.0,-24.0,148.28962425343445
10038,-145.0,-23.5,147.6463063446181
10039,-145.0,-23.0,149.89419018401588
10040,-145.0,-22.5,148.5048521813577
10041,-145.0,-22.0,147.8835354314414
10042,-145.0,-21.5,148.82962707393565
10043,-145.0,-21.0,148.81301411295016
10044,-145.0,-20.5,151.86486495686185
10045,-145.0,-20.0,152.4907883443033
10046,-145.0,-19.5,149.90011368432977
10047,-145.0,-19.0,151.20754859143636
10048,-145.0,-18.5,150.05856220481223
10049,-145.0,-18.0,152.400487014539
10050,-145.0,-17.5,156.01162331874445
10051,-145.0,-17.0,151.9497889124005
10052,-145.0,-16.5,152.78729389264237
10053,-145.0,-16.0,159.07231935243982
10054,-145.0,-15.5,153.64141244706423
10055,-145.0,-14.5,152.34250343905634
10056,-145.0,-14.0,148.26771738948474
10057,-145.0,-13.5,154.47006239120967
10058,-145.0,-13.0,149.36215808467338
10059,-145.0,-12.5,151.54255292547515
10060,-145.0,-12.0,153.46601515427415
10061,-145.0,-11.5,149.7501749413426
10062,-145.0,-11.0,149.64615259230257
10063,-145.0,-10.0,149.63109235841412
10064,-145.0,-9.5,149.9314321232854
10065,-145.0,-9.0,148.974930926792
10066,-145.0,-8.5,150.72552386353993
10067,-145.0,-8.0,149.41788060568626
10068,-145.0,-7.0,148.81200085786418
10069,-145.0,-6.5,149.8827446821863
10070,-145.0,-6.0,147.1590730127157
10071,-145.0,-5.5,149.76661163025832
10072,-145.0,-5.0,148.78465483582198
10073,-145.0,-4.5,149.38165443763535
10074,-145.0,-4.0,149.55726406572666
10075,-145.0,-3.5,148.46783598224172
10076,-145.0,-3.0,149.82506736705497
10077,-145.0,-2.5,149.8062090476919
10078,-145.0,-2.0,150.27571324064115
10079,-145.0,-1.5,151.51550769708757
10080,-145.0,-1.0,149.74966779590355
10081,-145.0,-0.5,150.20336957911198
10082,-145.0,0.0,149.8753467053254
10083,-145.0,0.5,147.72020201571536
10084,-145.0,1.0,149.85141611321905
10085,-145.0,1.5,150.92144953955406
10086,-145.0,2.0,151.71946303778526
10087,-145.0,2.5,151.09449624821522
10088,-145.0,3.0,148.72029191778088
10089,-145.0,3.5,150.41616272147047
10090,-145.0,4.0,155.0652086841138
10091,-145.0,4.5,149.82850863146513
10092,-145.0,5.0,151.1146913612855
10093,-145.0,5.5,154.02584060213232
10094,-145.0,6.0,152.93649582480907
10095,-145.0,6.5,149.48536732581877
10096,-145.0,7.5,149.3472104380861
10097,-145.0,9.5,150.65515256605872
10098,-145.0,10.0,152.80056931662665
10099,-145.0,10.5,154.97436091052117
10100,-145.0,11.0,151.87838653368945
10101,-145.0,11.5,154.21191806248632
10102,-145.0,12.0,156.02125735117366
10103,-145.0,12.5,157.98106146601253
10104,-145.0,13.5,152.96894152756477
10105,-145.0,14.0,151.8505975258556
10106,-145.0,14.5,153.2081251658629
10107,-145.0,15.0,152.1007189911139
10108,-145.0,15.5,151.7509210787429
10109,-145.0,16.0,157.61600644368542
10110,-145.0,16.5,164.26191255660575
10111,-145.0,17.0,151.39381305016525
10112,-145.0,17.5,146.92031064733433
10113,-145.0,18.0,162.37222852171084
10114,-145.0,18.5,160.05494773121717
10115,-145.0,19.0,152.7751656274217
10116,-145.0,19.5,151.52558837529972
10117,-145.0,20.0,150.53123319375362
10118,-145.0,20.5,150.51898487508163
10119,-145.0,21.0,151.1435124378128
10120,-145.0,21.5,148.47269447433342
10121,-145.0,22.0,151.3687816674738
10122,-145.0,22.5,148.34481979076295
10123,-145.0,23.0,148.5283718841281
10124,-145.0,23.5,151.43385376526234
10125,-145.0,24.0,148.9075220517213
10126,-145.0,25.0,148.16948413915668
10127,-145.0,26.0,149.09518960781236
10128,-145.0,26.5,151.9682339506999
10129,-145.0,27.0,148.49061048602678
10130,-145.0,27.5,150.00975787915692
10131,-145.0,28.0,148.81206227325742
10132,-145.0,28.5,149.64186470875288
10133,-145.0,29.0,152.18302039253524
10134,-145.0,29.5,150.4777602928194
10135,-145.0,30.0,150.61580568845733
10136,-145.0,30.5,152.20378059316022
10137,-145.0,31.0,152.62090544652898
10138,-145.0,31.5,151.00448997225388
10139,-145.0,32.0,150.87009418309458
10140,-145.0,32.5,147.56534772499012
10141,-145.0,33.5,148.17362101223074
10142,-145.0,34.0,152.93509321100322
10143,-145.0,34.5,151.98018266886902
10144,-145.0,35.0,150.69143707047652
10145,-145.0,35.5,154.96185639355764
10146,-145.0,36.0,151.98553302232213
10147,-145.0,36.5,156.10779033592692
10148,-145.0,37.0,164.42428406251344
10149,-145.0,37.5,165.5186976940153
10150,-145.0,38.0,160.29018449063906
10151,-144.5,-37.5,152.2255548159574
10152,-144.5,-37.0,150.3949808844423
10153,-144.5,-36.5,148.04138776336825
10154,-144.5,-36.0,149.25421854726355
10155,-144.5,-35.5,148.8498705375769
10156,-144.5,-35.0,148.9263902432084
10157,-144.5,-34.5,152.7487229542474
10158,-144.5,-34.0,153.52153642719807
10159,-144.5,-33.5,152.92991495439688
10160,-144.5,-33.0,154.90135635214955
10161,-144.5,-32.5,154.56169036912206
10162,-144.5,-32.0,152.90458538563055
10163,-144.5,-31.5,154.31575817305287
10164,-144.5,-31.0,151.5425042118806
10165,-144.5,-30.5,146.26736935948227
10166,-144.5,-30.0,153.7994741414352
10167,-144.5,-29.5,147.8953553423294
10168,-144.5,-29.0,148.5720057636025
10169,-144.5,-28.5,149.80591203753568
10170,-144.5,-28.0,150.55095569667665
10171,-144.5,-27.5,152.796859122152
10172,-144.5,-27.0,149.6385872180484
10173,-144.5,-26.5,149.77337311010777
10174,-144.5,-26.0,149.28451601697907
10175,-144.5,-25.5,149.47685645830987
10176,-144.5,-25.0,147.3578397388995
10177,-144.5,-24.5,147.89887869985643
10178,-144.5,-24.0,147.8239862454988
10179,-144.5,-23.5,149.0241791427069
10180,-144.5,-23.0,149.12314114030508
10181,-144.5,-22.5,147.88759602945186
10182,-144.5,-22.0,148.81453951718896
10183,-144.5,-21.5,147.3532321843652
10184,-144.5,-21.0,150.82415453614254
10185,-144.5,-20.5,151.46558117980734
10186,-144.5,-20.0,150.80782863654875
10187,-144.5,-19.5,152.98515899955038
10188,-144.5,-19.0,150.8985584120284
10189,-144.5,-18.5,150.5314769969692
10190,-144.5,-18.0,152.55356763933722
10191,-144.5,-17.5,155.3800358600697
10192,-144.5,-17.0,157.4842212899355
10193,-144.5,-16.5,153.18176613245444
10194,-144.5,-16.0,150.33928104854783
10195,-144.5,-15.5,153.11395024839777
10196,-144.5,-15.0,152.58086160218957
10197,-144.5,-14.5,153.59636722399188
10198,-144.5,-14.0,151.89623462588065
10199,-144.5,-13.5,148.49105557669873
10200,-144.5,-13.0,155.92439525649584
10201,-144.5,-12.5,153.29111296102522
10202,-144.5,-12.0,150.26316725186163
10203,-144.5,-11.5,152.1031022308948
10204,-144.5,-11.0,149.7230165894192
10205,-144.5,-10.5,149.9590832918647
10206,-144.5,-10.0,151.25429421754004
10207,-144.5,-9.5,148.87630544455104
10208,-144.5,-9.0,152.56124158828808
10209,-144.5,-8.5,150.67209737905935
10210,-144.5,-8.0,150.14575249053738
10211,-144.5,-7.5,149.1045589601464
10212,-144.5,-7.0,150.97230668834194
10213,-144.5,-6.5,147.96524716593845
10214,-144.5,-6.0,147.671620703403
10215,-144.5,-5.5,148.0051610048408
10216,-144.5,-5.0,149.35200110589122
10217,-144.5,-4.5,149.5094770758308
10218,-144.5,-4.0,149.1731481484629
10219,-144.5,-3.5,149.7013719820391
10220,-144.5,-3.0,148.13924344077645
10221,-144.5,-2.5,148.9113156645233
10222,-144.5,-2.0,151.11245878870574
10223,-144.5,-1.5,151.58353858789212
10224,-144.5,-1.0,149.8568535471893
10225,-144.5,-0.5,150.04868816011384
10226,-144.5,0.0,148.92662718055124
10227,-144.5,0.5,149.3072092914161
10228,-144.5,1.0,148.2405564699404
10229,-144.5,1.5,150.53561905468362
10230,-144.5,2.0,149.11009489217767
10231,-144.5,2.5,151.08721662946107
10232,-144.5,3.0,150.76608477654162
10233,-144.5,3.5,150.9728796407365
10234,-144.5,4.0,155.4495841404025
10235,-144.5,4.5,152.71538947015625
10236,-144.5,5.0,150.5717979535628
10237,-144.5,5.5,152.3669375323383
10238,-144.5,6.0,152.94808147924334
10239,-144.5,6.5,149.4625653491056
10240,-144.5,7.0,150.2049654329045
10241,-144.5,7.5,149.11674566268323
10242,-144.5,9.5,151.26215486231433
10243,-144.5,10.0,153.62376627270947
10244,-144.5,10.5,154.7667516251147
10245,-144.5,11.0,154.00546883861918
10246,-144.5,11.5,155.12834347567292
10247,-144.5,12.0,156.56385527978054
10248,-144.5,13.5,153.45375104777202
10249,-144.5,14.0,151.89078737680083
10250,-144.5,14.5,153.53321182530328
10251,-144.5,15.5,153.22522383990935
10252,-144.5,16.0,154.04025527484012
10253,-144.5,16.5,166.76532105234088
10254,-144.5,17.0,159.679997158423
10255,-144.5,17.5,146.9495722379713
10256,-144.5,18.0,151.39924126053188
10257,-144.5,18.5,154.53260761732858
10258,-144.5,19.0,165.6618457568558
10259,-144.5,20.0,151.00025094123734
10260,-144.5,20.5,151.28312803183633
10261,-144.5,21.0,149.929624828208
10262,-144.5,21.5,149.9022142703687
10263,-144.5,22.0,150.31856139019578
10264,-144.5,22.5,151.76710958036293
10265,-144.5,23.0,150.99290198000153
10266,-144.5,23.5,153.73532053244577
10267,-144.5,24.0,149.02833684023943
10268,-144.5,24.5,148.8230616014681
10269,-144.5,25.0,147.83034353098478
10270,-144.5,25.5,147.53047824533513
10271,-144.5,26.0,148.82459412380422
10272,-144.5,26.5,151.1014412893894
10273,-144.5,27.0,148.57237198979035
10274,-144.5,27.5,148.44368635474683
10275,-144.5,28.0,149.9796238807472
10276,-144.5,28.5,149.94968935820737
10277,-144.5,29.0,152.3408450427702
10278,-144.5,29.5,150.3289560878895
10279,-144.5,30.0,149.07217056934536
10280,-144.5,30.5,153.79061599704514
10281,-144.5,31.0,151.20693987617958
10282,-144.5,31.5,151.12487770876305
10283,-144.5,32.0,150.10025381550716
10284,-144.5,32.5,148.28609892520748
10285,-144.5,33.0,151.31331541763035
10286,-144.5,33.5,148.658879550012
10287,-144.5,34.0,152.44970642099892
10288,-144.5,34.5,151.8820773046892
10289,-144.5,35.0,150.4891815834623
10290,-144.5,35.5,155.324104218551
10291,-144.5,36.0,152.27985318419326
10292,-144.5,36.5,157.07787355747115
10293,-144.5,37.0,162.04707129572753
10294,-144.5,37.5,164.2213537525934
10295,-144.5,38.0,160.1007896179039
10296,-144.0,-37.5,152.408475056419
10297,-144.0,-37.0,149.14797008022055
10298,-144.0,-36.5,150.4077259758341
10299,-144.0,-36.0,148.30826552416934
10300,-144.0,-35.5,148.18368693660346
10301,-144.0,-35.0,148.9507840492941
10302,-144.0,-34.5,148.11024255973993
10303,-144.0,-34.0,154.843239784935
10304,-144.0,-33.5,152.12858733724843
10305,-144.0,-33.0,152.49948723731356
10306,-144.0,-32.5,152.20370284382884
10307,-144.0,-32.0,152.11443313137872
10308,-144.0,-31.5,150.2617549213046
10309,-144.0,-31.0,152.5458472091209
10310,-144.0,-30.5,148.90485809662638
10311,-144.0,-30.0,147.69542933885512
10312,-144.0,-29.5,148.52413252107914
10313,-144.0,-29.0,148.4643789282343
10314,-144.0,-28.5,149.4256280862982
10315,-144.0,-28.0,150.7144483878268
10316,-144.0,-27.5,152.2998481799864
10317,-144.0,-27.0,149.61896188735824
10318,-144.0,-26.5,149.99629267695659
10319,-144.0,-26.0,148.524920980417
10320,-144.0,-25.5,149.74296946804446
10321,-144.0,-25.0,147.88842805889107
10322,-144.0,-24.5,148.41133178141646
10323,-144.0,-24.0,147.96097522596494
10324,-144.0,-23.5,149.6931954589983
10325,-144.0,-23.0,147.83687427814235
10326,-144.0,-22.5,148.28703636646102
10327,-144.0,-22.0,148.69250252952108
10328,-144.0,-21.5,150.27510419335476
10329,-144.0,-21.0,151.1469723432728
10330,-144.0,-20.5,150.31357368974687
10331,-144.0,-20.0,152.14320424658257
10332,-144.0,-19.5,151.93632766248257
10333,-144.0,-19.0,150.35756482728985
10334,-144.0,-18.5,152.23881134168155
10335,-144.0,-18.0,151.02736688542805
10336,-144.0,-17.5,155.22289663098033
10337,-144.0,-17.0,152.89144454895194
10338,-144.0,-16.5,150.0218738181503
10339,-144.0,-16.0,148.18769713658065
10340,-144.0,-15.5,150.79905880583655
10341,-144.0,-15.0,153.09154383446395
10342,-144.0,-14.0,156.00708227433608
10343,-144.0,-13.5,150.83753800602625
10344,-144.0,-13.0,155.6216720982332
10345,-144.0,-12.5,153.45961373266576
10346,-144.0,-12.0,149.23035017338546
10347,-144.0,-11.5,147.63065911472475
10348,-144.0,-11.0,150.92127915266218
10349,-144.0,-10.5,150.20214930912772
10350,-144.0,-10.0,149.67965344341036
10351,-144.0,-9.5,148.82859601798975
10352,-144.0,-9.0,149.1861674682854
10353,-144.0,-8.0,150.53926815242363
10354,-144.0,-7.5,150.4633914729306
10355,-144.0,-7.0,148.44668743722664
10356,-144.0,-6.5,147.61669291145827
10357,-144.0,-6.0,148.4627838696252
10358,-144.0,-5.5,147.79532908347863
10359,-144.0,-4.5,149.1812911253695
10360,-144.0,-4.0,148.96829029112718
10361,-144.0,-3.5,149.57299709939736
10362,-144.0,-3.0,148.49296202266586
10363,-144.0,-2.5,150.34046333989272
10364,-144.0,-2.0,150.50686488581874
10365,-144.0,-1.5,150.57522743712542
10366,-144.0,-1.0,151.04475288525845
10367,-144.0,-0.5,148.62605892253075
10368,-144.0,0.0,150.31033964500753
10369,-144.0,0.5,148.95321420153246
10370,-144.0,1.0,149.64475011909903
10371,-144.0,1.5,148.97719426381374
10372,-144.0,2.0,149.23058849547436
10373,-144.0,2.5,149.0081902541092
10374,-144.0,3.0,153.10908729360045
10375,-144.0,4.0,151.31283713895834
10376,-144.0,4.5,154.46598572661102
10377,-144.0,5.0,152.51700339643858
10378,-144.0,5.5,151.44311320385566
10379,-144.0,6.0,151.9327795029875
10380,-144.0,6.5,153.28329937255742
10381,-144.0,7.0,149.9258595164406
10382,-144.0,7.5,151.07584529830473
10383,-144.0,9.0,150.5374442975806
10384,-144.0,9.5,151.78838384894283
10385,-144.0,10.0,152.37999588806196
10386,-144.0,11.0,156.3015191081687
10387,-144.0,11.5,156.2124461972226
10388,-144.0,12.0,156.98380501833512
10389,-144.0,12.5,155.26208313394127
10390,-144.0,13.0,154.90475955076295
10391,-144.0,14.0,153.93580564257857
10392,-144.0,14.5,151.67279984744496
10393,-144.0,15.0,155.1529366939037
10394,-144.0,15.5,154.76316365518463
10395,-144.0,16.0,151.74130243555345
10396,-144.0,16.5,147.26529844339512
10397,-144.0,17.0,159.99103270940037
10398,-144.0,17.5,158.747016447114
10399,-144.0,18.0,147.535387946742
10400,-144.0,18.5,155.1383101010333
10401,-144.0,19.0,159.6089601121071
10402,-144.0,19.5,167.02006558111643
10403,-144.0,20.0,151.3857577583762
10404,-144.0,20.5,151.4203826493142
10405,-144.0,21.0,148.74288273334807
10406,-144.0,21.5,151.4602354210202
10407,-144.0,22.0,149.74701669893562
10408,-144.0,22.5,150.68734459799617
10409,-144.0,23.0,153.66884465310798
10410,-144.0,23.5,149.6731105106088
10411,-144.0,24.5,148.67927143211534
10412,-144.0,25.5,147.6449328153283
10413,-144.0,26.0,152.050907572854
10414,-144.0,26.5,149.4210050791091
10415,-144.0,27.0,149.53131692655037
10416,-144.0,27.5,147.37389227275222
10417,-144.0,28.0,150.681204355164
10418,-144.0,28.5,149.31205056444674
10419,-144.0,29.0,152.9032647894692
10420,-144.0,29.5,151.581548250366
10421,-144.0,30.0,150.33436572092853
10422,-144.0,30.5,153.96732442510375
10423,-144.0,31.0,149.24633804173752
10424,-144.0,31.5,150.1952040908902
10425,-144.0,32.0,149.2281711449815
10426,-144.0,32.5,148.88170256531296
10427,-144.0,33.0,151.6904423542083
10428,-144.0,33.5,149.00292111192095
10429,-144.0,34.0,153.6641351723232
10430,-144.0,34.5,152.00436093408385
10431,-144.0,35.0,150.06498292616777
10432,-144.0,35.5,154.52743797355842
10433,-144.0,36.0,154.49366801837448
10434,-144.0,36.5,157.78550897803768
10435,-144.0,37.0,165.5971688250323
10436,-144.0,37.5,163.24298841595692
10437,-144.0,38.0,159.2069890157942
10438,-143.5,-37.5,154.98956456268814
10439,-143.5,-37.0,149.0845454385276
10440,-143.5,-36.5,150.18926764741656
10441,-143.5,-36.0,148.40526660932693
10442,-143.5,-35.5,148.84638309297998
10443,-143.5,-35.0,148.76842628658656
10444,-143.5,-34.5,148.0085762982975
10445,-143.5,-34.0,154.88530424310053
10446,-143.5,-33.5,151.72049153306736
10447,-143.5,-33.0,153.03650735408297
10448,-143.5,-32.5,153.23518261462172
10449,-143.5,-32.0,146.3094685307848
10450,-143.5,-31.5,148.41036831239091
10451,-143.5,-31.0,154.2274014367323
10452,-143.5,-30.5,145.9057076977795
10453,-143.5,-30.0,148.41659649952052
10454,-143.5,-29.5,151.9211350283362
10455,-143.5,-29.0,148.187410827737
10456,-143.5,-28.5,151.80995070427466
10457,-143.5,-28.0,150.29443344766156
10458,-143.5,-27.5,150.40356937486754
10459,-143.5,-27.0,150.07383441805231
10460,-143.5,-26.5,149.45904840210784
10461,-143.5,-26.0,148.64152676389773
10462,-143.5,-25.5,149.75778942933658
10463,-143.5,-25.0,149.28837892678953
10464,-143.5,-24.5,148.60634581853554
10465,-143.5,-24.0,149.08238416754872
10466,-143.5,-23.5,148.7810810846868
10467,-143.5,-23.0,148.14028022076926
10468,-143.5,-22.5,148.19822804068772
10469,-143.5,-22.0,148.01991559205874
10470,-143.5,-21.5,150.13108727124796
10471,-143.5,-21.0,151.1441138877374
10472,-143.5,-20.5,152.13676288366892
10473,-143.5,-20.0,149.9465683792313
10474,-143.5,-19.5,151.604233980549
10475,-143.5,-19.0,152.63934237854843
10476,-143.5,-18.5,150.52529701579164
10477,-143.5,-18.0,152.4636867619219
10478,-143.5,-17.5,151.6552209696396
10479,-143.5,-17.0,153.60830796685792
10480,-143.5,-16.0,147.91904080674112
10481,-143.5,-15.5,151.83691488912626
10482,-143.5,-15.0,153.68648335476422
10483,-143.5,-14.5,153.64449637100785
10484,-143.5,-13.5,156.87079070239852
10485,-143.5,-13.0,151.80036811705637
10486,-143.5,-12.5,151.63954222042338
10487,-143.5,-12.0,150.54889048573608
10488,-143.5,-11.5,148.85986809582715
10489,-143.5,-11.0,151.49627962332326
10490,-143.5,-10.5,150.985741843584
10491,-143.5,-10.0,149.01236707379957
10492,-143.5,-9.0,148.8918168798774
10493,-143.5,-8.5,149.37134476380803
10494,-143.5,-8.0,150.52119276374975
10495,-143.5,-7.5,150.85637592759107
10496,-143.5,-7.0,148.92932999110485
10497,-143.5,-6.5,148.04249382921253
10498,-143.5,-6.0,147.97525773545613
10499,-143.5,-5.5,148.5003128708911
10500,-143.5,-4.5,148.4303398007707
10501,-143.5,-4.0,149.61638195978819
10502,-143.5,-3.5,148.2416795016522
10503,-143.5,-3.0,149.6877359128182
10504,-143.5,-2.5,150.59545361460863
10505,-143.5,-2.0,149.3417763380097
10506,-143.5,-1.5,150.23128821811093
10507,-143.5,-1.0,149.50169392798628
10508,-143.5,-0.5,149.77575606216004
10509,-143.5,0.0,148.96488561285602
10510,-143.5,0.5,151.03239131244692
10511,-143.5,1.0,149.40574285120636
10512,-143.5,1.5,148.44922601048137
10513,-143.5,2.0,148.9500669886853
10514,-143.5,2.5,150.29696274473164
10515,-143.5,3.0,148.22802345422454
10516,-143.5,3.5,153.82012318028686
10517,-143.5,4.0,151.04399794809848
10518,-143.5,4.5,150.82549553695753
10519,-143.5,5.0,152.5361751676443
10520,-143.5,5.5,149.35348705807345
10521,-143.5,6.0,151.13086099372012
10522,-143.5,6.5,154.75063536219767
10523,-143.5,7.0,149.55316965843195
10524,-143.5,7.5,150.2797316918266
10525,-143.5,8.0,150.71726508227923
10526,-143.5,8.5,149.28601654776384
10527,-143.5,9.0,149.7375297327629
10528,-143.5,9.5,151.17589351596766
10529,-143.5,10.5,156.79532476744876
10530,-143.5,11.0,156.06845455628277
10531,-143.5,11.5,158.61682087568033
10532,-143.5,12.0,154.87226069801665
10533,-143.5,12.5,155.09288372050617
10534,-143.5,13.0,154.27469301143256
10535,-143.5,13.5,155.2723800082698
10536,-143.5,14.0,155.63536124314155
10537,-143.5,14.5,152.44830790328797
10538,-143.5,15.0,153.2117640363597
10539,-143.5,16.0,151.84242549336005
10540,-143.5,16.5,147.99832019763667
10541,-143.5,17.0,164.92459599836755
10542,-143.5,17.5,162.4839977921536
10543,-143.5,18.0,147.74585848766637
10544,-143.5,19.0,159.46802166490687
10545,-143.5,19.5,166.6336180872993
10546,-143.5,20.0,152.7066613412237
10547,-143.5,20.5,150.30627853062225
10548,-143.5,21.0,149.4226089914373
10549,-143.5,21.5,150.73066308903586
10550,-143.5,22.0,152.03881037554078
10551,-143.5,22.5,153.3515629364687
10552,-143.5,23.0,151.92588816194709
10553,-143.5,23.5,148.86213717324136
10554,-143.5,24.5,148.78090984233458
10555,-143.5,25.5,147.60155744345525
10556,-143.5,26.0,152.80920733628602
10557,-143.5,26.5,148.30823590491448
10558,-143.5,27.0,149.1355061322295
10559,-143.5,27.5,148.94525175701477
10560,-143.5,28.0,150.2127356030698
10561,-143.5,28.5,149.0682332628514
10562,-143.5,29.0,151.9716628100878
10563,-143.5,29.5,152.65251544259988
10564,-143.5,30.0,150.43060571419198
10565,-143.5,30.5,152.50648617051843
10566,-143.5,31.0,152.24384636656217
10567,-143.5,31.5,150.37356460298548
10568,-143.5,32.0,148.68282142017978
10569,-143.5,32.5,149.83203451920164
10570,-143.5,33.0,149.7165068628974
10571,-143.5,33.5,150.67874923532585
10572,-143.5,34.0,154.15439516537703
10573,-143.5,34.5,151.22070898278452
10574,-143.5,35.0,150.39391044758915
10575,-143.5,35.5,154.5084940911594
10576,-143.5,36.0,155.39732104697762
10577,-143.5,36.5,159.2520935598826
10578,-143.5,37.0,167.93449758119385
10579,-143.5,37.5,162.66415391067244
10580,-143.5,38.0,158.82206968183468
10581,-143.5,39.0,175.8738864505717
10582,-143.0,-37.5,154.3217682643994
10583,-143.0,-37.0,148.60170001345762
10584,-143.0,-36.5,152.22945142322024
10585,-143.0,-36.0,148.42290992821202
10586,-143.0,-35.5,149.07346038042184
10587,-143.0,-35.0,149.0391345019008
10588,-143.0,-34.0,152.95131544386075
10589,-143.0,-33.5,152.23996468929366
10590,-143.0,-33.0,152.00834264335901
10591,-143.0,-32.5,152.3975953526934
10592,-143.0,-32.0,147.63986560695886
10593,-143.0,-31.5,148.52609824399374
10594,-143.0,-31.0,157.16440872534582
10595,-143.0,-30.5,146.69747216858087
10596,-143.0,-30.0,148.3541611373918
10597,-143.0,-29.5,159.12071813319986
10598,-143.0,-29.0,148.59176752029842
10599,-143.0,-28.5,149.7428267458942
10600,-143.0,-28.0,150.17995835872512
10601,-143.0,-27.5,150.42078898224867
10602,-143.0,-27.0,149.8092754706292
10603,-143.0,-26.5,149.25653181923414
10604,-143.0,-26.0,148.74375869896835
10605,-143.0,-25.5,149.32934970544332
10606,-143.0,-25.0,148.91074695266124
10607,-143.0,-24.5,148.19835785559465
10608,-143.0,-24.0,150.26924791074745
10609,-143.0,-23.5,147.739237957602
10610,-143.0,-23.0,148.22515543626173
10611,-143.0,-22.5,146.80430444538112
10612,-143.0,-22.0,149.19489870345177
10613,-143.0,-21.5,150.37522181116768
10614,-143.0,-21.0,149.842479256008
10615,-143.0,-20.5,150.33608820859118
10616,-143.0,-20.0,150.3512683620007
10617,-143.0,-19.5,149.6209501604806
10618,-143.0,-19.0,151.80272696436137
10619,-143.0,-18.5,148.68464839085863
10620,-143.0,-18.0,151.19607209129407
10621,-143.0,-17.5,150.83401953535625
10622,-143.0,-17.0,151.97968639388026
10623,-143.0,-16.5,151.64640222281068
10624,-143.0,-16.0,149.72632479647424
10625,-143.0,-15.5,148.68658950199747
10626,-143.0,-15.0,151.89838506324986
10627,-143.0,-14.5,153.3168813050687
10628,-143.0,-14.0,157.08259823534942
10629,-143.0,-13.5,157.1602958721348
10630,-143.0,-13.0,147.3186518562679
10631,-143.0,-12.5,147.62588906406032
10632,-143.0,-11.5,150.17993620972524
10633,-143.0,-11.0,150.06626616411947
10634,-143.0,-10.5,150.07740812566828
10635,-143.0,-10.0,149.18954681594076
10636,-143.0,-9.5,149.3046140783562
10637,-143.0,-8.5,149.3488158539493
10638,-143.0,-8.0,150.53384888154812
10639,-143.0,-7.5,148.11447370586447
10640,-143.0,-7.0,150.70388682968618
10641,-143.0,-6.5,148.8432122791065
10642,-143.0,-5.5,148.38260513665037
10643,-143.0,-5.0,148.0599684980393
10644,-143.0,-4.5,149.50730315780032
10645,-143.0,-4.0,148.09878419156
10646,-143.0,-3.5,149.06823942353316
10647,-143.0,-3.0,150.16181089524196
10648,-143.0,-2.5,149.14305801096774
10649,-143.0,-2.0,149.36568658212994
10650,-143.0,-1.5,148.78341315681175
10651,-143.0,-1.0,150.91088522245778
10652,-143.0,-0.5,149.25577579446778
10653,-143.0,0.5,149.8536582789605
10654,-143.0,1.0,149.83315155212517
10655,-143.0,1.5,149.14213943837493
10656,-143.0,2.0,149.85494729716842
10657,-143.0,2.5,150.83774463892675
10658,-143.0,3.0,149.51768298750082
10659,-143.0,3.5,149.35732143789747
10660,-143.0,4.0,153.07197833223415
10661,-143.0,4.5,151.1781951862793
10662,-143.0,5.0,151.66534940265936
10663,-143.0,5.5,156.62475617377245
10664,-143.0,6.0,149.54175794457566
10665,-143.0,6.5,152.03483392070726
10666,-143.0,7.0,157.58331236669267
10667,-143.0,7.5,150.07426939163486
10668,-143.0,8.0,151.06676956202512
10669,-143.0,8.5,149.18889621892257
10670,-143.0,9.0,149.92108327832224
10671,-143.0,10.0,157.70455996744252
10672,-143.0,10.5,154.60866505404906
10673,-143.0,11.0,157.47007151755577
10674,-143.0,12.0,154.74654612945318
10675,-143.0,12.5,155.26608108183854
10676,-143.0,13.0,154.3250678994004
10677,-143.0,13.5,154.90855776147907
10678,-143.0,14.5,154.1937927420897
10679,-143.0,15.0,154.0306839711661
10680,-143.0,15.5,151.27202825214079
10681,-143.0,16.0,147.71939929412255
10682,-143.0,16.5,149.54749733585132
10683,-143.0,17.0,159.49959312499485
10684,-143.0,17.5,157.82539498570705
10685,-143.0,18.0,160.25665507732612
10686,-143.0,19.0,151.62170252717263
10687,-143.0,19.5,159.93031879564452
10688,-143.0,20.0,158.33120696682585
10689,-143.0,20.5,149.11637095266477
10690,-143.0,21.0,154.5269434740982
10691,-143.0,21.5,150.35241477923293
10692,-143.0,22.0,150.60490645618336
10693,-143.0,22.5,152.76551484683225
10694,-143.0,23.0,150.97750256110726
10695,-143.0,23.5,148.57373487284835
10696,-143.0,24.0,149.62362676529023
10697,-143.0,24.5,149.14719613595543
10698,-143.0,25.0,148.4976239131295
10699,-143.0,25.5,148.45966134961634
10700,-143.0,26.0,151.5847116240567
10701,-143.0,26.5,148.9307702862
10702,-143.0,27.0,146.7686319920021
10703,-143.0,27.5,150.8544069906913
10704,-143.0,28.0,148.8176160690029
10705,-143.0,28.5,149.97031024582688
10706,-143.0,29.0,153.59177259247423
10707,-143.0,29.5,150.20046196950744
10708,-143.0,30.0,153.14820261785786
10709,-143.0,30.5,152.82980376513183
10710,-143.0,31.0,152.4648264468882
10711,-143.0,31.5,149.39272396283138
10712,-143.0,32.0,148.39519474625467
10713,-143.0,32.5,149.76149109919675
10714,-143.0,33.0,150.273952730841
10715,-143.0,33.5,151.74928770826762
10716,-143.0,34.0,154.9123109258292
10717,-143.0,34.5,151.4229224238582
10718,-143.0,35.5,155.2118116762883
10719,-143.0,36.0,155.09765120513936
10720,-143.0,36.5,163.17114515900744
10721,-143.0,37.0,167.97201291619757
10722,-143.0,37.5,157.7005380836067
10723,-143.0,38.0,175.4976245056974
10724,-143.0,39.0,175.8280702953567
10725,-142.5,-37.5,153.85760082428638
10726,-142.5,-37.0,148.44860999958306
10727,-142.5,-36.5,150.76581265441544
10728,-142.5,-36.0,147.5701222218643
10729,-142.5,-35.5,151.0341468531262
10730,-142.5,-35.0,148.43619100717294
10731,-142.5,-34.5,148.57012944423295
10732,-142.5,-34.0,151.65487826087673
10733,-142.5,-33.5,154.30435580534333
10734,-142.5,-33.0,147.07030649205583
10735,-142.5,-32.5,154.16173020380546
10736,-142.5,-32.0,147.82405791907817
10737,-142.5,-31.5,149.51461356755277
10738,-142.5,-31.0,157.302900532427
10739,-142.5,-30.5,147.38463053570598
10740,-142.5,-30.0,148.28598231173513
10741,-142.5,-29.5,149.24628520356103
10742,-142.5,-29.0,149.98303175835815
10743,-142.5,-28.5,148.3799894696647
10744,-142.5,-28.0,149.72631007674812
10745,-142.5,-27.5,151.01803651627458
10746,-142.5,-27.0,149.25529682937923
10747,-142.5,-26.5,149.1015059003715
10748,-142.5,-26.0,149.67132152267536
10749,-142.5,-25.5,149.5502514345851
10750,-142.5,-25.0,147.61262055535283
10751,-142.5,-24.5,150.00698079224577
10752,-142.5,-24.0,150.0883990195377
10753,-142.5,-23.5,147.9494446196106
10754,-142.5,-23.0,148.3120154480248
10755,-142.5,-22.5,149.07503712617404
10756,-142.5,-22.0,149.91281660447996
10757,-142.5,-21.5,149.9593852464104
10758,-142.5,-21.0,150.24365756909856
10759,-142.5,-20.5,151.94232262556545
10760,-142.5,-20.0,149.4561218751746
10761,-142.5,-19.5,149.2041876905617
10762,-142.5,-19.0,150.81457772827972
10763,-142.5,-18.5,150.93215016998306
10764,-142.5,-18.0,149.3473496574783
10765,-142.5,-17.5,151.8030914032169
10766,-142.5,-17.0,148.9535078619419
10767,-142.5,-16.5,151.57357056831154
10768,-142.5,-16.0,153.66095315823122
10769,-142.5,-15.5,148.47358330754602
10770,-142.5,-15.0,157.99067039178016
10771,-142.5,-14.5,151.19870569874254
10772,-142.5,-14.0,157.7675267297347
10773,-142.5,-13.5,157.6508338169224
10774,-142.5,-13.0,152.4115267046705
10775,-142.5,-12.5,147.7914375498937
10776,-142.5,-12.0,151.05426459300537
10777,-142.5,-11.0,150.40671143275742
10778,-142.5,-10.5,150.9858945944697
10779,-142.5,-10.0,149.1072394073941
10780,-142.5,-9.5,149.4996401321102
10781,-142.5,-9.0,149.42166451116722
10782,-142.5,-8.5,152.3958708769019
10783,-142.5,-8.0,148.2234034132119
10784,-142.5,-7.5,148.6474648217543
10785,-142.5,-7.0,149.01409930605135
10786,-142.5,-6.5,150.2112308361949
10787,-142.5,-6.0,149.19966668079414
10788,-142.5,-5.5,147.69292825569505
10789,-142.5,-5.0,148.51367269537423
10790,-142.5,-4.5,148.35005716177952
10791,-142.5,-4.0,148.70422212506105
10792,-142.5,-3.5,149.81812351073862
10793,-142.5,-3.0,149.07829986232997
10794,-142.5,-2.5,149.08445857838126
10795,-142.5,-2.0,148.91554635214638
10796,-142.5,-1.5,146.8921444148891
10797,-142.5,-1.0,149.05370466889866
10798,-142.5,-0.5,150.45397498650863
10799,-142.5,0.5,148.38226878564504
10800,-142.5,1.0,149.20958168198703
10801,-142.5,1.5,149.94846126407052
10802,-142.5,2.0,149.96186053889176
10803,-142.5,3.0,151.08454589283028
10804,-142.5,3.5,149.48244228402052
10805,-142.5,4.0,150.6046017199511
10806,-142.5,4.5,152.0591915421921
10807,-142.5,5.5,153.53523293979796
10808,-142.5,6.0,149.0086224855573
10809,-142.5,6.5,151.11225373192877
10810,-142.5,7.0,154.56469637477363
10811,-142.5,7.5,156.04466716535933
10812,-142.5,8.0,150.01139905674188
10813,-142.5,8.5,150.0831842978151
10814,-142.5,9.0,149.49989975198855
10815,-142.5,9.5,158.89947500279501
10816,-142.5,10.0,156.0029365447266
10817,-142.5,10.5,156.75706080318307
10818,-142.5,11.0,155.40218007664438
10819,-142.5,12.0,156.17931694594404
10820,-142.5,12.5,154.673659430231
10821,-142.5,13.0,155.06890111500678
10822,-142.5,13.5,154.87049302927963
10823,-142.5,14.5,155.91468547207378
10824,-142.5,15.0,151.89065934009454
10825,-142.5,15.5,151.05350233138788
10826,-142.5,16.0,147.5910422415116
10827,-142.5,16.5,149.55128235339856
10828,-142.5,17.0,148.0996672822338
10829,-142.5,17.5,153.27984876779607
10830,-142.5,18.0,163.08043871350176
10831,-142.5,18.5,157.90688089067058
10832,-142.5,19.5,157.27895512439116
10833,-142.5,20.0,154.92439335641865
10834,-142.5,20.5,158.21487837396285
10835,-142.5,21.0,152.66192745433034
10836,-142.5,21.5,151.50325387553187
10837,-142.5,22.0,152.93931503203578
10838,-142.5,22.5,151.81713561428128
10839,-142.5,23.0,149.55939997495943
10840,-142.5,23.5,149.28456081326505
10841,-142.5,24.0,148.4555149405181
10842,-142.5,25.0,148.41314127108595
10843,-142.5,25.5,152.5322659680341
10844,-142.5,26.0,149.66350026141987
10845,-142.5,26.5,150.771004916829
10846,-142.5,27.0,147.65778037522355
10847,-142.5,27.5,151.7825057835668
10848,-142.5,28.0,148.70985095090853
10849,-142.5,28.5,149.23553330553617
10850,-142.5,29.0,154.6760163742875
10851,-142.5,29.5,151.30794326920528
10852,-142.5,30.0,153.0636815793041
10853,-142.5,30.5,150.8216722094335
10854,-142.5,31.0,153.39236152043662
10855,-142.5,31.5,149.52706850332078
10856,-142.5,32.0,148.3790066746137
10857,-142.5,32.5,149.20425508358525
10858,-142.5,33.0,150.6529236696053
10859,-142.5,33.5,150.37272183295696
10860,-142.5,34.0,154.81575870601984
10861,-142.5,34.5,154.81963761746474
10862,-142.5,35.0,152.07965592098094
10863,-142.5,35.5,155.34031304787058
10864,-142.5,36.0,155.6375976033063
10865,-142.5,36.5,170.06815244188877
10866,-142.5,37.0,166.39166707609778
10867,-142.5,37.5,156.63030049011394
10868,-142.5,38.0,175.33547157393372
10869,-142.5,39.0,175.8487453614994
10870,-142.0,-37.0,148.59991125855547
10871,-142.0,-36.5,150.53208114864051
10872,-142.0,-36.0,147.53046022296502
10873,-142.0,-35.5,153.41126416859416
10874,-142.0,-35.0,147.70638129459246
10875,-142.0,-34.5,148.481937353809
10876,-142.0,-34.0,152.36103604874575
10877,-142.0,-33.0,147.08516434221846
10878,-142.0,-32.5,155.71531527988927
10879,-142.0,-32.0,148.92233141208547
10880,-142.0,-31.5,148.95248510524104
10881,-142.0,-31.0,158.27658769872383
10882,-142.0,-30.5,147.45358055839088
10883,-142.0,-30.0,148.72041928751236
10884,-142.0,-29.5,154.02492990062166
10885,-142.0,-29.0,150.52520638239727
10886,-142.0,-28.5,148.8389030569987
10887,-142.0,-28.0,149.94027378855574
10888,-142.0,-27.5,150.01153215080151
10889,-142.0,-27.0,148.61656622673723
10890,-142.0,-26.5,149.3438114659989
10891,-142.0,-26.0,148.83452651293638
10892,-142.0,-25.5,149.6303820291334
10893,-142.0,-25.0,148.37616181026513
10894,-142.0,-24.5,150.4474323767241
10895,-142.0,-24.0,148.61694128674333
10896,-142.0,-23.5,149.2933690030432
10897,-142.0,-23.0,148.15726486693302
10898,-142.0,-22.5,150.2391781698121
10899,-142.0,-22.0,150.9205081578476
10900,-142.0,-21.5,149.50245672893135
10901,-142.0,-21.0,151.86660090435217
10902,-142.0,-20.5,151.2698425746014
10903,-142.0,-20.0,149.57503994003048
10904,-142.0,-19.5,149.9763586318156
10905,-142.0,-19.0,148.11356182878774
10906,-142.0,-18.5,150.59675869126497
10907,-142.0,-18.0,150.0410047541306
10908,-142.0,-17.5,158.66477557190362
10909,-142.0,-17.0,148.1981692468726
10910,-142.0,-16.5,149.85109741345127
10911,-142.0,-15.5,159.15944985937196
10912,-142.0,-15.0,150.86041175570918
10913,-142.0,-14.5,152.6473791875361
10914,-142.0,-14.0,155.67012479016444
10915,-142.0,-13.5,151.6562729480158
10916,-142.0,-13.0,152.42971048608672
10917,-142.0,-12.5,152.41746108819873
10918,-142.0,-12.0,150.72786905724155
10919,-142.0,-11.5,151.67979721479819
10920,-142.0,-11.0,153.42294593047092
10921,-142.0,-10.5,151.57090830900168
10922,-142.0,-10.0,149.1936884975154
10923,-142.0,-9.5,149.06603992638142
10924,-142.0,-9.0,150.96910558056732
10925,-142.0,-8.5,150.1835660994589
10926,-142.0,-8.0,147.4683748923535
10927,-142.0,-7.5,148.7672260429023
10928,-142.0,-7.0,148.85920643699092
10929,-142.0,-6.5,150.42107313654307
10930,-142.0,-6.0,150.10191314738708
10931,-142.0,-5.5,148.61195333387715
10932,-142.0,-5.0,148.9967560896731
10933,-142.0,-4.5,148.21491666884793
10934,-142.0,-4.0,149.89531502362658
10935,-142.0,-3.5,150.1103012492484
10936,-142.0,-3.0,149.04374266704832
10937,-142.0,-2.5,149.32460525373295
10938,-142.0,-2.0,148.284728756998
10939,-142.0,-1.5,149.3050234138978
10940,-142.0,-1.0,147.7381674363788
10941,-142.0,-0.5,151.6130187950523
10942,-142.0,0.0,150.05664107731576
10943,-142.0,0.5,148.11472731017557
10944,-142.0,1.0,148.6647886121441
10945,-142.0,1.5,150.81119147699744
10946,-142.0,2.0,150.11951175621866
10947,-142.0,2.5,150.66342360311427
10948,-142.0,3.0,150.44536368427768
10949,-142.0,3.5,151.0000514385912
10950,-142.0,4.0,150.01072728901195
10951,-142.0,4.5,152.4795712020225
10952,-142.0,5.0,152.65229658293643
10953,-142.0,5.5,150.63567734872572
10954,-142.0,6.0,157.3290189313018
10955,-142.0,7.0,151.09187621198723
10956,-142.0,7.5,155.08221981106402
10957,-142.0,8.0,149.04020385538706
10958,-142.0,8.5,150.28532937651417
10959,-142.0,9.0,150.9910657890181
10960,-142.0,9.5,159.4619311301306
10961,-142.0,10.0,153.85896578602492
10962,-142.0,10.5,158.82700114650123
10963,-142.0,11.5,155.67075962520735
10964,-142.0,12.0,155.82211116013258
10965,-142.0,12.5,155.06891941006947
10966,-142.0,13.0,154.99808744851666
10967,-142.0,13.5,155.00206101403887
10968,-142.0,14.0,154.41681757564712
10969,-142.0,14.5,157.38312825310572
10970,-142.0,15.5,150.15423234158968
10971,-142.0,16.0,151.08208876381215
10972,-142.0,17.0,148.38749878825936
10973,-142.0,17.5,158.15300018763224
10974,-142.0,18.0,163.3442207388628
10975,-142.0,18.5,161.26234750625866
10976,-142.0,19.0,161.79618226097162
10977,-142.0,19.5,153.53263972147093
10978,-142.0,20.0,156.1171186479826
10979,-142.0,20.5,165.26603492261032
10980,-142.0,21.0,151.3850986542271
10981,-142.0,21.5,152.97588580400637
10982,-142.0,22.0,151.74500939986075
10983,-142.0,22.5,150.42597299634883
10984,-142.0,23.0,149.99897441701287
10985,-142.0,23.5,148.83076278016023
10986,-142.0,24.0,147.4610738801192
10987,-142.0,24.5,150.9333521509917
10988,-142.0,25.0,148.39552277731522
10989,-142.0,25.5,151.97875205944328
10990,-142.0,26.0,150.65403787961424
10991,-142.0,26.5,149.29124044302438
10992,-142.0,27.0,148.67377125517493
10993,-142.0,27.5,149.9586570628482
10994,-142.0,28.0,149.8708305862774
10995,-142.0,28.5,148.16583249382683
10996,-142.0,29.0,151.03396343085126
10997,-142.0,29.5,152.8352947995755
10998,-142.0,30.0,152.479436408176
10999,-142.0,30.5,151.3618804382457
11000,-142.0,31.0,153.21150872158316
11001,-142.0,31.5,149.06850253799365
11002,-142.0,32.0,148.62624688474813
11003,-142.0,32.5,148.63114744911232
11004,-142.0,33.0,152.03967106000778
11005,-142.0,33.5,150.89652089689434
11006,-142.0,34.0,154.87034517662357
11007,-142.0,34.5,156.07547106154595
11008,-142.0,35.0,155.47744011960344
11009,-142.0,35.5,154.75308222351939
11010,-142.0,36.0,155.7073325835846
11011,-142.0,36.5,167.16218849761032
11012,-142.0,37.0,167.4287293485707
11013,-142.0,37.5,155.92730109563635
11014,-142.0,38.0,175.2582310486679
11015,-142.0,39.0,175.88560941212367
11016,-141.5,-37.0,148.52692363572717
11017,-141.5,-36.5,150.16861863051352
11018,-141.5,-36.0,147.2196435304623
11019,-141.5,-35.5,153.25057611220328
11020,-141.5,-35.0,147.800021113629
11021,-141.5,-34.5,148.42244228779126
11022,-141.5,-34.0,152.35683272108528
11023,-141.5,-33.0,146.8782431467825
11024,-141.5,-32.5,160.87741913638848
11025,-141.5,-32.0,150.62449319487334
11026,-141.5,-31.5,147.03234358890802
11027,-141.5,-31.0,156.3220182517309
11028,-141.5,-30.5,152.32079862962846
11029,-141.5,-30.0,148.6206008711333
11030,-141.5,-29.5,156.56153368063966
11031,-141.5,-29.0,150.62033098965577
11032,-141.5,-28.5,150.051294136329
11033,-141.5,-28.0,149.23457492826918
11034,-141.5,-27.5,149.64145936733865
11035,-141.5,-27.0,148.3910626103008
11036,-141.5,-26.5,149.45041182030081
11037,-141.5,-26.0,149.17458551000578
11038,-141.5,-25.5,149.63806907150942
11039,-141.5,-25.0,149.69609699625508
11040,-141.5,-24.5,149.26033924615376
11041,-141.5,-24.0,150.15618511723406
11042,-141.5,-23.5,150.28928867219136
11043,-141.5,-23.0,148.5054977946823
11044,-141.5,-22.5,149.58573415864407
11045,-141.5,-22.0,150.17218140266738
11046,-141.5,-21.5,150.92183188971197
11047,-141.5,-21.0,151.09726469093332
11048,-141.5,-20.5,149.5013061471589
11049,-141.5,-20.0,148.77587939221434
11050,-141.5,-19.5,149.35288307726364
11051,-141.5,-19.0,148.540882469434
11052,-141.5,-18.5,150.18337813300457
11053,-141.5,-18.0,150.8493625557699
11054,-141.5,-17.5,147.51022753877652
11055,-141.5,-17.0,149.7149929611449
11056,-141.5,-16.5,148.4829777233321
11057,-141.5,-16.0,151.34325259817987
11058,-141.5,-15.5,151.25207330732422
11059,-141.5,-15.0,147.99710741489307
11060,-141.5,-14.5,154.90430835548577
11061,-141.5,-14.0,152.4300921530045
11062,-141.5,-13.5,152.11257879714717
11063,-141.5,-13.0,152.20377496983397
11064,-141.5,-12.0,150.62046812792545
11065,-141.5,-11.5,150.65510694558938
11066,-141.5,-11.0,157.82223553631616
11067,-141.5,-10.5,151.00936159097932
11068,-141.5,-10.0,149.4566338161849
11069,-141.5,-9.5,149.86071020299588
11070,-141.5,-9.0,151.7695004941692
11071,-141.5,-8.5,147.981477283206
11072,-141.5,-8.0,147.2064732746115
11073,-141.5,-7.5,148.0497650742445
11074,-141.5,-7.0,149.25696089567626
11075,-141.5,-6.5,149.4230552718473
11076,-141.5,-6.0,149.1166721679677
11077,-141.5,-5.5,149.8386013636862
11078,-141.5,-5.0,147.8505755364231
11079,-141.5,-4.5,148.83475425837997
11080,-141.5,-4.0,149.05905622079266
11081,-141.5,-3.5,149.24573932170313
11082,-141.5,-3.0,149.54507503891145
11083,-141.5,-2.5,148.18044475978144
11084,-141.5,-2.0,149.94637368496973
11085,-141.5,-1.5,148.46347689055983
11086,-141.5,-0.5,147.8587747682669
11087,-141.5,0.0,148.9316208720686
11088,-141.5,0.5,148.7277638356395
11089,-141.5,1.0,149.5828363662778
11090,-141.5,1.5,148.37779398509903
11091,-141.5,2.0,152.96655186266912
11092,-141.5,2.5,150.2043651882104
11093,-141.5,3.0,149.93350376211367
11094,-141.5,3.5,149.74681214591385
11095,-141.5,4.0,151.6480656806649
11096,-141.5,4.5,148.34166761239715
11097,-141.5,5.0,151.67709502919922
11098,-141.5,5.5,156.10154892443668
11099,-141.5,7.0,155.0467065020394
11100,-141.5,7.5,153.53633424003948
11101,-141.5,8.0,152.94084416031478
11102,-141.5,9.0,153.83019797730412
11103,-141.5,9.5,152.221919643037
11104,-141.5,10.0,158.54561896470014
11105,-141.5,11.0,155.15297505404604
11106,-141.5,11.5,155.24925311777145
11107,-141.5,13.0,154.2009166744219
11108,-141.5,13.5,154.63429312081684
11109,-141.5,14.0,155.98011527207944
11110,-141.5,14.5,151.43158266761668
11111,-141.5,15.0,148.294529627084
11112,-141.5,15.5,149.11114056978556
11113,-141.5,16.0,151.14780651124894
11114,-141.5,16.5,148.53774173300428
11115,-141.5,17.0,148.85365297391215
11116,-141.5,17.5,148.85301335660654
11117,-141.5,18.0,157.5141879680985
11118,-141.5,18.5,163.28575413899944
11119,-141.5,19.0,158.09653772845888
11120,-141.5,19.5,147.54245193458843
11121,-141.5,20.0,153.45911871774442
11122,-141.5,20.5,164.46093411269058
11123,-141.5,21.0,153.898069986184
11124,-141.5,21.5,153.19592123033058
11125,-141.5,22.0,149.8007937943388
11126,-141.5,22.5,149.6367905038157
11127,-141.5,23.0,150.18638762164605
11128,-141.5,23.5,148.35218233880323
11129,-141.5,24.0,147.86399943696924
11130,-141.5,24.5,148.04158756268217
11131,-141.5,25.0,147.871730089677
11132,-141.5,25.5,149.58537420428212
11133,-141.5,26.0,152.92853903559936
11134,-141.5,26.5,148.1564641847499
11135,-141.5,27.0,150.5822071517243
11136,-141.5,27.5,148.90441799693204
11137,-141.5,28.0,151.88113221466458
11138,-141.5,28.5,148.27187322423197
11139,-141.5,29.0,150.3097454265578
11140,-141.5,29.5,150.8347179680844
11141,-141.5,30.0,153.36106741040652
11142,-141.5,30.5,151.17157598959162
11143,-141.5,31.0,154.58764957133764
11144,-141.5,31.5,147.7787581739748
11145,-141.5,32.0,148.40312827512287
11146,-141.5,32.5,148.75419480220953
11147,-141.5,33.0,150.17177387193843
11148,-141.5,33.5,154.73857427087006
11149,-141.5,34.0,153.39780080635524
11150,-141.5,34.5,155.21774278241674
11151,-141.5,35.0,155.98156853357042
11152,-141.5,35.5,154.74846813579308
11153,-141.5,36.0,155.7406361252225
11154,-141.5,36.5,167.1082916192458
11155,-141.5,37.0,165.55799810189828
11156,-141.5,37.5,155.4459885364092
11157,-141.5,38.0,175.06298786294613
11158,-141.5,39.0,175.8614212719201
11159,-141.5,39.5,168.69614433037435
11160,-141.0,-37.0,148.50697380712998
11161,-141.0,-36.5,148.13898217706566
11162,-141.0,-36.0,152.04498026848586
11163,-141.0,-35.5,154.35405597802014
11164,-141.0,-35.0,147.6162231961814
11165,-141.0,-34.5,148.2829110477191
11166,-141.0,-34.0,151.56107492477878
11167,-141.0,-33.5,146.6851588078149
11168,-141.0,-33.0,146.7432001106054
11169,-141.0,-32.5,168.28365735422835
11170,-141.0,-32.0,153.66570447442257
11171,-141.0,-31.5,147.79719585895677
11172,-141.0,-31.0,153.695744139633
11173,-141.0,-30.5,162.26239747111356
11174,-141.0,-30.0,149.09508143726745
11175,-141.0,-29.5,156.41814829252735
11176,-141.0,-29.0,150.32207681800887
11177,-141.0,-28.5,150.23941216476402
11178,-141.0,-28.0,149.69169085619137
11179,-141.0,-27.5,148.61164085332857
11180,-141.0,-27.0,148.5098988321168
11181,-141.0,-26.5,148.8611713439477
11182,-141.0,-26.0,149.3184048595291
11183,-141.0,-25.5,150.39300829477384
11184,-141.0,-25.0,149.81913135382328
11185,-141.0,-24.5,148.33806420773956
11186,-141.0,-24.0,149.61392260476796
11187,-141.0,-23.5,149.90859119057774
11188,-141.0,-23.0,148.74642635856992
11189,-141.0,-22.5,149.89742995432988
11190,-141.0,-22.0,150.12258525985825
11191,-141.0,-21.5,150.82840188570955
11192,-141.0,-21.0,148.14890080370952
11193,-141.0,-20.5,148.45228338188403
11194,-141.0,-20.0,148.9414763878474
11195,-141.0,-19.5,147.93927237375078
11196,-141.0,-19.0,152.13467429967508
11197,-141.0,-18.5,149.02160890792211
11198,-141.0,-18.0,151.20321503099404
11199,-141.0,-17.5,150.93794585744354
11200,-141.0,-17.0,148.44316127416968
11201,-141.0,-16.5,147.85093127642614
11202,-141.0,-16.0,148.22560493977494
11203,-141.0,-15.5,151.3759576473481
11204,-141.0,-15.0,155.23822228468475
11205,-141.0,-14.5,152.09133524983162
11206,-141.0,-14.0,150.72459404201703
11207,-141.0,-13.5,151.97201161769425
11208,-141.0,-13.0,152.49754744408693
11209,-141.0,-12.5,151.53233831037036
11210,-141.0,-12.0,152.68192207257917
11211,-141.0,-11.5,153.5309643092422
11212,-141.0,-11.0,154.10876622281017
11213,-141.0,-10.0,149.22338840009206
11214,-141.0,-9.5,150.9477572868896
11215,-141.0,-9.0,147.91734015191068
11216,-141.0,-8.5,148.92740205380744
11217,-141.0,-8.0,148.32477291977884
11218,-141.0,-7.0,148.99374228432507
11219,-141.0,-6.5,148.50445457330773
11220,-141.0,-6.0,149.58802538448538
11221,-141.0,-5.5,149.73940066633304
11222,-141.0,-5.0,148.93731086108735
11223,-141.0,-4.5,149.9845957604086
11224,-141.0,-4.0,148.44583888474108
11225,-141.0,-3.5,148.88088346675383
11226,-141.0,-3.0,148.5048831186074
11227,-141.0,-2.5,148.4807439130906
11228,-141.0,-2.0,148.40893749737108
11229,-141.0,-1.5,148.907046203684
11230,-141.0,-1.0,148.86081025403774
11231,-141.0,-0.5,148.00930595955842
11232,-141.0,0.0,147.92762870692425
11233,-141.0,0.5,150.32540605293798
11234,-141.0,1.0,151.8907452378601
11235,-141.0,2.0,149.4441638365636
11236,-141.0,2.5,151.26562915761227
11237,-141.0,3.0,148.9702949450219
11238,-141.0,3.5,151.16796141199762
11239,-141.0,4.0,153.31866111858045
11240,-141.0,4.5,150.36861783214474
11241,-141.0,5.0,147.98144806792186
11242,-141.0,5.5,156.05607334135908
11243,-141.0,6.5,158.2014965034378
11244,-141.0,7.0,149.30419198600674
11245,-141.0,7.5,151.466499702481
11246,-141.0,8.0,153.32955155535691
11247,-141.0,8.5,164.36179053221883
11248,-141.0,9.0,149.72316274045693
11249,-141.0,9.5,153.5690105996671
11250,-141.0,10.0,157.2003261430287
11251,-141.0,11.0,155.24958097769783
11252,-141.0,13.5,155.92380075359534
11253,-141.0,14.0,157.49205474095768
11254,-141.0,14.5,153.60185024329994
11255,-141.0,15.0,148.4152297673654
11256,-141.0,16.0,150.7439776095768
11257,-141.0,16.5,151.3908994047521
11258,-141.0,17.5,148.86680693907755
11259,-141.0,18.0,156.99054474398477
11260,-141.0,18.5,159.30583054851908
11261,-141.0,19.0,156.7024642046895
11262,-141.0,19.5,147.96452193157384
11263,-141.0,20.0,152.41779844128538
11264,-141.0,20.5,159.5156051422703
11265,-141.0,21.0,156.4474111049462
11266,-141.0,21.5,152.02675050274203
11267,-141.0,22.0,149.79551541077078
11268,-141.0,22.5,149.51082143292848
11269,-141.0,23.0,148.99366344189508
11270,-141.0,23.5,149.72900569566977
11271,-141.0,24.0,149.14767364412873
11272,-141.0,24.5,147.5378582192405
11273,-141.0,25.0,150.48731311507825
11274,-141.0,25.5,149.5126668889042
11275,-141.0,26.0,151.78712328196863
11276,-141.0,26.5,147.90657044320068
11277,-141.0,27.0,148.9834051154376
11278,-141.0,27.5,149.65678316067837
11279,-141.0,28.0,147.93255393725607
11280,-141.0,28.5,148.71705564887904
11281,-141.0,29.0,150.55391626414496
11282,-141.0,29.5,150.17944819152225
11283,-141.0,30.0,152.7669877199714
11284,-141.0,30.5,153.83402372061053
11285,-141.0,31.0,152.7772703249057
11286,-141.0,31.5,148.314405265856
11287,-141.0,32.0,148.37613500378998
11288,-141.0,32.5,148.79268969522568
11289,-141.0,33.0,150.22531019117105
11290,-141.0,33.5,154.11038947743006
11291,-141.0,34.0,153.00978936072372
11292,-141.0,34.5,154.83980599987402
11293,-141.0,35.0,154.9666078926611
11294,-141.0,35.5,155.62562036886766
11295,-141.0,36.0,157.2631567809526
11296,-141.0,36.5,174.06820211448365
11297,-141.0,37.0,162.41657535896096
11298,-141.0,37.5,155.1862315989524
11299,-141.0,38.0,174.90860079249015
11300,-141.0,39.0,175.23884062075683
11301,-140.5,-37.0,148.040069878574
11302,-140.5,-36.5,148.01433341060655
11303,-140.5,-36.0,151.6741498013635
11304,-140.5,-35.5,158.70725795224317
11305,-140.5,-35.0,148.14315324449515
11306,-140.5,-34.5,147.92100296387716
11307,-140.5,-34.0,151.74999585632045
11308,-140.5,-33.5,146.52046725620514
11309,-140.5,-33.0,146.79967994123416
11310,-140.5,-32.5,158.62750821224913
11311,-140.5,-32.0,157.06220732018187
11312,-140.5,-31.5,148.9098930680754
11313,-140.5,-31.0,150.99572769023314
11314,-140.5,-30.5,159.93178750728143
11315,-140.5,-30.0,149.57160808622348
11316,-140.5,-29.5,150.11743558013438
11317,-140.5,-29.0,150.40101436104672
11318,-140.5,-28.5,150.10734927636054
11319,-140.5,-28.0,149.1750263593048
11320,-140.5,-27.5,148.38596924319927
11321,-140.5,-27.0,148.8450260411722
11322,-140.5,-26.5,148.78694380659113
11323,-140.5,-26.0,149.16628381465912
11324,-140.5,-25.5,151.51255179926622
11325,-140.5,-25.0,148.9126516911805
11326,-140.5,-24.5,148.25324492865195
11327,-140.5,-24.0,148.33991734169913
11328,-140.5,-23.5,150.74278612743268
11329,-140.5,-23.0,149.63477622096596
11330,-140.5,-22.5,148.82473326547702
11331,-140.5,-22.0,149.32380257525003
11332,-140.5,-21.5,150.49577153637304
11333,-140.5,-21.0,148.0981297490767
11334,-140.5,-20.5,148.15891427515564
11335,-140.5,-20.0,148.43413249313267
11336,-140.5,-19.5,152.29056985673014
11337,-140.5,-19.0,149.4825867082244
11338,-140.5,-18.5,148.79758154530896
11339,-140.5,-18.0,148.23330602079736
11340,-140.5,-17.5,150.06013781850302
11341,-140.5,-17.0,147.1064269613236
11342,-140.5,-16.5,147.1054580749408
11343,-140.5,-16.0,148.18725387542423
11344,-140.5,-15.5,148.85218312047382
11345,-140.5,-15.0,155.35840068719193
11346,-140.5,-14.5,148.32602725873593
11347,-140.5,-14.0,148.28852659338162
11348,-140.5,-13.5,150.75463987730944
11349,-140.5,-13.0,153.12019758275616
11350,-140.5,-12.5,151.22154044822472
11351,-140.5,-12.0,157.64359745525508
11352,-140.5,-11.5,156.68524358349666
11353,-140.5,-11.0,150.37204460835017
11354,-140.5,-10.0,154.02074741517134
11355,-140.5,-9.5,149.17075367892386
11356,-140.5,-9.0,147.21609518406612
11357,-140.5,-8.5,148.22896950685887
11358,-140.5,-8.0,148.6325024530138
11359,-140.5,-7.5,149.30846634647477
11360,-140.5,-7.0,147.56803361307672
11361,-140.5,-6.5,148.93768713082338
11362,-140.5,-6.0,149.14654241468875
11363,-140.5,-5.5,148.91700887058667
11364,-140.5,-5.0,149.9088513686569
11365,-140.5,-4.5,149.40291038846536
11366,-140.5,-4.0,150.62755607103506
11367,-140.5,-3.5,148.2841169635628
11368,-140.5,-3.0,147.32593196906447
11369,-140.5,-2.5,148.77625217449815
11370,-140.5,-2.0,148.02762924098627
11371,-140.5,-1.5,148.56165430126362
11372,-140.5,-1.0,148.3646594864718
11373,-140.5,-0.5,148.04074585791383
11374,-140.5,0.0,148.8136653850333
11375,-140.5,0.5,149.06189256803725
11376,-140.5,1.0,151.75724719637248
11377,-140.5,1.5,150.06260102527253
11378,-140.5,2.0,149.57837022434677
11379,-140.5,2.5,149.2051939749879
11380,-140.5,3.0,150.3488460879786
11381,-140.5,3.5,152.54421917384735
11382,-140.5,4.0,149.310456807606
11383,-140.5,4.5,152.28829401005115
11384,-140.5,5.0,150.02580254612081
11385,-140.5,5.5,148.9201233299837
11386,-140.5,6.0,155.8131312205885
11387,-140.5,6.5,152.29138845062772
11388,-140.5,7.0,152.84512390957107
11389,-140.5,7.5,148.73226173873056
11390,-140.5,8.0,153.71731768749206
11391,-140.5,8.5,157.40510842829858
11392,-140.5,9.0,154.12353357195906
11393,-140.5,9.5,155.82855310274925
11394,-140.5,10.0,152.2323743595001
11395,-140.5,10.5,155.02938623977948
11396,-140.5,11.0,155.36089609952043
11397,-140.5,12.0,155.6487689226768
11398,-140.5,13.5,157.14240608565777
11399,-140.5,14.0,152.62313000310135
11400,-140.5,14.5,153.5359970083986
11401,-140.5,15.0,151.58170886147985
11402,-140.5,16.0,148.51661157203955
11403,-140.5,16.5,151.60505172156041
11404,-140.5,17.0,159.29455972413962
11405,-140.5,17.5,148.84131295298727
11406,-140.5,18.0,155.00692003665023
11407,-140.5,18.5,154.01071835042262
11408,-140.5,19.0,154.3177483970452
11409,-140.5,19.5,160.28134158690568
11410,-140.5,20.5,150.42408916259933
11411,-140.5,21.0,159.04504281601308
11412,-140.5,21.5,157.12318766177026
11413,-140.5,22.0,150.76761479558468
11414,-140.5,22.5,149.6506344845839
11415,-140.5,23.0,149.03980022478058
11416,-140.5,23.5,149.25610096825181
11417,-140.5,24.0,148.70490079579776
11418,-140.5,24.5,148.26380450057263
11419,-140.5,25.0,149.01368592839222
11420,-140.5,25.5,150.10332936384322
11421,-140.5,26.0,150.22216695645596
11422,-140.5,26.5,147.13923706734678
11423,-140.5,27.0,149.23586177635897
11424,-140.5,27.5,149.66296625125133
11425,-140.5,28.0,147.8001436605463
11426,-140.5,28.5,148.25481489914702
11427,-140.5,29.0,151.09401955794291
11428,-140.5,29.5,149.34689369279508
11429,-140.5,30.0,155.9621584737087
11430,-140.5,30.5,152.962393695081
11431,-140.5,31.0,151.03710945652696
11432,-140.5,31.5,150.15506176214492
11433,-140.5,32.0,148.20928392326778
11434,-140.5,32.5,148.72882513815122
11435,-140.5,33.0,149.59128425491392
11436,-140.5,33.5,153.93259426453497
11437,-140.5,34.0,152.98049626846813
11438,-140.5,34.5,154.8247213290001
11439,-140.5,35.0,154.83438621590028
11440,-140.5,35.5,155.68810493327555
11441,-140.5,36.0,156.77557184012358
11442,-140.5,36.5,151.92965553678266
11443,-140.5,37.0,160.86361061332136
11444,-140.5,37.5,154.76444593289386
11445,-140.5,38.0,174.82498767658646
11446,-140.5,38.5,175.87285393401382
11447,-140.5,39.0,170.22162563676355
11448,-140.5,39.5,168.64768693742036
11449,-140.0,-37.0,147.77959602709578
11450,-140.0,-36.5,148.04953700464137
11451,-140.0,-36.0,150.17971599872752
11452,-140.0,-35.5,159.42215589986697
11453,-140.0,-35.0,148.23294245196342
11454,-140.0,-34.5,148.1870641655111
11455,-140.0,-34.0,151.7991127991839
11456,-140.0,-33.5,146.2553022384216
11457,-140.0,-33.0,147.00177221954584
11458,-140.0,-32.5,158.15501648351753
11459,-140.0,-32.0,158.82717178954965
11460,-140.0,-31.5,148.71069087801453
11461,-140.0,-31.0,152.2792291339421
11462,-140.0,-30.5,156.52468628188117
11463,-140.0,-30.0,151.13781723541274
11464,-140.0,-29.5,148.50536693295538
11465,-140.0,-29.0,150.35207462255906
11466,-140.0,-28.5,150.37138727382256
11467,-140.0,-28.0,149.31958395564277
11468,-140.0,-27.5,148.24465431349557
11469,-140.0,-27.0,149.14613656875449
11470,-140.0,-26.5,148.74017339647102
11471,-140.0,-26.0,150.13027606201527
11472,-140.0,-25.5,150.9985181330406
11473,-140.0,-25.0,152.10959276262076
11474,-140.0,-24.5,148.7691751722189
11475,-140.0,-24.0,148.05796271318096
11476,-140.0,-23.5,149.5891246776608
11477,-140.0,-23.0,149.39321223097906
11478,-140.0,-22.5,149.58588785208985
11479,-140.0,-22.0,148.47354342128284
11480,-140.0,-21.5,148.86001390119316
11481,-140.0,-21.0,147.29162870399458
11482,-140.0,-20.5,148.0534349175626
11483,-140.0,-20.0,150.17504638615407
11484,-140.0,-19.5,150.86103730845986
11485,-140.0,-19.0,148.3233309259483
11486,-140.0,-18.5,149.65806511937592
11487,-140.0,-18.0,148.73251907587039
11488,-140.0,-17.5,150.0323908814265
11489,-140.0,-17.0,150.0848534184321
11490,-140.0,-16.5,148.36893455224384
11491,-140.0,-15.5,149.95996534880047
11492,-140.0,-15.0,160.43982890049205
11493,-140.0,-14.5,151.68602295856414
11494,-140.0,-14.0,148.1767767330134
11495,-140.0,-13.5,148.16290842939264
11496,-140.0,-13.0,150.15666731068472
11497,-140.0,-12.5,151.41481331753232
11498,-140.0,-12.0,151.91715368883894
11499,-140.0,-11.0,153.54766503991576
11500,-140.0,-10.5,149.61264323139562
11501,-140.0,-10.0,151.7784534299989
11502,-140.0,-9.5,146.9531716021872
11503,-140.0,-9.0,148.77868955821904
11504,-140.0,-8.5,147.7294487091867
11505,-140.0,-8.0,148.6998232313839
11506,-140.0,-7.5,149.14092045475385
11507,-140.0,-7.0,147.9559937751582
11508,-140.0,-6.5,149.44501894284008
11509,-140.0,-6.0,148.48392871195583
11510,-140.0,-5.5,149.2088083937843
11511,-140.0,-5.0,150.07386647494337
11512,-140.0,-4.5,150.28091718443395
11513,-140.0,-4.0,148.58444766704233
11514,-140.0,-3.5,146.98251412556306
11515,-140.0,-3.0,147.74109247338907
11516,-140.0,-2.5,147.41860726633428
11517,-140.0,-1.5,148.16934458975433
11518,-140.0,-1.0,147.99685283664886
11519,-140.0,-0.5,148.47050736434858
11520,-140.0,0.0,149.24090502001553
11521,-140.0,1.0,151.04430441865696
11522,-140.0,1.5,150.22971277341435
11523,-140.0,2.0,149.36365683588514
11524,-140.0,2.5,148.45542838082972
11525,-140.0,3.0,151.90662708550474
11526,-140.0,3.5,150.21908231688542
11527,-140.0,4.0,149.24399824557378
11528,-140.0,5.0,152.54695788704652
11529,-140.0,5.5,148.92170815573462
11530,-140.0,6.0,150.80791156828957
11531,-140.0,6.5,152.49002376609604
11532,-140.0,7.0,149.50661535942575
11533,-140.0,8.0,167.7151343749596
11534,-140.0,8.5,153.47371140387708
11535,-140.0,9.0,159.59785447653573
11536,-140.0,10.0,151.42058411422008
11537,-140.0,10.5,153.76824897804525
11538,-140.0,11.5,157.245749770679
11539,-140.0,12.0,156.19739271607253
11540,-140.0,13.0,156.5285392803179
11541,-140.0,13.5,156.8355497957682
11542,-140.0,14.0,150.10849547399079
11543,-140.0,14.5,153.00377247752084
11544,-140.0,15.0,154.26265763844748
11545,-140.0,15.5,149.85615651335036
11546,-140.0,16.0,149.13786879742352
11547,-140.0,16.5,151.88867281844495
11548,-140.0,17.0,151.773517887009
11549,-140.0,17.5,163.92993319353195
11550,-140.0,18.0,152.7743018005522
11551,-140.0,18.5,150.5525253638825
11552,-140.0,19.0,158.23461783012058
11553,-140.0,19.5,160.65325668560624
11554,-140.0,20.0,156.07207083729125
11555,-140.0,20.5,151.10713536353023
11556,-140.0,21.0,156.01273170127516
11557,-140.0,21.5,165.23911771906293
11558,-140.0,22.0,154.97829314488118
11559,-140.0,22.5,149.76900611936162
11560,-140.0,23.0,148.5466724784265
11561,-140.0,23.5,148.82970833109908
11562,-140.0,24.0,149.23662054641642
11563,-140.0,24.5,148.38606169504564
11564,-140.0,25.0,147.17137732835883
11565,-140.0,25.5,151.20692401219546
11566,-140.0,26.0,149.64296977952318
11567,-140.0,26.5,149.10980142838332
11568,-140.0,27.0,149.46483817821772
11569,-140.0,27.5,151.83068243243625
11570,-140.0,28.0,148.16215224642815
11571,-140.0,28.5,147.8647485339319
11572,-140.0,29.0,151.0587265158092
11573,-140.0,29.5,149.86688385978363
11574,-140.0,30.0,155.85231110235904
11575,-140.0,30.5,152.94193581779592
11576,-140.0,31.0,148.41036538181947
11577,-140.0,31.5,157.49120369080552
11578,-140.0,32.0,148.23155384254358
11579,-140.0,32.5,148.9512690428807
11580,-140.0,33.0,149.82322335281756
11581,-140.0,33.5,154.00269987529663
11582,-140.0,34.0,153.10768957127328
11583,-140.0,34.5,154.61235367199438
11584,-140.0,35.0,154.5359356285913
11585,-140.0,35.5,155.27928495125272
11586,-140.0,36.0,156.48460336355376
11587,-140.0,36.5,151.75944069044846
11588,-140.0,37.0,157.67030647916417
11589,-140.0,37.5,154.51871892538657
11590,-140.0,38.0,174.62742185345877
11591,-140.0,38.5,174.7935674845295
11592,-140.0,39.0,169.08609977131826
11593,-140.0,39.5,168.71488585286505
11594,-139.5,-37.0,147.67363605591208
11595,-139.5,-36.5,147.64520485012915
11596,-139.5,-36.0,150.17729101515235
11597,-139.5,-35.5,160.48400497336448
11598,-139.5,-35.0,148.28245495871448
11599,-139.5,-34.5,148.7449838378733
11600,-139.5,-34.0,151.30924030972605
11601,-139.5,-33.5,146.19961004801212
11602,-139.5,-33.0,147.63041063579337
11603,-139.5,-32.5,158.8122378767195
11604,-139.5,-32.0,151.38795730132387
11605,-139.5,-31.5,147.8204140890652
11606,-139.5,-31.0,155.6164801050559
11607,-139.5,-30.5,153.21796000572806
11608,-139.5,-30.0,151.51676264301773
11609,-139.5,-29.5,154.44118423826092
11610,-139.5,-29.0,150.47491662887282
11611,-139.5,-28.5,151.39164996116222
11612,-139.5,-28.0,147.06420721219249
11613,-139.5,-27.5,148.58456556446777
11614,-139.5,-27.0,148.01831580577695
11615,-139.5,-26.5,149.0306291857244
11616,-139.5,-26.0,149.45473600729238
11617,-139.5,-25.5,150.925495340046
11618,-139.5,-25.0,150.9397406586868
11619,-139.5,-24.5,147.71199416887606
11620,-139.5,-24.0,148.48144938908735
11621,-139.5,-23.5,149.19251414658137
11622,-139.5,-23.0,150.21443076900997
11623,-139.5,-22.5,149.9810607766283
11624,-139.5,-22.0,148.24876325821637
11625,-139.5,-21.5,148.38139863746062
11626,-139.5,-21.0,149.39572556529458
11627,-139.5,-20.5,146.7462696365857
11628,-139.5,-20.0,151.51119417303104
11629,-139.5,-19.5,149.12181534350694
11630,-139.5,-19.0,149.03119888613747
11631,-139.5,-18.5,148.82086033626945
11632,-139.5,-18.0,149.37551095889722
11633,-139.5,-17.5,147.52016380046044
11634,-139.5,-17.0,150.3691261112662
11635,-139.5,-16.5,150.76457331416145
11636,-139.5,-16.0,149.8339787177188
11637,-139.5,-15.5,156.28736233385249
11638,-139.5,-15.0,148.2267704641314
11639,-139.5,-14.5,151.63025840256947
11640,-139.5,-14.0,151.78049011132128
11641,-139.5,-13.5,148.61118589891834
11642,-139.5,-13.0,149.10878973060852
11643,-139.5,-12.5,151.84621281878813
11644,-139.5,-12.0,151.8235737243966
11645,-139.5,-11.5,151.7773644062806
11646,-139.5,-10.5,153.13561117765278
11647,-139.5,-10.0,147.31925520060307
11648,-139.5,-9.0,147.60878508393424
11649,-139.5,-8.5,148.92787489792033
11650,-139.5,-8.0,148.74137261126126
11651,-139.5,-7.5,148.66666166993767
11652,-139.5,-7.0,149.6404912562926
11653,-139.5,-6.5,147.42182860838557
11654,-139.5,-6.0,148.80125828046621
11655,-139.5,-5.5,149.03120701463322
11656,-139.5,-5.0,149.86647508475156
11657,-139.5,-4.5,149.7824389752623
11658,-139.5,-4.0,148.46001817927169
11659,-139.5,-3.5,149.28745075938386
11660,-139.5,-3.0,147.62580458917165
11661,-139.5,-2.5,148.003959783294
11662,-139.5,-2.0,147.76838888495652
11663,-139.5,-1.5,147.826289587332
11664,-139.5,-1.0,148.0988656111101
11665,-139.5,-0.5,149.0081065948062
11666,-139.5,0.0,148.62664685110144
11667,-139.5,1.0,149.89386236785055
11668,-139.5,1.5,150.51573165332292
11669,-139.5,2.0,148.67418340230728
11670,-139.5,2.5,151.37661475435476
11671,-139.5,3.0,150.32027183321392
11672,-139.5,3.5,151.00466655347864
11673,-139.5,4.0,150.38086379536435
11674,-139.5,5.5,151.62030365205584
11675,-139.5,6.0,147.2361526458946
11676,-139.5,6.5,151.19994673567598
11677,-139.5,7.0,155.63292429071498
11678,-139.5,8.0,151.7409333756304
11679,-139.5,8.5,160.46330685620026
11680,-139.5,9.0,154.94673785089844
11681,-139.5,10.5,151.4269127916882
11682,-139.5,11.0,152.49842212404226
11683,-139.5,11.5,157.50496673187615
11684,-139.5,13.0,156.11578905674156
11685,-139.5,13.5,149.49579961502334
11686,-139.5,14.0,149.23954472655836
11687,-139.5,14.5,153.01367959096837
11688,-139.5,15.0,153.54559452678652
11689,-139.5,15.5,151.85510703967714
11690,-139.5,16.0,148.72441086261543
11691,-139.5,17.0,152.099826746358
11692,-139.5,17.5,156.553820992151
11693,-139.5,18.0,151.00939308574604
11694,-139.5,18.5,148.11769529595864
11695,-139.5,19.0,155.3514346218205
11696,-139.5,19.5,162.7307364210669
11697,-139.5,20.0,157.2830704168781
11698,-139.5,20.5,151.36869740863747
11699,-139.5,21.0,152.49323506865716
11700,-139.5,21.5,161.62202109987766
11701,-139.5,22.0,157.47825763411186
11702,-139.5,22.5,147.8518164712105
11703,-139.5,23.0,149.32140777425568
11704,-139.5,23.5,147.20557720816979
11705,-139.5,24.0,147.88217619616853
11706,-139.5,24.5,147.78168313708105
11707,-139.5,25.0,147.34092452238104
11708,-139.5,25.5,151.10716037805483
11709,-139.5,26.0,148.81514011633237
11710,-139.5,26.5,151.0489763226294
11711,-139.5,27.0,147.90425164380412
11712,-139.5,27.5,151.18749202075622
11713,-139.5,28.0,147.87440240406778
11714,-139.5,28.5,150.11322045073143
11715,-139.5,29.0,150.91901827760304
11716,-139.5,29.5,149.2359337609248
11717,-139.5,30.0,155.28942843888075
11718,-139.5,30.5,152.63272883452112
11719,-139.5,31.0,148.3561285802453
11720,-139.5,31.5,153.40167670670084
11721,-139.5,32.0,148.24805137693596
11722,-139.5,32.5,149.2675091119935
11723,-139.5,33.0,149.333460594505
11724,-139.5,33.5,153.05697548008172
11725,-139.5,34.0,151.7955849273346
11726,-139.5,34.5,154.58817033867768
11727,-139.5,35.0,154.85530871710142
11728,-139.5,35.5,155.25265076953767
11729,-139.5,36.0,155.82091110927763
11730,-139.5,36.5,155.90952505367054
11731,-139.5,37.0,156.61607435230562
11732,-139.5,37.5,154.0063800749088
11733,-139.5,38.5,172.456847394715
11734,-139.5,39.0,168.74007833410096
11735,-139.0,-37.0,148.07120417235222
11736,-139.0,-36.5,147.3993086044734
11737,-139.0,-36.0,148.49185330351764
11738,-139.0,-35.5,161.36821012577363
11739,-139.0,-35.0,148.48937769273525
11740,-139.0,-34.5,149.22368034990907
11741,-139.0,-34.0,150.32406499318105
11742,-139.0,-33.5,146.5830109235794
11743,-139.0,-33.0,147.5221331597915
11744,-139.0,-32.5,157.35925150676218
11745,-139.0,-32.0,149.11968153527238
11746,-139.0,-31.5,147.76965945312293
11747,-139.0,-31.0,156.2407442771038
11748,-139.0,-30.5,149.3847839886827
11749,-139.0,-30.0,150.94260565071545
11750,-139.0,-29.5,158.7871803575052
11751,-139.0,-29.0,151.88348645805357
11752,-139.0,-28.5,150.9793146433817
11753,-139.0,-28.0,147.27078587448784
11754,-139.0,-27.5,149.33234913503233
11755,-139.0,-27.0,147.14687102691022
11756,-139.0,-26.5,148.8203282809619
11757,-139.0,-26.0,149.59414416800178
11758,-139.0,-25.5,150.96862897539762
11759,-139.0,-25.0,151.179563181776
11760,-139.0,-24.5,148.60058974099755
11761,-139.0,-24.0,148.8193042579236
11762,-139.0,-23.5,148.1863531310161
11763,-139.0,-23.0,151.30074639500117
11764,-139.0,-22.5,148.0593774136486
11765,-139.0,-22.0,150.64730109519746
11766,-139.0,-21.5,148.48595786037362
11767,-139.0,-21.0,148.75225470831668
11768,-139.0,-20.5,152.09577568446346
11769,-139.0,-20.0,148.03775073538927
11770,-139.0,-19.5,148.66498509811916
11771,-139.0,-19.0,149.1817219823207
11772,-139.0,-18.5,149.04149360023317
11773,-139.0,-18.0,149.9848683336018
11774,-139.0,-17.5,150.8888382497628
11775,-139.0,-16.5,150.59218461472219
11776,-139.0,-16.0,149.77374347701632
11777,-139.0,-15.5,156.05512222065207
11778,-139.0,-15.0,148.88826236273755
11779,-139.0,-14.5,163.76370251338335
11780,-139.0,-14.0,151.4436317181857
11781,-139.0,-13.5,148.69852228548552
11782,-139.0,-12.5,151.2545240781414
11783,-139.0,-12.0,151.45909357510092
11784,-139.0,-11.5,151.9032402581528
11785,-139.0,-11.0,155.24448511716494
11786,-139.0,-10.5,149.20448366167076
11787,-139.0,-10.0,151.03275743104385
11788,-139.0,-9.5,146.9425223683995
11789,-139.0,-8.5,148.93721972818489
11790,-139.0,-8.0,148.47474885999839
11791,-139.0,-7.5,149.37320483796069
11792,-139.0,-7.0,148.30148925159804
11793,-139.0,-6.5,148.80462891091943
11794,-139.0,-6.0,149.36340993938788
11795,-139.0,-5.5,148.6980398625935
11796,-139.0,-5.0,148.69087530481715
11797,-139.0,-4.5,148.19650435822237
11798,-139.0,-4.0,150.0112872398165
11799,-139.0,-3.5,148.45245324454712
11800,-139.0,-2.5,147.3487920372143
11801,-139.0,-2.0,147.89100964609162
11802,-139.0,-1.5,147.74032089587536
11803,-139.0,-1.0,148.80240723711364
11804,-139.0,-0.5,148.0462949396402
11805,-139.0,0.0,148.52783850728272
11806,-139.0,0.5,149.5017348149058
11807,-139.0,1.0,149.59535371589
11808,-139.0,1.5,148.77251070717458
11809,-139.0,2.0,150.70149196963575
11810,-139.0,2.5,152.861932719153
11811,-139.0,3.0,149.0558900300152
11812,-139.0,3.5,147.58827874380023
11813,-139.0,4.0,152.56624204986213
11814,-139.0,4.5,148.7237680974906
11815,-139.0,5.5,148.9597450948436
11816,-139.0,6.0,148.24730449353476
11817,-139.0,6.5,147.0271815658114
11818,-139.0,7.0,155.61816627376237
11819,-139.0,7.5,148.02117325942024
11820,-139.0,8.0,157.68922875370856
11821,-139.0,8.5,163.53310597451963
11822,-139.0,9.0,159.26101586153453
11823,-139.0,9.5,156.44315719752572
11824,-139.0,10.0,157.26027022539714
11825,-139.0,10.5,150.7915079930589
11826,-139.0,11.0,153.39825086304467
11827,-139.0,11.5,159.07153893704356
11828,-139.0,12.5,156.1977851625592
11829,-139.0,13.0,156.0648355609739
11830,-139.0,13.5,149.6311210214621
11831,-139.0,15.0,151.56834127982643
11832,-139.0,15.5,154.92671423886634
11833,-139.0,16.0,151.7649964796693
11834,-139.0,17.0,156.18266379633562
11835,-139.0,17.5,152.36438745542944
11836,-139.0,18.0,152.85252200271484
11837,-139.0,18.5,148.7337817592982
11838,-139.0,19.0,154.98384821613797
11839,-139.0,19.5,154.30571486905995
11840,-139.0,20.0,154.991180604888
11841,-139.0,20.5,158.0140769017449
11842,-139.0,21.0,152.7873338140784
11843,-139.0,21.5,157.27471149662443
11844,-139.0,22.0,162.9908760878203
11845,-139.0,22.5,153.6471719908667
11846,-139.0,23.0,149.60748681064118
11847,-139.0,23.5,148.39532085453357
11848,-139.0,24.0,147.59982407291477
11849,-139.0,24.5,147.42576981823936
11850,-139.0,25.0,149.0129329186743
11851,-139.0,25.5,149.07157508050452
11852,-139.0,26.0,149.84414383949118
11853,-139.0,26.5,150.45990871746847
11854,-139.0,27.0,148.78704889633568
11855,-139.0,27.5,150.50923304195368
11856,-139.0,28.0,148.22559519870305
11857,-139.0,28.5,148.63541509442464
11858,-139.0,29.0,151.76479795242386
11859,-139.0,29.5,149.94002932136263
11860,-139.0,30.0,154.28485316017057
11861,-139.0,30.5,152.21926304853451
11862,-139.0,31.0,151.20020744295155
11863,-139.0,31.5,152.26153693888077
11864,-139.0,32.0,148.38931091684748
11865,-139.0,32.5,149.45787596769736
11866,-139.0,33.0,149.35993667799968
11867,-139.0,33.5,152.49733231582258
11868,-139.0,34.0,153.38133795043416
11869,-139.0,34.5,154.05413311588933
11870,-139.0,35.0,154.90436054965184
11871,-139.0,35.5,155.11544136056116
11872,-139.0,36.0,155.7180325592528
11873,-139.0,36.5,160.44960158979958
11874,-139.0,37.0,153.2887087004207
11875,-139.0,37.5,153.83914868025684
11876,-139.0,38.5,169.42028800931396
11877,-139.0,39.0,169.14876960495346
11878,-138.5,-37.0,147.75830590357307
11879,-138.5,-36.5,147.1433157228852
11880,-138.5,-36.0,149.02799805926696
11881,-138.5,-35.0,148.32729897868276
11882,-138.5,-34.5,149.18516979327097
11883,-138.5,-34.0,149.04041027952047
11884,-138.5,-33.5,146.86703039859447
11885,-138.5,-33.0,146.59847434727365
11886,-138.5,-32.5,159.46911046428912
11887,-138.5,-32.0,146.52825531379307
11888,-138.5,-31.5,148.16694565558012
11889,-138.5,-31.0,157.94119420746617
11890,-138.5,-30.5,149.82474546563387
11891,-138.5,-30.0,151.15580539078567
11892,-138.5,-29.5,154.45813843823393
11893,-138.5,-29.0,151.90695706215195
11894,-138.5,-28.5,149.6369125673328
11895,-138.5,-28.0,147.13128772170282
11896,-138.5,-27.5,148.63413518091258
11897,-138.5,-27.0,147.78731634846795
11898,-138.5,-26.5,148.51770037380706
11899,-138.5,-26.0,150.1164802060816
11900,-138.5,-25.5,150.16225744542987
11901,-138.5,-25.0,150.8428011820505
11902,-138.5,-24.5,150.12415783921068
11903,-138.5,-24.0,149.77365858750426
11904,-138.5,-23.5,148.15417260997373
11905,-138.5,-23.0,149.1708665487107
11906,-138.5,-22.5,151.8437607223718
11907,-138.5,-22.0,149.22098867962077
11908,-138.5,-21.5,148.41689805220454
11909,-138.5,-21.0,147.92631286604072
11910,-138.5,-20.5,150.9367560801723
11911,-138.5,-20.0,148.523356233546
11912,-138.5,-19.5,148.10177256448145
11913,-138.5,-19.0,149.69640770531097
11914,-138.5,-18.5,149.69512159527952
11915,-138.5,-18.0,148.7214293158851
11916,-138.5,-17.5,149.91333025425567
11917,-138.5,-17.0,147.77770031439292
11918,-138.5,-16.5,150.67234216654586
11919,-138.5,-16.0,158.091664730132
11920,-138.5,-15.5,150.30369757174887
11921,-138.5,-14.5,148.4796180083686
11922,-138.5,-14.0,148.96368487964838
11923,-138.5,-13.5,150.80715997057862
11924,-138.5,-13.0,151.2926083855753
11925,-138.5,-12.5,151.15640584582272
11926,-138.5,-12.0,151.42004311606794
11927,-138.5,-11.0,150.31175747383355
11928,-138.5,-10.5,146.1869441060448
11929,-138.5,-10.0,149.22971269362424
11930,-138.5,-9.5,148.98344404456157
11931,-138.5,-8.5,147.4500368776011
11932,-138.5,-8.0,149.13963285035277
11933,-138.5,-7.5,149.65524379780004
11934,-138.5,-7.0,148.47891971261038
11935,-138.5,-6.5,149.3487586243967
11936,-138.5,-6.0,149.37575874589123
11937,-138.5,-5.5,150.2801248860547
11938,-138.5,-5.0,148.50226856776862
11939,-138.5,-4.5,148.00518748425773
11940,-138.5,-4.0,148.80694144877742
11941,-138.5,-3.5,149.6411997556033
11942,-138.5,-3.0,148.1369001133734
11943,-138.5,-2.5,147.6408756452504
11944,-138.5,-2.0,147.47079261833775
11945,-138.5,-1.5,148.39996259679182
11946,-138.5,-0.5,148.0420766606677
11947,-138.5,0.0,148.7903046352802
11948,-138.5,0.5,149.14167788458994
11949,-138.5,1.0,148.97370577343673
11950,-138.5,1.5,147.97516799227327
11951,-138.5,2.0,152.5985462185696
11952,-138.5,2.5,150.72875132582996
11953,-138.5,3.0,149.05402065432412
11954,-138.5,4.0,147.1720299953425
11955,-138.5,4.5,148.5204053864935
11956,-138.5,5.0,148.79133285266744
11957,-138.5,5.5,148.84702562895666
11958,-138.5,6.0,148.5179079295343
11959,-138.5,6.5,147.63756965112634
11960,-138.5,7.0,146.9540276465201
11961,-138.5,7.5,152.25867009369057
11962,-138.5,8.0,165.97487140046596
11963,-138.5,9.0,159.8350635652684
11964,-138.5,9.5,157.8838181320014
11965,-138.5,10.0,155.16425231016396
11966,-138.5,10.5,156.31118399030066
11967,-138.5,11.0,155.61449118861947
11968,-138.5,11.5,154.4585297017879
11969,-138.5,12.0,156.2296932005453
11970,-138.5,12.5,156.3076293109067
11971,-138.5,13.0,150.50554044654382
11972,-138.5,13.5,149.70911497431604
11973,-138.5,14.5,149.0603355513992
11974,-138.5,15.0,152.28721404482087
11975,-138.5,15.5,153.91242036337135
11976,-138.5,16.0,154.95870818866362
11977,-138.5,16.5,149.9504421297106
11978,-138.5,17.0,155.4350768100067
11979,-138.5,17.5,150.9311944665799
11980,-138.5,18.0,153.64674470267775
11981,-138.5,18.5,152.91322090033162
11982,-138.5,19.0,148.8369540023944
11983,-138.5,19.5,152.08601212900436
11984,-138.5,20.0,151.96197684055502
11985,-138.5,20.5,161.3436585373054
11986,-138.5,21.0,158.1853734439168
11987,-138.5,21.5,152.5426605248349
11988,-138.5,22.0,154.65438617999524
11989,-138.5,22.5,154.88778808531413
11990,-138.5,23.0,150.5761166246793
11991,-138.5,23.5,148.31902803686057
11992,-138.5,24.0,146.9638699511005
11993,-138.5,24.5,147.4884215526813
11994,-138.5,25.0,150.74595720041836
11995,-138.5,25.5,147.99446445393409
11996,-138.5,26.0,150.39281042219883
11997,-138.5,26.5,148.09813248055562
11998,-138.5,27.0,150.77871598199349
11999,-138.5,27.5,147.9442851706028
12000,-138.5,28.0,150.43075496629044
12001,-138.5,28.5,147.4933006672033
12002,-138.5,29.0,153.82919665052097
12003,-138.5,29.5,151.52425641996763
12004,-138.5,30.0,152.50049980767315
12005,-138.5,30.5,154.16538625005774
12006,-138.5,31.0,151.23607083637413
12007,-138.5,31.5,149.50611852461836
12008,-138.5,32.0,148.8252215826915
12009,-138.5,32.5,149.28387934274068
12010,-138.5,33.0,149.80564019673187
12011,-138.5,33.5,151.9455321179634
12012,-138.5,34.0,153.7192701315622
12013,-138.5,34.5,152.89073139028488
12014,-138.5,35.0,155.10810773870378
12015,-138.5,35.5,154.70876167738777
12016,-138.5,36.0,155.72751973635556
12017,-138.5,36.5,160.36334465771662
12018,-138.5,37.0,152.97806779783585
12019,-138.5,38.5,169.55219370212177
12020,-138.5,39.0,169.45278044618124
12021,-138.0,-37.0,147.69708881176618
12022,-138.0,-36.5,147.08890511021917
12023,-138.0,-36.0,148.23709933597192
12024,-138.0,-35.5,150.89278883302057
12025,-138.0,-35.0,148.64862983743083
12026,-138.0,-34.5,149.5739277421011
12027,-138.0,-34.0,147.12767030566351
12028,-138.0,-33.5,149.12758701901888
12029,-138.0,-33.0,153.20037015000366
12030,-138.0,-32.5,160.18845630110192
12031,-138.0,-32.0,146.8834263816089
12032,-138.0,-31.5,154.9676834610805
12033,-138.0,-31.0,151.9802662949822
12034,-138.0,-30.5,150.49603121398175
12035,-138.0,-30.0,155.78220577252114
12036,-138.0,-29.5,151.52142135084407
12037,-138.0,-29.0,155.69549418243489
12038,-138.0,-28.5,148.46976255096388
12039,-138.0,-28.0,147.46202029417753
12040,-138.0,-27.5,147.98674032421604
12041,-138.0,-27.0,148.3233803753949
12042,-138.0,-26.5,148.1370498344749
12043,-138.0,-26.0,150.6358397713442
12044,-138.0,-25.5,150.20322876118814
12045,-138.0,-25.0,150.26437706133964
12046,-138.0,-24.5,151.27973551341057
12047,-138.0,-24.0,149.51134997930217
12048,-138.0,-23.5,148.9825122230191
12049,-138.0,-23.0,148.82321577398645
12050,-138.0,-22.5,149.55319020963339
12051,-138.0,-22.0,148.6073771676842
12052,-138.0,-21.5,149.1614098144723
12053,-138.0,-21.0,150.33915998362158
12054,-138.0,-20.5,150.39248517780223
12055,-138.0,-20.0,151.16149712839265
12056,-138.0,-19.5,147.53829181627762
12057,-138.0,-19.0,151.4578115142888
12058,-138.0,-18.5,150.87006378814473
12059,-138.0,-18.0,150.45656602174645
12060,-138.0,-17.5,149.69365476474428
12061,-138.0,-17.0,149.4833001379918
12062,-138.0,-16.5,149.35237611692264
12063,-138.0,-16.0,156.881644515652
12064,-138.0,-15.5,149.83142109926044
12065,-138.0,-15.0,148.28288100712862
12066,-138.0,-14.5,149.04134626954098
12067,-138.0,-14.0,149.0833437722894
12068,-138.0,-13.5,151.23324637103363
12069,-138.0,-13.0,151.15918125427856
12070,-138.0,-12.0,151.47470619111698
12071,-138.0,-11.5,151.55073862455728
12072,-138.0,-11.0,147.05526124691156
12073,-138.0,-10.5,150.22468668614118
12074,-138.0,-10.0,146.45890949239063
12075,-138.0,-9.5,151.26749038472806
12076,-138.0,-9.0,150.99293298581392
12077,-138.0,-8.5,148.53102491935476
12078,-138.0,-8.0,151.10847861473692
12079,-138.0,-7.5,148.73099007148286
12080,-138.0,-7.0,149.14331106915563
12081,-138.0,-6.5,149.34838683756558
12082,-138.0,-6.0,149.8396838957408
12083,-138.0,-5.5,149.26156422325016
12084,-138.0,-5.0,147.23939174174185
12085,-138.0,-4.5,148.59539478426152
12086,-138.0,-4.0,147.91846458577925
12087,-138.0,-3.5,150.19267857004607
12088,-138.0,-3.0,149.1722304823857
12089,-138.0,-2.5,147.60634039932913
12090,-138.0,-2.0,147.81881744100488
12091,-138.0,-1.5,147.40031353210497
12092,-138.0,-1.0,147.8269761790088
12093,-138.0,0.0,149.20199980977145
12094,-138.0,0.5,148.8216862587964
12095,-138.0,1.0,148.41767153686166
12096,-138.0,1.5,152.8395368700903
12097,-138.0,2.0,152.27208284720592
12098,-138.0,2.5,150.60121015123408
12099,-138.0,3.0,151.33471732367087
12100,-138.0,4.0,147.19270978650403
12101,-138.0,4.5,147.33727382614362
12102,-138.0,5.0,148.67313434082013
12103,-138.0,5.5,148.74383459215397
12104,-138.0,6.5,147.48043107069296
12105,-138.0,7.0,147.69312480778163
12106,-138.0,7.5,157.04039560474789
12107,-138.0,8.0,155.55479544098486
12108,-138.0,9.0,155.82539134216944
12109,-138.0,9.5,158.56646038473409
12110,-138.0,10.0,157.78885776239824
12111,-138.0,10.5,155.18734288248706
12112,-138.0,11.0,160.1434982583006
12113,-138.0,11.5,151.79790593632737
12114,-138.0,12.0,155.30735037574857
12115,-138.0,12.5,151.58608151329295
12116,-138.0,13.0,150.95624503805848
12117,-138.0,14.0,150.71052296046767
12118,-138.0,14.5,150.94755199721334
12119,-138.0,15.5,154.62384207025008
12120,-138.0,16.0,153.035404198542
12121,-138.0,16.5,154.1628978771427
12122,-138.0,17.0,149.94563171232767
12123,-138.0,17.5,148.92541954984617
12124,-138.0,18.0,156.75345848952452
12125,-138.0,18.5,155.7294599545545
12126,-138.0,19.0,149.24988298464584
12127,-138.0,19.5,152.5574528908956
12128,-138.0,20.0,153.18064958699603
12129,-138.0,20.5,159.8369078508651
12130,-138.0,21.0,159.34739673176284
12131,-138.0,22.0,150.89985051055953
12132,-138.0,22.5,158.79620060621642
12133,-138.0,23.0,154.68124119455746
12134,-138.0,23.5,148.863769862825
12135,-138.0,24.0,146.7955708083783
12136,-138.0,24.5,149.65815416239664
12137,-138.0,25.0,149.14293245847108
12138,-138.0,25.5,149.1659414663436
12139,-138.0,26.0,149.7225347116735
12140,-138.0,26.5,151.1797881936664
12141,-138.0,27.0,149.77026174793963
12142,-138.0,27.5,147.92153878691178
12143,-138.0,28.0,151.4464157993063
12144,-138.0,28.5,148.56893239035205
12145,-138.0,29.0,153.64683290788187
12146,-138.0,29.5,151.87215503456662
12147,-138.0,30.0,151.72963637965935
12148,-138.0,30.5,153.40257728408002
12149,-138.0,31.0,152.72116240642342
12150,-138.0,31.5,151.47765344419142
12151,-138.0,32.0,149.39903413861896
12152,-138.0,32.5,149.39793946789328
12153,-138.0,33.0,150.21541342937243
12154,-138.0,33.5,152.09581738413098
12155,-138.0,34.0,152.886111861332
12156,-138.0,34.5,153.57818296757745
12157,-138.0,35.0,155.72490712270846
12158,-138.0,35.5,154.07874035200317
12159,-138.0,36.0,154.32515213683592
12160,-138.0,36.5,158.9794884243325
12161,-138.0,37.0,152.8053873931387
12162,-138.0,37.5,160.41887708819792
12163,-138.0,38.5,169.70126394849137
12164,-138.0,39.0,169.52183913148912
12165,-137.5,-37.0,147.59663053252928
12166,-137.5,-36.5,147.3958488718064
12167,-137.5,-36.0,147.68405474785325
12168,-137.5,-35.5,150.4900714772786
12169,-137.5,-35.0,149.5216509123418
12170,-137.5,-34.5,149.53699931888815
12171,-137.5,-34.0,146.28418507922123
12172,-137.5,-33.5,152.04928382442893
12173,-137.5,-33.0,147.72138548729177
12174,-137.5,-32.5,154.84872689174253
12175,-137.5,-32.0,146.67597980226742
12176,-137.5,-31.5,159.43910011737245
12177,-137.5,-31.0,148.83832246871287
12178,-137.5,-30.5,151.9850654065743
12179,-137.5,-30.0,161.47089643566167
12180,-137.5,-29.5,151.38492123539734
12181,-137.5,-29.0,155.81679866768
12182,-137.5,-28.5,148.5924785300936
12183,-137.5,-28.0,147.46536305502516
12184,-137.5,-27.5,147.6816859435898
12185,-137.5,-27.0,148.23263390686068
12186,-137.5,-26.5,149.4565780676013
12187,-137.5,-26.0,149.52016835729373
12188,-137.5,-25.5,150.3948299520585
12189,-137.5,-25.0,150.22286225275843
12190,-137.5,-24.5,151.74111262585774
12191,-137.5,-24.0,150.47924075661462
12192,-137.5,-23.5,151.62951131507177
12193,-137.5,-23.0,147.757861021482
12194,-137.5,-22.5,148.00693240637963
12195,-137.5,-22.0,148.29542756351893
12196,-137.5,-21.5,148.92658493095342
12197,-137.5,-21.0,152.38454100406017
12198,-137.5,-20.5,148.56151386764196
12199,-137.5,-20.0,148.61530996151964
12200,-137.5,-19.5,149.2793849726655
12201,-137.5,-19.0,148.14904351146865
12202,-137.5,-18.5,151.3881244752207
12203,-137.5,-18.0,150.52881682176985
12204,-137.5,-17.5,149.09751580299115
12205,-137.5,-17.0,150.51884100534667
12206,-137.5,-16.5,149.65002040531388
12207,-137.5,-16.0,159.53694735285256
12208,-137.5,-15.5,151.13453978699127
12209,-137.5,-15.0,148.2602917833724
12210,-137.5,-14.5,149.3678152664628
12211,-137.5,-14.0,149.18949692344475
12212,-137.5,-13.5,150.7592956311926
12213,-137.5,-13.0,151.24752506280993
12214,-137.5,-12.5,151.37663297391273
12215,-137.5,-11.5,148.41209962609904
12216,-137.5,-11.0,152.07746262605096
12217,-137.5,-10.5,148.51108939091546
12218,-137.5,-10.0,151.38646035978633
12219,-137.5,-9.0,149.12549728249232
12220,-137.5,-8.5,150.24995534238133
12221,-137.5,-8.0,146.9158164154596
12222,-137.5,-7.5,148.8929086190337
12223,-137.5,-7.0,149.4236725081051
12224,-137.5,-6.5,149.3104774263998
12225,-137.5,-6.0,149.7077687239383
12226,-137.5,-5.5,148.1216404093237
12227,-137.5,-4.5,148.0287753231669
12228,-137.5,-4.0,148.21895342413112
12229,-137.5,-3.5,148.18204449634973
12230,-137.5,-3.0,148.8634730507334
12231,-137.5,-2.5,148.38257271307273
12232,-137.5,-2.0,148.13069033382308
12233,-137.5,-1.5,146.70507988899584
12234,-137.5,-1.0,147.79648347985142
12235,-137.5,-0.5,149.38702831293878
12236,-137.5,0.0,149.36069236594878
12237,-137.5,0.5,148.2729418205015
12238,-137.5,1.0,149.9495083555836
12239,-137.5,1.5,149.90312858216117
12240,-137.5,2.0,149.0958985421057
12241,-137.5,3.0,151.2688812753514
12242,-137.5,4.5,148.3965392570493
12243,-137.5,5.0,148.31567784208025
12244,-137.5,5.5,148.44100812106194
12245,-137.5,6.5,147.82151981603224
12246,-137.5,7.0,156.69368164736187
12247,-137.5,7.5,146.90305838345122
12248,-137.5,8.0,153.01026928415203
12249,-137.5,8.5,155.4886403920995
12250,-137.5,9.0,155.4198209381127
12251,-137.5,10.0,159.35752039702433
12252,-137.5,10.5,157.11592791451017
12253,-137.5,11.0,155.92010064653996
12254,-137.5,11.5,154.112053085428
12255,-137.5,12.0,153.1215422250567
12256,-137.5,12.5,152.24770583602506
12257,-137.5,14.0,151.1525831586397
12258,-137.5,16.0,154.7694126694829
12259,-137.5,16.5,153.13429733003804
12260,-137.5,17.0,154.16968718446773
12261,-137.5,17.5,148.21786462203727
12262,-137.5,18.0,159.90063082921844
12263,-137.5,18.5,153.45732602251218
12264,-137.5,19.0,151.06683514879433
12265,-137.5,19.5,152.93014785820014
12266,-137.5,20.0,153.9472278137663
12267,-137.5,20.5,156.65296070326323
12268,-137.5,21.0,159.05623559520924
12269,-137.5,21.5,153.3625534049832
12270,-137.5,22.0,147.52420431593157
12271,-137.5,22.5,158.70103149798533
12272,-137.5,23.0,153.3182431246561
12273,-137.5,23.5,150.0938005061799
12274,-137.5,24.0,148.80025999347214
12275,-137.5,24.5,150.88021841311792
12276,-137.5,25.0,148.467865680235
12277,-137.5,25.5,150.16919261106756
12278,-137.5,26.0,147.20835047702082
12279,-137.5,26.5,151.35209125274534
12280,-137.5,27.0,148.75969941198002
12281,-137.5,27.5,148.14897781405165
12282,-137.5,28.0,148.87211967094962
12283,-137.5,28.5,149.41922932741127
12284,-137.5,29.0,152.7132780950538
12285,-137.5,29.5,154.08780558645682
12286,-137.5,30.0,152.1458941921881
12287,-137.5,30.5,152.60111229860357
12288,-137.5,31.0,153.70081263187598
12289,-137.5,31.5,151.00143898579236
12290,-137.5,32.0,150.2914854824856
12291,-137.5,32.5,149.78889302200332
12292,-137.5,33.0,150.62902059828573
12293,-137.5,33.5,152.20168163615497
12294,-137.5,34.0,150.71854496768475
12295,-137.5,34.5,153.55295774370455
12296,-137.5,35.0,155.61784716305328
12297,-137.5,35.5,153.92797000578608
12298,-137.5,36.0,153.4383066667891
12299,-137.5,36.5,156.58719448580771
12300,-137.5,37.0,154.7087041888922
12301,-137.5,37.5,160.21719004686835
12302,-137.5,38.5,169.84628561673063
12303,-137.5,39.0,169.64006539879628
12304,-137.0,-37.0,147.17924185722742
12305,-137.0,-36.5,147.80877972575925
12306,-137.0,-36.0,147.66587643226728
12307,-137.0,-35.5,150.19857450590055
12308,-137.0,-35.0,149.73136197089613
12309,-137.0,-34.5,149.7717972992853
12310,-137.0,-34.0,146.65636092863105
12311,-137.0,-33.5,149.1379936450828
12312,-137.0,-33.0,147.31766168963546
12313,-137.0,-32.5,155.15415831801863
12314,-137.0,-32.0,146.87017086549855
12315,-137.0,-31.5,155.62041632058032
12316,-137.0,-31.0,149.5673352080008
12317,-137.0,-30.5,153.22920950287772
12318,-137.0,-30.0,158.3793805059395
12319,-137.0,-29.5,153.19550037001892
12320,-137.0,-29.0,150.71977104985277
12321,-137.0,-28.5,149.32203647586715
12322,-137.0,-28.0,152.84636694548027
12323,-137.0,-27.5,147.71560052631423
12324,-137.0,-27.0,147.89498142205937
12325,-137.0,-26.5,149.05160262072937
12326,-137.0,-26.0,149.4718722810328
12327,-137.0,-25.5,150.40310805805197
12328,-137.0,-25.0,150.00792651064597
12329,-137.0,-24.5,150.29179034667357
12330,-137.0,-24.0,151.6559752981723
12331,-137.0,-23.5,149.20220660857248
12332,-137.0,-23.0,147.4509502454667
12333,-137.0,-22.5,148.44341953968498
12334,-137.0,-22.0,146.61152558698825
12335,-137.0,-21.5,150.31440106945496
12336,-137.0,-21.0,149.9059496105421
12337,-137.0,-20.5,148.2518110554926
12338,-137.0,-20.0,148.36413219972798
12339,-137.0,-19.5,148.98042359751045
12340,-137.0,-19.0,150.3375105364196
12341,-137.0,-18.5,149.21159504128602
12342,-137.0,-18.0,150.41546855029284
12343,-137.0,-17.5,150.40089926647752
12344,-137.0,-17.0,149.14640030141277
12345,-137.0,-16.5,149.93924005736403
12346,-137.0,-16.0,148.20414008278084
12347,-137.0,-15.5,151.28233005654553
12348,-137.0,-15.0,150.27378484254336
12349,-137.0,-14.5,152.01930852518336
12350,-137.0,-14.0,152.64148310948752
12351,-137.0,-13.5,150.04516902946574
12352,-137.0,-12.5,151.24372007599735
12353,-137.0,-12.0,146.090929256764
12354,-137.0,-11.5,147.2172536630518
12355,-137.0,-11.0,149.8660758487917
12356,-137.0,-10.0,151.60614051931762
12357,-137.0,-9.5,146.96816607581005
12358,-137.0,-9.0,149.52991492131906
12359,-137.0,-8.5,149.65360399281568
12360,-137.0,-8.0,148.77033211905635
12361,-137.0,-7.5,149.32840256937962
12362,-137.0,-7.0,149.51013814497549
12363,-137.0,-6.5,149.57924704195335
12364,-137.0,-6.0,148.15082542954931
12365,-137.0,-5.5,148.81611494008243
12366,-137.0,-5.0,148.4781204468963
12367,-137.0,-4.0,148.04505438414643
12368,-137.0,-3.5,147.79015897636674
12369,-137.0,-3.0,148.12489213260906
12370,-137.0,-2.5,149.62328303790846
12371,-137.0,-2.0,148.1035579827415
12372,-137.0,-1.0,148.24626964095947
12373,-137.0,-0.5,149.02517489939706
12374,-137.0,0.0,148.32931250722532
12375,-137.0,0.5,148.20232380847017
12376,-137.0,1.0,150.72903123473796
12377,-137.0,1.5,148.84831859199264
12378,-137.0,2.0,148.53295202112207
12379,-137.0,3.0,151.34451985405798
12380,-137.0,3.5,151.2541876695826
12381,-137.0,4.0,149.8130161084413
12382,-137.0,4.5,149.09704147837013
12383,-137.0,5.0,147.4110813588707
12384,-137.0,5.5,147.98501886028313
12385,-137.0,6.0,147.96867879124176
12386,-137.0,6.5,154.95972367756647
12387,-137.0,7.0,166.9306803760157
12388,-137.0,7.5,147.1547358615712
12389,-137.0,8.0,146.75420153039062
12390,-137.0,8.5,156.0459007096296
12391,-137.0,9.0,156.67790242238254
12392,-137.0,9.5,157.61966573695216
12393,-137.0,10.0,157.60218637401167
12394,-137.0,10.5,160.78466769724457
12395,-137.0,11.0,156.24761557473738
12396,-137.0,11.5,153.9805853706486
12397,-137.0,12.0,150.91157828107677
12398,-137.0,12.5,152.56906702510432
12399,-137.0,13.0,153.4775841502348
12400,-137.0,13.5,152.17830289149634
12401,-137.0,14.0,160.21787932850623
12402,-137.0,15.0,166.08448229703424
12403,-137.0,16.0,155.55741223590354
12404,-137.0,16.5,152.29831261299614
12405,-137.0,17.0,155.87405216036635
12406,-137.0,17.5,151.93286948534268
12407,-137.0,18.0,160.34856166086826
12408,-137.0,18.5,152.6025892478028
12409,-137.0,19.0,154.13991449486193
12410,-137.0,19.5,149.03224003802688
12411,-137.0,20.5,156.68505882768676
12412,-137.0,21.5,157.47675268459716
12413,-137.0,22.5,150.5498136268306
12414,-137.0,23.0,154.4375069841506
12415,-137.0,23.5,156.1029633874935
12416,-137.0,24.0,149.40253453962694
12417,-137.0,24.5,148.04433654824686
12418,-137.0,25.0,148.81253186597027
12419,-137.0,25.5,150.77747796462012
12420,-137.0,26.0,147.29659987575027
12421,-137.0,26.5,150.5680078138419
12422,-137.0,27.0,150.93077896183192
12423,-137.0,27.5,148.90885945954975
12424,-137.0,28.0,148.01957116767022
12425,-137.0,28.5,149.22251515523283
12426,-137.0,29.0,152.65641970423255
12427,-137.0,29.5,152.35002791732214
12428,-137.0,30.0,151.21770016089948
12429,-137.0,30.5,152.40134370815858
12430,-137.0,31.0,152.44239598787098
12431,-137.0,31.5,150.9597596808258
12432,-137.0,32.0,152.44734571577627
12433,-137.0,32.5,150.12808837463024
12434,-137.0,33.0,150.840348541487
12435,-137.0,33.5,151.46584233897917
12436,-137.0,34.0,152.36709302928887
12437,-137.0,34.5,154.11255004271308
12438,-137.0,35.0,155.04838505490167
12439,-137.0,35.5,152.78404629429838
12440,-137.0,36.0,152.97819612469095
12441,-137.0,36.5,156.33457895510548
12442,-137.0,37.0,154.93032161744827
12443,-137.0,38.5,170.00670079336086
12444,-137.0,39.0,169.7269275199267
12445,-136.5,-37.0,147.2107544115199
12446,-136.5,-36.5,147.74526371505738
12447,-136.5,-36.0,148.37400246382623
12448,-136.5,-35.5,149.53152881577006
12449,-136.5,-35.0,149.86971138921302
12450,-136.5,-34.5,148.502227047285
12451,-136.5,-34.0,147.92505372447516
12452,-136.5,-33.5,148.97725459017195
12453,-136.5,-33.0,147.40787796643014
12454,-136.5,-32.5,152.75381570681736
12455,-136.5,-32.0,146.69276369442727
12456,-136.5,-31.5,157.87263818688407
12457,-136.5,-31.0,149.30097310863115
12458,-136.5,-30.5,156.3404274670471
12459,-136.5,-30.0,157.0642855335892
12460,-136.5,-29.5,152.9698956512811
12461,-136.5,-29.0,147.03193882767673
12462,-136.5,-28.5,151.04724379670483
12463,-136.5,-28.0,147.29370845494384
12464,-136.5,-27.5,148.80988960655372
12465,-136.5,-27.0,147.89260868249426
12466,-136.5,-26.5,148.42671700415627
12467,-136.5,-26.0,150.81991360313557
12468,-136.5,-25.5,149.28863048303492
12469,-136.5,-25.0,149.82559502546985
12470,-136.5,-24.5,148.53839191711918
12471,-136.5,-24.0,154.97042978596278
12472,-136.5,-23.5,149.41321503174993
12473,-136.5,-23.0,147.39224209031624
12474,-136.5,-22.5,148.32480682137097
12475,-136.5,-22.0,148.07721005877775
12476,-136.5,-21.5,150.20499989913577
12477,-136.5,-21.0,148.8773584033043
12478,-136.5,-20.5,149.99680669413078
12479,-136.5,-20.0,149.56259692445593
12480,-136.5,-19.5,148.97410317462788
12481,-136.5,-19.0,152.65197934515544
12482,-136.5,-18.5,150.21038135168166
12483,-136.5,-18.0,149.9981670156813
12484,-136.5,-17.5,151.35232402846606
12485,-136.5,-17.0,149.26364915533534
12486,-136.5,-16.5,149.98566935678602
12487,-136.5,-16.0,148.2372998608533
12488,-136.5,-15.5,150.15179110912572
12489,-136.5,-15.0,150.71533988418986
12490,-136.5,-14.5,153.70516706796698
12491,-136.5,-14.0,150.62814089941452
12492,-136.5,-13.5,150.05063877450132
12493,-136.5,-13.0,150.26019271339692
12494,-136.5,-12.5,147.09237536636547
12495,-136.5,-12.0,146.16914825598982
12496,-136.5,-11.5,148.95001751729689
12497,-136.5,-11.0,150.59043903155808
12498,-136.5,-10.5,152.8063198148698
12499,-136.5,-10.0,151.89653803826556
12500,-136.5,-9.5,149.9698954942991
12501,-136.5,-9.0,151.8276576969823
12502,-136.5,-8.5,148.6028381377591
12503,-136.5,-8.0,149.41059883426723
12504,-136.5,-7.5,149.12763447948794
12505,-136.5,-7.0,149.80590815933226
12506,-136.5,-6.5,149.23382113903952
12507,-136.5,-6.0,147.96154370981193
12508,-136.5,-5.5,148.51790064181466
12509,-136.5,-5.0,148.58667722833184
12510,-136.5,-4.5,148.99897140965012
12511,-136.5,-4.0,147.51384380044513
12512,-136.5,-3.5,147.7559858882241
12513,-136.5,-3.0,148.23127552639852
12514,-136.5,-2.5,149.1534889733511
12515,-136.5,-2.0,150.401366681081
12516,-136.5,-1.5,147.77197531424585
12517,-136.5,-1.0,149.33905128343704
12518,-136.5,-0.5,147.68475128558856
12519,-136.5,0.0,148.60610196623398
12520,-136.5,0.5,152.1826420063045
12521,-136.5,1.0,150.46434950976794
12522,-136.5,1.5,148.57801587951664
12523,-136.5,2.0,148.49709285364102
12524,-136.5,3.5,151.48825807269986
12525,-136.5,4.0,150.35299306349913
12526,-136.5,4.5,149.788206928315
12527,-136.5,5.5,147.2146709965126
12528,-136.5,6.0,149.27634517403047
12529,-136.5,6.5,162.9476722985342
12530,-136.5,8.0,148.99108345368762
12531,-136.5,8.5,152.83354575915757
12532,-136.5,9.0,155.52452401051832
12533,-136.5,9.5,157.92164793424786
12534,-136.5,10.0,158.20393168598022
12535,-136.5,10.5,161.930125590498
12536,-136.5,11.0,159.19565927902542
12537,-136.5,11.5,152.94667701420047
12538,-136.5,12.0,149.84399061801048
12539,-136.5,12.5,148.8337891333909
12540,-136.5,13.0,153.05865919185962
12541,-136.5,13.5,152.1240779964172
12542,-136.5,15.0,164.74060914152702
12543,-136.5,15.5,152.93790386042377
12544,-136.5,16.0,154.16312456006088
12545,-136.5,16.5,152.39254284189053
12546,-136.5,17.0,151.30770917463605
12547,-136.5,17.5,158.7174568707095
12548,-136.5,18.0,149.63575373943266
12549,-136.5,18.5,152.32186852317847
12550,-136.5,19.0,154.82899286332753
12551,-136.5,19.5,152.82383676015644
12552,-136.5,20.0,156.8953743019965
12553,-136.5,20.5,156.76688603399975
12554,-136.5,21.0,146.7054471697928
12555,-136.5,21.5,157.161898952324
12556,-136.5,22.0,162.00905149253
12557,-136.5,22.5,149.10486901049472
12558,-136.5,23.0,153.18218290056316
12559,-136.5,23.5,157.2877087934999
12560,-136.5,24.0,151.34175719756
12561,-136.5,24.5,147.33885454237912
12562,-136.5,25.0,150.80240229328396
12563,-136.5,25.5,149.14367845092227
12564,-136.5,26.0,147.63063914094693
12565,-136.5,26.5,148.9396861083937
12566,-136.5,27.0,150.380958497042
12567,-136.5,27.5,155.8104282558905
12568,-136.5,28.0,148.5652874878387
12569,-136.5,28.5,150.55220766302315
12570,-136.5,29.0,151.4271456900126
12571,-136.5,29.5,151.22470744594563
12572,-136.5,30.0,150.94244104532277
12573,-136.5,30.5,147.45209585094133
12574,-136.5,31.0,154.19716258486017
12575,-136.5,31.5,149.7366540763089
12576,-136.5,32.0,151.97137829490168
12577,-136.5,32.5,151.1723775276296
12578,-136.5,33.0,151.86669574435402
12579,-136.5,33.5,150.35196062129057
12580,-136.5,34.0,152.1339672663485
12581,-136.5,34.5,153.8639479861791
12582,-136.5,35.0,153.76783693782193
12583,-136.5,35.5,152.60365860176546
12584,-136.5,36.0,152.51870574269907
12585,-136.5,36.5,155.23914837934316
12586,-136.5,37.0,154.52069049304825
12587,-136.5,38.5,169.7837199467011
12588,-136.5,39.0,169.88712510720046
12589,-136.0,-37.0,147.30365540956146
12590,-136.0,-36.5,147.96336710533177
12591,-136.0,-36.0,146.2850405961145
12592,-136.0,-35.5,149.048123523502
12593,-136.0,-35.0,150.18052412447327
12594,-136.0,-34.5,148.18074353630456
12595,-136.0,-34.0,148.29799165336235
12596,-136.0,-33.5,148.83503678682308
12597,-136.0,-33.0,147.44092544318855
12598,-136.0,-32.5,154.44977890840636
12599,-136.0,-32.0,146.58249177839477
12600,-136.0,-31.5,156.845777745742
12601,-136.0,-31.0,149.86906172573453
12602,-136.0,-30.5,156.59860203208154
12603,-136.0,-30.0,156.81262139596595
12604,-136.0,-29.5,152.5847475913229
12605,-136.0,-29.0,147.10737594059836
12606,-136.0,-28.5,152.60071204472519
12607,-136.0,-28.0,147.45752025527983
12608,-136.0,-27.5,149.21182455641497
12609,-136.0,-27.0,148.93511479661944
12610,-136.0,-26.5,148.95060689954116
12611,-136.0,-26.0,148.12103844397473
12612,-136.0,-25.5,149.68778180275453
12613,-136.0,-25.0,150.34824050929126
12614,-136.0,-24.5,150.3259025278444
12615,-136.0,-24.0,148.90490429905265
12616,-136.0,-23.5,148.9652224989835
12617,-136.0,-23.0,147.32655341915196
12618,-136.0,-22.5,148.92354177499539
12619,-136.0,-22.0,148.67995753587573
12620,-136.0,-21.5,147.98204291055922
12621,-136.0,-21.0,149.20107626382304
12622,-136.0,-20.5,151.42963708608877
12623,-136.0,-20.0,149.5872816982575
12624,-136.0,-19.5,151.31925021576077
12625,-136.0,-19.0,150.51773122634947
12626,-136.0,-18.5,149.7941422954698
12627,-136.0,-18.0,150.03674120928486
12628,-136.0,-17.5,150.2931377712444
12629,-136.0,-17.0,151.19100192633013
12630,-136.0,-16.5,148.80842421326773
12631,-136.0,-16.0,150.3076519790522
12632,-136.0,-15.5,150.6653891146057
12633,-136.0,-15.0,152.1547830870834
12634,-136.0,-14.5,151.5060201474573
12635,-136.0,-14.0,150.0915653170581
12636,-136.0,-13.5,153.57703981751172
12637,-136.0,-13.0,150.77053869958755
12638,-136.0,-12.5,146.13894465259244
12639,-136.0,-12.0,148.68233947002588
12640,-136.0,-11.5,147.26073130034212
12641,-136.0,-11.0,155.032380193057
12642,-136.0,-10.5,153.9646035355067
12643,-136.0,-10.0,149.1704543988971
12644,-136.0,-9.5,152.0370215824915
12645,-136.0,-9.0,148.91000103165925
12646,-136.0,-8.5,149.12831348818503
12647,-136.0,-8.0,149.51915882981226
12648,-136.0,-7.5,149.4899137249722
12649,-136.0,-7.0,149.82923219024477
12650,-136.0,-6.5,146.97421454554905
12651,-136.0,-6.0,148.96620985519814
12652,-136.0,-5.5,147.98846696111906
12653,-136.0,-5.0,148.73849710558295
12654,-136.0,-4.5,148.4330032161805
12655,-136.0,-4.0,147.7416029939996
12656,-136.0,-3.5,148.11969759582882
12657,-136.0,-3.0,147.74084230828777
12658,-136.0,-2.5,147.64744276126902
12659,-136.0,-2.0,150.1234891168726
12660,-136.0,-1.5,149.7203090086525
12661,-136.0,-1.0,148.3824979041752
12662,-136.0,-0.5,147.91998119815278
12663,-136.0,0.0,148.81316466639947
12664,-136.0,0.5,150.80552983990597
12665,-136.0,1.0,149.29611170739477
12666,-136.0,1.5,147.99010734631582
12667,-136.0,2.0,148.19153364598895
12668,-136.0,2.5,148.60524203120204
12669,-136.0,3.5,150.3730012964651
12670,-136.0,4.0,150.77623996925684
12671,-136.0,5.5,148.47570268961508
12672,-136.0,6.0,159.76385257319907
12673,-136.0,6.5,148.04932391287156
12674,-136.0,8.0,155.07837918851865
12675,-136.0,8.5,146.89429063159926
12676,-136.0,9.0,155.292958156903
12677,-136.0,9.5,157.8100153448086
12678,-136.0,10.0,157.82982509384456
12679,-136.0,10.5,152.68827115063337
12680,-136.0,11.0,156.8307918363916
12681,-136.0,11.5,156.75862923870395
12682,-136.0,12.0,157.1545175756824
12683,-136.0,12.5,156.11088904591085
12684,-136.0,13.0,151.10673992787284
12685,-136.0,13.5,153.90237713415414
12686,-136.0,15.0,151.26434505003903
12687,-136.0,15.5,155.93868412973467
12688,-136.0,16.0,149.9091419736681
12689,-136.0,16.5,154.8582665235525
12690,-136.0,17.0,157.92245700966788
12691,-136.0,17.5,154.1411956766481
12692,-136.0,18.0,152.01456572589623
12693,-136.0,18.5,151.82745578914586
12694,-136.0,19.0,155.29987184618517
12695,-136.0,19.5,154.7311666747904
12696,-136.0,20.0,153.64685136355843
12697,-136.0,21.0,146.76188113454782
12698,-136.0,22.0,156.69588501519843
12699,-136.0,22.5,149.3521362514243
12700,-136.0,23.0,152.95498812878287
12701,-136.0,23.5,155.32993342392552
12702,-136.0,24.0,157.5285438370185
12703,-136.0,24.5,149.25607356075383
12704,-136.0,25.0,151.79922597646637
12705,-136.0,25.5,148.58830017279146
12706,-136.0,26.0,148.24597335693178
12707,-136.0,26.5,148.12383111960273
12708,-136.0,27.0,150.75702296677608
12709,-136.0,27.5,147.91962131952138
12710,-136.0,28.0,148.61158420400125
12711,-136.0,28.5,149.83772459448056
12712,-136.0,29.0,150.8580384569896
12713,-136.0,29.5,151.51476310128245
12714,-136.0,30.0,151.17789593390086
12715,-136.0,30.5,147.44622079413654
12716,-136.0,31.0,155.99830089946659
12717,-136.0,31.5,150.9744620725295
12718,-136.0,32.0,151.42080933948273
12719,-136.0,32.5,151.41620347374752
12720,-136.0,33.0,151.82019339699156
12721,-136.0,33.5,151.53506867485171
12722,-136.0,34.0,152.1638478829243
12723,-136.0,34.5,153.6914376303938
12724,-136.0,35.0,154.41194371372364
12725,-136.0,35.5,152.55484673373223
12726,-136.0,36.0,157.0857342663039
12727,-136.0,36.5,153.93554559591868
12728,-136.0,37.0,154.16268434077418
12729,-136.0,38.5,169.93953822269162
12730,-135.5,-37.0,146.38626970988105
12731,-135.5,-36.5,147.9577668809171
12732,-135.5,-36.0,146.64949030535885
12733,-135.5,-35.5,148.34696588823797
12734,-135.5,-35.0,150.34679613329496
12735,-135.5,-34.5,147.3484050951642
12736,-135.5,-34.0,148.81355435401224
12737,-135.5,-33.5,148.69973729812685
12738,-135.5,-33.0,147.98018653595105
12739,-135.5,-32.5,154.85384082399221
12740,-135.5,-31.5,152.18323359432966
12741,-135.5,-31.0,152.08571455374872
12742,-135.5,-30.5,155.05044332835598
12743,-135.5,-30.0,158.98495534825844
12744,-135.5,-29.5,151.17463691928066
12745,-135.5,-29.0,154.0106417367583
12746,-135.5,-28.5,151.19040456182697
12747,-135.5,-28.0,147.3603773083965
12748,-135.5,-27.5,149.12592130488548
12749,-135.5,-27.0,148.80820960516033
12750,-135.5,-26.5,148.21726117567746
12751,-135.5,-26.0,149.91327689673494
12752,-135.5,-25.5,150.03310983501578
12753,-135.5,-25.0,149.59164428833353
12754,-135.5,-24.5,153.69928267534195
12755,-135.5,-24.0,147.0728313865952
12756,-135.5,-23.5,146.60621586435056
12757,-135.5,-23.0,147.05534377082463
12758,-135.5,-22.5,148.29454248289704
12759,-135.5,-22.0,148.9842891697157
12760,-135.5,-21.5,148.1177243877342
12761,-135.5,-21.0,149.20052667936838
12762,-135.5,-20.5,149.21404677952512
12763,-135.5,-20.0,150.0256699591117
12764,-135.5,-19.5,149.92156668327368
12765,-135.5,-19.0,150.4568933935484
12766,-135.5,-18.5,151.66656825540267
12767,-135.5,-18.0,149.52034105924236
12768,-135.5,-17.5,150.36274650505374
12769,-135.5,-17.0,151.98148213812598
12770,-135.5,-16.5,149.53670546673598
12771,-135.5,-16.0,150.06390121316514
12772,-135.5,-15.5,150.8854376711805
12773,-135.5,-15.0,151.10986379673872
12774,-135.5,-14.5,150.9824458556982
12775,-135.5,-13.5,154.76041488904002
12776,-135.5,-13.0,146.17470020479178
12777,-135.5,-12.5,150.7417926908983
12778,-135.5,-12.0,146.5709675835988
12779,-135.5,-11.5,150.98451691161637
12780,-135.5,-10.5,148.3038642842521
12781,-135.5,-10.0,151.54137083607733
12782,-135.5,-9.5,146.974347533905
12783,-135.5,-9.0,149.60527744483122
12784,-135.5,-8.5,149.49399033867218
12785,-135.5,-8.0,148.27240942421622
12786,-135.5,-7.5,149.70743422072061
12787,-135.5,-7.0,148.07371969367478
12788,-135.5,-6.5,149.51995839379316
12789,-135.5,-6.0,148.26772656497698
12790,-135.5,-5.5,149.74964308618843
12791,-135.5,-5.0,149.35704605617306
12792,-135.5,-4.5,148.04661641771827
12793,-135.5,-4.0,148.2314264269303
12794,-135.5,-3.5,148.3860788867732
12795,-135.5,-3.0,147.949551673229
12796,-135.5,-2.5,147.82932255264345
12797,-135.5,-2.0,148.96058505259154
12798,-135.5,-1.5,150.38444501969568
12799,-135.5,-1.0,148.72849458806752
12800,-135.5,-0.5,148.19210282177346
12801,-135.5,0.0,149.9658527879774
12802,-135.5,0.5,148.64662930927452
12803,-135.5,2.0,148.14701209583245
12804,-135.5,2.5,149.09881211140862
12805,-135.5,3.0,148.9740106301155
12806,-135.5,3.5,150.1697850503751
12807,-135.5,4.0,152.00787232004433
12808,-135.5,4.5,152.13641067439187
12809,-135.5,5.0,148.6342493586423
12810,-135.5,5.5,155.9123048414051
12811,-135.5,6.0,155.13809657574137
12812,-135.5,6.5,147.6558572218387
12813,-135.5,7.0,148.27715580581142
12814,-135.5,7.5,154.67804036686783
12815,-135.5,8.0,156.77783741574098
12816,-135.5,8.5,152.94789327062153
12817,-135.5,9.0,149.47153391686135
12818,-135.5,9.5,154.85703798095332
12819,-135.5,10.5,152.50587190725923
12820,-135.5,11.0,149.41887740459495
12821,-135.5,11.5,163.36686572770932
12822,-135.5,12.0,155.2149777996352
12823,-135.5,12.5,152.06418238104357
12824,-135.5,13.0,147.84897761720555
12825,-135.5,13.5,150.56842169792233
12826,-135.5,14.0,154.54000195749677
12827,-135.5,14.5,150.51310737279923
12828,-135.5,15.0,152.57696309221885
12829,-135.5,15.5,151.88092646888202
12830,-135.5,16.0,149.44332019230046
12831,-135.5,17.0,157.74315945842434
12832,-135.5,17.5,151.14258034414033
12833,-135.5,18.0,155.62182728977334
12834,-135.5,18.5,148.61408436504934
12835,-135.5,19.0,155.1714563561519
12836,-135.5,19.5,155.73897727656572
12837,-135.5,20.0,152.86892788926122
12838,-135.5,20.5,146.68817724126976
12839,-135.5,21.0,146.66378520434586
12840,-135.5,22.0,151.1593728119284
12841,-135.5,22.5,159.81641820313553
12842,-135.5,23.0,150.6679285817787
12843,-135.5,23.5,155.28965315894055
12844,-135.5,24.0,150.85813088029082
12845,-135.5,24.5,150.79794215907086
12846,-135.5,25.0,151.45019207981653
12847,-135.5,25.5,147.29513476181305
12848,-135.5,26.0,148.15149542390847
12849,-135.5,26.5,150.20540835804513
12850,-135.5,27.0,148.68942305229263
12851,-135.5,27.5,150.22291454432974
12852,-135.5,28.0,148.62479207823998
12853,-135.5,28.5,150.82933499971858
12854,-135.5,29.0,149.9011616935442
12855,-135.5,29.5,153.07492670059682
12856,-135.5,30.0,150.7208020235939
12857,-135.5,30.5,150.44952345895356
12858,-135.5,31.0,155.5276169474079
12859,-135.5,32.0,151.20905674032517
12860,-135.5,32.5,152.438581886172
12861,-135.5,33.0,153.04333318556425
12862,-135.5,33.5,150.50920657334967
12863,-135.5,34.0,151.8533562303826
12864,-135.5,34.5,153.6800820374473
12865,-135.5,35.0,154.31445099016966
12866,-135.5,35.5,152.20758334160186
12867,-135.5,36.0,155.79842306843267
12868,-135.5,36.5,153.04242524031878
12869,-135.5,37.0,152.1592318288136
12870,-135.5,38.5,170.09649547452622
12871,-135.0,-38.5,157.98315007954412
12872,-135.0,-37.0,146.68205979378243
12873,-135.0,-36.5,147.78197237428918
12874,-135.0,-36.0,146.8180080320139
12875,-135.0,-35.5,149.74313875339357
12876,-135.0,-35.0,150.0677360246522
12877,-135.0,-34.5,147.37650154513625
12878,-135.0,-34.0,148.58426430891706
12879,-135.0,-33.5,149.49545137982983
12880,-135.0,-33.0,147.17836838936586
12881,-135.0,-32.5,157.03469777814684
12882,-135.0,-31.5,151.5214525975337
12883,-135.0,-31.0,154.8631397632618
12884,-135.0,-30.5,153.6400096946062
12885,-135.0,-30.0,159.04877225689623
12886,-135.0,-29.5,148.5082716553028
12887,-135.0,-29.0,151.66207433014213
12888,-135.0,-28.5,148.19677528505395
12889,-135.0,-28.0,151.7204104951187
12890,-135.0,-27.5,149.35550332090384
12891,-135.0,-27.0,148.41239489396966
12892,-135.0,-26.5,148.08868122151142
12893,-135.0,-26.0,150.80863424414898
12894,-135.0,-25.5,149.44854785658347
12895,-135.0,-25.0,150.44040187014775
12896,-135.0,-24.5,154.84187401796444
12897,-135.0,-24.0,147.19210106924447
12898,-135.0,-23.5,147.56245741564263
12899,-135.0,-23.0,148.3057217116826
12900,-135.0,-22.5,149.47070069480804
12901,-135.0,-22.0,148.96486868228928
12902,-135.0,-21.5,147.39935102084243
12903,-135.0,-21.0,148.89117044918177
12904,-135.0,-20.5,149.46238214026073
12905,-135.0,-20.0,150.0700335264514
12906,-135.0,-19.5,149.7142862381728
12907,-135.0,-19.0,150.9664622926071
12908,-135.0,-18.5,152.87938541553885
12909,-135.0,-18.0,150.36697886657672
12910,-135.0,-17.5,150.63741799054765
12911,-135.0,-17.0,150.24973241358654
12912,-135.0,-16.5,153.12312472213384
12913,-135.0,-16.0,150.79847873680973
12914,-135.0,-15.5,153.0800878326911
12915,-135.0,-15.0,150.87190027301853
12916,-135.0,-14.5,152.37227995158617
12917,-135.0,-13.5,148.66495886172385
12918,-135.0,-13.0,149.14913743366247
12919,-135.0,-12.5,148.77164154385903
12920,-135.0,-12.0,149.24613554152944
12921,-135.0,-11.5,151.41868452293917
12922,-135.0,-11.0,146.5118466257607
12923,-135.0,-10.5,150.02960584086648
12924,-135.0,-10.0,154.50122334209698
12925,-135.0,-9.5,149.57773149976464
12926,-135.0,-9.0,149.28882069600405
12927,-135.0,-8.5,151.10419967028892
12928,-135.0,-8.0,149.54054327599587
12929,-135.0,-7.5,148.66658243679703
12930,-135.0,-7.0,148.6874838145046
12931,-135.0,-6.5,149.13991551014374
12932,-135.0,-5.5,149.4847159283566
12933,-135.0,-5.0,150.12965071892168
12934,-135.0,-4.5,147.96899731521432
12935,-135.0,-4.0,148.54612585520474
12936,-135.0,-3.5,148.85790696181388
12937,-135.0,-2.5,148.479471393236
12938,-135.0,-2.0,148.66283755871257
12939,-135.0,-1.5,148.8396090615687
12940,-135.0,-1.0,149.97475990371353
12941,-135.0,-0.5,149.67534729518115
12942,-135.0,0.0,151.3950650178188
12943,-135.0,0.5,146.94607820287527
12944,-135.0,1.0,148.90705882753113
12945,-135.0,2.0,148.66189968830585
12946,-135.0,2.5,148.1783403768494
12947,-135.0,3.0,149.6303617065292
12948,-135.0,3.5,150.09548433832103
12949,-135.0,4.5,150.56190127270855
12950,-135.0,5.0,151.41181084010975
12951,-135.0,5.5,168.36070144936878
12952,-135.0,6.5,147.53835319666507
12953,-135.0,7.0,149.99451477781213
12954,-135.0,7.5,153.3104741930469
12955,-135.0,8.0,160.43046878393454
12956,-135.0,8.5,160.02446843566173
12957,-135.0,9.0,151.90686463276853
12958,-135.0,9.5,146.4312876556111
12959,-135.0,10.0,152.2571213371982
12960,-135.0,10.5,150.4849237014475
12961,-135.0,11.0,149.53407035357213
12962,-135.0,11.5,155.34327569706218
12963,-135.0,12.0,158.2817259221623
12964,-135.0,12.5,149.92401620622746
12965,-135.0,13.5,147.50153454466064
12966,-135.0,14.0,153.6554765833641
12967,-135.0,14.5,151.73359671814808
12968,-135.0,15.0,153.901017060836
12969,-135.0,15.5,149.7283346699551
12970,-135.0,17.0,150.75021531092193
12971,-135.0,17.5,154.53775846306934
12972,-135.0,18.0,151.76719227952896
12973,-135.0,18.5,155.81295369574957
12974,-135.0,19.0,148.68204843846155
12975,-135.0,19.5,155.58243017917658
12976,-135.0,20.0,154.35726515535555
12977,-135.0,20.5,147.3969013113492
12978,-135.0,21.5,146.8438872261076
12979,-135.0,22.0,147.40303699432312
12980,-135.0,22.5,160.3409468023909
12981,-135.0,23.0,152.7167835884957
12982,-135.0,23.5,153.36976960454302
12983,-135.0,24.0,151.55899601014548
12984,-135.0,24.5,153.136868692721
12985,-135.0,25.0,149.92234403621129
12986,-135.0,26.0,147.7790333908131
12987,-135.0,26.5,152.2013900588058
12988,-135.0,27.0,148.19615579099218
12989,-135.0,27.5,150.99188240161504
12990,-135.0,28.0,149.63853421090283
12991,-135.0,28.5,149.3916022791272
12992,-135.0,29.0,150.58975627024176
12993,-135.0,29.5,152.05798328787353
12994,-135.0,30.0,151.38445783389972
12995,-135.0,30.5,149.99537780748972
12996,-135.0,31.0,154.91206775040092
12997,-135.0,31.5,147.8878912563735
12998,-135.0,32.0,151.05011787008837
12999,-135.0,32.5,152.877272074275
13000,-135.0,33.0,154.0706195088734
13001,-135.0,33.5,149.8550062771903
13002,-135.0,34.0,152.326036191008
13003,-135.0,34.5,153.7580880888436
13004,-135.0,35.0,153.82854204256648
13005,-135.0,35.5,152.01689329667627
13006,-135.0,36.0,155.17093007961526
13007,-135.0,36.5,153.43314387985794
13008,-135.0,37.0,151.81303379261666
13009,-135.0,38.5,170.18757984470193
13010,-134.5,-37.0,146.79810860337017
13011,-134.5,-36.5,149.3220074562392
13012,-134.5,-36.0,149.38743258975745
13013,-134.5,-35.5,150.9861380254088
13014,-134.5,-35.0,149.02015193749904
13015,-134.5,-34.5,147.54432259754674
13016,-134.5,-34.0,149.11040208908483
13017,-134.5,-33.5,149.2421398610613
13018,-134.5,-33.0,147.4947724036084
13019,-134.5,-32.5,159.75845205282474
13020,-134.5,-32.0,147.24457622246058
13021,-134.5,-31.5,152.435769802129
13022,-134.5,-31.0,155.4103569453441
13023,-134.5,-30.5,151.5763313538522
13024,-134.5,-30.0,157.3409346290398
13025,-134.5,-29.5,147.94887213598128
13026,-134.5,-29.0,153.54563975102928
13027,-134.5,-28.5,147.70610826743163
13028,-134.5,-28.0,156.94147898804238
13029,-134.5,-27.5,150.31564559737717
13030,-134.5,-26.5,149.77935884689478
13031,-134.5,-26.0,149.86338388031703
13032,-134.5,-25.5,149.250313351859
13033,-134.5,-25.0,151.45495611089572
13034,-134.5,-24.5,146.4539131565302
13035,-134.5,-24.0,149.82457865790624
13036,-134.5,-23.5,147.60327514228075
13037,-134.5,-23.0,148.03133998274544
13038,-134.5,-22.5,150.87408631067143
13039,-134.5,-22.0,149.08400983328033
13040,-134.5,-21.5,148.05823979690365
13041,-134.5,-21.0,148.85188045089495
13042,-134.5,-20.5,150.15481184514093
13043,-134.5,-20.0,149.890336396501
13044,-134.5,-19.5,149.9433853911378
13045,-134.5,-19.0,149.80360525644343
13046,-134.5,-18.5,154.74996973130646
13047,-134.5,-18.0,150.4251159332867
13048,-134.5,-17.5,149.20767736161685
13049,-134.5,-17.0,150.90433889409616
13050,-134.5,-16.5,152.64770698728628
13051,-134.5,-16.0,150.07709323752493
13052,-134.5,-15.5,150.02261508595035
13053,-134.5,-15.0,150.10337263864875
13054,-134.5,-14.5,152.01290760261514
13055,-134.5,-14.0,152.31341101900398
13056,-134.5,-13.5,147.71290845126612
13057,-134.5,-13.0,149.92193812461008
13058,-134.5,-12.5,148.93315124771632
13059,-134.5,-11.5,153.661682583209
13060,-134.5,-11.0,148.15132099372326
13061,-134.5,-10.5,153.2034877424177
13062,-134.5,-10.0,150.8349215925816
13063,-134.5,-9.5,151.48594169521112
13064,-134.5,-9.0,149.1114823847752
13065,-134.5,-8.5,149.5460394112684
13066,-134.5,-8.0,150.18044631441057
13067,-134.5,-7.5,147.51804256409358
13068,-134.5,-7.0,148.70491083159706
13069,-134.5,-6.5,148.9195437364792
13070,-134.5,-6.0,150.51694376496135
13071,-134.5,-5.5,147.6714481875697
13072,-134.5,-5.0,148.54898004936976
13073,-134.5,-4.5,150.55770540100295
13074,-134.5,-4.0,148.465557047401
13075,-134.5,-3.5,148.76557592037864
13076,-134.5,-3.0,148.81724490978306
13077,-134.5,-2.5,148.85151325969647
13078,-134.5,-2.0,147.9524914824675
13079,-134.5,-1.5,148.23715680302115
13080,-134.5,-1.0,150.2935371117202
13081,-134.5,-0.5,151.33665461341704
13082,-134.5,0.0,148.64502641704996
13083,-134.5,1.0,147.05671856569387
13084,-134.5,1.5,149.0675797158229
13085,-134.5,2.5,149.67307348977778
13086,-134.5,3.0,149.7845766424626
13087,-134.5,3.5,149.0223899441932
13088,-134.5,4.0,148.2373758583664
13089,-134.5,4.5,149.53213532464935
13090,-134.5,5.0,161.3432504238835
13091,-134.5,7.0,151.12668193372437
13092,-134.5,7.5,149.2672351959965
13093,-134.5,8.0,152.20188982312416
13094,-134.5,8.5,156.22604088653594
13095,-134.5,9.0,156.4728056318178
13096,-134.5,9.5,147.619855458307
13097,-134.5,10.0,149.03342620428677
13098,-134.5,10.5,150.0533028829258
13099,-134.5,11.0,153.57379432719767
13100,-134.5,11.5,153.9659712469115
13101,-134.5,12.0,156.3440807758919
13102,-134.5,12.5,158.35592335823978
13103,-134.5,13.0,147.45520179930415
13104,-134.5,14.0,148.45627325453245
13105,-134.5,14.5,153.90697909737818
13106,-134.5,15.0,151.1785805702527
13107,-134.5,15.5,149.06274046224934
13108,-134.5,16.5,151.87348825482687
13109,-134.5,17.0,149.51360739307887
13110,-134.5,17.5,157.04486112417575
13111,-134.5,18.0,156.99543088502304
13112,-134.5,18.5,153.82222413101493
13113,-134.5,19.0,152.95008140296872
13114,-134.5,19.5,150.9861328353681
13115,-134.5,20.0,152.47169810026622
13116,-134.5,20.5,152.83829555810686
13117,-134.5,21.5,146.65951789670464
13118,-134.5,22.0,146.26529677533844
13119,-134.5,22.5,152.1606765946262
13120,-134.5,23.0,161.13049044971984
13121,-134.5,23.5,148.0956145568168
13122,-134.5,24.0,151.78940670583253
13123,-134.5,24.5,155.2933349430028
13124,-134.5,25.0,151.50674661899424
13125,-134.5,25.5,147.69142092606694
13126,-134.5,26.0,147.48592337915053
13127,-134.5,26.5,151.5357304292402
13128,-134.5,27.0,151.54801047546513
13129,-134.5,27.5,149.8405716528484
13130,-134.5,28.0,151.32708241616254
13131,-134.5,28.5,149.0592319811917
13132,-134.5,29.0,151.51660338506736
13133,-134.5,29.5,150.73284597419695
13134,-134.5,30.0,150.6361681283912
13135,-134.5,30.5,148.48937807494474
13136,-134.5,31.0,154.92154865727954
13137,-134.5,31.5,153.01474572930428
13138,-134.5,32.0,152.78587527231764
13139,-134.5,32.5,152.31351664565057
13140,-134.5,33.0,152.83901060355785
13141,-134.5,33.5,149.69537673846924
13142,-134.5,34.0,152.5211586918784
13143,-134.5,34.5,153.770783854617
13144,-134.5,35.0,152.3407693802871
13145,-134.5,35.5,151.8130848729261
13146,-134.5,36.0,154.6713963316507
13147,-134.5,36.5,152.5370751285553
13148,-134.5,37.0,152.10660110932682
13149,-134.5,38.5,170.18446221469802
13150,-134.0,-37.0,146.55583331620062
13151,-134.0,-36.5,149.172411350387
13152,-134.0,-36.0,150.64044111697206
13153,-134.0,-35.5,152.12508409006134
13154,-134.0,-35.0,148.1223027080397
13155,-134.0,-34.5,147.67725301362438
13156,-134.0,-34.0,149.36258592428013
13157,-134.0,-33.5,146.9438797768404
13158,-134.0,-33.0,150.86753239476695
13159,-134.0,-32.5,159.69657550912405
13160,-134.0,-32.0,147.36863261744026
13161,-134.0,-31.5,152.7406886108812
13162,-134.0,-31.0,154.41609410753838
13163,-134.0,-30.5,154.01926631631747
13164,-134.0,-30.0,155.7057299705115
13165,-134.0,-29.5,151.97580582293978
13166,-134.0,-29.0,151.33280547304426
13167,-134.0,-28.5,148.2188863114576
13168,-134.0,-28.0,157.70921278858432
13169,-134.0,-27.5,150.50523171681377
13170,-134.0,-27.0,149.88413502922612
13171,-134.0,-26.5,150.78202876840055
13172,-134.0,-26.0,147.8192642616287
13173,-134.0,-25.5,150.07795785800803
13174,-134.0,-25.0,151.3858988201576
13175,-134.0,-24.5,148.39209362709937
13176,-134.0,-24.0,148.5741759443798
13177,-134.0,-23.5,147.7952569241352
13178,-134.0,-23.0,149.72013987404
13179,-134.0,-22.5,147.53414815991573
13180,-134.0,-22.0,148.11127971279112
13181,-134.0,-21.5,150.659864624981
13182,-134.0,-21.0,148.33135199113275
13183,-134.0,-20.5,149.43270605626338
13184,-134.0,-20.0,150.41342335069245
13185,-134.0,-19.5,149.79117150959183
13186,-134.0,-19.0,149.31768301190976
13187,-134.0,-18.5,151.310219678938
13188,-134.0,-18.0,149.02858448137795
13189,-134.0,-17.5,151.17871987575592
13190,-134.0,-17.0,150.68722126236898
13191,-134.0,-16.5,150.97604406495682
13192,-134.0,-16.0,150.58442484838093
13193,-134.0,-15.5,149.49677310973374
13194,-134.0,-15.0,150.25689773908553
13195,-134.0,-14.5,152.30183005589524
13196,-134.0,-14.0,149.89463995804255
13197,-134.0,-13.5,148.3966628087215
13198,-134.0,-13.0,147.5047138203993
13199,-134.0,-12.5,153.066550822492
13200,-134.0,-11.5,147.52905569214937
13201,-134.0,-11.0,152.86990058775126
13202,-134.0,-10.5,150.9281776391762
13203,-134.0,-10.0,150.11748000420982
13204,-134.0,-9.5,148.93787293569275
13205,-134.0,-9.0,147.81268439704226
13206,-134.0,-8.5,149.17577377948973
13207,-134.0,-8.0,149.4012965387289
13208,-134.0,-7.5,150.68587793686672
13209,-134.0,-7.0,148.5457346734769
13210,-134.0,-6.5,148.6414108808255
13211,-134.0,-6.0,148.9464789259721
13212,-134.0,-5.5,148.53484222684378
13213,-134.0,-5.0,148.11477530060654
13214,-134.0,-4.5,150.279299573069
13215,-134.0,-4.0,151.28909929729522
13216,-134.0,-3.5,148.28580388745883
13217,-134.0,-3.0,148.74127435315248
13218,-134.0,-2.0,148.13765312044518
13219,-134.0,-1.5,148.04406508265066
13220,-134.0,-1.0,150.13994776977236
13221,-134.0,-0.5,150.59773440670372
13222,-134.0,0.0,149.54199431593494
13223,-134.0,0.5,147.4596386898793
13224,-134.0,1.0,147.15519508254343
13225,-134.0,1.5,147.97882971845598
13226,-134.0,2.0,150.19057958642517
13227,-134.0,2.5,149.99096707482147
13228,-134.0,3.0,148.34078129416378
13229,-134.0,3.5,154.2548544829023
13230,-134.0,4.0,148.94292127708326
13231,-134.0,4.5,163.0052570051781
13232,-134.0,5.0,155.76625994055368
13233,-134.0,5.5,151.84838442183013
13234,-134.0,6.5,153.71341671870587
13235,-134.0,7.0,154.2259989245886
13236,-134.0,7.5,146.9702502817094
13237,-134.0,8.0,147.80613962676316
13238,-134.0,8.5,155.93316033518354
13239,-134.0,9.5,150.3099915449677
13240,-134.0,10.0,148.10625017882543
13241,-134.0,10.5,147.92041700298242
13242,-134.0,11.0,152.3736412060547
13243,-134.0,11.5,151.34142998340124
13244,-134.0,12.5,163.12458999410103
13245,-134.0,13.0,152.64748779973127
13246,-134.0,13.5,149.503277931831
13247,-134.0,14.0,151.54116220821868
13248,-134.0,14.5,151.93007324641786
13249,-134.0,15.0,152.53574209598654
13250,-134.0,16.5,151.44525872235474
13251,-134.0,17.0,147.69644857182823
13252,-134.0,18.0,157.35250277802427
13253,-134.0,18.5,150.96620870549867
13254,-134.0,19.0,157.86339614635364
13255,-134.0,19.5,149.0649454134351
13256,-134.0,20.0,149.38601328022023
13257,-134.0,20.5,154.62605775643675
13258,-134.0,21.0,148.28058574218093
13259,-134.0,21.5,146.30498299510396
13260,-134.0,22.0,149.78292439315805
13261,-134.0,22.5,149.82046126591408
13262,-134.0,23.0,159.0036360034118
13263,-134.0,23.5,151.1312784994879
13264,-134.0,24.0,153.29598884652117
13265,-134.0,24.5,154.21219084081855
13266,-134.0,25.0,152.61846589540946
13267,-134.0,25.5,147.37659794276578
13268,-134.0,26.0,148.01422912244107
13269,-134.0,26.5,150.44563046633877
13270,-134.0,27.0,152.12486734536876
13271,-134.0,27.5,151.68388948413275
13272,-134.0,28.0,152.13623801959255
13273,-134.0,28.5,148.6136512789642
13274,-134.0,29.0,152.71302942882681
13275,-134.0,29.5,149.42713072476866
13276,-134.0,30.0,149.0927229304545
13277,-134.0,30.5,147.5309294246394
13278,-134.0,31.0,155.2254956843957
13279,-134.0,31.5,154.40157632674604
13280,-134.0,32.0,153.7938922205268
13281,-134.0,32.5,150.5373763942997
13282,-134.0,33.0,153.08173845039306
13283,-134.0,33.5,150.36449171083447
13284,-134.0,34.0,151.36642042162453
13285,-134.0,34.5,152.04486507427575
13286,-134.0,35.0,152.24884470483602
13287,-134.0,35.5,151.639239727214
13288,-134.0,36.0,155.42589047315158
13289,-134.0,36.5,150.497983685529
13290,-134.0,37.0,151.78258203608175
13291,-134.0,40.0,180.28447077978035
13292,-133.5,-37.0,145.92054813828605
13293,-133.5,-36.5,148.7487059423956
13294,-133.5,-36.0,150.7383002944095
13295,-133.5,-35.5,153.41096562549518
13296,-133.5,-35.0,147.82389639693145
13297,-133.5,-34.5,149.637960801967
13298,-133.5,-34.0,148.60910502746117
13299,-133.5,-33.5,147.8716022877171
13300,-133.5,-33.0,153.19636060579
13301,-133.5,-32.5,158.62891399055158
13302,-133.5,-32.0,147.7325779708854
13303,-133.5,-31.5,152.88772113039857
13304,-133.5,-31.0,152.2089170935304
13305,-133.5,-30.5,158.5961364241098
13306,-133.5,-30.0,150.31150873390106
13307,-133.5,-29.5,153.33975538023788
13308,-133.5,-29.0,148.73923988468817
13309,-133.5,-28.5,148.32427682477112
13310,-133.5,-28.0,155.78039835934754
13311,-133.5,-27.5,152.23660304931394
13312,-133.5,-27.0,150.41357436208065
13313,-133.5,-26.5,148.9376032357531
13314,-133.5,-26.0,147.8381930832729
13315,-133.5,-25.5,151.0294534831172
13316,-133.5,-25.0,150.35960092288013
13317,-133.5,-24.5,151.09504868143915
13318,-133.5,-24.0,147.23402362371277
13319,-133.5,-23.5,149.24274813593624
13320,-133.5,-23.0,149.186669105062
13321,-133.5,-22.5,147.2750233952344
13322,-133.5,-22.0,150.29750115970305
13323,-133.5,-21.5,149.78073414007082
13324,-133.5,-21.0,148.73854842293233
13325,-133.5,-20.5,149.1140638451165
13326,-133.5,-20.0,150.16283335448742
13327,-133.5,-19.5,149.10714277265467
13328,-133.5,-19.0,149.0261139301607
13329,-133.5,-18.5,149.66708152898187
13330,-133.5,-18.0,152.84096740962565
13331,-133.5,-17.5,149.52140662933255
13332,-133.5,-17.0,149.91915938610992
13333,-133.5,-16.5,150.85284377838232
13334,-133.5,-16.0,150.13127878594267
13335,-133.5,-15.5,149.116769632229
13336,-133.5,-15.0,150.44195992755283
13337,-133.5,-14.5,147.6278584209499
13338,-133.5,-14.0,151.09537793170244
13339,-133.5,-13.5,147.4830385450152
13340,-133.5,-13.0,146.7204289524732
13341,-133.5,-12.0,146.44590449243566
13342,-133.5,-11.5,151.18398453125852
13343,-133.5,-11.0,157.07327125548875
13344,-133.5,-10.5,150.22102170924435
13345,-133.5,-10.0,149.58280479341462
13346,-133.5,-9.5,148.5490120815259
13347,-133.5,-9.0,149.3063868896562
13348,-133.5,-8.5,148.02653241217783
13349,-133.5,-7.5,150.5115190044462
13350,-133.5,-6.5,147.64931371237486
13351,-133.5,-6.0,148.15235654731407
13352,-133.5,-5.5,148.76039971314987
13353,-133.5,-5.0,148.89554812482544
13354,-133.5,-4.5,149.20473551378782
13355,-133.5,-4.0,150.2807743296949
13356,-133.5,-3.5,148.99038902048818
13357,-133.5,-3.0,148.5368953051682
13358,-133.5,-2.5,148.1436506149743
13359,-133.5,-2.0,148.9997343084762
13360,-133.5,-1.5,150.14300158232467
13361,-133.5,-1.0,150.23902432522422
13362,-133.5,-0.5,148.69828992600668
13363,-133.5,0.0,150.85714722094397
13364,-133.5,0.5,147.9567140325429
13365,-133.5,1.0,147.24895850205115
13366,-133.5,1.5,148.3887829641104
13367,-133.5,2.0,149.55671004771443
13368,-133.5,2.5,149.43292473112194
13369,-133.5,3.0,154.5843270775038
13370,-133.5,3.5,150.39972322978713
13371,-133.5,4.0,153.16612923420212
13372,-133.5,4.5,164.47654575806214
13373,-133.5,5.5,151.81543398149773
13374,-133.5,6.0,151.79756153859452
13375,-133.5,6.5,154.07916595194416
13376,-133.5,7.5,147.18913397178028
13377,-133.5,8.0,152.27438937516104
13378,-133.5,8.5,148.68363604943153
13379,-133.5,9.0,151.4803817495502
13380,-133.5,9.5,151.0464219395725
13381,-133.5,10.0,146.37621664652525
13382,-133.5,10.5,149.43390198044796
13383,-133.5,11.0,151.03141665905977
13384,-133.5,11.5,151.80858645111516
13385,-133.5,13.0,161.86191293063405
13386,-133.5,13.5,149.07427586166193
13387,-133.5,14.0,153.33418418822785
13388,-133.5,14.5,150.47412061120482
13389,-133.5,15.0,148.37340870650704
13390,-133.5,15.5,152.54188990302058
13391,-133.5,16.0,151.69922632347172
13392,-133.5,16.5,149.00876961384665
13393,-133.5,17.5,161.05094529722322
13394,-133.5,18.0,153.11796997993721
13395,-133.5,18.5,156.63793817510344
13396,-133.5,19.0,152.4916930815965
13397,-133.5,19.5,150.883335021648
13398,-133.5,20.0,149.178641528615
13399,-133.5,20.5,153.88059810248336
13400,-133.5,21.0,151.40428221738233
13401,-133.5,21.5,146.12773547373888
13402,-133.5,22.0,149.74508564380702
13403,-133.5,23.0,150.77308681847376
13404,-133.5,23.5,155.42331989082373
13405,-133.5,24.0,152.3537181593384
13406,-133.5,24.5,152.31340306344254
13407,-133.5,25.0,153.49856210929485
13408,-133.5,25.5,151.00999024475885
13409,-133.5,26.0,148.27596271739642
13410,-133.5,26.5,149.8175392880853
13411,-133.5,27.0,151.205766228845
13412,-133.5,27.5,153.3181007832263
13413,-133.5,28.0,150.80696178745282
13414,-133.5,28.5,150.5373230090817
13415,-133.5,29.0,151.53805188932162
13416,-133.5,29.5,149.88638771850268
13417,-133.5,30.0,148.7613183887992
13418,-133.5,30.5,147.66759937961302
13419,-133.5,31.0,155.4518055664533
13420,-133.5,31.5,152.78033855322755
13421,-133.5,32.0,154.48549629512976
13422,-133.5,32.5,150.69074260314304
13423,-133.5,33.0,153.66015276210854
13424,-133.5,33.5,151.2717258826332
13425,-133.5,34.0,149.56814586276096
13426,-133.5,34.5,153.35258286606432
13427,-133.5,35.0,151.88494762681296
13428,-133.5,35.5,151.29036343108888
13429,-133.5,36.0,155.30483936350123
13430,-133.5,36.5,150.27066727517715
13431,-133.5,37.0,151.4419198108032
13432,-133.0,-39.0,158.48656112915742
13433,-133.0,-37.0,145.97242816673867
13434,-133.0,-36.5,149.78270801396172
13435,-133.0,-36.0,151.20088816405996
13436,-133.0,-35.5,151.01265363078434
13437,-133.0,-35.0,147.2992469816379
13438,-133.0,-34.5,152.1914411477341
13439,-133.0,-34.0,148.71041368199099
13440,-133.0,-33.5,148.33408784582676
13441,-133.0,-33.0,156.44879324736334
13442,-133.0,-32.5,150.9931722600368
13443,-133.0,-32.0,149.56508106852834
13444,-133.0,-31.5,152.94839494919685
13445,-133.0,-31.0,154.94494667297764
13446,-133.0,-30.5,153.42160518842059
13447,-133.0,-30.0,148.4586008948619
13448,-133.0,-29.5,152.17810916028517
13449,-133.0,-29.0,149.95994744190676
13450,-133.0,-28.5,149.2279145131003
13451,-133.0,-28.0,152.33199166336908
13452,-133.0,-27.5,159.1931587098205
13453,-133.0,-27.0,150.9859758763062
13454,-133.0,-26.5,148.54304667666548
13455,-133.0,-26.0,148.59416479666606
13456,-133.0,-25.5,150.49616712437347
13457,-133.0,-25.0,149.65538234126853
13458,-133.0,-24.5,150.7236130499818
13459,-133.0,-24.0,150.1836065285646
13460,-133.0,-23.5,150.4064017395128
13461,-133.0,-23.0,148.0597196944241
13462,-133.0,-22.5,150.43385459097357
13463,-133.0,-22.0,149.70229770594503
13464,-133.0,-21.5,148.48646850540368
13465,-133.0,-21.0,149.5124239047658
13466,-133.0,-20.5,149.18859747513812
13467,-133.0,-20.0,148.63251648115119
13468,-133.0,-19.5,149.11372416040726
13469,-133.0,-19.0,148.46156105951204
13470,-133.0,-18.5,148.67308104084444
13471,-133.0,-18.0,150.96852185278067
13472,-133.0,-17.5,150.64485622263905
13473,-133.0,-17.0,150.5603621545483
13474,-133.0,-16.5,150.1311011766557
13475,-133.0,-16.0,152.02626685002957
13476,-133.0,-15.5,151.41708609521862
13477,-133.0,-15.0,149.90113854319787
13478,-133.0,-14.5,149.20785326216054
13479,-133.0,-14.0,147.44564076646782
13480,-133.0,-13.5,150.02429513546423
13481,-133.0,-12.5,146.70459476441695
13482,-133.0,-12.0,146.48155081021304
13483,-133.0,-11.0,150.98120109714537
13484,-133.0,-10.5,149.71365072274514
13485,-133.0,-10.0,149.0635031281531
13486,-133.0,-9.5,148.1412495648112
13487,-133.0,-9.0,151.71898246770206
13488,-133.0,-8.5,147.75244157472585
13489,-133.0,-8.0,148.49177345299472
13490,-133.0,-7.5,148.87234502348497
13491,-133.0,-7.0,154.5720960464653
13492,-133.0,-6.5,157.09586945840414
13493,-133.0,-6.0,148.02310615480138
13494,-133.0,-5.5,148.10174681216196
13495,-133.0,-5.0,150.6047732225696
13496,-133.0,-4.0,148.95095006046614
13497,-133.0,-3.5,149.80531837883703
13498,-133.0,-3.0,147.8028011196935
13499,-133.0,-2.5,148.2603059736053
13500,-133.0,-2.0,149.96283199914674
13501,-133.0,-1.5,151.5186162007701
13502,-133.0,-1.0,148.76727398549363
13503,-133.0,-0.5,148.033085976339
13504,-133.0,0.0,149.0816287748202
13505,-133.0,0.5,151.0645816764258
13506,-133.0,1.0,147.1944565670484
13507,-133.0,1.5,150.36141708376877
13508,-133.0,2.0,147.75998652880378
13509,-133.0,2.5,149.2620246323618
13510,-133.0,3.0,150.47280279843085
13511,-133.0,3.5,149.24306721342302
13512,-133.0,4.0,164.49246200967994
13513,-133.0,4.5,148.837358219003
13514,-133.0,5.5,151.83193062082844
13515,-133.0,6.0,152.73605002878406
13516,-133.0,6.5,154.94497711347915
13517,-133.0,7.5,155.0497225882504
13518,-133.0,8.0,149.90789839556334
13519,-133.0,8.5,148.12168789106525
13520,-133.0,9.0,150.2689234302332
13521,-133.0,9.5,151.1645567681826
13522,-133.0,10.0,151.72849164481573
13523,-133.0,10.5,149.5875026653465
13524,-133.0,11.0,148.82705921738992
13525,-133.0,13.0,156.83765398104708
13526,-133.0,13.5,155.05959129114638
13527,-133.0,14.0,150.64184420561685
13528,-133.0,14.5,148.20137939516056
13529,-133.0,15.0,149.43619114637758
13530,-133.0,15.5,153.26921501606225
13531,-133.0,16.0,150.69622842361176
13532,-133.0,17.5,160.1063057868032
13533,-133.0,18.0,158.74674157636912
13534,-133.0,18.5,154.08850087159723
13535,-133.0,19.0,148.4575047127568
13536,-133.0,19.5,152.95805224012983
13537,-133.0,20.0,149.33808215637035
13538,-133.0,20.5,149.20358581865338
13539,-133.0,21.0,151.42816847557023
13540,-133.0,21.5,151.22396787090244
13541,-133.0,22.0,149.76862774446434
13542,-133.0,22.5,151.69061578354837
13543,-133.0,23.0,148.32310112323654
13544,-133.0,23.5,159.68959359773532
13545,-133.0,24.0,156.68673452817947
13546,-133.0,24.5,152.49983082677932
13547,-133.0,25.0,152.11608358952822
13548,-133.0,25.5,152.17715277849143
13549,-133.0,26.0,149.90979489835775
13550,-133.0,26.5,149.27791490199283
13551,-133.0,27.0,152.059725960389
13552,-133.0,27.5,153.37852106731492
13553,-133.0,28.0,149.39380695526856
13554,-133.0,28.5,152.2846519646955
13555,-133.0,29.0,150.20507643023973
13556,-133.0,29.5,149.53507887913798
13557,-133.0,30.0,148.554753826844
13558,-133.0,30.5,147.36804294794106
13559,-133.0,31.0,158.03574870203138
13560,-133.0,31.5,152.90379155305203
13561,-133.0,32.0,153.6499763220788
13562,-133.0,32.5,151.39996434053427
13563,-133.0,33.0,153.06883488274104
13564,-133.0,33.5,151.19554572030728
13565,-133.0,34.0,149.33657960901166
13566,-133.0,34.5,153.88615053348542
13567,-133.0,35.0,151.63382327208856
13568,-133.0,35.5,153.66719910295686
13569,-133.0,36.0,154.2490093408917
13570,-133.0,36.5,150.34681825393434
13571,-133.0,37.0,151.27866838436313
13572,-133.0,40.5,183.03723662762764
13573,-132.5,-38.0,156.94262382620025
13574,-132.5,-37.0,145.97514761586805
13575,-132.5,-36.5,148.19870676315944
13576,-132.5,-36.0,152.77218399133343
13577,-132.5,-35.5,151.6968387931202
13578,-132.5,-35.0,146.9721700225385
13579,-132.5,-34.5,153.7937382568455
13580,-132.5,-34.0,150.01024852746363
13581,-132.5,-33.5,148.91703482537682
13582,-132.5,-33.0,153.84208809490406
13583,-132.5,-32.5,148.12695658708168
13584,-132.5,-32.0,154.45566902980076
13585,-132.5,-31.5,153.95776996299003
13586,-132.5,-31.0,155.088396749044
13587,-132.5,-30.5,151.16683386787105
13588,-132.5,-30.0,157.4370436639416
13589,-132.5,-29.5,151.01537347985243
13590,-132.5,-29.0,151.58719265959186
13591,-132.5,-28.5,149.58742627572738
13592,-132.5,-28.0,151.21597764542506
13593,-132.5,-27.5,158.88684914879207
13594,-132.5,-27.0,149.11346078010973
13595,-132.5,-26.5,149.25026627296202
13596,-132.5,-26.0,150.23770611364785
13597,-132.5,-25.5,149.2635144532671
13598,-132.5,-25.0,150.84539904266217
13599,-132.5,-24.5,151.06671905771216
13600,-132.5,-24.0,150.23140102486468
13601,-132.5,-23.5,149.88780586234816
13602,-132.5,-23.0,149.7781849131226
13603,-132.5,-22.5,151.47628537024917
13604,-132.5,-22.0,150.63145655061288
13605,-132.5,-21.5,149.00831423373958
13606,-132.5,-21.0,149.5101217804901
13607,-132.5,-20.5,149.18393272740937
13608,-132.5,-20.0,148.20322014772904
13609,-132.5,-19.5,149.3246876203651
13610,-132.5,-19.0,149.39457817824788
13611,-132.5,-18.5,150.0961406562741
13612,-132.5,-18.0,151.34737333763738
13613,-132.5,-17.5,154.34164767904076
13614,-132.5,-17.0,151.4306552023578
13615,-132.5,-16.5,149.8384701950728
13616,-132.5,-16.0,151.9595558100553
13617,-132.5,-15.5,151.12073796202793
13618,-132.5,-15.0,149.03234654943364
13619,-132.5,-14.5,149.46855917364508
13620,-132.5,-14.0,148.9007135880229
13621,-132.5,-13.5,152.77480584422196
13622,-132.5,-13.0,153.17758491273145
13623,-132.5,-12.5,146.56610556240582
13624,-132.5,-11.5,150.42109429148655
13625,-132.5,-11.0,150.41852442140836
13626,-132.5,-10.5,148.94180905061256
13627,-132.5,-10.0,148.37380512983532
13628,-132.5,-9.5,149.0711359095447
13629,-132.5,-9.0,149.37357117279734
13630,-132.5,-8.5,150.41973972492139
13631,-132.5,-8.0,148.98775318585746
13632,-132.5,-7.0,148.37390583382023
13633,-132.5,-6.5,148.98001942253455
13634,-132.5,-6.0,148.33456181193418
13635,-132.5,-5.5,147.9588733050264
13636,-132.5,-5.0,149.26180236587658
13637,-132.5,-4.5,150.11278394941112
13638,-132.5,-4.0,148.8140575836118
13639,-132.5,-3.5,148.655522013312
13640,-132.5,-3.0,149.3039033384039
13641,-132.5,-2.5,148.40239988750892
13642,-132.5,-2.0,150.36912182507135
13643,-132.5,-1.5,150.51381682266808
13644,-132.5,-1.0,148.34937990737404
13645,-132.5,-0.5,148.1979937175365
13646,-132.5,0.0,147.47685165481934
13647,-132.5,0.5,149.55410249574658
13648,-132.5,1.0,150.22286145335136
13649,-132.5,1.5,148.6705218937794
13650,-132.5,2.0,146.6424203793619
13651,-132.5,2.5,151.22580432025092
13652,-132.5,3.0,149.4327398999202
13653,-132.5,3.5,166.95044853556354
13654,-132.5,4.0,147.89295166054126
13655,-132.5,4.5,148.66544616074052
13656,-132.5,5.0,148.7832747801735
13657,-132.5,5.5,152.03244272391458
13658,-132.5,6.0,152.8559404500364
13659,-132.5,7.5,154.76005236099692
13660,-132.5,8.0,152.878488725542
13661,-132.5,8.5,148.90085204841037
13662,-132.5,9.0,149.33037359972965
13663,-132.5,9.5,148.7467529883548
13664,-132.5,10.0,151.00826656575578
13665,-132.5,10.5,150.68911586937722
13666,-132.5,11.0,146.4149558466348
13667,-132.5,11.5,146.19480873300074
13668,-132.5,12.5,147.8520958196012
13669,-132.5,13.0,149.66154575182787
13670,-132.5,13.5,162.5702310694949
13671,-132.5,14.0,149.54442307052315
13672,-132.5,14.5,151.13361809452545
13673,-132.5,15.0,151.13610936521133
13674,-132.5,15.5,151.21739193978735
13675,-132.5,16.0,159.85207292263343
13676,-132.5,18.0,158.07856616472614
13677,-132.5,18.5,157.53682815335367
13678,-132.5,19.0,148.90219696744677
13679,-132.5,19.5,149.88774360291026
13680,-132.5,20.0,159.8095064650542
13681,-132.5,20.5,147.4055801894913
13682,-132.5,21.0,151.9496247527391
13683,-132.5,21.5,151.71011312484012
13684,-132.5,22.5,149.05690243051214
13685,-132.5,23.0,147.16845492292362
13686,-132.5,23.5,158.5446057018117
13687,-132.5,24.0,156.56948820127903
13688,-132.5,24.5,151.7157105455191
13689,-132.5,25.0,151.52225333528537
13690,-132.5,25.5,153.48364038520722
13691,-132.5,26.0,153.26954453804595
13692,-132.5,26.5,150.27592886317848
13693,-132.5,27.0,153.2859296769476
13694,-132.5,27.5,151.1643632117833
13695,-132.5,28.0,148.9568140937233
13696,-132.5,28.5,152.1851962710189
13697,-132.5,29.0,149.30701163261668
13698,-132.5,29.5,151.2210586130254
13699,-132.5,30.0,147.71815588358174
13700,-132.5,30.5,147.8017064749001
13701,-132.5,31.0,154.4597036492214
13702,-132.5,31.5,152.6031245364775
13703,-132.5,32.0,153.6553519792347
13704,-132.5,32.5,152.04422894988812
13705,-132.5,33.0,152.80950678556204
13706,-132.5,33.5,151.14659004303704
13707,-132.5,34.0,149.07420521574943
13708,-132.5,34.5,152.40935746043684
13709,-132.5,35.0,152.61186618222058
13710,-132.5,35.5,155.00906294091538
13711,-132.5,36.0,149.82385478476118
13712,-132.5,36.5,150.2651138131541
13713,-132.5,37.0,151.18893550644816
13714,-132.0,-38.5,160.36912811706375
13715,-132.0,-37.0,146.18384057073024
13716,-132.0,-36.5,148.4643672736912
13717,-132.0,-36.0,153.52718447458298
13718,-132.0,-35.5,150.58079683352187
13719,-132.0,-35.0,146.86687871201948
13720,-132.0,-34.5,153.26274424865107
13721,-132.0,-34.0,150.93465177189617
13722,-132.0,-33.5,150.4079535675498
13723,-132.0,-33.0,152.6598569980545
13724,-132.0,-32.5,148.11778698264112
13725,-132.0,-32.0,155.94126943918297
13726,-132.0,-31.5,152.15367160503692
13727,-132.0,-31.0,157.68959875403584
13728,-132.0,-30.5,151.7710739368484
13729,-132.0,-30.0,151.6475651041951
13730,-132.0,-29.5,151.6204634956098
13731,-132.0,-29.0,152.25065828207673
13732,-132.0,-28.5,149.03177131583703
13733,-132.0,-28.0,149.62023054543573
13734,-132.0,-27.5,155.25416609306427
13735,-132.0,-27.0,152.41287616973702
13736,-132.0,-26.5,149.56332997230928
13737,-132.0,-26.0,151.67857976143725
13738,-132.0,-25.5,148.64837847276291
13739,-132.0,-25.0,150.03595941894832
13740,-132.0,-24.5,152.1094933392265
13741,-132.0,-24.0,150.5660228670998
13742,-132.0,-23.5,150.34065319235043
13743,-132.0,-23.0,150.66225241878593
13744,-132.0,-22.5,149.89338273516384
13745,-132.0,-22.0,151.50399195880155
13746,-132.0,-21.5,149.5178036575025
13747,-132.0,-21.0,149.1002957680386
13748,-132.0,-20.5,149.62743003222232
13749,-132.0,-20.0,148.5167563240325
13750,-132.0,-19.5,147.89474425619835
13751,-132.0,-19.0,149.81940097359245
13752,-132.0,-18.5,149.16079034906272
13753,-132.0,-18.0,156.34783224829349
13754,-132.0,-17.5,150.10799463355576
13755,-132.0,-17.0,151.04866598610377
13756,-132.0,-16.5,159.0236185910491
13757,-132.0,-16.0,149.61010860061432
13758,-132.0,-15.5,152.27255032483112
13759,-132.0,-15.0,150.74322324429153
13760,-132.0,-14.5,147.54626141840887
13761,-132.0,-14.0,152.3903453305256
13762,-132.0,-13.5,150.74903956084222
13763,-132.0,-13.0,146.75415228726618
13764,-132.0,-12.5,146.52284629420683
13765,-132.0,-11.5,150.7876736460388
13766,-132.0,-11.0,148.73435990069254
13767,-132.0,-10.5,147.87542223521288
13768,-132.0,-10.0,148.72991887245362
13769,-132.0,-9.5,148.07722688131858
13770,-132.0,-9.0,148.13485186360242
13771,-132.0,-8.5,150.771414707928
13772,-132.0,-8.0,154.08629953766865
13773,-132.0,-7.5,148.01589753185178
13774,-132.0,-7.0,149.91598450665632
13775,-132.0,-6.5,149.57795925704974
13776,-132.0,-6.0,151.81895856172864
13777,-132.0,-4.5,149.0875544314672
13778,-132.0,-4.0,149.66572579612242
13779,-132.0,-3.5,148.26821979051294
13780,-132.0,-3.0,149.5965393006677
13781,-132.0,-2.5,150.5333357742971
13782,-132.0,-2.0,149.99979203512683
13783,-132.0,-1.5,149.14577907894426
13784,-132.0,-0.5,148.28691131863195
13785,-132.0,0.0,147.7753018477992
13786,-132.0,0.5,148.01446194036956
13787,-132.0,1.0,150.07044592902568
13788,-132.0,1.5,147.41502969229498
13789,-132.0,2.0,151.18215299760962
13790,-132.0,2.5,150.0237562588974
13791,-132.0,3.0,152.89001132963625
13792,-132.0,3.5,158.6848571340448
13793,-132.0,4.5,147.72045460492834
13794,-132.0,5.0,149.63382182306265
13795,-132.0,5.5,152.27472538458127
13796,-132.0,6.0,151.84641161282335
13797,-132.0,6.5,151.91750786396386
13798,-132.0,7.0,154.45441036062198
13799,-132.0,7.5,153.09254146011256
13800,-132.0,8.0,151.34326381682448
13801,-132.0,8.5,151.9750223848337
13802,-132.0,9.0,146.55215399427757
13803,-132.0,9.5,149.70752585369613
13804,-132.0,10.0,150.66307811904323
13805,-132.0,11.0,146.28014937497818
13806,-132.0,11.5,147.49368871571426
13807,-132.0,12.0,149.70301626374675
13808,-132.0,12.5,151.00890472860212
13809,-132.0,13.0,155.28900180019195
13810,-132.0,13.5,149.37988770644031
13811,-132.0,14.0,163.8442474919492
13812,-132.0,14.5,149.62157296995377
13813,-132.0,15.0,147.35972552140493
13814,-132.0,15.5,152.0448270402203
13815,-132.0,16.0,146.89586616315611
13816,-132.0,18.0,152.34513261203676
13817,-132.0,18.5,152.55745930339998
13818,-132.0,19.0,148.75404685348352
13819,-132.0,19.5,149.36256159925037
13820,-132.0,20.0,151.08547610754155
13821,-132.0,20.5,149.4805908240471
13822,-132.0,21.0,149.80110139398028
13823,-132.0,21.5,153.2863502173541
13824,-132.0,22.0,151.0434818864187
13825,-132.0,22.5,147.44590017378752
13826,-132.0,23.5,147.7917475424288
13827,-132.0,24.0,155.1248179237258
13828,-132.0,24.5,153.63044784081063
13829,-132.0,25.0,152.44390213696207
13830,-132.0,25.5,152.67709754992237
13831,-132.0,26.0,151.71327069682292
13832,-132.0,26.5,151.4810667847177
13833,-132.0,27.0,152.64836958591886
13834,-132.0,27.5,151.01056127722526
13835,-132.0,28.0,149.51619036430162
13836,-132.0,28.5,151.59606985702067
13837,-132.0,29.0,149.73073455888445
13838,-132.0,29.5,151.41616952826942
13839,-132.0,30.0,146.4777678585502
13840,-132.0,30.5,149.223003358747
13841,-132.0,31.0,152.72137746643767
13842,-132.0,31.5,153.92744082391772
13843,-132.0,32.0,152.39377608132386
13844,-132.0,32.5,152.21644512365657
13845,-132.0,33.0,152.46269870482152
13846,-132.0,33.5,151.4080705324225
13847,-132.0,34.0,148.74529317666313
13848,-132.0,34.5,152.29779673466467
13849,-132.0,35.0,153.15882773396368
13850,-132.0,35.5,153.72967582549103
13851,-132.0,36.0,149.7327455720709
13852,-132.0,36.5,150.25736156676842
13853,-132.0,37.0,150.99113876325873
13854,-131.5,-37.0,146.19472539671466
13855,-131.5,-36.5,148.51669830613312
13856,-131.5,-36.0,154.75801430862634
13857,-131.5,-35.5,151.07638079462393
13858,-131.5,-35.0,147.92671829547402
13859,-131.5,-34.5,152.01207714235392
13860,-131.5,-34.0,149.70776077033594
13861,-131.5,-33.5,153.23565122347892
13862,-131.5,-33.0,150.44157039480348
13863,-131.5,-32.5,151.55314196604118
13864,-131.5,-32.0,156.27374380532225
13865,-131.5,-31.5,151.78605660034907
13866,-131.5,-31.0,157.5494871538939
13867,-131.5,-30.5,147.54100313938096
13868,-131.5,-30.0,147.14906148207717
13869,-131.5,-29.5,153.9796632468652
13870,-131.5,-29.0,152.68007342714287
13871,-131.5,-28.5,148.80315985905284
13872,-131.5,-28.0,149.79134945979212
13873,-131.5,-27.5,158.7468597730927
13874,-131.5,-27.0,155.68933623771053
13875,-131.5,-26.5,155.2377472963659
13876,-131.5,-26.0,153.20133611671957
13877,-131.5,-25.5,149.2012760571811
13878,-131.5,-25.0,146.8132875678297
13879,-131.5,-24.5,150.6125269240024
13880,-131.5,-24.0,151.84570912210557
13881,-131.5,-23.5,153.4327576114132
13882,-131.5,-23.0,150.3111895533216
13883,-131.5,-22.5,151.03293231765065
13884,-131.5,-22.0,151.07349728590697
13885,-131.5,-21.5,151.52676288221514
13886,-131.5,-21.0,148.94839924038615
13887,-131.5,-20.5,148.63583914350886
13888,-131.5,-20.0,149.81248366256378
13889,-131.5,-19.5,149.2270107514741
13890,-131.5,-18.5,155.5045229865695
13891,-131.5,-18.0,149.90227910208046
13892,-131.5,-17.5,149.37774779740897
13893,-131.5,-17.0,152.29280636036358
13894,-131.5,-16.5,155.64715125889222
13895,-131.5,-16.0,151.3781824850444
13896,-131.5,-15.5,150.48423102156966
13897,-131.5,-15.0,150.67911914393284
13898,-131.5,-14.5,150.95837968479478
13899,-131.5,-14.0,149.43734954637378
13900,-131.5,-13.5,153.3317858715715
13901,-131.5,-13.0,148.65846890971258
13902,-131.5,-12.0,151.13379507562885
13903,-131.5,-11.5,149.96011628359187
13904,-131.5,-11.0,151.15302685907628
13905,-131.5,-10.5,148.2163568550121
13906,-131.5,-10.0,148.37699077745302
13907,-131.5,-9.5,147.86871104049135
13908,-131.5,-9.0,148.8016395878657
13909,-131.5,-8.0,152.38058445849086
13910,-131.5,-7.5,148.5320783246635
13911,-131.5,-7.0,150.30321058856347
13912,-131.5,-6.5,152.9536670031253
13913,-131.5,-6.0,152.6379243145734
13914,-131.5,-5.5,155.45135983194882
13915,-131.5,-5.0,148.85680912011816
13916,-131.5,-4.5,147.91153447801892
13917,-131.5,-4.0,149.03236669733266
13918,-131.5,-3.5,149.35521075634128
13919,-131.5,-3.0,150.28817133555683
13920,-131.5,-2.5,150.38983944206987
13921,-131.5,-2.0,148.5243451087611
13922,-131.5,-1.5,148.2957687867146
13923,-131.5,-1.0,148.9321443680095
13924,-131.5,0.0,147.9399814320058
13925,-131.5,0.5,148.39966349208518
13926,-131.5,1.0,148.43442528042212
13927,-131.5,1.5,151.02728190132734
13928,-131.5,2.0,149.50350084106134
13929,-131.5,2.5,149.92587057954384
13930,-131.5,3.0,159.26145004512824
13931,-131.5,3.5,148.38799964055173
13932,-131.5,4.0,148.94578029773177
13933,-131.5,4.5,148.38221309176788
13934,-131.5,5.0,150.54928390850066
13935,-131.5,5.5,149.10447210803122
13936,-131.5,6.5,152.43091722188575
13937,-131.5,7.0,153.00522953216088
13938,-131.5,7.5,151.21399994780788
13939,-131.5,8.0,151.53031359891892
13940,-131.5,9.0,149.42407231388933
13941,-131.5,9.5,148.73520226713129
13942,-131.5,10.0,147.32861292866036
13943,-131.5,11.5,148.75869700711704
13944,-131.5,12.0,147.05229143050454
13945,-131.5,12.5,148.99577384873396
13946,-131.5,13.0,155.88088768185486
13947,-131.5,13.5,148.46303717134202
13948,-131.5,14.0,156.54752926079587
13949,-131.5,14.5,150.8994638835646
13950,-131.5,15.0,147.48939596793457
13951,-131.5,16.0,150.438607564857
13952,-131.5,18.0,151.79783499258346
13953,-131.5,18.5,150.2401561140971
13954,-131.5,19.0,155.39267851931976
13955,-131.5,19.5,149.47241745838153
13956,-131.5,20.0,147.18705778926122
13957,-131.5,20.5,155.29338452936622
13958,-131.5,21.0,149.7620872501765
13959,-131.5,21.5,150.56521311039677
13960,-131.5,22.0,152.04524706058947
13961,-131.5,22.5,146.7789462976644
13962,-131.5,23.5,147.67657115213896
13963,-131.5,24.0,150.90948140727235
13964,-131.5,24.5,154.70035966876213
13965,-131.5,25.0,151.40821791018737
13966,-131.5,25.5,152.25005538073697
13967,-131.5,26.0,153.1352725946965
13968,-131.5,26.5,154.20661920006333
13969,-131.5,27.0,153.33123956958156
13970,-131.5,27.5,151.12700608553183
13971,-131.5,28.0,149.88213099341635
13972,-131.5,28.5,150.61071319293953
13973,-131.5,29.0,150.33297729349349
13974,-131.5,29.5,150.21779563342463
13975,-131.5,30.0,146.58420175729418
13976,-131.5,30.5,151.13391526093014
13977,-131.5,31.0,151.94736516255037
13978,-131.5,31.5,156.08357083531433
13979,-131.5,32.0,152.68394811404983
13980,-131.5,32.5,151.67392983356888
13981,-131.5,33.0,152.8024484002207
13982,-131.5,33.5,151.45540171793033
13983,-131.5,34.0,149.33681850112004
13984,-131.5,34.5,150.6338474048726
13985,-131.5,35.0,152.53341194106008
13986,-131.5,35.5,154.96864478419317
13987,-131.5,36.0,149.7142477379816
13988,-131.5,36.5,149.96902954982158
13989,-131.0,-37.0,146.2908858159321
13990,-131.0,-36.5,148.32096064568887
13991,-131.0,-36.0,150.5374381510675
13992,-131.0,-35.5,151.2832388706129
13993,-131.0,-35.0,148.75293112322314
13994,-131.0,-34.5,153.31352590058685
13995,-131.0,-34.0,151.45661102856272
13996,-131.0,-33.5,154.74542216186066
13997,-131.0,-33.0,148.36437543987446
13998,-131.0,-32.5,156.05874835762327
13999,-131.0,-32.0,156.0608626217962
14000,-131.0,-31.5,151.1049890509777
14001,-131.0,-31.0,156.60919372738152
14002,-131.0,-30.5,155.0487446287764
14003,-131.0,-30.0,147.2314501882729
14004,-131.0,-29.5,151.15137257066368
14005,-131.0,-29.0,152.7645012611443
14006,-131.0,-28.5,148.76103149236286
14007,-131.0,-28.0,150.19874765203284
14008,-131.0,-27.5,157.89433471398792
14009,-131.0,-27.0,157.89598010599167
14010,-131.0,-26.5,161.5643341393609
14011,-131.0,-26.0,145.65045622914144
14012,-131.0,-25.5,147.2674472061744
14013,-131.0,-25.0,148.7673532944337
14014,-131.0,-24.5,150.91443155888487
14015,-131.0,-24.0,151.47697977661338
14016,-131.0,-23.5,151.97694820094267
14017,-131.0,-23.0,151.11016645047175
14018,-131.0,-22.5,151.01356927801172
14019,-131.0,-22.0,149.8156534598702
14020,-131.0,-21.5,152.44905498367248
14021,-131.0,-20.5,147.90733557717172
14022,-131.0,-20.0,149.59411233024673
14023,-131.0,-19.5,148.82032590217992
14024,-131.0,-19.0,147.75020395874756
14025,-131.0,-18.5,153.5132579271226
14026,-131.0,-18.0,149.24955334358975
14027,-131.0,-17.5,148.83167827481438
14028,-131.0,-17.0,149.28100724896154
14029,-131.0,-16.5,154.27799391821188
14030,-131.0,-16.0,153.51246063359116
14031,-131.0,-15.5,149.2632994850835
14032,-131.0,-15.0,151.12695198115512
14033,-131.0,-14.5,152.91637632866363
14034,-131.0,-14.0,151.09996520856717
14035,-131.0,-13.5,149.58790800459698
14036,-131.0,-13.0,152.4008046139477
14037,-131.0,-12.5,150.00994163256013
14038,-131.0,-12.0,151.05989749805357
14039,-131.0,-11.5,148.7804606569672
14040,-131.0,-11.0,150.7320044510413
14041,-131.0,-10.5,148.79805728281855
14042,-131.0,-10.0,148.38555944583396
14043,-131.0,-9.5,148.52971049932052
14044,-131.0,-9.0,149.6717594289227
14045,-131.0,-8.5,156.32619424396108
14046,-131.0,-8.0,148.25133690778543
14047,-131.0,-7.5,149.82707383635835
14048,-131.0,-7.0,148.44347142764047
14049,-131.0,-6.5,155.2179749278396
14050,-131.0,-6.0,151.9153940468389
14051,-131.0,-5.5,151.34550588088192
14052,-131.0,-5.0,148.84231958810048
14053,-131.0,-4.5,147.79618704477176
14054,-131.0,-4.0,147.46148096131782
14055,-131.0,-3.5,150.49966604011857
14056,-131.0,-3.0,151.32665486846395
14057,-131.0,-2.5,150.12801550460867
14058,-131.0,-2.0,149.49234879780025
14059,-131.0,-1.5,148.25740783225274
14060,-131.0,-1.0,148.84535309029687
14061,-131.0,-0.5,149.07286503567602
14062,-131.0,0.0,153.09971993273598
14063,-131.0,0.5,148.48916292194505
14064,-131.0,1.0,146.93549475495973
14065,-131.0,1.5,150.5095703059684
14066,-131.0,2.0,149.98796124755435
14067,-131.0,2.5,157.424493583846
14068,-131.0,3.0,170.66859505994776
14069,-131.0,3.5,145.92303750235632
14070,-131.0,4.0,148.96828439715694
14071,-131.0,4.5,150.92570988848456
14072,-131.0,5.0,149.79925595330053
14073,-131.0,5.5,148.2981262220508
14074,-131.0,6.0,148.734874436083
14075,-131.0,6.5,153.62094085023756
14076,-131.0,7.0,151.36397426726478
14077,-131.0,7.5,150.37440475236417
14078,-131.0,8.5,149.81688842512926
14079,-131.0,9.0,150.46133883569382
14080,-131.0,9.5,146.63411638190206
14081,-131.0,10.0,147.01460442323594
14082,-131.0,10.5,147.34715896942402
14083,-131.0,11.0,151.67424101619218
14084,-131.0,11.5,147.34085586922583
14085,-131.0,12.0,147.74800703604922
14086,-131.0,12.5,146.18241271926078
14087,-131.0,13.0,147.74598775615902
14088,-131.0,13.5,156.08126732926056
14089,-131.0,14.0,149.61240526979827
14090,-131.0,14.5,146.59915965830524
14091,-131.0,15.0,147.50925155300112
14092,-131.0,15.5,157.56300278873383
14093,-131.0,16.0,157.74234728361705
14094,-131.0,16.5,148.6689801367146
14095,-131.0,18.0,146.19225154554255
14096,-131.0,18.5,149.7318497003897
14097,-131.0,19.0,154.9692952625186
14098,-131.0,19.5,147.13447180589816
14099,-131.0,20.0,148.32327278887044
14100,-131.0,20.5,150.6756019273508
14101,-131.0,21.0,163.2131730698305
14102,-131.0,21.5,150.40153804667477
14103,-131.0,22.0,150.77429466497054
14104,-131.0,22.5,165.24116441257158
14105,-131.0,23.0,149.69581389338026
14106,-131.0,23.5,148.48932519352607
14107,-131.0,24.0,149.19762249915905
14108,-131.0,24.5,154.33487490172726
14109,-131.0,25.0,155.98321227485056
14110,-131.0,25.5,153.44146221057147
14111,-131.0,26.0,153.65637648422086
14112,-131.0,26.5,156.20771596201268
14113,-131.0,27.0,151.97189149754126
14114,-131.0,27.5,154.30571960451056
14115,-131.0,28.0,149.67745799805908
14116,-131.0,28.5,150.7941527261112
14117,-131.0,29.0,150.63646437374746
14118,-131.0,29.5,150.85715953900774
14119,-131.0,30.0,146.2676140263168
14120,-131.0,30.5,152.02992137994346
14121,-131.0,31.0,152.10965712105306
14122,-131.0,31.5,154.29448242962067
14123,-131.0,32.0,153.7707129404292
14124,-131.0,32.5,151.36171476265872
14125,-131.0,33.0,153.35085865804288
14126,-131.0,33.5,150.80027081305423
14127,-131.0,34.0,148.6190740718642
14128,-131.0,34.5,150.34554556969795
14129,-131.0,35.0,152.09354659015304
14130,-131.0,35.5,156.82194863650736
14131,-131.0,36.0,149.43121477173227
14132,-131.0,36.5,149.8197214954962
14133,-131.0,37.0,150.50075172928868
14134,-130.5,-37.0,146.31300398167417
14135,-130.5,-36.5,147.95749158853306
14136,-130.5,-36.0,150.67629986172935
14137,-130.5,-35.5,151.78014867073284
14138,-130.5,-35.0,148.5208589907934
14139,-130.5,-34.5,151.96550322852937
14140,-130.5,-34.0,151.1593357037917
14141,-130.5,-33.5,153.76498724388122
14142,-130.5,-33.0,150.15952128629985
14143,-130.5,-32.5,152.95804344487135
14144,-130.5,-32.0,157.24669338119446
14145,-130.5,-31.5,154.97524259553202
14146,-130.5,-31.0,154.79607668052378
14147,-130.5,-30.5,147.44542783200194
14148,-130.5,-30.0,147.37043557233278
14149,-130.5,-29.5,151.15659284608188
14150,-130.5,-29.0,152.54588419702972
14151,-130.5,-28.5,150.7825242355896
14152,-130.5,-28.0,149.4083612690273
14153,-130.5,-27.5,157.70323374800728
14154,-130.5,-27.0,156.62563941211377
14155,-130.5,-26.5,145.79537267073817
14156,-130.5,-26.0,148.99230669923418
14157,-130.5,-25.5,146.13942603765804
14158,-130.5,-25.0,148.8304098031651
14159,-130.5,-24.5,149.62356046605606
14160,-130.5,-24.0,154.00561990589466
14161,-130.5,-23.5,151.98002776930863
14162,-130.5,-23.0,154.8970595041655
14163,-130.5,-22.5,150.50336659781868
14164,-130.5,-22.0,149.3105000322587
14165,-130.5,-21.5,149.07138554184016
14166,-130.5,-21.0,154.18875187483744
14167,-130.5,-20.5,147.36750586045963
14168,-130.5,-20.0,146.9487471063408
14169,-130.5,-19.5,148.38813064111216
14170,-130.5,-19.0,148.59795562368257
14171,-130.5,-18.5,149.16902634919595
14172,-130.5,-18.0,148.92993457445866
14173,-130.5,-17.5,148.61502445354074
14174,-130.5,-17.0,148.9175606971868
14175,-130.5,-16.5,149.05359540311497
14176,-130.5,-16.0,151.06332185486403
14177,-130.5,-15.5,149.33860174839901
14178,-130.5,-15.0,150.70058990673763
14179,-130.5,-14.5,155.91735880461474
14180,-130.5,-14.0,150.6870829554116
14181,-130.5,-13.5,149.49615445974527
14182,-130.5,-13.0,150.37735447652503
14183,-130.5,-12.5,151.53603060522005
14184,-130.5,-12.0,148.93739572910513
14185,-130.5,-11.0,149.68983887819678
14186,-130.5,-10.5,150.0598226122231
14187,-130.5,-10.0,148.63478146431422
14188,-130.5,-9.5,149.2644857726703
14189,-130.5,-8.5,150.45248579264006
14190,-130.5,-8.0,150.1289315838914
14191,-130.5,-7.5,149.4129338773154
14192,-130.5,-7.0,152.43969011849856
14193,-130.5,-6.5,154.76713734159964
14194,-130.5,-6.0,152.5863362648517
14195,-130.5,-5.5,149.7175775251874
14196,-130.5,-5.0,150.75048315715114
14197,-130.5,-4.5,147.93351469038745
14198,-130.5,-4.0,147.12380751279633
14199,-130.5,-3.5,150.01024008501176
14200,-130.5,-3.0,151.03117585922806
14201,-130.5,-2.0,149.04635484497834
14202,-130.5,-1.5,149.40948826904864
14203,-130.5,-1.0,148.17536567300527
14204,-130.5,-0.5,152.06001916750944
14205,-130.5,0.0,151.20601929133852
14206,-130.5,0.5,147.74081269271122
14207,-130.5,1.0,149.06962362858906
14208,-130.5,1.5,148.6233790625178
14209,-130.5,2.0,152.91251315505832
14210,-130.5,2.5,160.7589874881663
14211,-130.5,3.0,146.50077339394744
14212,-130.5,3.5,145.89699425418004
14213,-130.5,4.0,147.78048807003879
14214,-130.5,4.5,150.82926582823828
14215,-130.5,5.0,149.19437789363064
14216,-130.5,5.5,147.71032880149002
14217,-130.5,6.0,150.66945839695393
14218,-130.5,6.5,150.45294143298113
14219,-130.5,7.0,150.93350296729943
14220,-130.5,7.5,151.53191733959696
14221,-130.5,8.0,149.3375521719657
14222,-130.5,8.5,149.4176208410584
14223,-130.5,10.0,146.73327665587038
14224,-130.5,10.5,148.70292623068678
14225,-130.5,11.0,148.3757175351646
14226,-130.5,11.5,148.14753601888947
14227,-130.5,12.0,148.14746821746925
14228,-130.5,12.5,146.84318221173228
14229,-130.5,13.0,146.20719973230007
14230,-130.5,13.5,152.818903337396
14231,-130.5,14.0,152.1332058048334
14232,-130.5,14.5,146.65603907297566
14233,-130.5,15.5,147.12242701926553
14234,-130.5,16.0,157.97303444910395
14235,-130.5,16.5,151.9967876678001
14236,-130.5,17.0,146.32698623108857
14237,-130.5,18.0,145.82656681596157
14238,-130.5,18.5,150.48182633467152
14239,-130.5,19.0,149.66509041540814
14240,-130.5,19.5,148.32589879659187
14241,-130.5,20.0,149.195600852632
14242,-130.5,20.5,148.28384337174526
14243,-130.5,21.0,155.6849648393151
14244,-130.5,21.5,148.48331680013916
14245,-130.5,22.0,149.78234278016654
14246,-130.5,22.5,159.29441882585982
14247,-130.5,23.0,149.09915582952146
14248,-130.5,23.5,149.3436174789822
14249,-130.5,24.0,148.90507454482946
14250,-130.5,24.5,154.1021285175202
14251,-130.5,25.0,156.18276945196652
14252,-130.5,25.5,152.85694993095828
14253,-130.5,26.0,153.21668860505784
14254,-130.5,26.5,154.16785287968523
14255,-130.5,27.0,152.31172481046534
14256,-130.5,27.5,152.45079090033403
14257,-130.5,28.0,151.22469012142733
14258,-130.5,28.5,150.17686244451144
14259,-130.5,29.0,150.58905726079482
14260,-130.5,29.5,150.90567013816994
14261,-130.5,30.0,150.5825099320992
14262,-130.5,30.5,150.0159039364357
14263,-130.5,31.0,151.80851033021426
14264,-130.5,31.5,154.4217782936116
14265,-130.5,32.0,152.18226121478585
14266,-130.5,32.5,151.92696194219687
14267,-130.5,33.0,155.15543635084106
14268,-130.5,33.5,150.89923928844016
14269,-130.5,34.0,149.08980098967226
14270,-130.5,34.5,150.25070533195728
14271,-130.5,35.0,152.97498017026982
14272,-130.5,35.5,155.41465122905925
14273,-130.5,36.0,149.50620024051776
14274,-130.5,36.5,149.53399980304528
14275,-130.5,37.0,152.49254820911963
14276,-130.0,-38.0,165.69590788625516
14277,-130.0,-37.0,146.47786197292086
14278,-130.0,-36.5,147.87896804501517
14279,-130.0,-36.0,152.14307805440555
14280,-130.0,-35.5,151.918232619848
14281,-130.0,-35.0,149.31262057315666
14282,-130.0,-34.5,151.75025957612192
14283,-130.0,-34.0,151.49597564704993
14284,-130.0,-33.5,152.94818512843136
14285,-130.0,-33.0,152.28752206472194
14286,-130.0,-32.5,152.05198964162508
14287,-130.0,-32.0,159.11463434624432
14288,-130.0,-31.5,152.93682015413702
14289,-130.0,-31.0,157.35466998339302
14290,-130.0,-30.5,147.4632286050147
14291,-130.0,-30.0,147.26536226294382
14292,-130.0,-29.5,147.56193911596716
14293,-130.0,-29.0,153.19224844232548
14294,-130.0,-28.5,153.06178995978246
14295,-130.0,-28.0,148.81260511984624
14296,-130.0,-27.5,155.96670698119377
14297,-130.0,-27.0,160.7633262171607
14298,-130.0,-26.5,147.140292033558
14299,-130.0,-26.0,146.8845632353568
14300,-130.0,-25.5,148.40984337975152
14301,-130.0,-25.0,148.3968532268737
14302,-130.0,-24.5,150.43194985138734
14303,-130.0,-24.0,152.07647490802
14304,-130.0,-23.5,152.43924457307364
14305,-130.0,-23.0,152.85539175133428
14306,-130.0,-22.5,150.90055563312487
14307,-130.0,-22.0,148.4783704376119
14308,-130.0,-21.5,149.2522719731155
14309,-130.0,-21.0,154.50316886805868
14310,-130.0,-20.0,146.73583501558724
14311,-130.0,-19.5,147.13574996188262
14312,-130.0,-19.0,148.80210212837315
14313,-130.0,-18.5,148.52104231856543
14314,-130.0,-18.0,148.97213053045675
14315,-130.0,-17.5,148.80092688979772
14316,-130.0,-17.0,148.81885786585755
14317,-130.0,-16.5,149.20455135573525
14318,-130.0,-16.0,148.35566594927226
14319,-130.0,-15.5,148.54949990542667
14320,-130.0,-15.0,149.775497218076
14321,-130.0,-14.5,149.40277200398242
14322,-130.0,-14.0,149.64282665395785
14323,-130.0,-13.5,151.88892456195782
14324,-130.0,-13.0,151.1994621697036
14325,-130.0,-12.5,149.7581958252
14326,-130.0,-12.0,150.32129504871128
14327,-130.0,-11.5,149.84470978345942
14328,-130.0,-11.0,149.34318977231055
14329,-130.0,-10.5,150.6642910627392
14330,-130.0,-10.0,149.58842260626596
14331,-130.0,-9.0,148.2400742708442
14332,-130.0,-8.5,148.97145747041046
14333,-130.0,-8.0,150.64403105687344
14334,-130.0,-7.5,154.67254068608926
14335,-130.0,-7.0,152.05942372387463
14336,-130.0,-6.5,151.9927629337069
14337,-130.0,-6.0,149.75961851435218
14338,-130.0,-5.5,151.84078200116315
14339,-130.0,-5.0,149.69313186941872
14340,-130.0,-4.5,152.0381517872717
14341,-130.0,-4.0,150.99219213166612
14342,-130.0,-3.5,149.87383873303557
14343,-130.0,-3.0,150.00401067137685
14344,-130.0,-2.5,150.49834281298226
14345,-130.0,-2.0,149.00898212517546
14346,-130.0,-1.5,149.27193852515597
14347,-130.0,-1.0,150.7763678581919
14348,-130.0,-0.5,151.23694361933048
14349,-130.0,0.0,149.15077714696
14350,-130.0,0.5,152.32709687270966
14351,-130.0,1.0,150.24254632185028
14352,-130.0,1.5,148.49326637419384
14353,-130.0,2.0,154.06019827949552
14354,-130.0,2.5,150.48921133460235
14355,-130.0,3.0,146.47685750014668
14356,-130.0,3.5,148.79328636026136
14357,-130.0,4.0,149.77577019233848
14358,-130.0,4.5,145.95428878576905
14359,-130.0,5.0,149.38000655514665
14360,-130.0,5.5,150.36621876512808
14361,-130.0,6.0,150.80721915735714
14362,-130.0,6.5,149.54879634141767
14363,-130.0,7.0,150.3652247378848
14364,-130.0,7.5,151.3139626262765
14365,-130.0,8.0,149.91705812784818
14366,-130.0,8.5,150.7572703925495
14367,-130.0,10.0,150.8076102368759
14368,-130.0,10.5,148.3596170970982
14369,-130.0,11.0,147.43464786226414
14370,-130.0,11.5,148.79558185106472
14371,-130.0,12.0,147.61403932660505
14372,-130.0,12.5,147.10489722558444
14373,-130.0,13.0,147.4164269022839
14374,-130.0,13.5,146.75799919738324
14375,-130.0,14.0,150.65847179579245
14376,-130.0,15.5,146.86016467404698
14377,-130.0,16.0,149.6907766501996
14378,-130.0,16.5,157.02343729301154
14379,-130.0,17.0,148.93178169089384
14380,-130.0,17.5,145.79242010022642
14381,-130.0,18.0,145.6995721881223
14382,-130.0,18.5,149.75453366876133
14383,-130.0,19.0,147.02131231637196
14384,-130.0,19.5,152.15368275261946
14385,-130.0,20.0,149.08122052951717
14386,-130.0,20.5,148.49909579073545
14387,-130.0,21.0,151.06922920639792
14388,-130.0,21.5,151.09295957409657
14389,-130.0,22.0,149.80615999604294
14390,-130.0,22.5,154.0021110896384
14391,-130.0,23.0,149.974894862187
14392,-130.0,23.5,148.46842901337914
14393,-130.0,24.0,149.83255517452278
14394,-130.0,24.5,147.10864665809004
14395,-130.0,25.0,149.7164780291968
14396,-130.0,25.5,157.18440752161194
14397,-130.0,26.0,153.92928422714073
14398,-130.0,26.5,152.91779728098626
14399,-130.0,27.0,154.40535802080385
14400,-130.0,27.5,152.72068815512242
14401,-130.0,28.0,151.445602755488
14402,-130.0,28.5,149.55952552520208
14403,-130.0,29.0,150.95392561079757
14404,-130.0,29.5,150.1252272955455
14405,-130.0,30.0,152.5297147876502
14406,-130.0,30.5,148.58526397223747
14407,-130.0,31.0,152.16134106784
14408,-130.0,31.5,155.6106139860102
14409,-130.0,32.0,153.53171693330398
14410,-130.0,32.5,153.63969104465178
14411,-130.0,33.0,151.67360105183786
14412,-130.0,33.5,149.0439764866134
14413,-130.0,34.0,147.90645932159137
14414,-130.0,34.5,150.90967118701872
14415,-130.0,35.0,154.41943445877195
14416,-130.0,35.5,151.3669264724704
14417,-130.0,36.0,149.36439910455994
14418,-130.0,36.5,149.34932642155897
14419,-130.0,37.0,154.75173791712268
14420,-129.5,-37.0,146.34912591109355
14421,-129.5,-36.5,147.50403433031295
14422,-129.5,-36.0,151.85891792070038
14423,-129.5,-35.5,151.61574810786342
14424,-129.5,-35.0,149.69880239006136
14425,-129.5,-34.5,152.77100843898833
14426,-129.5,-34.0,153.1540525540846
14427,-129.5,-33.5,151.86090230940852
14428,-129.5,-33.0,154.5199798892103
14429,-129.5,-32.5,153.26686722889508
14430,-129.5,-32.0,157.4390516383663
14431,-129.5,-31.5,154.98730814862154
14432,-129.5,-31.0,157.30984236999626
14433,-129.5,-30.5,147.67460737967778
14434,-129.5,-30.0,147.38905995193167
14435,-129.5,-29.5,148.73964537031253
14436,-129.5,-29.0,152.40585855815488
14437,-129.5,-28.5,150.17953923163918
14438,-129.5,-28.0,148.75264624816774
14439,-129.5,-27.5,153.2302735452672
14440,-129.5,-27.0,163.30735312090033
14441,-129.5,-26.5,148.017244873193
14442,-129.5,-26.0,146.0886071930909
14443,-129.5,-25.5,148.4135526828184
14444,-129.5,-25.0,150.12338377538484
14445,-129.5,-24.5,150.17833715263572
14446,-129.5,-24.0,149.892687792045
14447,-129.5,-23.5,152.1813036707119
14448,-129.5,-23.0,151.33211769554356
14449,-129.5,-22.5,154.9426709513679
14450,-129.5,-22.0,148.59369597554812
14451,-129.5,-21.5,148.81504595294837
14452,-129.5,-21.0,151.0776830832672
14453,-129.5,-20.5,159.00882249772872
14454,-129.5,-20.0,146.61955736609167
14455,-129.5,-19.5,146.5197629402832
14456,-129.5,-19.0,148.33712939768114
14457,-129.5,-18.5,148.79390454406854
14458,-129.5,-18.0,147.27432659714262
14459,-129.5,-17.5,148.78990698663358
14460,-129.5,-17.0,148.67605134807891
14461,-129.5,-16.5,148.40000223856507
14462,-129.5,-16.0,148.6642526096644
14463,-129.5,-15.5,148.83975459885338
14464,-129.5,-15.0,148.5032900315025
14465,-129.5,-14.5,148.103127150059
14466,-129.5,-14.0,148.58019425653205
14467,-129.5,-13.5,152.14242682888536
14468,-129.5,-13.0,151.71399648346716
14469,-129.5,-12.5,149.89802424264013
14470,-129.5,-12.0,150.2660640837009
14471,-129.5,-11.5,149.95584979338832
14472,-129.5,-11.0,149.38830816525166
14473,-129.5,-10.5,149.8169939736206
14474,-129.5,-10.0,151.69050840460875
14475,-129.5,-9.5,149.71295555469322
14476,-129.5,-9.0,148.81576766846928
14477,-129.5,-8.5,148.4881729780246
14478,-129.5,-8.0,148.55466153988823
14479,-129.5,-7.5,154.3558387273867
14480,-129.5,-7.0,155.88605449229442
14481,-129.5,-6.5,150.03360636613354
14482,-129.5,-6.0,148.43995709035036
14483,-129.5,-5.5,150.00345645275632
14484,-129.5,-5.0,152.6923371068824
14485,-129.5,-4.5,150.95075503485427
14486,-129.5,-4.0,150.92888957507716
14487,-129.5,-3.5,151.5093675484785
14488,-129.5,-3.0,147.45704381537044
14489,-129.5,-2.5,150.51688925339852
14490,-129.5,-1.5,149.2021413080137
14491,-129.5,-1.0,151.05903564477737
14492,-129.5,-0.5,149.25306579852395
14493,-129.5,0.0,148.5434185725957
14494,-129.5,0.5,151.1458398938765
14495,-129.5,1.0,150.42634213813866
14496,-129.5,1.5,157.29005313354367
14497,-129.5,2.0,150.39152674451654
14498,-129.5,2.5,148.7793948824266
14499,-129.5,3.0,150.63977458315208
14500,-129.5,3.5,149.15110736860711
14501,-129.5,4.0,152.27008585229615
14502,-129.5,4.5,146.06761559529616
14503,-129.5,5.0,149.48474500154055
14504,-129.5,5.5,151.01053872663746
14505,-129.5,6.0,148.46117936339198
14506,-129.5,6.5,149.6089433353674
14507,-129.5,7.0,149.18681196077245
14508,-129.5,7.5,149.87156439603638
14509,-129.5,8.0,151.65120337845002
14510,-129.5,9.5,150.4057955374408
14511,-129.5,10.0,150.51106263544594
14512,-129.5,10.5,147.06522932620564
14513,-129.5,11.0,147.7568735624924
14514,-129.5,11.5,147.21357148491694
14515,-129.5,12.0,147.65300587723047
14516,-129.5,12.5,148.72628351531992
14517,-129.5,13.0,148.78782805850787
14518,-129.5,13.5,146.20099254530493
14519,-129.5,14.0,151.36355258881625
14520,-129.5,14.5,156.40550896808878
14521,-129.5,15.5,155.51417534801342
14522,-129.5,16.0,150.28498509521725
14523,-129.5,16.5,154.67791273310777
14524,-129.5,17.0,154.0517810180904
14525,-129.5,17.5,149.45427871541287
14526,-129.5,18.0,149.75607968795737
14527,-129.5,18.5,146.79924979789155
14528,-129.5,19.0,147.53387139951562
14529,-129.5,19.5,149.56932930872892
14530,-129.5,20.0,152.5144859498557
14531,-129.5,20.5,149.68613603559152
14532,-129.5,21.0,147.50777967036947
14533,-129.5,21.5,152.10424677468535
14534,-129.5,22.5,150.22529216226863
14535,-129.5,23.0,151.04414150237653
14536,-129.5,23.5,149.2847304122869
14537,-129.5,24.0,151.17929231961796
14538,-129.5,24.5,150.1085799147131
14539,-129.5,25.0,148.59601820454057
14540,-129.5,25.5,154.6421488010246
14541,-129.5,26.0,154.7379733771043
14542,-129.5,26.5,149.10910478695766
14543,-129.5,27.0,159.0276892298405
14544,-129.5,27.5,153.90883116327964
14545,-129.5,28.0,151.4413137434816
14546,-129.5,28.5,149.5240741701267
14547,-129.5,29.0,151.03769287057384
14548,-129.5,29.5,150.41818054454578
14549,-129.5,30.0,151.15031028134337
14550,-129.5,30.5,146.40702775870662
14551,-129.5,31.0,151.9218304453979
14552,-129.5,31.5,155.12443054535862
14553,-129.5,32.0,152.0968259224939
14554,-129.5,32.5,154.0694886588223
14555,-129.5,33.0,149.06649640943354
14556,-129.5,33.5,147.2696508628809
14557,-129.5,34.0,147.32940336799308
14558,-129.5,34.5,150.92183657942212
14559,-129.5,35.0,153.98470756118348
14560,-129.5,35.5,152.2238381521521
14561,-129.5,36.0,149.2194860075256
14562,-129.5,36.5,149.2468320320242
14563,-129.5,37.0,154.10053023331886
14564,-129.0,-37.0,146.43790056724166
14565,-129.0,-36.5,147.04471688434344
14566,-129.0,-36.0,151.2908390272033
14567,-129.0,-35.5,152.50054249254978
14568,-129.0,-35.0,149.40563306777537
14569,-129.0,-34.5,152.60051805714522
14570,-129.0,-34.0,153.91753730576792
14571,-129.0,-33.5,150.2491134384915
14572,-129.0,-33.0,154.91313794684936
14573,-129.0,-32.5,154.00671990148544
14574,-129.0,-32.0,156.34490943499773
14575,-129.0,-31.5,152.62560246598616
14576,-129.0,-31.0,158.6208332595622
14577,-129.0,-30.5,147.37639397322428
14578,-129.0,-30.0,147.3555505538651
14579,-129.0,-29.5,148.82441214436582
14580,-129.0,-29.0,152.9779247581982
14581,-129.0,-28.5,149.91820224252118
14582,-129.0,-28.0,148.8090400346727
14583,-129.0,-27.5,151.9682725988213
14584,-129.0,-27.0,158.54064112205162
14585,-129.0,-26.5,148.0794176785639
14586,-129.0,-26.0,146.57877089657174
14587,-129.0,-25.5,147.5310705403184
14588,-129.0,-25.0,150.5193119064873
14589,-129.0,-24.5,149.3965937108328
14590,-129.0,-24.0,151.05869668483626
14591,-129.0,-23.5,148.94974827690461
14592,-129.0,-23.0,151.58895528823714
14593,-129.0,-22.5,156.25741416966173
14594,-129.0,-21.5,148.9033015705919
14595,-129.0,-21.0,148.40938347270233
14596,-129.0,-20.5,152.30142471896826
14597,-129.0,-19.5,146.6153447678908
14598,-129.0,-19.0,148.33400468365426
14599,-129.0,-18.5,148.5743988473847
14600,-129.0,-18.0,148.04530588806085
14601,-129.0,-17.5,148.62078281176662
14602,-129.0,-17.0,148.77809301323907
14603,-129.0,-16.5,148.03182920089137
14604,-129.0,-16.0,148.818110669461
14605,-129.0,-15.5,149.9536057758599
14606,-129.0,-15.0,147.54936293951977
14607,-129.0,-14.5,148.9257652410545
14608,-129.0,-14.0,148.75034054248388
14609,-129.0,-13.5,149.48781136182822
14610,-129.0,-13.0,151.1120096982094
14611,-129.0,-12.5,149.94503988355123
14612,-129.0,-12.0,150.03742300150793
14613,-129.0,-11.5,151.5978446872668
14614,-129.0,-11.0,149.94689847954288
14615,-129.0,-10.5,149.8799472493743
14616,-129.0,-10.0,151.75003344384552
14617,-129.0,-9.5,149.52711470509638
14618,-129.0,-9.0,150.48429092975343
14619,-129.0,-8.5,148.65122250780556
14620,-129.0,-7.5,156.9126717278902
14621,-129.0,-7.0,151.89633655854686
14622,-129.0,-6.5,149.50516367174185
14623,-129.0,-6.0,149.71181161751255
14624,-129.0,-5.5,148.58690034929006
14625,-129.0,-5.0,152.149008120289
14626,-129.0,-4.5,151.15693677358203
14627,-129.0,-4.0,150.56309462450477
14628,-129.0,-3.0,149.62449124399174
14629,-129.0,-2.5,148.6776046813803
14630,-129.0,-2.0,150.72495746059568
14631,-129.0,-1.5,154.49820482779668
14632,-129.0,-1.0,149.94384954696127
14633,-129.0,-0.5,148.82828467920814
14634,-129.0,0.0,150.52530482197733
14635,-129.0,0.5,149.70944027271605
14636,-129.0,1.0,159.59406696958823
14637,-129.0,1.5,164.11212265612247
14638,-129.0,2.0,147.42906689407172
14639,-129.0,2.5,147.60553375071134
14640,-129.0,3.0,149.19963195328722
14641,-129.0,3.5,150.95286015257773
14642,-129.0,4.0,146.5492074339914
14643,-129.0,4.5,145.9458931338342
14644,-129.0,5.0,149.11754308217226
14645,-129.0,5.5,149.68351555734188
14646,-129.0,6.0,149.91308267639513
14647,-129.0,6.5,148.07664704052704
14648,-129.0,7.0,149.2740517366588
14649,-129.0,7.5,150.6083558238663
14650,-129.0,8.0,152.39176464589082
14651,-129.0,9.5,150.2518639247688
14652,-129.0,10.0,146.83535200577012
14653,-129.0,10.5,147.89756953823172
14654,-129.0,11.0,146.89872325383945
14655,-129.0,11.5,147.34542508691476
14656,-129.0,12.0,147.53246378470357
14657,-129.0,12.5,148.67382260579512
14658,-129.0,13.0,146.2301661011811
14659,-129.0,13.5,146.29429238770052
14660,-129.0,14.0,146.22555607541838
14661,-129.0,14.5,155.64188711076224
14662,-129.0,15.0,155.5653321835721
14663,-129.0,15.5,157.177006997422
14664,-129.0,16.0,157.7610443230143
14665,-129.0,16.5,146.19769901729555
14666,-129.0,17.0,150.09648231400803
14667,-129.0,17.5,150.60778565786313
14668,-129.0,18.0,153.50723757329968
14669,-129.0,18.5,146.201990780904
14670,-129.0,19.0,149.41485229640918
14671,-129.0,19.5,149.32752965623303
14672,-129.0,20.0,151.94374510274375
14673,-129.0,20.5,149.22934696009088
14674,-129.0,21.0,147.14051370807522
14675,-129.0,21.5,147.74579043114727
14676,-129.0,22.0,165.7111572521869
14677,-129.0,22.5,149.80842802415438
14678,-129.0,23.0,149.09502695120497
14679,-129.0,23.5,149.87139543033084
14680,-129.0,24.0,147.9878883640692
14681,-129.0,24.5,153.0211597727348
14682,-129.0,25.0,150.58418684522874
14683,-129.0,25.5,150.5225290569633
14684,-129.0,26.0,154.68153880044494
14685,-129.0,26.5,153.04347754309572
14686,-129.0,27.0,158.14891263960155
14687,-129.0,27.5,154.4653336416006
14688,-129.0,28.0,152.5870766879252
14689,-129.0,28.5,149.46623280263816
14690,-129.0,29.0,150.81263455799996
14691,-129.0,29.5,151.0958732273045
14692,-129.0,30.0,150.3282132247413
14693,-129.0,30.5,148.8652821844305
14694,-129.0,31.0,152.8373042738109
14695,-129.0,31.5,153.46409507477392
14696,-129.0,32.0,157.74498948046514
14697,-129.0,32.5,152.8050701876705
14698,-129.0,33.0,151.50626475532363
14699,-129.0,33.5,147.24998690861787
14700,-129.0,34.0,147.28438119122046
14701,-129.0,34.5,150.9530488781725
14702,-129.0,35.0,153.64713404425328
14703,-129.0,35.5,152.09902772816156
14704,-129.0,36.0,149.2532764520667
14705,-129.0,36.5,151.19646653703074
14706,-129.0,37.0,152.80641784887482
14707,-128.5,-37.0,146.28443073248454
14708,-128.5,-36.5,147.04432598270515
14709,-128.5,-36.0,151.49472212067306
14710,-128.5,-35.5,150.02242876781736
14711,-128.5,-35.0,151.435875969362
14712,-128.5,-34.5,152.75917574973224
14713,-128.5,-34.0,153.43622574517534
14714,-128.5,-33.5,149.91144534623882
14715,-128.5,-33.0,154.94795348883292
14716,-128.5,-32.5,153.52102282393557
14717,-128.5,-32.0,155.09806926862288
14718,-128.5,-31.5,154.60466142483617
14719,-128.5,-31.0,154.07719716101582
14720,-128.5,-30.5,147.35274955740297
14721,-128.5,-30.0,147.10974766863634
14722,-128.5,-29.5,149.36043397943362
14723,-128.5,-29.0,154.75830471404493
14724,-128.5,-28.5,153.08019099891274
14725,-128.5,-28.0,148.65025084657026
14726,-128.5,-27.5,149.55959221228107
14727,-128.5,-27.0,158.36720052656327
14728,-128.5,-26.5,147.79108483039076
14729,-128.5,-26.0,153.70611838554063
14730,-128.5,-25.5,147.4679959854676
14731,-128.5,-25.0,148.5652831803306
14732,-128.5,-24.5,150.8638850672563
14733,-128.5,-24.0,150.9286262187186
14734,-128.5,-23.5,149.12450862311107
14735,-128.5,-23.0,150.14369585177067
14736,-128.5,-22.5,153.84005258771333
14737,-128.5,-22.0,149.82260902259122
14738,-128.5,-21.5,149.1579465570372
14739,-128.5,-21.0,148.44943050607324
14740,-128.5,-20.5,148.6523246924255
14741,-128.5,-20.0,147.21367533566544
14742,-128.5,-19.5,147.53550301649014
14743,-128.5,-19.0,148.38900975777403
14744,-128.5,-18.5,146.66527577600752
14745,-128.5,-18.0,148.852131563674
14746,-128.5,-17.5,148.5386635968783
14747,-128.5,-17.0,147.85420789902034
14748,-128.5,-16.5,148.0230857694631
14749,-128.5,-16.0,148.472341639415
14750,-128.5,-15.5,149.61838212238504
14751,-128.5,-15.0,148.48294578120516
14752,-128.5,-14.5,148.45803667064948
14753,-128.5,-14.0,148.67090178254801
14754,-128.5,-13.5,149.21699522566752
14755,-128.5,-13.0,154.26609550308697
14756,-128.5,-12.5,149.52596720862863
14757,-128.5,-12.0,150.47125901324281
14758,-128.5,-11.5,152.6457583697939
14759,-128.5,-11.0,151.778828375453
14760,-128.5,-10.0,148.90155334967446
14761,-128.5,-9.5,150.07667447027495
14762,-128.5,-9.0,152.24344384650652
14763,-128.5,-8.5,156.10840919829798
14764,-128.5,-7.5,151.59543913868367
14765,-128.5,-7.0,149.81768665612816
14766,-128.5,-6.5,153.33373072924667
14767,-128.5,-6.0,149.6168071696566
14768,-128.5,-5.5,150.00708884938678
14769,-128.5,-5.0,150.61289038832314
14770,-128.5,-4.5,151.22776619099147
14771,-128.5,-4.0,151.50183047866082
14772,-128.5,-3.5,149.52983364441602
14773,-128.5,-2.5,149.6196501620192
14774,-128.5,-2.0,150.76413378394273
14775,-128.5,-1.5,151.68919190256617
14776,-128.5,-1.0,150.58393723933673
14777,-128.5,-0.5,150.5598840926443
14778,-128.5,0.0,150.32658239454344
14779,-128.5,0.5,149.63450425145138
14780,-128.5,1.0,162.5456473108013
14781,-128.5,2.0,147.85514435164265
14782,-128.5,2.5,147.47581938431915
14783,-128.5,3.0,149.21919767484806
14784,-128.5,3.5,149.99874481605076
14785,-128.5,4.0,146.64941827518766
14786,-128.5,4.5,149.46410354696928
14787,-128.5,5.0,149.3760992924588
14788,-128.5,5.5,147.2374631064757
14789,-128.5,6.0,149.88956429559522
14790,-128.5,6.5,148.96044926526235
14791,-128.5,7.0,149.57234151317786
14792,-128.5,7.5,149.46572634343806
14793,-128.5,8.0,152.38396596764147
14794,-128.5,8.5,152.45393970158398
14795,-128.5,9.0,149.97025731058687
14796,-128.5,9.5,148.24780278740772
14797,-128.5,10.0,147.91272158831256
14798,-128.5,10.5,148.16078542748474
14799,-128.5,11.0,147.94703128046817
14800,-128.5,11.5,149.50642664485855
14801,-128.5,12.0,148.19193988243126
14802,-128.5,12.5,146.41120840911046
14803,-128.5,13.0,146.31499329604333
14804,-128.5,13.5,146.40568260452994
14805,-128.5,14.0,147.9726663948801
14806,-128.5,14.5,148.88540316410175
14807,-128.5,15.0,155.28722194920522
14808,-128.5,16.0,154.89815022205153
14809,-128.5,16.5,146.42107073737483
14810,-128.5,17.0,149.7669996983225
14811,-128.5,17.5,153.67190909772634
14812,-128.5,18.0,148.86704919942886
14813,-128.5,18.5,151.5089888075821
14814,-128.5,19.0,149.40898929670166
14815,-128.5,19.5,149.12223230748052
14816,-128.5,20.0,150.00215488343915
14817,-128.5,20.5,148.3539905376744
14818,-128.5,21.0,147.21429256766734
14819,-128.5,21.5,147.90490359492483
14820,-128.5,22.0,151.2476671587179
14821,-128.5,22.5,147.9613589520059
14822,-128.5,23.0,150.06517691129176
14823,-128.5,23.5,150.8751078011904
14824,-128.5,24.0,148.71974011049525
14825,-128.5,24.5,149.84638427217183
14826,-128.5,25.0,152.0283000614503
14827,-128.5,25.5,149.83557626542918
14828,-128.5,26.0,153.11555601476857
14829,-128.5,26.5,156.382988121221
14830,-128.5,27.0,153.48451591827217
14831,-128.5,27.5,155.48075599535804
14832,-128.5,28.0,153.5137928564367
14833,-128.5,28.5,149.5103869899139
14834,-128.5,29.0,151.63984361066494
14835,-128.5,29.5,150.66538634744373
14836,-128.5,30.0,150.11783158018113
14837,-128.5,30.5,149.26878765194468
14838,-128.5,31.0,154.02174346743115
14839,-128.5,31.5,152.94371453142867
14840,-128.5,32.0,158.68190655775487
14841,-128.5,32.5,153.54016989744676
14842,-128.5,33.0,148.2155397405211
14843,-128.5,33.5,145.94134073312628
14844,-128.5,34.0,148.52887827395736
14845,-128.5,34.5,150.54626775168956
14846,-128.5,35.0,153.76248830892644
14847,-128.5,35.5,150.19665493726134
14848,-128.5,36.0,149.3145662519372
14849,-128.5,36.5,151.9440925796236
14850,-128.5,37.0,150.21323734842701
14851,-128.0,-37.0,146.43289966858188
14852,-128.0,-36.5,146.84922896946674
14853,-128.0,-36.0,151.88695875250633
14854,-128.0,-35.5,147.25423204449888
14855,-128.0,-35.0,153.0494065184533
14856,-128.0,-34.5,152.60902646857363
14857,-128.0,-34.0,152.54797293668886
14858,-128.0,-33.5,149.7187661828529
14859,-128.0,-33.0,152.62859941267388
14860,-128.0,-32.5,154.73194604479812
14861,-128.0,-32.0,154.71856946058048
14862,-128.0,-31.5,153.81301487676288
14863,-128.0,-31.0,152.61313052978565
14864,-128.0,-30.5,147.28590902948324
14865,-128.0,-30.0,148.16721032604863
14866,-128.0,-29.5,148.400506616708
14867,-128.0,-29.0,151.97453853194628
14868,-128.0,-28.5,152.6848897472847
14869,-128.0,-28.0,149.50075347641268
14870,-128.0,-27.5,147.2454187012881
14871,-128.0,-27.0,156.7213099760971
14872,-128.0,-26.5,154.087520036508
14873,-128.0,-26.0,150.06602176513
14874,-128.0,-25.5,156.41899436487364
14875,-128.0,-25.0,148.8243538794928
14876,-128.0,-24.5,150.31100848759104
14877,-128.0,-24.0,150.2322981248938
14878,-128.0,-23.5,151.11490089127338
14879,-128.0,-23.0,148.34310505607198
14880,-128.0,-22.5,156.13300920318272
14881,-128.0,-22.0,150.6707638689504
14882,-128.0,-21.0,148.56901961110967
14883,-128.0,-20.5,148.82509030586445
14884,-128.0,-20.0,148.32285012834188
14885,-128.0,-19.5,148.0894315539931
14886,-128.0,-19.0,146.6142602268549
14887,-128.0,-18.5,147.70112972711124
14888,-128.0,-18.0,148.24742976784188
14889,-128.0,-17.5,148.74958543604097
14890,-128.0,-17.0,147.35196178683833
14891,-128.0,-16.5,148.7178282665191
14892,-128.0,-16.0,148.59780906278425
14893,-128.0,-15.5,148.1046756502409
14894,-128.0,-15.0,150.19098285116027
14895,-128.0,-14.5,148.45475888797117
14896,-128.0,-14.0,149.19838026460548
14897,-128.0,-13.5,149.18495590894742
14898,-128.0,-13.0,149.4024029003692
14899,-128.0,-12.5,150.65396375743947
14900,-128.0,-12.0,149.5897298497635
14901,-128.0,-11.5,150.91195978396894
14902,-128.0,-11.0,155.51433636276207
14903,-128.0,-10.5,150.6693219187533
14904,-128.0,-10.0,150.09195380359046
14905,-128.0,-9.5,148.96868487644818
14906,-128.0,-9.0,153.00927737871038
14907,-128.0,-8.5,155.0140471642774
14908,-128.0,-8.0,156.11719889915295
14909,-128.0,-7.5,149.119984491475
14910,-128.0,-7.0,151.72573946587715
14911,-128.0,-6.5,151.2210526356329
14912,-128.0,-6.0,151.52660936185035
14913,-128.0,-5.5,150.5590547811913
14914,-128.0,-5.0,150.90645370469363
14915,-128.0,-4.5,150.1001558601537
14916,-128.0,-4.0,149.04866864159237
14917,-128.0,-3.5,151.0873915623321
14918,-128.0,-3.0,148.83359406531898
14919,-128.0,-2.5,153.34845121677668
14920,-128.0,-2.0,150.71424721350795
14921,-128.0,-1.5,150.43532202233433
14922,-128.0,-1.0,151.93207418227445
14923,-128.0,-0.5,151.6405654229585
14924,-128.0,0.0,150.05848568967926
14925,-128.0,0.5,158.96602827489266
14926,-128.0,1.0,153.31982190829558
14927,-128.0,1.5,148.95552813238695
14928,-128.0,2.0,149.10741316382695
14929,-128.0,2.5,148.9458839380467
14930,-128.0,3.0,148.3320672163929
14931,-128.0,3.5,148.67061193512316
14932,-128.0,4.0,150.90724933566213
14933,-128.0,4.5,149.3545815397737
14934,-128.0,5.0,148.8421241297657
14935,-128.0,5.5,148.07082604099782
14936,-128.0,6.0,148.35011009742246
14937,-128.0,6.5,149.93842589792624
14938,-128.0,7.0,149.23035480716874
14939,-128.0,7.5,148.82151833404336
14940,-128.0,8.0,149.52418746468797
14941,-128.0,8.5,152.04785543217062
14942,-128.0,9.0,150.35841424441466
14943,-128.0,9.5,148.44628281850365
14944,-128.0,10.0,148.76387213577158
14945,-128.0,11.0,148.73404721919906
14946,-128.0,11.5,154.06706493017225
14947,-128.0,12.0,147.33228270985902
14948,-128.0,12.5,146.76064108455418
14949,-128.0,14.0,155.66106577248416
14950,-128.0,14.5,146.34983822164995
14951,-128.0,15.0,151.18361413821492
14952,-128.0,15.5,154.77565894577035
14953,-128.0,16.5,150.50375059609277
14954,-128.0,17.0,146.5869173418734
14955,-128.0,17.5,151.80449827922592
14956,-128.0,18.0,149.31719248809415
14957,-128.0,18.5,150.7238871412963
14958,-128.0,20.0,148.36306456768537
14959,-128.0,20.5,148.3382660910803
14960,-128.0,21.0,148.16294782916032
14961,-128.0,21.5,147.39349323061262
14962,-128.0,22.0,147.70283289188137
14963,-128.0,22.5,149.11101529552923
14964,-128.0,23.0,150.03714629368014
14965,-128.0,23.5,150.52111244211923
14966,-128.0,24.0,149.58165934656446
14967,-128.0,24.5,148.64786540899402
14968,-128.0,25.0,151.92081157393935
14969,-128.0,25.5,149.59253979356131
14970,-128.0,26.0,150.18926879209158
14971,-128.0,26.5,158.6474803963315
14972,-128.0,27.0,155.00369448686595
14973,-128.0,27.5,155.43722491532003
14974,-128.0,28.0,153.88259264351117
14975,-128.0,28.5,150.06050206897902
14976,-128.0,29.0,152.96736108547316
14977,-128.0,29.5,149.81630514818065
14978,-128.0,30.0,149.13537106971722
14979,-128.0,30.5,149.90199111660783
14980,-128.0,31.0,152.55464136408787
14981,-128.0,31.5,152.3480459387636
14982,-128.0,32.0,158.37938810806614
14983,-128.0,32.5,156.58678238797185
14984,-128.0,33.0,147.3679252411605
14985,-128.0,33.5,147.0530907259265
14986,-128.0,34.0,148.76167273700142
14987,-128.0,34.5,152.5268550303766
14988,-128.0,35.0,150.62055892049537
14989,-128.0,35.5,150.4674128682192
14990,-128.0,36.0,157.04512979221363
14991,-128.0,36.5,151.58475984069642
14992,-128.0,39.5,182.8259293603866
14993,-127.5,-37.0,147.03000708902104
14994,-127.5,-36.5,146.18919824344502
14995,-127.5,-36.0,150.80810910753854
14996,-127.5,-35.5,147.21505881277403
14997,-127.5,-35.0,153.52737259434636
14998,-127.5,-34.5,151.2625133123662
14999,-127.5,-34.0,157.93490445727028
15000,-127.5,-33.5,150.10052726346245
15001,-127.5,-33.0,152.4769498978788
15002,-127.5,-32.5,155.63399191327628
15003,-127.5,-32.0,154.74616957487268
15004,-127.5,-31.5,156.3118604682178
15005,-127.5,-31.0,151.5139921790993
15006,-127.5,-30.5,147.06603183597463
15007,-127.5,-30.0,149.28074272432139
15008,-127.5,-29.5,147.35228030342654
15009,-127.5,-29.0,150.3051366751051
15010,-127.5,-28.5,154.62188278561447
15011,-127.5,-28.0,148.54282850219536
15012,-127.5,-27.5,148.06965927658814
15013,-127.5,-27.0,152.92938448183006
15014,-127.5,-26.5,153.1466238290815
15015,-127.5,-26.0,147.2913474512117
15016,-127.5,-25.5,148.65247876832458
15017,-127.5,-25.0,148.66621504943365
15018,-127.5,-24.5,149.05513298717932
15019,-127.5,-24.0,150.58118712996776
15020,-127.5,-23.5,151.97996009124566
15021,-127.5,-23.0,147.5239892057174
15022,-127.5,-22.5,149.1713175650026
15023,-127.5,-22.0,151.3829594637057
15024,-127.5,-21.5,147.26185146007543
15025,-127.5,-21.0,148.43775264310273
15026,-127.5,-20.5,148.94035012982775
15027,-127.5,-20.0,148.36274776296045
15028,-127.5,-19.5,148.79777296987413
15029,-127.5,-19.0,146.53129906311557
15030,-127.5,-18.5,148.693579075944
15031,-127.5,-18.0,147.18236138408216
15032,-127.5,-17.5,148.625685711634
15033,-127.5,-17.0,148.37666800659332
15034,-127.5,-16.0,148.04358332397308
15035,-127.5,-15.5,148.81880357909085
15036,-127.5,-15.0,148.99276331541728
15037,-127.5,-14.5,149.63641174735565
15038,-127.5,-14.0,149.42480146074496
15039,-127.5,-13.5,149.02958919185676
15040,-127.5,-13.0,149.99458070903174
15041,-127.5,-12.5,150.39144403687413
15042,-127.5,-12.0,151.9746009521211
15043,-127.5,-11.5,150.2725413832938
15044,-127.5,-11.0,154.1438578176146
15045,-127.5,-10.5,153.083183265479
15046,-127.5,-10.0,149.70737715359135
15047,-127.5,-9.5,148.829489821236
15048,-127.5,-9.0,153.87122948791895
15049,-127.5,-8.5,152.95170843194214
15050,-127.5,-8.0,152.00865216710199
15051,-127.5,-7.5,152.33129635633534
15052,-127.5,-7.0,150.39698838132134
15053,-127.5,-6.5,150.41076311471713
15054,-127.5,-6.0,151.856448341401
15055,-127.5,-5.5,150.9634969184613
15056,-127.5,-5.0,150.48807378523352
15057,-127.5,-4.0,148.4912298827373
15058,-127.5,-3.5,152.0747692715684
15059,-127.5,-3.0,150.8821136129713
15060,-127.5,-2.5,152.90947987380895
15061,-127.5,-2.0,151.0862648022703
15062,-127.5,-1.5,149.28840968929828
15063,-127.5,-1.0,151.54061835982137
15064,-127.5,-0.5,151.65086415033656
15065,-127.5,0.0,154.95342898698667
15066,-127.5,0.5,158.04289329711634
15067,-127.5,1.0,148.25500667729312
15068,-127.5,1.5,148.7874806434624
15069,-127.5,2.0,149.40534915767918
15070,-127.5,2.5,149.73618450713883
15071,-127.5,3.0,147.75306573838913
15072,-127.5,3.5,148.08665090310262
15073,-127.5,4.0,149.70040731575315
15074,-127.5,4.5,148.9702252464624
15075,-127.5,5.0,148.54122294773782
15076,-127.5,5.5,148.4324926790416
15077,-127.5,6.0,147.89633659832063
15078,-127.5,6.5,151.06281014125958
15079,-127.5,7.0,150.5702128229712
15080,-127.5,7.5,148.2739024558854
15081,-127.5,8.0,149.7459485428886
15082,-127.5,8.5,149.71602072065744
15083,-127.5,9.0,149.57588383220025
15084,-127.5,9.5,148.70368041526106
15085,-127.5,10.5,147.861406033619
15086,-127.5,11.0,153.15697817008734
15087,-127.5,11.5,148.4537421044922
15088,-127.5,12.0,146.57550405505822
15089,-127.5,12.5,146.99272726098172
15090,-127.5,13.0,147.1622802498124
15091,-127.5,13.5,156.13702259506343
15092,-127.5,14.0,156.90533736567002
15093,-127.5,14.5,146.51418055193201
15094,-127.5,15.0,146.33330993720617
15095,-127.5,15.5,154.4668536035301
15096,-127.5,16.0,146.68218547894554
15097,-127.5,16.5,153.35329556362097
15098,-127.5,17.0,151.3614358783458
15099,-127.5,17.5,148.04339641380608
15100,-127.5,18.0,152.7766330991452
15101,-127.5,18.5,150.1714329865972
15102,-127.5,19.0,152.559001227445
15103,-127.5,19.5,148.34727613038058
15104,-127.5,20.0,147.47829051071793
15105,-127.5,20.5,147.865575809946
15106,-127.5,21.0,150.84227558338313
15107,-127.5,21.5,147.74728675353086
15108,-127.5,22.0,146.96934652969767
15109,-127.5,22.5,148.29011463746596
15110,-127.5,23.0,150.81957087002385
15111,-127.5,23.5,149.71924018280112
15112,-127.5,24.0,149.71947856785073
15113,-127.5,24.5,148.38504823441397
15114,-127.5,25.0,153.0183202515138
15115,-127.5,25.5,149.78639738149707
15116,-127.5,26.0,151.05017136648922
15117,-127.5,26.5,156.34985463917604
15118,-127.5,27.0,157.290781421951
15119,-127.5,27.5,152.4424134605667
15120,-127.5,28.0,156.3774599789276
15121,-127.5,28.5,152.32543503914323
15122,-127.5,29.0,151.38453011097002
15123,-127.5,29.5,148.80531522326257
15124,-127.5,30.0,148.76735770717286
15125,-127.5,30.5,153.0016008287117
15126,-127.5,31.0,152.64138006576334
15127,-127.5,31.5,154.30341270741127
15128,-127.5,32.0,154.46840708820818
15129,-127.5,32.5,156.63982524080654
15130,-127.5,33.0,147.3151355817591
15131,-127.5,33.5,147.53329486400375
15132,-127.5,34.0,148.37211940763495
15133,-127.5,34.5,155.33549840025506
15134,-127.5,35.0,149.55438913474663
15135,-127.5,35.5,150.3392318788586
15136,-127.5,36.0,153.0730237166683
15137,-127.5,36.5,151.25852986089527
15138,-127.5,37.0,152.83056584168344
15139,-127.0,-37.0,147.1308087785875
15140,-127.0,-36.5,146.3529169640042
15141,-127.0,-36.0,147.5032494830077
15142,-127.0,-35.5,147.3066289328584
15143,-127.0,-35.0,152.82642953036992
15144,-127.0,-34.5,150.5949275067272
15145,-127.0,-34.0,158.8840000746989
15146,-127.0,-33.5,149.9237886676332
15147,-127.0,-33.0,155.91422842986807
15148,-127.0,-32.5,154.5315306314077
15149,-127.0,-32.0,154.49113884289025
15150,-127.0,-31.5,155.23284938396358
15151,-127.0,-31.0,154.04293487617778
15152,-127.0,-30.5,148.04925634875934
15153,-127.0,-30.0,149.10970061672225
15154,-127.0,-29.5,148.45107411503218
15155,-127.0,-29.0,148.4715186800946
15156,-127.0,-28.5,155.4408520475804
15157,-127.0,-28.0,149.34823466424953
15158,-127.0,-27.5,146.40353462176975
15159,-127.0,-27.0,156.85516439695064
15160,-127.0,-26.5,151.85835713496962
15161,-127.0,-26.0,148.20693420394468
15162,-127.0,-25.5,148.6702119714008
15163,-127.0,-25.0,148.4902270275286
15164,-127.0,-24.5,149.52988357905468
15165,-127.0,-24.0,150.76738314858812
15166,-127.0,-23.5,151.31234999959486
15167,-127.0,-23.0,152.26762983463766
15168,-127.0,-22.5,149.55605332294203
15169,-127.0,-22.0,147.67878475329206
15170,-127.0,-21.5,147.16967950625258
15171,-127.0,-20.5,148.7096054137608
15172,-127.0,-20.0,148.03558835403598
15173,-127.0,-19.5,149.2804027199499
15174,-127.0,-19.0,148.50380490848792
15175,-127.0,-18.5,147.99384195287558
15176,-127.0,-18.0,148.9524080294155
15177,-127.0,-17.5,146.87210174077964
15178,-127.0,-17.0,149.09803043040145
15179,-127.0,-16.5,147.9265407357144
15180,-127.0,-16.0,147.94907744584793
15181,-127.0,-15.5,148.3778303381483
15182,-127.0,-15.0,149.00977861437985
15183,-127.0,-14.5,150.43312782019376
15184,-127.0,-14.0,148.9398733693449
15185,-127.0,-13.5,149.91877896867453
15186,-127.0,-13.0,152.974490529449
15187,-127.0,-12.5,151.11041297532734
15188,-127.0,-12.0,150.54690349291013
15189,-127.0,-11.0,151.76721834611953
15190,-127.0,-10.5,151.72847062867015
15191,-127.0,-10.0,151.47361851437572
15192,-127.0,-9.0,154.67058290115116
15193,-127.0,-8.5,152.03226671139515
15194,-127.0,-8.0,151.42759289782464
15195,-127.0,-7.5,152.6489507572413
15196,-127.0,-7.0,149.3693775901452
15197,-127.0,-6.0,150.88749304750567
15198,-127.0,-5.5,151.587602898391
15199,-127.0,-5.0,150.06658358556362
15200,-127.0,-4.5,149.83268602731016
15201,-127.0,-4.0,148.20321564319582
15202,-127.0,-3.5,150.72534922951664
15203,-127.0,-3.0,152.22838566779976
15204,-127.0,-2.5,150.40524142125707
15205,-127.0,-1.5,151.76791179949961
15206,-127.0,-1.0,149.98387462892524
15207,-127.0,-0.5,151.46131913819693
15208,-127.0,0.0,172.40723929969346
15209,-127.0,0.5,149.64660290910942
15210,-127.0,1.0,148.158130471541
15211,-127.0,1.5,148.47834299388518
15212,-127.0,2.0,149.87148952960086
15213,-127.0,3.0,148.27793950986484
15214,-127.0,3.5,149.0393326262585
15215,-127.0,4.0,149.32793442552924
15216,-127.0,4.5,149.9949829549094
15217,-127.0,5.0,148.56001025408256
15218,-127.0,5.5,148.1994210290451
15219,-127.0,6.0,149.64960962672964
15220,-127.0,6.5,146.32696381792874
15221,-127.0,7.0,150.6128969102081
15222,-127.0,7.5,150.54534318785107
15223,-127.0,8.0,149.5969195462334
15224,-127.0,8.5,148.88195318482582
15225,-127.0,9.0,149.38833262543739
15226,-127.0,9.5,153.00662847307711
15227,-127.0,10.0,147.52140105596746
15228,-127.0,10.5,151.18001696503467
15229,-127.0,11.0,149.71579653731695
15230,-127.0,11.5,149.63203582752777
15231,-127.0,12.0,146.39959399337457
15232,-127.0,12.5,147.10521663631215
15233,-127.0,13.0,149.4868233645103
15234,-127.0,13.5,152.2104777402795
15235,-127.0,15.0,146.72265231366418
15236,-127.0,15.5,147.28468015496924
15237,-127.0,16.0,150.2052789325216
15238,-127.0,16.5,150.460933691483
15239,-127.0,17.0,149.7559980099838
15240,-127.0,17.5,148.31851611154315
15241,-127.0,18.0,150.89205368911072
15242,-127.0,18.5,154.70107992250126
15243,-127.0,19.0,148.7976135409948
15244,-127.0,19.5,148.38998320972698
15245,-127.0,20.0,147.3236892558138
15246,-127.0,20.5,148.14654965951746
15247,-127.0,21.0,150.1848161982126
15248,-127.0,21.5,147.99400041012376
15249,-127.0,22.0,147.58818961570546
15250,-127.0,22.5,147.71252391497958
15251,-127.0,23.0,150.4006704098742
15252,-127.0,23.5,149.40128944677346
15253,-127.0,24.0,150.31227023936665
15254,-127.0,24.5,149.98645355594292
15255,-127.0,25.0,149.82469872454587
15256,-127.0,25.5,149.91215293872776
15257,-127.0,26.0,153.04826282348472
15258,-127.0,26.5,153.00466289113078
15259,-127.0,27.0,157.30433065013074
15260,-127.0,27.5,152.9966957196523
15261,-127.0,28.0,156.90146007492388
15262,-127.0,28.5,153.09659213067349
15263,-127.0,29.0,149.6717576464881
15264,-127.0,29.5,149.65759263799288
15265,-127.0,30.0,149.47049758614517
15266,-127.0,30.5,151.10965242661447
15267,-127.0,31.0,152.02092806613163
15268,-127.0,31.5,154.65241269639674
15269,-127.0,32.0,155.16741126608127
15270,-127.0,32.5,156.67557105671438
15271,-127.0,33.0,148.54049669582608
15272,-127.0,33.5,150.37149925651622
15273,-127.0,34.0,147.99538906738954
15274,-127.0,34.5,155.4408072302126
15275,-127.0,35.0,149.8002614611675
15276,-127.0,35.5,150.64904815075906
15277,-127.0,36.0,153.41612587255685
15278,-127.0,36.5,149.79066246694885
15279,-127.0,37.0,150.39892202924415
15280,-126.5,-37.0,147.28015028815207
15281,-126.5,-36.5,146.4368176803105
15282,-126.5,-36.0,146.9938630083187
15283,-126.5,-35.5,148.00431678605057
15284,-126.5,-35.0,154.2980232952923
15285,-126.5,-34.5,151.33620809169273
15286,-126.5,-34.0,156.25906734893755
15287,-126.5,-33.5,151.09894406630826
15288,-126.5,-33.0,156.22195016084154
15289,-126.5,-32.5,156.77395068139674
15290,-126.5,-32.0,154.22780565056362
15291,-126.5,-31.5,154.97226211868568
15292,-126.5,-31.0,154.3047956908655
15293,-126.5,-30.5,148.80951501122928
15294,-126.5,-30.0,147.88206506306489
15295,-126.5,-29.5,148.39049088778333
15296,-126.5,-29.0,148.31153921193228
15297,-126.5,-28.5,153.88159690910362
15298,-126.5,-28.0,152.08656535929754
15299,-126.5,-27.5,146.4508670668412
15300,-126.5,-27.0,158.45235924114962
15301,-126.5,-26.5,148.18918868456294
15302,-126.5,-26.0,157.95294263003527
15303,-126.5,-25.5,148.366794232794
15304,-126.5,-25.0,149.22275281284735
15305,-126.5,-24.5,149.4139026634016
15306,-126.5,-24.0,150.07010906532906
15307,-126.5,-23.5,150.99345513688044
15308,-126.5,-23.0,152.7419452843744
15309,-126.5,-22.5,149.19833507531814
15310,-126.5,-22.0,147.72858379031638
15311,-126.5,-21.5,147.16675823476257
15312,-126.5,-21.0,147.0330664508008
15313,-126.5,-20.5,148.01070166819747
15314,-126.5,-20.0,149.0922252225375
15315,-126.5,-19.5,148.37015160851576
15316,-126.5,-19.0,149.83104311423796
15317,-126.5,-18.5,147.8600890666472
15318,-126.5,-18.0,147.7295893704518
15319,-126.5,-17.5,146.40865547256567
15320,-126.5,-17.0,148.44804267016113
15321,-126.5,-16.5,148.9706618775807
15322,-126.5,-16.0,148.26989265357452
15323,-126.5,-15.5,148.9708585934265
15324,-126.5,-15.0,149.1973936936442
15325,-126.5,-14.5,148.83788544624323
15326,-126.5,-14.0,150.7378671579539
15327,-126.5,-13.5,152.50357129717736
15328,-126.5,-13.0,154.37668547950742
15329,-126.5,-12.5,152.69941694959812
15330,-126.5,-12.0,150.02601737174436
15331,-126.5,-11.5,150.29381964337858
15332,-126.5,-11.0,151.6864824927308
15333,-126.5,-10.5,151.1866245049686
15334,-126.5,-10.0,154.22436114049168
15335,-126.5,-9.5,153.8744160562096
15336,-126.5,-9.0,150.08803185995606
15337,-126.5,-8.5,150.60862131957578
15338,-126.5,-8.0,152.07778269260848
15339,-126.5,-7.5,151.79077601467577
15340,-126.5,-7.0,153.05913681831902
15341,-126.5,-6.5,150.45060509495505
15342,-126.5,-6.0,150.80896684409882
15343,-126.5,-5.5,151.821123866687
15344,-126.5,-5.0,151.38543610688149
15345,-126.5,-4.5,149.73612818836955
15346,-126.5,-4.0,150.81203109405237
15347,-126.5,-3.5,150.51712794215354
15348,-126.5,-3.0,150.0767993542165
15349,-126.5,-2.5,151.55871404614996
15350,-126.5,-2.0,151.10641088667714
15351,-126.5,-1.5,151.99002222860005
15352,-126.5,-1.0,150.59552942771296
15353,-126.5,-0.5,159.01405844814315
15354,-126.5,0.0,164.02542419075604
15355,-126.5,0.5,149.95716936307218
15356,-126.5,1.0,149.24047659475204
15357,-126.5,1.5,149.1575132254763
15358,-126.5,2.0,148.9929383100474
15359,-126.5,2.5,149.50392569416525
15360,-126.5,3.0,152.1338457778858
15361,-126.5,3.5,150.07792666525538
15362,-126.5,4.0,148.56988246867323
15363,-126.5,4.5,149.9875274370323
15364,-126.5,5.0,149.71275063620476
15365,-126.5,5.5,147.58380572301832
15366,-126.5,6.0,147.4319881736998
15367,-126.5,6.5,146.5295253426057
15368,-126.5,7.0,146.48920497257438
15369,-126.5,7.5,149.90762907457108
15370,-126.5,8.0,149.40068301039807
15371,-126.5,8.5,149.47569966523693
15372,-126.5,9.0,149.36226614181493
15373,-126.5,9.5,153.0513122104514
15374,-126.5,10.0,149.16930833821252
15375,-126.5,10.5,149.40707556394847
15376,-126.5,11.0,150.61923846783037
15377,-126.5,11.5,148.2637538783618
15378,-126.5,12.5,153.66976038891204
15379,-126.5,13.0,150.5585080235008
15380,-126.5,13.5,147.48811759706604
15381,-126.5,15.0,146.71147590970207
15382,-126.5,15.5,147.05349912763108
15383,-126.5,16.0,151.17023098118136
15384,-126.5,16.5,149.18122397829265
15385,-126.5,17.0,149.76521567538316
15386,-126.5,17.5,152.41490010148857
15387,-126.5,18.0,149.2825937784921
15388,-126.5,18.5,152.94448713988103
15389,-126.5,19.0,148.79955338992178
15390,-126.5,19.5,147.42125861949978
15391,-126.5,20.0,147.58113325129557
15392,-126.5,20.5,148.27801090751564
15393,-126.5,21.0,148.1663189465858
15394,-126.5,21.5,148.39482403901795
15395,-126.5,22.0,148.24479696839373
15396,-126.5,22.5,148.8216312688201
15397,-126.5,23.0,148.1992342287757
15398,-126.5,23.5,150.14563856462652
15399,-126.5,24.0,148.62049974681597
15400,-126.5,24.5,151.78664617493305
15401,-126.5,25.0,149.01910212525823
15402,-126.5,25.5,149.79737073005663
15403,-126.5,26.0,154.05932943854495
15404,-126.5,26.5,151.94420221563897
15405,-126.5,27.0,155.85126720239344
15406,-126.5,27.5,152.99334737455263
15407,-126.5,28.0,154.94675474393688
15408,-126.5,28.5,156.6253275307627
15409,-126.5,29.0,152.74299916749558
15410,-126.5,29.5,150.32650371108605
15411,-126.5,30.0,149.66385559251168
15412,-126.5,30.5,149.7250359039848
15413,-126.5,31.0,152.3654532989449
15414,-126.5,31.5,156.11847566717069
15415,-126.5,32.0,155.5798830477299
15416,-126.5,32.5,156.79068486600275
15417,-126.5,33.0,149.13564893840507
15418,-126.5,33.5,150.05281432965782
15419,-126.5,34.0,148.01037951078465
15420,-126.5,34.5,153.52954698515174
15421,-126.5,35.0,150.33951590597104
15422,-126.5,35.5,150.5932226203949
15423,-126.5,36.0,152.76130609254926
15424,-126.5,36.5,150.73322196359067
15425,-126.5,37.5,155.84747601100509
15426,-126.0,-37.0,147.33589990271636
15427,-126.0,-36.5,146.45760602822904
15428,-126.0,-36.0,146.85619323552663
15429,-126.0,-35.5,147.95223350181473
15430,-126.0,-35.0,153.29173890064106
15431,-126.0,-34.5,153.089863677117
15432,-126.0,-34.0,152.2619549981869
15433,-126.0,-33.5,151.8260258310542
15434,-126.0,-33.0,156.85218771220246
15435,-126.0,-32.5,154.89381030591034
15436,-126.0,-32.0,151.3092706667244
15437,-126.0,-31.5,156.2099367413879
15438,-126.0,-31.0,155.15364315838053
15439,-126.0,-30.5,148.43750391625085
15440,-126.0,-30.0,149.48020905337802
15441,-126.0,-29.5,148.36817905528758
15442,-126.0,-29.0,148.50249054774537
15443,-126.0,-28.5,154.80609411586565
15444,-126.0,-28.0,156.9162539939757
15445,-126.0,-27.5,147.26867545831436
15446,-126.0,-27.0,149.81897597773118
15447,-126.0,-26.5,158.89203577430038
15448,-126.0,-26.0,151.2409135748224
15449,-126.0,-25.5,148.69698439931338
15450,-126.0,-25.0,149.15440633760682
15451,-126.0,-24.5,149.84850771620648
15452,-126.0,-24.0,149.83854306560517
15453,-126.0,-23.5,151.41450264605325
15454,-126.0,-23.0,150.14509902723074
15455,-126.0,-22.5,152.92780959796877
15456,-126.0,-22.0,148.90084378624096
15457,-126.0,-21.5,147.83274755292285
15458,-126.0,-21.0,147.18877364458353
15459,-126.0,-20.5,147.80688701650269
15460,-126.0,-20.0,148.7498124996862
15461,-126.0,-19.5,149.3986901216162
15462,-126.0,-19.0,149.22618664018083
15463,-126.0,-18.5,149.77323893678025
15464,-126.0,-18.0,146.5287863205945
15465,-126.0,-17.0,147.30797942026473
15466,-126.0,-16.5,148.96083458490358
15467,-126.0,-16.0,148.939793264005
15468,-126.0,-15.5,149.6362854485781
15469,-126.0,-15.0,149.01701978664943
15470,-126.0,-14.5,148.93218867559642
15471,-126.0,-14.0,151.00895539751593
15472,-126.0,-13.5,152.72632869739425
15473,-126.0,-13.0,155.2958571195191
15474,-126.0,-12.5,149.90689849497267
15475,-126.0,-12.0,150.444049997477
15476,-126.0,-11.5,152.2088779005089
15477,-126.0,-11.0,150.4069993965425
15478,-126.0,-10.5,150.0043856505472
15479,-126.0,-10.0,151.19426995220175
15480,-126.0,-9.5,153.88476690676643
15481,-126.0,-9.0,149.3135974208773
15482,-126.0,-8.5,149.5368074546028
15483,-126.0,-8.0,150.30016925636392
15484,-126.0,-7.5,151.20601875401042
15485,-126.0,-7.0,151.89310118153134
15486,-126.0,-6.5,151.284780715966
15487,-126.0,-6.0,148.73713328554948
15488,-126.0,-5.5,147.61013243897747
15489,-126.0,-5.0,151.29170008878472
15490,-126.0,-4.5,151.3863215659612
15491,-126.0,-4.0,150.5158346655635
15492,-126.0,-3.5,151.2652748318312
15493,-126.0,-3.0,148.50325544028152
15494,-126.0,-2.5,152.03607211983214
15495,-126.0,-2.0,151.68036700260063
15496,-126.0,-1.5,150.6146525454418
15497,-126.0,-1.0,151.88525263593658
15498,-126.0,-0.5,149.5112872498711
15499,-126.0,0.0,150.8059689227567
15500,-126.0,1.0,149.30491183100153
15501,-126.0,1.5,149.36682838816665
15502,-126.0,2.0,148.49511366208986
15503,-126.0,2.5,150.18729556503158
15504,-126.0,3.0,150.88066902127406
15505,-126.0,3.5,149.43366530413954
15506,-126.0,4.0,150.27204847061978
15507,-126.0,4.5,149.4870114104108
15508,-126.0,5.0,149.95738249577425
15509,-126.0,6.0,147.56932289463543
15510,-126.0,7.0,147.6206624721405
15511,-126.0,7.5,149.4101990656889
15512,-126.0,8.0,148.81571520449006
15513,-126.0,8.5,149.97976583766285
15514,-126.0,9.0,150.9680493276047
15515,-126.0,9.5,150.21990541858284
15516,-126.0,10.0,150.82694408387303
15517,-126.0,10.5,148.90917930637292
15518,-126.0,11.0,148.52473288207648
15519,-126.0,12.5,153.26569976692952
15520,-126.0,13.5,147.22650205336254
15521,-126.0,14.0,147.9761085914437
15522,-126.0,15.0,147.82725357447367
15523,-126.0,15.5,147.976749818954
15524,-126.0,16.0,149.0522424392659
15525,-126.0,16.5,150.26189702628938
15526,-126.0,17.0,151.077196908596
15527,-126.0,17.5,153.55654498075103
15528,-126.0,18.0,151.39680831822778
15529,-126.0,18.5,151.43955726896036
15530,-126.0,19.0,151.1542536894616
15531,-126.0,19.5,149.02282926331796
15532,-126.0,20.0,149.24987660187287
15533,-126.0,20.5,148.82383972875513
15534,-126.0,21.0,147.98823719481197
15535,-126.0,21.5,149.10102409094392
15536,-126.0,22.0,148.50733974463668
15537,-126.0,22.5,149.15372779657872
15538,-126.0,23.0,147.48584804429882
15539,-126.0,23.5,150.50834836692061
15540,-126.0,24.0,147.97028731702466
15541,-126.0,24.5,150.79330668307404
15542,-126.0,25.0,148.89878713908092
15543,-126.0,26.0,153.1246079178528
15544,-126.0,26.5,151.09717572126752
15545,-126.0,27.0,152.0720098830878
15546,-126.0,27.5,155.18844462677544
15547,-126.0,28.0,153.90893763484763
15548,-126.0,28.5,154.39656364509906
15549,-126.0,29.0,153.17461109200443
15550,-126.0,29.5,150.7425211364291
15551,-126.0,30.0,150.19853380661212
15552,-126.0,30.5,148.02344557198495
15553,-126.0,31.0,152.2151315376754
15554,-126.0,31.5,154.8655421494831
15555,-126.0,32.0,162.88673622728496
15556,-126.0,32.5,148.22963450381232
15557,-126.0,33.0,151.6990192947941
15558,-126.0,33.5,148.3474026953786
15559,-126.0,34.0,150.44061962878024
15560,-126.0,34.5,149.72712043286995
15561,-126.0,35.0,148.87244740247925
15562,-126.0,35.5,151.85917193136936
15563,-126.0,36.0,151.28516978036134
15564,-126.0,36.5,150.8385497655825
15565,-126.0,37.0,148.42629573079995
15566,-126.0,37.5,155.41632452852735
15567,-125.5,-40.5,157.38560635800803
15568,-125.5,-37.0,150.13699497289375
15569,-125.5,-36.5,146.4079041450428
15570,-125.5,-36.0,147.07138372238404
15571,-125.5,-35.5,148.41589377101528
15572,-125.5,-35.0,151.316135967423
15573,-125.5,-34.5,154.1847547591109
15574,-125.5,-34.0,150.25670399271067
15575,-125.5,-33.5,160.7911254482046
15576,-125.5,-33.0,155.4605295759901
15577,-125.5,-32.5,153.71019688828972
15578,-125.5,-32.0,155.30775557478952
15579,-125.5,-31.5,153.63691927770734
15580,-125.5,-31.0,151.53010288863666
15581,-125.5,-30.5,148.84912757498378
15582,-125.5,-30.0,148.98317933458097
15583,-125.5,-29.5,146.7953198998143
15584,-125.5,-29.0,149.00024049521852
15585,-125.5,-28.5,153.4799640676715
15586,-125.5,-28.0,155.7567237892964
15587,-125.5,-27.5,148.3419812385493
15588,-125.5,-27.0,148.1372693494094
15589,-125.5,-26.5,163.7161217381792
15590,-125.5,-26.0,153.54530812165424
15591,-125.5,-25.5,149.33600404289552
15592,-125.5,-25.0,149.08230740884807
15593,-125.5,-24.5,155.56449452816946
15594,-125.5,-23.5,151.43785083631278
15595,-125.5,-23.0,149.96917470754548
15596,-125.5,-22.5,151.71418130174285
15597,-125.5,-22.0,149.1444232714491
15598,-125.5,-21.5,147.8779176681752
15599,-125.5,-21.0,147.53377382363905
15600,-125.5,-20.5,147.0607593636303
15601,-125.5,-20.0,148.2958469097745
15602,-125.5,-19.5,149.77954771106081
15603,-125.5,-19.0,149.26320563438145
15604,-125.5,-18.5,149.02767780995103
15605,-125.5,-18.0,146.57125943508407
15606,-125.5,-17.5,147.88463430833133
15607,-125.5,-17.0,146.7447536150708
15608,-125.5,-16.5,147.9909170193989
15609,-125.5,-16.0,149.49903041054472
15610,-125.5,-15.5,149.53474672489875
15611,-125.5,-15.0,149.1940759398248
15612,-125.5,-14.5,150.2675076481287
15613,-125.5,-14.0,152.8109858829508
15614,-125.5,-13.5,152.56206916537397
15615,-125.5,-13.0,150.687509101975
15616,-125.5,-12.5,154.41991435709286
15617,-125.5,-12.0,152.12882103331467
15618,-125.5,-11.5,151.95340291745583
15619,-125.5,-11.0,149.58381311130555
15620,-125.5,-10.0,148.37895255485327
15621,-125.5,-9.5,150.3996155430376
15622,-125.5,-9.0,152.37545969297528
15623,-125.5,-8.5,151.08099323125666
15624,-125.5,-7.5,150.14080250369054
15625,-125.5,-7.0,150.0975143195139
15626,-125.5,-6.5,151.72735407877008
15627,-125.5,-5.5,147.7502359008976
15628,-125.5,-5.0,150.5569409628601
15629,-125.5,-4.5,151.26584727699714
15630,-125.5,-4.0,151.58404409259373
15631,-125.5,-3.5,149.84457191466865
15632,-125.5,-2.5,151.36707535617262
15633,-125.5,-2.0,152.16548848725256
15634,-125.5,-1.5,150.7672717620765
15635,-125.5,-0.5,151.82294823151844
15636,-125.5,0.0,149.14553122182647
15637,-125.5,0.5,150.07988734905877
15638,-125.5,1.0,150.5026603357722
15639,-125.5,1.5,150.10641806966854
15640,-125.5,2.0,148.35635017601973
15641,-125.5,2.5,150.07550708638226
15642,-125.5,3.0,150.25438852075797
15643,-125.5,3.5,149.96513381595165
15644,-125.5,4.0,149.0037755220404
15645,-125.5,4.5,148.8209172053147
15646,-125.5,5.0,150.59254449245918
15647,-125.5,5.5,150.20060550192179
15648,-125.5,6.0,147.98044283407262
15649,-125.5,6.5,148.06643062065203
15650,-125.5,7.0,148.6240980858328
15651,-125.5,7.5,147.48743438223013
15652,-125.5,8.0,148.17318955217766
15653,-125.5,8.5,150.81158040325653
15654,-125.5,9.0,150.75621194488426
15655,-125.5,9.5,150.12208410492815
15656,-125.5,10.0,147.85664402880883
15657,-125.5,10.5,148.9351851770093
15658,-125.5,11.0,146.65476702309016
15659,-125.5,12.0,152.34799392943296
15660,-125.5,12.5,152.6573182397708
15661,-125.5,13.5,147.20479294031404
15662,-125.5,14.0,147.5129766503474
15663,-125.5,14.5,147.64199515807366
15664,-125.5,15.0,147.912365604966
15665,-125.5,15.5,151.64358413039423
15666,-125.5,16.0,149.0781500494696
15667,-125.5,16.5,151.5090771893805
15668,-125.5,17.0,151.24062287214727
15669,-125.5,17.5,153.02603674333523
15670,-125.5,18.0,152.86862618304158
15671,-125.5,18.5,149.2857992599875
15672,-125.5,19.0,150.13979070903122
15673,-125.5,19.5,147.86928099020267
15674,-125.5,20.0,150.528874781745
15675,-125.5,20.5,148.71409774656598
15676,-125.5,21.0,147.87272725171428
15677,-125.5,21.5,148.77914713916508
15678,-125.5,22.0,148.82786296426886
15679,-125.5,22.5,148.52344904807964
15680,-125.5,23.0,148.05424534970828
15681,-125.5,23.5,149.16327462946344
15682,-125.5,24.0,149.38984899436608
15683,-125.5,24.5,149.67509242462828
15684,-125.5,25.0,151.00107708121482
15685,-125.5,25.5,155.17300230559863
15686,-125.5,26.0,152.74353790882958
15687,-125.5,26.5,151.74506374430868
15688,-125.5,27.0,152.01210496108797
15689,-125.5,27.5,155.40522579297402
15690,-125.5,28.0,153.94803499541808
15691,-125.5,28.5,155.08479275786837
15692,-125.5,29.0,156.01495882918397
15693,-125.5,29.5,150.78492507326825
15694,-125.5,30.0,150.77790016979262
15695,-125.5,30.5,147.26431359690176
15696,-125.5,31.0,152.23098522365075
15697,-125.5,31.5,154.38426520223643
15698,-125.5,32.0,165.49408617656624
15699,-125.5,32.5,148.10769533079804
15700,-125.5,33.0,154.31242920076673
15701,-125.5,33.5,148.2435030775904
15702,-125.5,34.0,151.69163564947442
15703,-125.5,34.5,148.01871607254859
15704,-125.5,35.0,148.22770945399947
15705,-125.5,35.5,152.27944279093293
15706,-125.5,36.0,150.05667992451373
15707,-125.5,36.5,152.3137307016048
15708,-125.5,37.0,150.10665436819917
15709,-125.5,37.5,154.72539548836093
15710,-125.0,-40.5,157.54231256486935
15711,-125.0,-37.0,149.0562296880119
15712,-125.0,-36.5,149.5601949921227
15713,-125.0,-36.0,146.96530417090628
15714,-125.0,-35.5,148.4237995452344
15715,-125.0,-35.0,152.01676148617335
15716,-125.0,-34.5,155.1578923983649
15717,-125.0,-34.0,149.55741190931397
15718,-125.0,-33.5,164.29783115008263
15719,-125.0,-33.0,155.20546947114565
15720,-125.0,-32.5,154.68127915043675
15721,-125.0,-32.0,155.61605049018584
15722,-125.0,-31.5,157.42590773617434
15723,-125.0,-31.0,151.03818783775057
15724,-125.0,-30.5,148.4593060893143
15725,-125.0,-30.0,148.35618961622387
15726,-125.0,-29.5,148.19131442794944
15727,-125.0,-29.0,147.97855725681964
15728,-125.0,-28.5,151.71273396671825
15729,-125.0,-28.0,159.47718761706292
15730,-125.0,-27.5,147.73060368554025
15731,-125.0,-27.0,148.38619156510416
15732,-125.0,-26.5,159.00192719994405
15733,-125.0,-26.0,153.7574234150302
15734,-125.0,-25.5,149.35531409895276
15735,-125.0,-25.0,149.73592927647172
15736,-125.0,-24.5,160.17466160908143
15737,-125.0,-23.5,150.18498026403287
15738,-125.0,-23.0,149.32712775671374
15739,-125.0,-22.5,149.9502993213421
15740,-125.0,-22.0,149.98079069051022
15741,-125.0,-21.5,147.92324286916792
15742,-125.0,-21.0,147.3305239073895
15743,-125.0,-20.5,147.19121744772698
15744,-125.0,-20.0,150.6259404127574
15745,-125.0,-19.5,148.893743562031
15746,-125.0,-19.0,149.6338433451676
15747,-125.0,-18.5,149.0326191751976
15748,-125.0,-18.0,148.60757751853166
15749,-125.0,-17.5,147.26375105975433
15750,-125.0,-17.0,149.01749531894907
15751,-125.0,-16.5,148.27179579866845
15752,-125.0,-16.0,149.48072754632338
15753,-125.0,-15.5,149.5369715062869
15754,-125.0,-15.0,150.194001928694
15755,-125.0,-14.5,154.9882913956446
15756,-125.0,-14.0,151.58416468477688
15757,-125.0,-13.5,149.88155893099443
15758,-125.0,-13.0,152.39301419987092
15759,-125.0,-12.5,154.34642367997176
15760,-125.0,-12.0,153.86051828570564
15761,-125.0,-11.5,149.79649735394776
15762,-125.0,-11.0,147.97693832025075
15763,-125.0,-10.0,152.27908057009682
15764,-125.0,-9.5,148.56935594785065
15765,-125.0,-9.0,151.56433910921336
15766,-125.0,-8.5,152.65092219136938
15767,-125.0,-8.0,149.5579582449498
15768,-125.0,-7.5,150.02996341852497
15769,-125.0,-7.0,150.5908378593425
15770,-125.0,-6.5,150.09510854089257
15771,-125.0,-6.0,151.5978795285102
15772,-125.0,-5.0,149.24123359454404
15773,-125.0,-4.5,151.6591460449385
15774,-125.0,-4.0,151.09555590390093
15775,-125.0,-3.5,148.94650796000514
15776,-125.0,-3.0,151.94236413419364
15777,-125.0,-2.5,150.08281773944017
15778,-125.0,-2.0,150.35483171416845
15779,-125.0,-1.5,152.29430781163694
15780,-125.0,-1.0,149.3848116914622
15781,-125.0,0.0,150.19047562519927
15782,-125.0,0.5,150.00367655380438
15783,-125.0,1.0,151.4833943369033
15784,-125.0,1.5,150.15312184656491
15785,-125.0,2.0,149.73896991541773
15786,-125.0,2.5,149.92059495608078
15787,-125.0,3.0,150.04827516577438
15788,-125.0,3.5,150.0193380919682
15789,-125.0,4.0,147.81323511903537
15790,-125.0,4.5,150.0321611982404
15791,-125.0,5.0,150.10437180769316
15792,-125.0,5.5,151.0715160594155
15793,-125.0,6.0,148.22611780455404
15794,-125.0,6.5,148.89005690401592
15795,-125.0,7.0,147.71717829813937
15796,-125.0,7.5,147.81811851199194
15797,-125.0,8.0,146.80053071773114
15798,-125.0,8.5,148.1017788918896
15799,-125.0,9.0,149.43554949160063
15800,-125.0,9.5,150.6776051631902
15801,-125.0,10.0,148.97018709957786
15802,-125.0,10.5,147.1050349873859
15803,-125.0,11.5,151.5977212273913
15804,-125.0,12.0,151.82017466303714
15805,-125.0,14.0,147.28372239279284
15806,-125.0,14.5,147.7796401436789
15807,-125.0,15.0,148.07834954451903
15808,-125.0,15.5,149.88642631548186
15809,-125.0,16.0,149.93357322774125
15810,-125.0,16.5,150.90172575029047
15811,-125.0,17.0,152.65636000046328
15812,-125.0,17.5,152.2277484732285
15813,-125.0,18.0,152.7181495497848
15814,-125.0,18.5,148.65959364928304
15815,-125.0,19.0,150.22501379336757
15816,-125.0,19.5,153.0751504513211
15817,-125.0,20.0,150.1492710765605
15818,-125.0,20.5,148.67073057474212
15819,-125.0,21.0,149.70983428185926
15820,-125.0,21.5,148.44235403949907
15821,-125.0,22.0,149.58741671276744
15822,-125.0,22.5,149.2134605315732
15823,-125.0,23.0,147.5124854692319
15824,-125.0,23.5,147.4695736860161
15825,-125.0,24.0,150.76378333498167
15826,-125.0,24.5,148.28117734142938
15827,-125.0,25.0,151.1823047589851
15828,-125.0,25.5,155.2758390404903
15829,-125.0,26.0,150.85004951080566
15830,-125.0,26.5,150.8009616177394
15831,-125.0,27.0,150.63759932947073
15832,-125.0,27.5,154.79861013817057
15833,-125.0,28.0,154.84236736128338
15834,-125.0,28.5,153.87674335951337
15835,-125.0,29.0,156.98670707839315
15836,-125.0,29.5,154.04429495138513
15837,-125.0,30.0,150.9564688959707
15838,-125.0,30.5,147.21634755674694
15839,-125.0,31.0,155.14473748434213
15840,-125.0,31.5,152.28882965334483
15841,-125.0,32.5,148.474052601131
15842,-125.0,33.0,155.6517841254156
15843,-125.0,33.5,147.97500021890164
15844,-125.0,34.0,151.74289309087337
15845,-125.0,34.5,147.8797232116551
15846,-125.0,35.0,148.16069785621667
15847,-125.0,35.5,151.45153904966267
15848,-125.0,36.0,151.8372445627682
15849,-125.0,36.5,152.04823589011409
15850,-125.0,37.0,148.0611731787909
15851,-125.0,37.5,154.1644054361771
15852,-124.5,-40.5,157.69546800872146
15853,-124.5,-37.0,147.9476632897546
15854,-124.5,-36.5,150.18497253570843
15855,-124.5,-36.0,146.93642416605712
15856,-124.5,-35.5,148.67359208985894
15857,-124.5,-35.0,152.52149911915467
15858,-124.5,-34.5,155.06482624690082
15859,-124.5,-34.0,149.35616070616743
15860,-124.5,-33.5,168.450767010358
15861,-124.5,-33.0,154.25515517649544
15862,-124.5,-32.5,152.80016190515914
15863,-124.5,-32.0,155.36212268979088
15864,-124.5,-31.5,157.55266434651486
15865,-124.5,-31.0,151.83865120679454
15866,-124.5,-30.5,147.79109125372818
15867,-124.5,-30.0,147.93673220788244
15868,-124.5,-29.5,148.91888666748423
15869,-124.5,-29.0,149.48201218676985
15870,-124.5,-28.5,149.2529148733878
15871,-124.5,-28.0,157.0909855177855
15872,-124.5,-27.5,147.75342197387585
15873,-124.5,-27.0,148.1756635135713
15874,-124.5,-26.5,156.15295233063648
15875,-124.5,-26.0,154.4818684447298
15876,-124.5,-25.5,148.94098598809327
15877,-124.5,-25.0,149.1764777467894
15878,-124.5,-24.5,160.0626914336999
15879,-124.5,-24.0,148.1267705360859
15880,-124.5,-23.5,148.63555059601347
15881,-124.5,-23.0,151.00700344800902
15882,-124.5,-22.5,149.61128601074125
15883,-124.5,-22.0,150.7896314071224
15884,-124.5,-21.5,147.67174733289613
15885,-124.5,-21.0,147.61732818573742
15886,-124.5,-20.5,151.17875461079274
15887,-124.5,-20.0,148.8183504359305
15888,-124.5,-19.5,149.76704283813152
15889,-124.5,-19.0,148.80700882025283
15890,-124.5,-18.5,149.09404034222396
15891,-124.5,-18.0,149.55896975594686
15892,-124.5,-17.5,147.13534691619762
15893,-124.5,-17.0,148.46212482812035
15894,-124.5,-16.5,154.38287551273842
15895,-124.5,-16.0,150.75857244271052
15896,-124.5,-15.5,149.79299988527566
15897,-124.5,-15.0,151.4018268869147
15898,-124.5,-14.5,158.15147551370623
15899,-124.5,-14.0,156.73020899605845
15900,-124.5,-13.5,151.06797847384954
15901,-124.5,-13.0,150.61203151012108
15902,-124.5,-12.5,156.39604978742688
15903,-124.5,-12.0,152.5151820487721
15904,-124.5,-11.5,154.87147563804217
15905,-124.5,-11.0,156.92756209111138
15906,-124.5,-10.5,153.91723780107205
15907,-124.5,-10.0,150.8690159604457
15908,-124.5,-9.5,150.72593799008135
15909,-124.5,-9.0,150.31050773802937
15910,-124.5,-8.5,151.130662747268
15911,-124.5,-8.0,150.99708648036486
15912,-124.5,-7.5,150.58005194632779
15913,-124.5,-7.0,150.0050786860985
15914,-124.5,-6.5,150.11597290462095
15915,-124.5,-6.0,150.76320876438066
15916,-124.5,-5.5,151.35535804142745
15917,-124.5,-5.0,149.52856933915555
15918,-124.5,-4.5,149.9067624203631
15919,-124.5,-4.0,153.0746245917972
15920,-124.5,-3.5,151.80781882563736
15921,-124.5,-3.0,149.66871346224423
15922,-124.5,-2.5,150.58343699389442
15923,-124.5,-2.0,148.64992908888425
15924,-124.5,-1.5,148.76434089310854
15925,-124.5,-1.0,151.82284768756116
15926,-124.5,-0.5,149.0335363776969
15927,-124.5,0.0,149.63411810411137
15928,-124.5,0.5,150.38261640702106
15929,-124.5,1.0,150.99385451744243
15930,-124.5,1.5,147.59809399471197
15931,-124.5,2.0,149.67114375800293
15932,-124.5,2.5,149.49240492351754
15933,-124.5,3.0,150.13825322507878
15934,-124.5,3.5,148.9426579991325
15935,-124.5,4.0,149.8886300691602
15936,-124.5,4.5,150.44764784072095
15937,-124.5,5.0,150.16860052323045
15938,-124.5,5.5,150.6216366079911
15939,-124.5,6.0,149.92682295111402
15940,-124.5,6.5,146.7503859538041
15941,-124.5,7.0,147.84832343696007
15942,-124.5,7.5,147.40566110032893
15943,-124.5,8.0,146.8985964304686
15944,-124.5,8.5,148.73082427071952
15945,-124.5,9.0,148.85691229511355
15946,-124.5,9.5,150.37571593569078
15947,-124.5,10.0,148.83665853527486
15948,-124.5,11.0,156.13043551019598
15949,-124.5,11.5,151.15989151287948
15950,-124.5,14.0,148.3162470088622
15951,-124.5,14.5,148.3911766185196
15952,-124.5,15.0,148.5715603454426
15953,-124.5,15.5,149.46900552448895
15954,-124.5,16.0,152.22893311283312
15955,-124.5,16.5,152.09304234753924
15956,-124.5,17.0,152.11000748285704
15957,-124.5,17.5,152.1965325898294
15958,-124.5,18.0,150.98474963925725
15959,-124.5,18.5,150.9750622341993
15960,-124.5,19.0,152.20458089384826
15961,-124.5,19.5,151.8146461234865
15962,-124.5,20.0,148.98264026293887
15963,-124.5,20.5,149.40659460213172
15964,-124.5,21.0,149.7880273966207
15965,-124.5,21.5,148.81353088059836
15966,-124.5,22.0,149.33914029234626
15967,-124.5,22.5,148.57176696505007
15968,-124.5,23.0,148.2415963628326
15969,-124.5,23.5,147.8216130952904
15970,-124.5,24.0,150.11436382812929
15971,-124.5,24.5,148.45608508953546
15972,-124.5,25.0,148.4727331802774
15973,-124.5,25.5,155.36708919012094
15974,-124.5,26.0,153.41646024694796
15975,-124.5,26.5,149.66789722124247
15976,-124.5,27.0,150.770469682205
15977,-124.5,27.5,153.26193275635276
15978,-124.5,28.0,154.88694153989456
15979,-124.5,28.5,154.3079638654897
15980,-124.5,29.0,154.44146681607972
15981,-124.5,29.5,155.1220637361047
15982,-124.5,30.5,146.81011407229565
15983,-124.5,31.0,158.9712427817404
15984,-124.5,31.5,150.22666916913093
15985,-124.5,32.5,150.85017429311443
15986,-124.5,33.0,153.32892641783434
15987,-124.5,33.5,147.68348601659616
15988,-124.5,34.0,152.87667617944098
15989,-124.5,34.5,148.97633129282903
15990,-124.5,35.0,148.71591122301865
15991,-124.5,35.5,151.2853982192638
15992,-124.5,36.0,150.03749528206018
15993,-124.5,36.5,151.8956825568838
15994,-124.5,37.0,148.02605828242034
15995,-124.5,37.5,153.6384452987057
15996,-124.0,-40.5,158.52673350441512
15997,-124.0,-37.0,147.68893207260055
15998,-124.0,-36.5,149.8291078711062
15999,-124.0,-36.0,147.27521184989934
16000,-124.0,-35.5,150.0621893316946
16001,-124.0,-35.0,157.28774996384087
16002,-124.0,-34.5,153.1230845450636
16003,-124.0,-34.0,148.96300413629606
16004,-124.0,-33.5,164.31663887794176
16005,-124.0,-33.0,156.2630527147472
16006,-124.0,-32.5,153.03383857415795
16007,-124.0,-32.0,155.38081105564297
16008,-124.0,-31.5,155.72927096157397
16009,-124.0,-31.0,152.0536341456931
16010,-124.0,-30.5,150.08828773606035
16011,-124.0,-30.0,148.1978167906182
16012,-124.0,-29.5,148.86935538611303
16013,-124.0,-29.0,149.67732418843175
16014,-124.0,-28.5,149.0029856824625
16015,-124.0,-28.0,152.37873773540815
16016,-124.0,-27.5,151.98242875519588
16017,-124.0,-27.0,148.16350254732677
16018,-124.0,-26.5,151.88679176485957
16019,-124.0,-26.0,150.41500313594707
16020,-124.0,-25.5,166.0984750237044
16021,-124.0,-25.0,149.6610234131926
16022,-124.0,-24.5,149.65561450499453
16023,-124.0,-24.0,158.3659530393591
16024,-124.0,-23.0,152.01579116437804
16025,-124.0,-22.5,149.7853500701437
16026,-124.0,-22.0,148.8652589998776
16027,-124.0,-21.5,148.65652252951347
16028,-124.0,-21.0,148.04586335558417
16029,-124.0,-20.5,149.88977416217352
16030,-124.0,-20.0,149.32546767139877
16031,-124.0,-19.5,151.54164896781145
16032,-124.0,-19.0,147.30968798672123
16033,-124.0,-18.5,149.9496313939063
16034,-124.0,-18.0,149.80299505885012
16035,-124.0,-17.5,150.2160560033198
16036,-124.0,-17.0,149.88104343597453
16037,-124.0,-16.5,155.967725056357
16038,-124.0,-16.0,148.77979314000623
16039,-124.0,-15.5,150.35722355623938
16040,-124.0,-15.0,149.8097990603838
16041,-124.0,-14.5,157.3407796226207
16042,-124.0,-14.0,147.1506675395531
16043,-124.0,-13.5,157.23200552480088
16044,-124.0,-13.0,154.44037124387717
16045,-124.0,-12.5,152.2385235205583
16046,-124.0,-12.0,156.22120949928987
16047,-124.0,-11.5,155.06650791845667
16048,-124.0,-11.0,156.4349328636634
16049,-124.0,-10.5,152.24195076636644
16050,-124.0,-10.0,149.7363815674413
16051,-124.0,-9.5,152.28983964233555
16052,-124.0,-9.0,148.71401496282652
16053,-124.0,-8.5,150.10417475150342
16054,-124.0,-8.0,151.7948102077362
16055,-124.0,-7.5,150.7595571299115
16056,-124.0,-6.5,150.64225822757044
16057,-124.0,-6.0,149.180562393894
16058,-124.0,-5.5,150.2186020310968
16059,-124.0,-5.0,150.59930755234035
16060,-124.0,-4.5,148.96165883048275
16061,-124.0,-4.0,155.053704432039
16062,-124.0,-3.5,151.12424255455718
16063,-124.0,-3.0,147.70097211322891
16064,-124.0,-2.5,148.49082555379235
16065,-124.0,-2.0,148.55820227672112
16066,-124.0,-1.5,148.8182465515563
16067,-124.0,-1.0,152.3397762129331
16068,-124.0,-0.5,150.48941796901858
16069,-124.0,0.0,149.965948232916
16070,-124.0,0.5,152.01049288110616
16071,-124.0,1.0,151.95148058737234
16072,-124.0,1.5,149.58296148382217
16073,-124.0,2.0,151.14183917730773
16074,-124.0,2.5,149.65290355014258
16075,-124.0,3.0,147.7780696453818
16076,-124.0,3.5,150.12985067962762
16077,-124.0,4.0,150.30288640799415
16078,-124.0,5.0,149.92439510951917
16079,-124.0,5.5,148.86498248996173
16080,-124.0,6.0,150.64218170108782
16081,-124.0,6.5,147.90765657508675
16082,-124.0,7.0,147.46480337639284
16083,-124.0,7.5,148.01795267775563
16084,-124.0,8.0,148.04074810366757
16085,-124.0,8.5,148.38478396475372
16086,-124.0,9.0,148.1880058284197
16087,-124.0,9.5,148.1826504921008
16088,-124.0,10.0,150.7121222257091
16089,-124.0,10.5,153.87282461785168
16090,-124.0,11.0,150.8734654418006
16091,-124.0,13.5,147.9272828967098
16092,-124.0,14.0,148.64356245162008
16093,-124.0,15.0,148.5117972856277
16094,-124.0,15.5,149.18568469078843
16095,-124.0,16.0,152.433175123105
16096,-124.0,17.0,151.5860445957045
16097,-124.0,17.5,153.05811292346274
16098,-124.0,18.0,149.5115907725345
16099,-124.0,18.5,151.57768268308786
16100,-124.0,19.0,152.96732179001108
16101,-124.0,19.5,152.1151764589118
16102,-124.0,20.0,149.2150591874423
16103,-124.0,20.5,151.2356051061513
16104,-124.0,21.0,149.21917826152392
16105,-124.0,21.5,148.89538807782387
16106,-124.0,22.0,149.62391899992923
16107,-124.0,22.5,148.53688263041985
16108,-124.0,23.0,147.87000303598182
16109,-124.0,23.5,149.72825757135666
16110,-124.0,24.0,149.15946544756315
16111,-124.0,24.5,148.1453488507857
16112,-124.0,25.0,151.27427018178764
16113,-124.0,25.5,152.1815053261123
16114,-124.0,26.0,155.18321948812675
16115,-124.0,26.5,151.05768194498256
16116,-124.0,27.0,151.24735225349963
16117,-124.0,27.5,152.62202123475367
16118,-124.0,28.0,152.98506074159872
16119,-124.0,28.5,156.05960914292191
16120,-124.0,29.0,150.3991131431784
16121,-124.0,29.5,157.08441443156366
16122,-124.0,30.0,159.814029347476
16123,-124.0,30.5,151.57786816107225
16124,-124.0,31.0,154.9664582265692
16125,-124.0,31.5,150.66939257468823
16126,-124.0,32.5,152.32341273259547
16127,-124.0,33.0,149.88700833497495
16128,-124.0,33.5,150.4889473842909
16129,-124.0,34.0,150.4538674598633
16130,-124.0,34.5,150.80690694875742
16131,-124.0,35.0,149.70300928952005
16132,-124.0,35.5,149.61050788223335
16133,-124.0,36.0,149.54069858823442
16134,-124.0,36.5,151.7022866598392
16135,-124.0,37.0,148.1853573245989
16136,-124.0,37.5,154.811779228804
16137,-124.0,39.0,182.16528260168846
16138,-123.5,-40.5,158.59854190415115
16139,-123.5,-37.0,147.82858098166253
16140,-123.5,-36.5,147.90174658587264
16141,-123.5,-36.0,147.96490683932478
16142,-123.5,-35.5,155.73151320015958
16143,-123.5,-35.0,151.64175004047775
16144,-123.5,-34.5,154.30795131841703
16145,-123.5,-34.0,150.4746212209799
16146,-123.5,-33.5,158.71573029184728
16147,-123.5,-33.0,156.53542443032018
16148,-123.5,-32.5,155.55278445412299
16149,-123.5,-32.0,152.68795807712473
16150,-123.5,-31.5,151.8176561306012
16151,-123.5,-31.0,150.8803910538482
16152,-123.5,-30.5,151.90057243658794
16153,-123.5,-30.0,147.8188447542215
16154,-123.5,-29.5,147.3534240633114
16155,-123.5,-29.0,150.37803069596754
16156,-123.5,-28.5,148.98188982366796
16157,-123.5,-28.0,150.52599964642638
16158,-123.5,-27.5,154.06224366128495
16159,-123.5,-27.0,148.01816866571826
16160,-123.5,-26.5,153.28253528650404
16161,-123.5,-26.0,150.34230028608408
16162,-123.5,-25.5,162.85045957103173
16163,-123.5,-25.0,149.22467681012878
16164,-123.5,-24.5,149.37928647555205
16165,-123.5,-24.0,153.75212305156722
16166,-123.5,-23.0,151.87033691083332
16167,-123.5,-22.5,149.56020402328036
16168,-123.5,-22.0,148.3565877251557
16169,-123.5,-21.5,149.3701749621353
16170,-123.5,-21.0,152.374987573908
16171,-123.5,-20.5,148.07603435531325
16172,-123.5,-20.0,149.60249741430604
16173,-123.5,-19.5,146.56961787821447
16174,-123.5,-19.0,148.61054102086413
16175,-123.5,-18.5,150.99464063853446
16176,-123.5,-18.0,149.97231250679752
16177,-123.5,-17.5,150.0296655712178
16178,-123.5,-17.0,154.3155886323801
16179,-123.5,-16.5,148.67024460623355
16180,-123.5,-16.0,150.42424139900103
16181,-123.5,-15.5,148.61864213833366
16182,-123.5,-15.0,149.94468780036044
16183,-123.5,-14.5,150.4109363089469
16184,-123.5,-14.0,152.37880803012249
16185,-123.5,-13.5,155.59368111094338
16186,-123.5,-13.0,153.93917111807687
16187,-123.5,-12.5,150.73270425008837
16188,-123.5,-12.0,158.45613858880608
16189,-123.5,-11.5,155.26972055169813
16190,-123.5,-11.0,152.84910634249997
16191,-123.5,-10.5,149.61979054065918
16192,-123.5,-10.0,151.24774103459322
16193,-123.5,-9.5,148.8576477394219
16194,-123.5,-9.0,149.9193846342057
16195,-123.5,-8.5,149.50189896090595
16196,-123.5,-8.0,151.31093251227222
16197,-123.5,-7.5,151.53882952588768
16198,-123.5,-7.0,150.2405098258089
16199,-123.5,-6.0,150.9958880219948
16200,-123.5,-5.5,149.25315487919104
16201,-123.5,-5.0,149.6593640729601
16202,-123.5,-4.0,152.9831575890398
16203,-123.5,-3.5,153.77696419560834
16204,-123.5,-3.0,149.2559199965776
16205,-123.5,-2.0,148.5126847714812
16206,-123.5,-1.0,148.86839388436192
16207,-123.5,-0.5,151.96392316195275
16208,-123.5,0.0,150.120074194796
16209,-123.5,1.0,149.23030707794547
16210,-123.5,1.5,149.39127053722302
16211,-123.5,2.0,149.92300170562575
16212,-123.5,2.5,147.9604835151595
16213,-123.5,3.0,149.52119010653038
16214,-123.5,3.5,149.50983359150962
16215,-123.5,4.0,149.74691794968567
16216,-123.5,4.5,150.00734549601628
16217,-123.5,5.0,148.22396945082178
16218,-123.5,5.5,148.58425353616994
16219,-123.5,6.0,147.93440206337448
16220,-123.5,6.5,149.47298969646934
16221,-123.5,7.0,147.33660343517985
16222,-123.5,7.5,148.2310130670808
16223,-123.5,8.0,148.65483440661058
16224,-123.5,8.5,147.4711173988524
16225,-123.5,9.0,148.05886151624313
16226,-123.5,9.5,146.3899317862303
16227,-123.5,10.0,151.56874794216915
16228,-123.5,10.5,151.43045224177357
16229,-123.5,11.0,150.33184409465767
16230,-123.5,13.5,148.03362108738733
16231,-123.5,14.5,147.18989709985803
16232,-123.5,15.0,148.40207458993592
16233,-123.5,15.5,150.58519823945386
16234,-123.5,16.0,151.54823981349764
16235,-123.5,16.5,152.05078404512355
16236,-123.5,17.0,150.47315895477703
16237,-123.5,17.5,152.1616531462112
16238,-123.5,18.0,150.56890748587426
16239,-123.5,18.5,151.19309272867443
16240,-123.5,19.0,152.6680813315137
16241,-123.5,19.5,149.84662287488555
16242,-123.5,20.0,150.80962785004857
16243,-123.5,20.5,150.3808046335969
16244,-123.5,21.0,149.99472298161808
16245,-123.5,21.5,150.16826516569293
16246,-123.5,22.0,148.9581136115213
16247,-123.5,22.5,147.75810390422032
16248,-123.5,23.0,148.80276188862155
16249,-123.5,23.5,148.87557852650778
16250,-123.5,24.0,147.4031345142474
16251,-123.5,24.5,149.5566020118261
16252,-123.5,25.0,150.6790947853506
16253,-123.5,25.5,151.83713176720335
16254,-123.5,26.0,151.0895497615026
16255,-123.5,26.5,151.16977988865665
16256,-123.5,27.0,152.37319121677965
16257,-123.5,27.5,151.51175195682345
16258,-123.5,28.0,151.57532253666974
16259,-123.5,28.5,157.14064203951725
16260,-123.5,29.0,150.73910291595433
16261,-123.5,29.5,158.46159361663987
16262,-123.5,30.0,159.67198822400704
16263,-123.5,30.5,157.04871501193134
16264,-123.5,31.0,154.25362321255318
16265,-123.5,31.5,151.28464754851166
16266,-123.5,32.0,152.31521491434657
16267,-123.5,32.5,152.1806109744257
16268,-123.5,33.0,147.99562548725714
16269,-123.5,33.5,152.2364644686816
16270,-123.5,34.0,150.26948845917434
16271,-123.5,34.5,151.72284727842194
16272,-123.5,35.0,149.72097403123513
16273,-123.5,35.5,148.72270494017283
16274,-123.5,36.0,149.46009095865486
16275,-123.5,36.5,152.55420863596035
16276,-123.5,37.0,148.2166172849558
16277,-123.5,37.5,155.75520778438616
16278,-123.0,-40.5,158.52069455913934
16279,-123.0,-37.0,147.6356237172715
16280,-123.0,-36.5,147.31931205042807
16281,-123.0,-36.0,150.0666659844656
16282,-123.0,-35.5,160.96303834007884
16283,-123.0,-35.0,157.39223035206095
16284,-123.0,-34.5,149.22114960888783
16285,-123.0,-34.0,155.21090677279065
16286,-123.0,-33.5,154.6347828295292
16287,-123.0,-33.0,156.86830820593548
16288,-123.0,-32.5,156.49746033227305
16289,-123.0,-32.0,153.37110831077536
16290,-123.0,-31.5,150.95015274595954
16291,-123.0,-31.0,152.00484641386294
16292,-123.0,-30.5,153.18566229674647
16293,-123.0,-30.0,148.0607998145984
16294,-123.0,-29.5,147.52973318233487
16295,-123.0,-29.0,149.30706360057326
16296,-123.0,-28.5,149.4418227388756
16297,-123.0,-28.0,150.6179599259779
16298,-123.0,-27.5,154.19366230412504
16299,-123.0,-27.0,149.6678833090969
16300,-123.0,-26.5,149.54122952691108
16301,-123.0,-26.0,155.94551109703755
16302,-123.0,-25.5,151.25122045736177
16303,-123.0,-24.5,148.53401452508587
16304,-123.0,-24.0,150.13093792030492
16305,-123.0,-23.5,149.03731549982942
16306,-123.0,-23.0,151.74751224965104
16307,-123.0,-22.5,148.537818958574
16308,-123.0,-22.0,148.27219041820018
16309,-123.0,-21.5,150.722857419954
16310,-123.0,-21.0,150.33449774765032
16311,-123.0,-20.5,150.0736648072133
16312,-123.0,-20.0,147.61260710245284
16313,-123.0,-19.5,146.93033591512932
16314,-123.0,-19.0,149.5095190212032
16315,-123.0,-18.5,151.6705060963685
16316,-123.0,-18.0,150.71683944913727
16317,-123.0,-17.5,150.9875398616345
16318,-123.0,-17.0,154.05490375944612
16319,-123.0,-16.5,148.8232428405703
16320,-123.0,-16.0,151.01340490244303
16321,-123.0,-15.5,147.9552342713167
16322,-123.0,-15.0,148.07233234471457
16323,-123.0,-14.5,150.43615974762557
16324,-123.0,-14.0,152.19008511387705
16325,-123.0,-13.5,160.0828074945444
16326,-123.0,-13.0,153.62419316177457
16327,-123.0,-12.5,152.71384217564378
16328,-123.0,-12.0,153.23344398876816
16329,-123.0,-11.5,155.07237893769795
16330,-123.0,-11.0,151.96216187340266
16331,-123.0,-10.5,154.8192158500517
16332,-123.0,-10.0,153.3064723174731
16333,-123.0,-9.5,148.56869921714457
16334,-123.0,-9.0,149.9475680574105
16335,-123.0,-8.5,150.5939444057339
16336,-123.0,-8.0,148.8397849524636
16337,-123.0,-7.5,152.35271715225562
16338,-123.0,-7.0,150.18992786386917
16339,-123.0,-6.5,151.79313665859758
16340,-123.0,-6.0,149.94041601387906
16341,-123.0,-5.5,149.76060485755187
16342,-123.0,-5.0,148.84035367834443
16343,-123.0,-4.5,149.32163317241677
16344,-123.0,-4.0,149.17638322239068
16345,-123.0,-3.5,147.54919135519143
16346,-123.0,-3.0,149.13429805712465
16347,-123.0,-2.5,148.56704429433236
16348,-123.0,-2.0,148.63167847813554
16349,-123.0,-1.5,148.47081963630288
16350,-123.0,-1.0,149.44062640061085
16351,-123.0,-0.5,149.6512737911612
16352,-123.0,0.0,152.81439881077281
16353,-123.0,0.5,148.4605955503265
16354,-123.0,1.0,149.54473893908568
16355,-123.0,1.5,150.64244694070652
16356,-123.0,2.0,149.32370489875635
16357,-123.0,2.5,147.22254412647823
16358,-123.0,3.0,150.1481072392517
16359,-123.0,3.5,150.09369052220825
16360,-123.0,4.0,150.22285816352013
16361,-123.0,4.5,150.28705433565122
16362,-123.0,5.0,149.26156555593025
16363,-123.0,5.5,148.99914837515578
16364,-123.0,6.0,147.40998742103312
16365,-123.0,6.5,149.97013848207817
16366,-123.0,7.0,148.62959367024746
16367,-123.0,7.5,148.4489258508666
16368,-123.0,8.0,148.2330937510157
16369,-123.0,8.5,148.38295167855122
16370,-123.0,9.0,147.33656072405938
16371,-123.0,9.5,152.53640184677602
16372,-123.0,10.0,151.79273300929734
16373,-123.0,10.5,150.40231289424452
16374,-123.0,11.0,151.83916608188252
16375,-123.0,13.0,148.05943722198023
16376,-123.0,13.5,148.14916439916354
16377,-123.0,14.0,147.29748305321525
16378,-123.0,14.5,148.57025997744523
16379,-123.0,15.0,150.53818950997547
16380,-123.0,15.5,150.2070256528179
16381,-123.0,16.0,150.06051585798375
16382,-123.0,16.5,152.0159212902196
16383,-123.0,17.0,149.83117788873685
16384,-123.0,17.5,149.6303150211923
16385,-123.0,18.0,151.48656635932736
16386,-123.0,18.5,149.02384412870595
16387,-123.0,19.0,151.2737631899679
16388,-123.0,19.5,149.27402981750967
16389,-123.0,20.0,151.89029808873622
16390,-123.0,20.5,148.78550578134522
16391,-123.0,21.0,150.57242988105102
16392,-123.0,21.5,149.74006091445725
16393,-123.0,22.0,148.52418404607147
16394,-123.0,22.5,147.7710065071318
16395,-123.0,23.0,149.85240559764406
16396,-123.0,23.5,148.28407563166212
16397,-123.0,24.0,148.95476704958372
16398,-123.0,24.5,149.0372509591912
16399,-123.0,25.0,149.36864429308656
16400,-123.0,25.5,150.53754831439738
16401,-123.0,26.0,150.96709066889582
16402,-123.0,26.5,151.7307385161583
16403,-123.0,27.0,153.5061074967347
16404,-123.0,27.5,149.63561438030408
16405,-123.0,28.0,151.9411007607898
16406,-123.0,28.5,153.42033816942114
16407,-123.0,29.0,155.90134000882057
16408,-123.0,29.5,151.32746777217483
16409,-123.0,30.0,158.92696511480358
16410,-123.0,30.5,158.0550926286064
16411,-123.0,31.0,161.01297735431524
16412,-123.0,31.5,149.5003199267326
16413,-123.0,32.0,151.95914769689952
16414,-123.0,32.5,148.527791704652
16415,-123.0,33.0,147.85115725644172
16416,-123.0,33.5,152.9929906245439
16417,-123.0,34.0,150.36987594675367
16418,-123.0,34.5,153.28643283154898
16419,-123.0,35.0,149.2413661440591
16420,-123.0,35.5,148.75006301034708
16421,-123.0,36.0,149.810708597533
16422,-123.0,36.5,168.91440891870806
16423,-123.0,37.0,148.2466303038008
16424,-123.0,37.5,155.01430160426875
16425,-123.0,38.0,160.35860586153916
16426,-122.5,-40.5,159.74170387325952
16427,-122.5,-40.0,158.6440261999007
16428,-122.5,-37.0,147.71674339017784
16429,-122.5,-36.5,147.48230302880418
16430,-122.5,-36.0,150.2007687728031
16431,-122.5,-35.5,164.49889357519092
16432,-122.5,-35.0,157.25671690391576
16433,-122.5,-34.5,148.7343831994783
16434,-122.5,-34.0,156.7413811245285
16435,-122.5,-33.5,153.96569344738674
16436,-122.5,-33.0,156.60899553318725
16437,-122.5,-32.5,157.01744010002298
16438,-122.5,-32.0,152.6111573247211
16439,-122.5,-31.5,151.3202372046258
16440,-122.5,-31.0,151.13733553050233
16441,-122.5,-30.5,150.99944416827498
16442,-122.5,-30.0,148.32454625981887
16443,-122.5,-29.5,150.24076557002888
16444,-122.5,-29.0,148.36441834108416
16445,-122.5,-28.5,148.15388100301357
16446,-122.5,-28.0,148.88691573551444
16447,-122.5,-27.5,154.10354231266078
16448,-122.5,-27.0,149.77470403535375
16449,-122.5,-26.5,149.5404654199515
16450,-122.5,-26.0,157.31826802794615
16451,-122.5,-25.5,147.85244945791564
16452,-122.5,-24.5,148.21475839644413
16453,-122.5,-24.0,148.9292893728047
16454,-122.5,-23.5,148.8072866371445
16455,-122.5,-23.0,153.88427891958068
16456,-122.5,-22.5,148.32436493863852
16457,-122.5,-22.0,149.12752646090743
16458,-122.5,-21.5,154.7300461461663
16459,-122.5,-21.0,147.6104221901388
16460,-122.5,-20.5,150.95297246686133
16461,-122.5,-20.0,147.13170409764749
16462,-122.5,-19.5,149.61403431375118
16463,-122.5,-19.0,147.7287657470718
16464,-122.5,-18.5,150.07346077088408
16465,-122.5,-18.0,150.78240957184317
16466,-122.5,-17.5,151.85097460578953
16467,-122.5,-17.0,150.51321040511795
16468,-122.5,-16.5,153.09739152933145
16469,-122.5,-16.0,154.02544007409216
16470,-122.5,-15.0,149.39328133766864
16471,-122.5,-14.5,152.15044437239752
16472,-122.5,-14.0,153.24351892052476
16473,-122.5,-13.5,154.42594623814682
16474,-122.5,-13.0,156.2656007186586
16475,-122.5,-12.5,159.21581547414124
16476,-122.5,-12.0,155.4273833613636
16477,-122.5,-11.5,152.22702079352237
16478,-122.5,-11.0,154.16836159269647
16479,-122.5,-10.5,155.10476205240366
16480,-122.5,-9.5,150.05008092896247
16481,-122.5,-9.0,149.63331629394625
16482,-122.5,-8.5,150.51854022446685
16483,-122.5,-8.0,148.72589244768545
16484,-122.5,-7.5,149.49276485994037
16485,-122.5,-7.0,152.27193157372582
16486,-122.5,-6.5,151.83479073504876
16487,-122.5,-6.0,151.42087940535112
16488,-122.5,-5.5,149.8836638075779
16489,-122.5,-5.0,148.56593371580558
16490,-122.5,-4.5,149.10823595966184
16491,-122.5,-4.0,148.69655464342154
16492,-122.5,-3.5,147.45307748075723
16493,-122.5,-3.0,147.44419634965755
16494,-122.5,-2.5,148.95514186523627
16495,-122.5,-2.0,148.7519437361337
16496,-122.5,-1.5,149.26535486658491
16497,-122.5,-1.0,149.81988303806338
16498,-122.5,-0.5,149.4988706187728
16499,-122.5,0.0,150.15757862543407
16500,-122.5,0.5,150.36999587702536
16501,-122.5,1.0,148.99826365391576
16502,-122.5,1.5,149.42219278583264
16503,-122.5,2.0,149.71332817541509
16504,-122.5,2.5,150.39224553589685
16505,-122.5,3.5,150.1011448008314
16506,-122.5,4.0,147.90774227859308
16507,-122.5,4.5,149.54042131172423
16508,-122.5,5.0,148.59207512033032
16509,-122.5,5.5,148.43026625842558
16510,-122.5,6.0,148.72909536495183
16511,-122.5,6.5,148.7513974231439
16512,-122.5,7.0,149.66225694926152
16513,-122.5,7.5,147.62631176455218
16514,-122.5,8.0,148.30740063275238
16515,-122.5,8.5,147.58212813745374
16516,-122.5,9.0,147.791468841562
16517,-122.5,9.5,150.38505115498697
16518,-122.5,10.0,149.4009676015838
16519,-122.5,10.5,150.63493198487402
16520,-122.5,11.0,152.05805678182935
16521,-122.5,12.5,148.11663736947477
16522,-122.5,13.0,149.71747670540483
16523,-122.5,13.5,151.24254071597753
16524,-122.5,14.0,147.75301637720844
16525,-122.5,14.5,148.78805086302236
16526,-122.5,15.0,151.11328068277305
16527,-122.5,16.0,150.77225163590708
16528,-122.5,16.5,149.90432348376945
16529,-122.5,17.0,150.27335167178728
16530,-122.5,17.5,149.93496364908785
16531,-122.5,18.0,151.4247318413796
16532,-122.5,18.5,150.6097810273967
16533,-122.5,19.0,149.95328743266722
16534,-122.5,19.5,151.59475783027952
16535,-122.5,20.0,151.33521392423714
16536,-122.5,20.5,151.00841676661594
16537,-122.5,21.0,148.22460629282676
16538,-122.5,21.5,150.1716561395329
16539,-122.5,22.0,147.922926260963
16540,-122.5,22.5,152.29588835876237
16541,-122.5,23.0,149.32721829043462
16542,-122.5,23.5,148.4772431865187
16543,-122.5,24.0,146.29002769482094
16544,-122.5,24.5,149.2977509491621
16545,-122.5,25.0,150.38041093762854
16546,-122.5,25.5,149.11975565190514
16547,-122.5,26.0,151.1062127854981
16548,-122.5,26.5,151.52475673148837
16549,-122.5,27.0,152.00325045602193
16550,-122.5,27.5,150.63543904016308
16551,-122.5,28.0,155.50885345764897
16552,-122.5,28.5,152.31111818503402
16553,-122.5,29.0,161.3139290516647
16554,-122.5,29.5,150.24169377731022
16555,-122.5,30.0,155.44236640056405
16556,-122.5,30.5,158.5558947662344
16557,-122.5,31.0,159.20980240877043
16558,-122.5,31.5,148.86599406559796
16559,-122.5,32.0,152.8289879672606
16560,-122.5,32.5,148.53953408498188
16561,-122.5,33.0,149.85353770867906
16562,-122.5,33.5,151.09063131906305
16563,-122.5,34.0,150.44544409162876
16564,-122.5,34.5,152.48822674743514
16565,-122.5,35.0,148.81281637189917
16566,-122.5,35.5,149.0553719779756
16567,-122.5,36.0,149.41962960613276
16568,-122.5,36.5,169.39703596861227
16569,-122.5,37.0,159.5440654855566
16570,-122.5,37.5,154.8439161701327
16571,-122.5,38.0,164.19433448601933
16572,-122.0,-41.0,163.7853025996782
16573,-122.0,-40.5,160.28822911017588
16574,-122.0,-40.0,158.84263758956695
16575,-122.0,-37.0,147.91491182176725
16576,-122.0,-36.5,147.7284520339059
16577,-122.0,-36.0,148.197014261625
16578,-122.0,-35.5,168.95222503938993
16579,-122.0,-35.0,156.40222376979932
16580,-122.0,-34.5,148.9667870324854
16581,-122.0,-34.0,153.91045867983655
16582,-122.0,-33.5,153.50792178942575
16583,-122.0,-33.0,153.68759365647261
16584,-122.0,-32.5,157.12094134639437
16585,-122.0,-32.0,150.61976994646537
16586,-122.0,-31.5,150.79812816764147
16587,-122.0,-31.0,149.42645866632628
16588,-122.0,-30.5,148.22007174497827
16589,-122.0,-30.0,149.3873084446307
16590,-122.0,-29.5,150.08767250262204
16591,-122.0,-29.0,148.02309999986917
16592,-122.0,-28.5,148.31978851731037
16593,-122.0,-28.0,149.5333827919478
16594,-122.0,-27.5,153.33948655398277
16595,-122.0,-27.0,149.22169788364369
16596,-122.0,-26.5,150.9705160113619
16597,-122.0,-26.0,152.66621912969524
16598,-122.0,-25.5,147.20527895242068
16599,-122.0,-25.0,147.4584888971955
16600,-122.0,-24.5,147.4407137540917
16601,-122.0,-24.0,148.93547840126396
16602,-122.0,-23.5,148.75049922357843
16603,-122.0,-23.0,148.9420436315403
16604,-122.0,-22.5,147.1661844493407
16605,-122.0,-22.0,150.87013611484792
16606,-122.0,-21.5,149.47327057218413
16607,-122.0,-21.0,149.9669804853178
16608,-122.0,-20.5,147.3082890367564
16609,-122.0,-20.0,149.68541471951184
16610,-122.0,-19.5,149.54948593813205
16611,-122.0,-19.0,149.66726848687384
16612,-122.0,-18.5,151.22542828221557
16613,-122.0,-18.0,151.90212635031213
16614,-122.0,-17.5,151.2700703175216
16615,-122.0,-17.0,149.79686302940465
16616,-122.0,-16.5,152.88184632422295
16617,-122.0,-16.0,148.40575134483873
16618,-122.0,-15.5,147.17817387838681
16619,-122.0,-15.0,150.63750017459873
16620,-122.0,-14.5,152.36316806871872
16621,-122.0,-14.0,155.05612556316262
16622,-122.0,-13.5,150.6930148380277
16623,-122.0,-13.0,157.93332213702695
16624,-122.0,-12.5,156.20051684229423
16625,-122.0,-12.0,152.74828651889268
16626,-122.0,-11.5,152.77799985892952
16627,-122.0,-11.0,153.54917699174857
16628,-122.0,-10.5,156.2283237745779
16629,-122.0,-10.0,154.61849440883745
16630,-122.0,-9.5,150.3095024099849
16631,-122.0,-9.0,150.14954594266607
16632,-122.0,-8.5,148.88585824156215
16633,-122.0,-7.5,149.3729944359572
16634,-122.0,-7.0,152.2730731310857
16635,-122.0,-6.5,149.62302983206328
16636,-122.0,-6.0,152.35129534761276
16637,-122.0,-5.0,149.65535562522766
16638,-122.0,-4.5,147.98773144295254
16639,-122.0,-4.0,148.78404965822145
16640,-122.0,-3.0,147.51189773911267
16641,-122.0,-2.5,147.69265906910687
16642,-122.0,-2.0,149.4160129339951
16643,-122.0,-1.5,149.90506672010818
16644,-122.0,-1.0,149.98928036372357
16645,-122.0,-0.5,148.19814938149625
16646,-122.0,0.0,148.74124868307138
16647,-122.0,0.5,152.4398103454269
16648,-122.0,1.0,149.81399744455328
16649,-122.0,1.5,147.57377070992595
16650,-122.0,2.0,153.69178988266833
16651,-122.0,2.5,149.71812110544585
16652,-122.0,3.0,150.27837346130923
16653,-122.0,3.5,156.74438563009622
16654,-122.0,4.0,149.23278797596086
16655,-122.0,4.5,148.61891272876616
16656,-122.0,5.0,148.24841517226983
16657,-122.0,5.5,148.5223990457859
16658,-122.0,6.0,152.53920011685068
16659,-122.0,6.5,148.6714751896283
16660,-122.0,7.0,149.1198987762226
16661,-122.0,7.5,149.52388910204152
16662,-122.0,8.0,147.19106016198313
16663,-122.0,8.5,149.5105253236695
16664,-122.0,9.0,150.95901870010965
16665,-122.0,9.5,148.62149404246458
16666,-122.0,10.0,148.4854104205564
16667,-122.0,11.0,150.90410747019445
16668,-122.0,11.5,152.55101280873993
16669,-122.0,12.5,148.26804056973202
16670,-122.0,13.0,150.98491489290777
16671,-122.0,13.5,150.16028119085706
16672,-122.0,14.0,149.0522567399868
16673,-122.0,14.5,150.97430517723413
16674,-122.0,15.0,151.3098096714802
16675,-122.0,15.5,151.29879343227665
16676,-122.0,16.0,150.41695171674866
16677,-122.0,16.5,149.28920679112952
16678,-122.0,17.0,149.99699279384848
16679,-122.0,17.5,149.53959088714083
16680,-122.0,18.0,147.51583432568893
16681,-122.0,18.5,151.49407426835447
16682,-122.0,19.0,149.1510654441057
16683,-122.0,19.5,151.0575507719453
16684,-122.0,20.0,150.5071993478278
16685,-122.0,20.5,152.36800057281758
16686,-122.0,21.0,148.30109341584793
16687,-122.0,21.5,148.21974704631663
16688,-122.0,22.0,148.8435463210605
16689,-122.0,22.5,150.67512800005548
16690,-122.0,23.0,148.46651217124437
16691,-122.0,23.5,147.9490282515289
16692,-122.0,24.0,147.78769599416268
16693,-122.0,24.5,150.3686379564054
16694,-122.0,25.0,148.28013946938492
16695,-122.0,25.5,149.28564405756322
16696,-122.0,26.0,149.27344031213516
16697,-122.0,26.5,151.6335206927389
16698,-122.0,27.0,151.6182821244213
16699,-122.0,27.5,151.47248424566038
16700,-122.0,28.0,151.97246256080197
16701,-122.0,28.5,152.96032823995293
16702,-122.0,29.0,160.67800124928252
16703,-122.0,29.5,154.99797636637277
16704,-122.0,30.0,150.98792944177623
16705,-122.0,30.5,159.0827578999804
16706,-122.0,31.0,152.40127977379285
16707,-122.0,31.5,148.86677949345594
16708,-122.0,32.0,153.70929046002573
16709,-122.0,32.5,148.35359616416446
16710,-122.0,33.0,167.11421254500507
16711,-122.0,33.5,147.49410047462942
16712,-122.0,34.0,150.3058826314043
16713,-122.0,34.5,151.89321362325563
16714,-122.0,35.0,148.74027758010283
16715,-122.0,35.5,148.96665674278478
16716,-122.0,36.0,149.42715590963698
16717,-122.0,37.0,155.62093944739055
16718,-122.0,37.5,154.05627195050454
16719,-122.0,38.0,162.7646576765117
16720,-121.5,-40.5,160.59458235735926
16721,-121.5,-40.0,159.43563183269947
16722,-121.5,-37.0,148.06282068045542
16723,-121.5,-36.5,147.71234160795777
16724,-121.5,-36.0,147.45889746435736
16725,-121.5,-35.5,164.5042368005268
16726,-121.5,-35.0,155.52345403300504
16727,-121.5,-34.5,148.95074302511873
16728,-121.5,-34.0,153.51048307668438
16729,-121.5,-33.5,153.26252695576946
16730,-121.5,-33.0,152.4132538017471
16731,-121.5,-32.5,157.36946508835013
16732,-121.5,-32.0,149.6065829279613
16733,-121.5,-31.5,151.0558040710524
16734,-121.5,-31.0,150.12868439236598
16735,-121.5,-30.5,147.2252532098962
16736,-121.5,-30.0,150.09616536859605
16737,-121.5,-29.5,148.68350205192561
16738,-121.5,-29.0,147.0328834330245
16739,-121.5,-28.5,148.93363606091737
16740,-121.5,-28.0,150.51064823057936
16741,-121.5,-27.5,154.85660788727284
16742,-121.5,-27.0,149.68841345106514
16743,-121.5,-26.5,150.02147162293815
16744,-121.5,-26.0,148.95071385762324
16745,-121.5,-25.5,146.93499851714233
16746,-121.5,-25.0,147.17506516179327
16747,-121.5,-24.0,149.17026149945403
16748,-121.5,-23.5,149.57768718935424
16749,-121.5,-23.0,147.92436456011552
16750,-121.5,-22.5,147.6476169687638
16751,-121.5,-22.0,151.00867539093673
16752,-121.5,-21.5,148.96453458153343
16753,-121.5,-21.0,150.25227339986893
16754,-121.5,-20.5,147.3588293499003
16755,-121.5,-20.0,149.92716364086735
16756,-121.5,-19.5,150.1600449897195
16757,-121.5,-19.0,151.80288302790427
16758,-121.5,-18.5,151.02820526087805
16759,-121.5,-18.0,152.39344078438089
16760,-121.5,-17.5,150.3814931335068
16761,-121.5,-17.0,150.9331172454369
16762,-121.5,-16.5,150.57445839850126
16763,-121.5,-16.0,154.74132333899067
16764,-121.5,-15.5,149.43369812575716
16765,-121.5,-15.0,155.48850910709632
16766,-121.5,-14.5,151.40966775392107
16767,-121.5,-14.0,152.04985477896346
16768,-121.5,-13.5,153.7003166328393
16769,-121.5,-13.0,149.26463541720076
16770,-121.5,-12.5,153.4608571245825
16771,-121.5,-12.0,150.92278976916472
16772,-121.5,-11.5,154.414484693544
16773,-121.5,-11.0,152.5806199838631
16774,-121.5,-10.5,154.4374015526341
16775,-121.5,-10.0,153.34076499426948
16776,-121.5,-9.5,150.3751300859325
16777,-121.5,-8.5,151.06001601652864
16778,-121.5,-8.0,148.91233954422947
16779,-121.5,-7.5,151.72214872575097
16780,-121.5,-7.0,149.0113939858498
16781,-121.5,-6.5,149.18412070415692
16782,-121.5,-6.0,148.98816773765532
16783,-121.5,-5.5,151.69531449472947
16784,-121.5,-5.0,149.5991577683718
16785,-121.5,-4.5,149.31044985757245
16786,-121.5,-4.0,148.27695276721016
16787,-121.5,-3.5,148.6391009806863
16788,-121.5,-2.5,148.79224874543783
16789,-121.5,-2.0,150.72128727583612
16790,-121.5,-1.5,150.00160353734705
16791,-121.5,-0.5,148.76994197565966
16792,-121.5,0.0,150.70618731816387
16793,-121.5,0.5,148.926691162372
16794,-121.5,1.0,151.07926890781798
16795,-121.5,1.5,148.49208272315659
16796,-121.5,2.5,151.91803256416358
16797,-121.5,3.0,148.9714696205329
16798,-121.5,3.5,154.89941187307804
16799,-121.5,4.0,148.9565275462586
16800,-121.5,4.5,146.85431026499768
16801,-121.5,5.0,147.46285674520666
16802,-121.5,5.5,149.57825568142823
16803,-121.5,6.0,147.75644394912632
16804,-121.5,6.5,148.00920124896976
16805,-121.5,7.0,147.971396357796
16806,-121.5,7.5,149.39910415812562
16807,-121.5,8.0,147.24432038649417
16808,-121.5,8.5,150.3522902643084
16809,-121.5,9.0,149.65371777083493
16810,-121.5,9.5,148.68269937685452
16811,-121.5,10.0,148.1352902673889
16812,-121.5,11.0,151.18193163874375
16813,-121.5,11.5,152.38667143808823
16814,-121.5,12.0,150.2007911522547
16815,-121.5,12.5,149.64385567276673
16816,-121.5,13.0,149.61697878635954
16817,-121.5,13.5,149.37105987541537
16818,-121.5,14.0,150.8121489778766
16819,-121.5,14.5,150.47018498059984
16820,-121.5,15.0,151.0385881028957
16821,-121.5,15.5,150.9603255391935
16822,-121.5,16.0,149.838215064591
16823,-121.5,16.5,150.01832638229826
16824,-121.5,17.0,149.3771348578433
16825,-121.5,17.5,149.2900531174736
16826,-121.5,18.0,150.98678714817856
16827,-121.5,18.5,150.28919120871154
16828,-121.5,19.0,150.73488097628837
16829,-121.5,19.5,150.65753035405794
16830,-121.5,20.0,150.51109028289065
16831,-121.5,20.5,151.15938988322876
16832,-121.5,21.0,150.9425684272635
16833,-121.5,21.5,148.18131107157697
16834,-121.5,22.0,151.91252935586382
16835,-121.5,22.5,149.43510261956766
16836,-121.5,23.0,148.43654217307824
16837,-121.5,23.5,146.9866281521614
16838,-121.5,24.0,148.7661206630772
16839,-121.5,24.5,149.02807449917424
16840,-121.5,25.0,150.62917285935845
16841,-121.5,25.5,148.957104028168
16842,-121.5,26.0,148.4474849353944
16843,-121.5,26.5,152.3283825464495
16844,-121.5,27.0,150.08178880313363
16845,-121.5,27.5,152.94896920585975
16846,-121.5,28.0,150.94549768228006
16847,-121.5,28.5,155.50117452501323
16848,-121.5,29.0,153.10989080824504
16849,-121.5,29.5,155.86367475549187
16850,-121.5,30.0,146.58013705198752
16851,-121.5,30.5,157.33950219665786
16852,-121.5,31.0,154.1431887477226
16853,-121.5,31.5,150.81671110466016
16854,-121.5,32.0,151.99470627913976
16855,-121.5,32.5,149.0700061947239
16856,-121.5,33.0,158.26994186707816
16857,-121.5,33.5,147.71203458333414
16858,-121.5,34.0,152.65182970060147
16859,-121.5,34.5,151.48167695237663
16860,-121.5,35.0,149.17093905694105
16861,-121.5,35.5,149.9261359589623
16862,-121.5,36.0,149.37404674261083
16863,-121.5,37.0,150.35258398956566
16864,-121.5,37.5,152.86916136148966
16865,-121.5,38.0,162.844781428146
16866,-121.0,-40.0,160.26719560910857
16867,-121.0,-37.0,148.04382728252773
16868,-121.0,-36.5,147.9202587285597
16869,-121.0,-36.0,147.49155860110164
16870,-121.0,-35.5,163.84870420060025
16871,-121.0,-35.0,156.28699930472166
16872,-121.0,-34.5,153.50035471476215
16873,-121.0,-34.0,152.74135273415345
16874,-121.0,-33.5,154.66456630753794
16875,-121.0,-33.0,153.0551287822161
16876,-121.0,-32.5,155.7871501325195
16877,-121.0,-32.0,152.96979428415395
16878,-121.0,-31.5,149.64421871679622
16879,-121.0,-31.0,148.2097669830615
16880,-121.0,-30.5,150.89221588636914
16881,-121.0,-30.0,152.48737949805903
16882,-121.0,-29.5,148.31645031085276
16883,-121.0,-29.0,146.84195779082083
16884,-121.0,-28.5,149.6117425431799
16885,-121.0,-28.0,150.14129792577864
16886,-121.0,-27.5,154.90859175671
16887,-121.0,-27.0,153.72784303953932
16888,-121.0,-26.5,147.6820363825514
16889,-121.0,-26.0,149.6146174688317
16890,-121.0,-25.5,151.58304960912116
16891,-121.0,-25.0,147.0403140002807
16892,-121.0,-23.5,149.24839109950355
16893,-121.0,-23.0,146.19481472849552
16894,-121.0,-22.5,150.4303625928373
16895,-121.0,-22.0,158.95141516898195
16896,-121.0,-21.5,150.23899993287992
16897,-121.0,-21.0,149.57023459602692
16898,-121.0,-20.5,149.21993479497453
16899,-121.0,-20.0,147.29304991472415
16900,-121.0,-19.5,151.96188196420857
16901,-121.0,-19.0,150.7695478088497
16902,-121.0,-18.5,151.5835022358509
16903,-121.0,-18.0,150.9360735484757
16904,-121.0,-17.5,150.73336318782893
16905,-121.0,-17.0,152.49647618503707
16906,-121.0,-16.5,151.5120024092989
16907,-121.0,-16.0,153.50302368691598
16908,-121.0,-15.5,151.70471235985804
16909,-121.0,-15.0,155.76093560703436
16910,-121.0,-14.5,153.26980024652738
16911,-121.0,-14.0,151.81312887268464
16912,-121.0,-13.5,154.54618400034502
16913,-121.0,-13.0,152.84444927521685
16914,-121.0,-12.5,152.2630386526622
16915,-121.0,-12.0,155.94004716767276
16916,-121.0,-11.5,155.6601098267368
16917,-121.0,-11.0,154.01839064436584
16918,-121.0,-10.5,154.2524484176026
16919,-121.0,-10.0,152.18812784223687
16920,-121.0,-9.5,157.51980056319954
16921,-121.0,-8.5,153.44337763489864
16922,-121.0,-8.0,150.15750320291647
16923,-121.0,-7.5,149.39458876510574
16924,-121.0,-7.0,148.79629430817073
16925,-121.0,-6.5,148.80514846134804
16926,-121.0,-6.0,148.93408262578438
16927,-121.0,-5.5,150.54117838077215
16928,-121.0,-5.0,154.0965814948386
16929,-121.0,-4.5,150.17951823140086
16930,-121.0,-4.0,148.66481065072557
16931,-121.0,-3.5,148.4017121877242
16932,-121.0,-3.0,148.39693511055327
16933,-121.0,-2.5,149.34844155466172
16934,-121.0,-2.0,147.84023204370456
16935,-121.0,-1.5,149.79545390338987
16936,-121.0,-1.0,149.40860390697168
16937,-121.0,-0.5,150.2798459627698
16938,-121.0,0.0,148.40917665967294
16939,-121.0,0.5,148.3651765568995
16940,-121.0,1.0,149.39933009161206
16941,-121.0,1.5,152.29200847379707
16942,-121.0,2.0,148.65448833710838
16943,-121.0,2.5,151.68780678330623
16944,-121.0,3.0,149.92844305553223
16945,-121.0,3.5,149.93163486530233
16946,-121.0,4.0,150.4012181488379
16947,-121.0,4.5,148.2652715041981
16948,-121.0,5.5,148.22564712052977
16949,-121.0,6.0,148.26040671532556
16950,-121.0,6.5,146.91922430769796
16951,-121.0,7.0,148.0117224865774
16952,-121.0,7.5,148.750868704889
16953,-121.0,8.0,150.98486871813043
16954,-121.0,8.5,148.64805055060737
16955,-121.0,9.0,149.0470005789662
16956,-121.0,9.5,149.78741028133666
16957,-121.0,10.0,148.41193866343176
16958,-121.0,10.5,148.5837247990122
16959,-121.0,11.5,151.03612424086643
16960,-121.0,12.0,151.26596642000604
16961,-121.0,12.5,150.92958890545032
16962,-121.0,13.0,147.59309865483223
16963,-121.0,13.5,149.4144628721224
16964,-121.0,14.0,151.16624491973192
16965,-121.0,15.0,151.93972553600227
16966,-121.0,15.5,150.187547283036
16967,-121.0,16.0,149.89856978464854
16968,-121.0,16.5,150.88923181373397
16969,-121.0,17.0,149.32020402078524
16970,-121.0,17.5,148.9983596545117
16971,-121.0,18.0,149.9918928119107
16972,-121.0,18.5,149.54891929792606
16973,-121.0,19.0,151.16807258455188
16974,-121.0,19.5,149.21238416676255
16975,-121.0,20.0,150.0275396311817
16976,-121.0,20.5,149.16240009955334
16977,-121.0,21.0,151.49494642959826
16978,-121.0,21.5,148.22529157552097
16979,-121.0,22.0,151.36973508561306
16980,-121.0,22.5,149.41817970256218
16981,-121.0,23.0,147.58481697270716
16982,-121.0,23.5,148.04925465685454
16983,-121.0,24.0,148.0090641618486
16984,-121.0,24.5,148.8584718511304
16985,-121.0,25.0,150.86972563502206
16986,-121.0,25.5,147.85984509783435
16987,-121.0,26.0,147.86572451849904
16988,-121.0,26.5,149.3902234721903
16989,-121.0,27.0,150.14911283634746
16990,-121.0,27.5,153.61422602112071
16991,-121.0,28.0,151.16724451028642
16992,-121.0,28.5,154.34896484986245
16993,-121.0,29.0,152.90835712463274
16994,-121.0,29.5,153.663165222634
16995,-121.0,30.0,147.35052004806488
16996,-121.0,30.5,157.83288889602292
16997,-121.0,31.0,154.32894909469687
16998,-121.0,31.5,151.31772234453507
16999,-121.0,32.0,150.79435444888193
17000,-121.0,32.5,151.60407628588635
17001,-121.0,33.0,156.7798523290757
17002,-121.0,33.5,147.325072477703
17003,-121.0,34.0,154.23588143574372
17004,-121.0,34.5,151.62315096922663
17005,-121.0,35.0,150.587223708259
17006,-121.0,35.5,151.92478790406847
17007,-121.0,36.0,147.68415821793326
17008,-121.0,36.5,146.31046228089244
17009,-121.0,37.0,154.2435389127472
17010,-121.0,37.5,153.01077319859357
17011,-120.5,-40.0,160.64726795016267
17012,-120.5,-37.0,148.13987384665595
17013,-120.5,-36.5,148.08880847702943
17014,-120.5,-36.0,147.59080864971753
17015,-120.5,-35.5,167.64406182621988
17016,-120.5,-35.0,158.5618360122327
17017,-120.5,-34.5,153.17285297072934
17018,-120.5,-34.0,153.50412333425066
17019,-120.5,-33.5,154.8657067783942
17020,-120.5,-33.0,153.31274587629426
17021,-120.5,-32.5,154.478462712481
17022,-120.5,-32.0,154.41161186646252
17023,-120.5,-31.5,148.38349346072044
17024,-120.5,-31.0,147.90042158986026
17025,-120.5,-30.5,151.84584244069538
17026,-120.5,-30.0,149.59956690476034
17027,-120.5,-29.5,149.70851589122876
17028,-120.5,-29.0,147.58098828979206
17029,-120.5,-28.5,150.83386654017224
17030,-120.5,-28.0,149.8573562671021
17031,-120.5,-27.5,148.38208110992989
17032,-120.5,-27.0,158.71770799235455
17033,-120.5,-26.5,147.6362926060364
17034,-120.5,-26.0,150.22747173064823
17035,-120.5,-25.5,147.25677002292127
17036,-120.5,-25.0,147.19462640205717
17037,-120.5,-24.5,147.45548477822504
17038,-120.5,-24.0,149.34378804806937
17039,-120.5,-23.5,147.76770288019
17040,-120.5,-23.0,147.24830284977145
17041,-120.5,-22.5,149.1224217303466
17042,-120.5,-22.0,155.71432709237965
17043,-120.5,-21.5,155.2237618944501
17044,-120.5,-21.0,149.21009177940272
17045,-120.5,-20.5,150.97858017197666
17046,-120.5,-20.0,149.49320614082225
17047,-120.5,-19.5,148.1838151182728
17048,-120.5,-19.0,152.01919326634624
17049,-120.5,-18.5,152.35702846519655
17050,-120.5,-18.0,150.00932917536727
17051,-120.5,-17.5,151.61264735533473
17052,-120.5,-17.0,152.52392513014286
17053,-120.5,-16.5,151.18219916278665
17054,-120.5,-16.0,150.56785611061244
17055,-120.5,-15.5,157.90601915082172
17056,-120.5,-15.0,151.7940312008761
17057,-120.5,-14.5,153.15513662780938
17058,-120.5,-14.0,154.08142402931293
17059,-120.5,-13.5,151.1099268452947
17060,-120.5,-13.0,153.13056890988202
17061,-120.5,-12.5,149.14447728025118
17062,-120.5,-12.0,155.76529243453538
17063,-120.5,-11.0,152.12667848825694
17064,-120.5,-10.5,152.6253942560985
17065,-120.5,-10.0,154.8732280634737
17066,-120.5,-8.5,151.64089536427755
17067,-120.5,-8.0,151.89739627703386
17068,-120.5,-7.5,148.7203946365699
17069,-120.5,-7.0,148.69915374366974
17070,-120.5,-6.5,148.49137938093676
17071,-120.5,-6.0,148.74323700240348
17072,-120.5,-5.5,148.72735529335682
17073,-120.5,-5.0,151.650469731829
17074,-120.5,-4.0,150.32095213340463
17075,-120.5,-3.5,147.4902097535817
17076,-120.5,-3.0,148.24773518695932
17077,-120.5,-2.5,148.86105772756133
17078,-120.5,-2.0,147.72101295807903
17079,-120.5,-1.5,147.70657779506112
17080,-120.5,-1.0,149.688623222521
17081,-120.5,-0.5,148.96847294944064
17082,-120.5,0.0,148.79499376984833
17083,-120.5,0.5,147.25883078939023
17084,-120.5,1.0,148.41814479440535
17085,-120.5,1.5,151.94865748267782
17086,-120.5,2.0,150.7166845504278
17087,-120.5,2.5,148.55893356410644
17088,-120.5,3.0,149.18848877723138
17089,-120.5,3.5,148.2948168208002
17090,-120.5,4.0,149.25458805487142
17091,-120.5,4.5,150.16340186742545
17092,-120.5,5.5,147.5203241798332
17093,-120.5,6.0,147.91184448742544
17094,-120.5,6.5,148.24887789455215
17095,-120.5,7.0,146.71693950836482
17096,-120.5,7.5,149.54211678357902
17097,-120.5,8.0,150.38846786047444
17098,-120.5,8.5,148.09564100777592
17099,-120.5,9.0,148.1633499078065
17100,-120.5,9.5,150.15972640383754
17101,-120.5,10.5,148.801402158697
17102,-120.5,11.5,149.72630602351137
17103,-120.5,12.0,152.10715816348616
17104,-120.5,12.5,150.65530155406552
17105,-120.5,13.0,149.47798175902125
17106,-120.5,13.5,150.4114064450539
17107,-120.5,14.0,153.16872094419574
17108,-120.5,14.5,151.60877113768208
17109,-120.5,15.0,150.99871419559926
17110,-120.5,15.5,149.8852046282333
17111,-120.5,16.0,150.93641401693682
17112,-120.5,16.5,149.48297461323358
17113,-120.5,17.0,149.1714419415334
17114,-120.5,17.5,149.70717893704634
17115,-120.5,18.0,149.519645695928
17116,-120.5,18.5,152.47811990244867
17117,-120.5,19.0,151.51112632149528
17118,-120.5,19.5,149.9716904458813
17119,-120.5,20.0,149.13456087341345
17120,-120.5,20.5,149.73563081707576
17121,-120.5,21.0,150.70633359628917
17122,-120.5,21.5,153.3551739939858
17123,-120.5,22.0,149.69108825120676
17124,-120.5,22.5,149.67639544197473
17125,-120.5,23.0,147.51317900067403
17126,-120.5,23.5,150.56592381025675
17127,-120.5,24.0,147.90091949156306
17128,-120.5,24.5,148.31906768454263
17129,-120.5,25.0,150.9303531889538
17130,-120.5,25.5,147.15447356645424
17131,-120.5,26.0,147.22344483778087
17132,-120.5,26.5,148.54283706158762
17133,-120.5,27.0,152.1023377659456
17134,-120.5,27.5,152.88563560955868
17135,-120.5,28.0,154.60964571104114
17136,-120.5,28.5,153.7121835661515
17137,-120.5,29.0,152.1549801586153
17138,-120.5,29.5,152.59906025769004
17139,-120.5,30.0,151.45985653936776
17140,-120.5,30.5,153.94646136998387
17141,-120.5,31.0,155.5978356001958
17142,-120.5,31.5,157.97655446701293
17143,-120.5,32.0,149.51311838084192
17144,-120.5,32.5,148.90453287021018
17145,-120.5,33.0,151.33587131312916
17146,-120.5,33.5,147.64403969152588
17147,-120.5,34.0,154.1430243346046
17148,-120.5,34.5,151.67758086096188
17149,-120.5,35.0,150.2744583492446
17150,-120.5,35.5,148.76661706242322
17151,-120.5,36.0,146.59370169409024
17152,-120.5,36.5,145.6824854397376
17153,-120.5,37.0,154.703006212922
17154,-120.5,37.5,152.68219276189572
17155,-120.0,-40.0,161.036004000049
17156,-120.0,-37.5,171.75571877816236
17157,-120.0,-36.5,148.25227873794123
17158,-120.0,-36.0,147.63877007059162
17159,-120.0,-35.5,160.92843276347938
17160,-120.0,-35.0,159.02716578156708
17161,-120.0,-34.5,154.1781143760019
17162,-120.0,-34.0,154.01671570278367
17163,-120.0,-33.5,154.3349607580282
17164,-120.0,-33.0,153.6145618326757
17165,-120.0,-32.5,148.98039198599744
17166,-120.0,-32.0,153.02425440359409
17167,-120.0,-31.5,148.72814038838993
17168,-120.0,-31.0,148.15757446081136
17169,-120.0,-30.5,148.27262992924602
17170,-120.0,-30.0,150.42432445054317
17171,-120.0,-29.5,149.36932407924695
17172,-120.0,-29.0,148.55594638019835
17173,-120.0,-28.5,150.5869543906794
17174,-120.0,-28.0,149.66319742446953
17175,-120.0,-27.5,148.87895701067382
17176,-120.0,-27.0,154.29697121412985
17177,-120.0,-26.5,147.54860186813215
17178,-120.0,-26.0,149.07597269162912
17179,-120.0,-25.5,161.15595899960348
17180,-120.0,-25.0,147.93098843295903
17181,-120.0,-24.5,147.53967559714826
17182,-120.0,-24.0,149.28836708241104
17183,-120.0,-23.5,146.0195409870364
17184,-120.0,-23.0,149.99562002751992
17185,-120.0,-22.5,146.643906335215
17186,-120.0,-22.0,150.4660594177018
17187,-120.0,-21.5,171.6121665109929
17188,-120.0,-21.0,149.44111771602886
17189,-120.0,-20.5,150.12022524940414
17190,-120.0,-20.0,149.9610392361095
17191,-120.0,-19.5,150.60749780907946
17192,-120.0,-19.0,153.29785298087063
17193,-120.0,-18.5,150.81981063835684
17194,-120.0,-18.0,152.0164491286615
17195,-120.0,-17.5,151.3503079390881
17196,-120.0,-17.0,151.27316110897138
17197,-120.0,-16.5,151.93112248579374
17198,-120.0,-16.0,153.32566069250396
17199,-120.0,-15.5,154.5918080829558
17200,-120.0,-15.0,153.09896852266687
17201,-120.0,-14.5,153.58115372102208
17202,-120.0,-13.5,151.89216753457222
17203,-120.0,-13.0,152.78442961178126
17204,-120.0,-12.5,153.48742287544397
17205,-120.0,-12.0,150.9168414042206
17206,-120.0,-11.5,153.23216369509794
17207,-120.0,-11.0,150.36576000398534
17208,-120.0,-10.5,153.21270948659725
17209,-120.0,-10.0,152.54255589411446
17210,-120.0,-9.5,152.66169572428268
17211,-120.0,-9.0,151.33656393531558
17212,-120.0,-8.5,151.63511766987642
17213,-120.0,-8.0,149.63727569728866
17214,-120.0,-7.5,149.89649317537578
17215,-120.0,-7.0,148.78432135142572
17216,-120.0,-6.5,148.50422708281963
17217,-120.0,-6.0,148.70441783518902
17218,-120.0,-5.5,148.92983228597126
17219,-120.0,-5.0,149.28153515172687
17220,-120.0,-4.5,151.7617235394729
17221,-120.0,-4.0,147.39139811439284
17222,-120.0,-3.5,148.7564198604544
17223,-120.0,-3.0,147.70250850644842
17224,-120.0,-2.5,148.15290131812196
17225,-120.0,-2.0,146.61677189744134
17226,-120.0,-1.5,148.23845122848405
17227,-120.0,-1.0,150.77803872732665
17228,-120.0,-0.5,148.63757594377856
17229,-120.0,0.0,148.00343204285397
17230,-120.0,0.5,147.5088614735302
17231,-120.0,1.0,147.39196075654914
17232,-120.0,1.5,148.30287461641595
17233,-120.0,2.0,152.18381474927065
17234,-120.0,2.5,148.5282470389008
17235,-120.0,3.0,146.91437610394695
17236,-120.0,3.5,148.0645293773858
17237,-120.0,4.0,146.82490129751963
17238,-120.0,4.5,157.8989163904919
17239,-120.0,5.0,147.69895205832017
17240,-120.0,5.5,147.17711396551078
17241,-120.0,6.0,147.4823991283048
17242,-120.0,6.5,147.39800403553448
17243,-120.0,7.5,149.00457533991695
17244,-120.0,8.0,148.70986330352966
17245,-120.0,8.5,150.3485700623745
17246,-120.0,9.0,148.35279430171772
17247,-120.0,9.5,149.1902465745742
17248,-120.0,10.0,150.49297430125876
17249,-120.0,10.5,149.08197632047163
17250,-120.0,11.0,149.1812644413397
17251,-120.0,11.5,150.4555290723632
17252,-120.0,12.0,151.9177445028047
17253,-120.0,12.5,152.45097061974423
17254,-120.0,13.0,150.78480731368984
17255,-120.0,13.5,150.4945439885314
17256,-120.0,14.0,151.7482127101342
17257,-120.0,14.5,151.68112710130453
17258,-120.0,15.0,150.15591790649168
17259,-120.0,15.5,152.14553227680295
17260,-120.0,16.0,150.33158966173008
17261,-120.0,16.5,149.23328626379632
17262,-120.0,17.0,149.13326488018612
17263,-120.0,17.5,151.1970520190183
17264,-120.0,18.0,149.56282719494766
17265,-120.0,18.5,151.14979234349542
17266,-120.0,19.0,151.3849853958959
17267,-120.0,19.5,150.53627694000522
17268,-120.0,20.0,148.321315588627
17269,-120.0,20.5,149.5584426848358
17270,-120.0,21.0,150.30922272533044
17271,-120.0,21.5,151.8256485922977
17272,-120.0,22.0,149.2872555982691
17273,-120.0,22.5,148.4073785160563
17274,-120.0,23.0,150.56716368014486
17275,-120.0,23.5,148.6703290965361
17276,-120.0,24.0,146.54826422662595
17277,-120.0,24.5,149.3878324240486
17278,-120.0,25.0,149.18081063326795
17279,-120.0,25.5,147.448004683991
17280,-120.0,26.0,148.45666674921088
17281,-120.0,26.5,147.65433881056555
17282,-120.0,27.0,151.41110113588192
17283,-120.0,27.5,153.69269404903133
17284,-120.0,28.0,157.35455046723297
17285,-120.0,28.5,153.36753778420837
17286,-120.0,29.0,152.8055608821994
17287,-120.0,29.5,152.07600528097328
17288,-120.0,30.0,155.5869687858161
17289,-120.0,30.5,154.27412344781428
17290,-120.0,31.0,157.23899701735178
17291,-120.0,31.5,151.8715070684409
17292,-120.0,32.0,149.7062542492257
17293,-120.0,32.5,155.02817120103555
17294,-120.0,33.0,146.67878920328783
17295,-120.0,33.5,148.43618272833152
17296,-120.0,34.0,155.7115295528821
17297,-120.0,34.5,151.41146366034468
17298,-120.0,35.0,147.41021834969433
17299,-120.0,35.5,147.60298647804248
17300,-120.0,36.0,152.53746998329055
17301,-120.0,36.5,151.193359669992
17302,-120.0,37.0,152.05507492080508
17303,-120.0,37.5,149.35946599060674
17304,-119.5,-40.0,161.45291299466234
17305,-119.5,-37.5,170.5348243329408
17306,-119.5,-37.0,147.60306526785973
17307,-119.5,-36.5,148.49443000898475
17308,-119.5,-36.0,148.0782137608825
17309,-119.5,-35.5,155.05750356408782
17310,-119.5,-35.0,163.30952930197745
17311,-119.5,-34.5,154.0566395875912
17312,-119.5,-34.0,154.4340765588902
17313,-119.5,-33.5,154.8728441399394
17314,-119.5,-33.0,153.73989292984848
17315,-119.5,-32.5,148.6648915564439
17316,-119.5,-32.0,152.23776841187578
17317,-119.5,-31.5,148.82047267471847
17318,-119.5,-31.0,148.17358193041898
17319,-119.5,-30.5,148.40754819494293
17320,-119.5,-30.0,150.86779056029604
17321,-119.5,-29.5,149.08817053242893
17322,-119.5,-29.0,150.68412272809658
17323,-119.5,-28.5,149.33436304988072
17324,-119.5,-28.0,149.81135648504826
17325,-119.5,-27.5,149.00136927546583
17326,-119.5,-27.0,148.81989920256714
17327,-119.5,-26.5,148.02753307597987
17328,-119.5,-26.0,149.33388433266538
17329,-119.5,-25.5,158.5242366376231
17330,-119.5,-25.0,147.84771302686448
17331,-119.5,-24.5,148.02096232849263
17332,-119.5,-24.0,148.09867825541016
17333,-119.5,-23.5,151.30102669417118
17334,-119.5,-22.5,147.85852819802025
17335,-119.5,-22.0,151.1410488647088
17336,-119.5,-21.5,150.61469312079444
17337,-119.5,-21.0,157.1036221696582
17338,-119.5,-20.5,150.02988194022774
17339,-119.5,-20.0,151.75683424073333
17340,-119.5,-19.5,154.0748795916449
17341,-119.5,-19.0,150.6131945464579
17342,-119.5,-18.5,151.8748236939601
17343,-119.5,-18.0,152.48847486264393
17344,-119.5,-17.5,151.47446770001693
17345,-119.5,-17.0,150.8699501690954
17346,-119.5,-16.5,150.4173605552657
17347,-119.5,-16.0,154.51014393038122
17348,-119.5,-15.5,152.7281333325218
17349,-119.5,-15.0,155.02490693329264
17350,-119.5,-14.5,151.03783829679932
17351,-119.5,-14.0,151.526992146834
17352,-119.5,-13.5,152.07257404715804
17353,-119.5,-13.0,154.16756374301528
17354,-119.5,-12.5,155.928257537247
17355,-119.5,-12.0,151.77467684084056
17356,-119.5,-11.5,150.06013902852902
17357,-119.5,-11.0,150.55423519335744
17358,-119.5,-10.0,154.15668075500918
17359,-119.5,-9.5,151.85957526991854
17360,-119.5,-9.0,151.24893167366952
17361,-119.5,-8.5,148.6140011705011
17362,-119.5,-8.0,148.42281717663533
17363,-119.5,-7.5,151.0454112577492
17364,-119.5,-7.0,148.60181773940056
17365,-119.5,-6.5,148.6455930205446
17366,-119.5,-5.5,148.59042795879387
17367,-119.5,-5.0,149.18222522404844
17368,-119.5,-4.5,150.23518858555664
17369,-119.5,-4.0,147.5223422891985
17370,-119.5,-3.5,148.68590325211275
17371,-119.5,-3.0,149.1562406443342
17372,-119.5,-2.5,147.74601863909152
17373,-119.5,-2.0,147.9039446610516
17374,-119.5,-1.5,149.82875827652956
17375,-119.5,-1.0,148.34336856808983
17376,-119.5,-0.5,146.9578667308603
17377,-119.5,0.0,148.3032891664498
17378,-119.5,0.5,150.23999819634665
17379,-119.5,1.0,147.3477999387458
17380,-119.5,2.0,147.98208806902946
17381,-119.5,2.5,150.08106759092675
17382,-119.5,3.0,147.11521561428128
17383,-119.5,3.5,146.65007984096715
17384,-119.5,4.0,151.2528725063413
17385,-119.5,4.5,147.81457222344176
17386,-119.5,5.0,147.02395514384835
17387,-119.5,5.5,149.51792492319618
17388,-119.5,6.0,147.79766070838363
17389,-119.5,6.5,148.31339277390492
17390,-119.5,7.0,148.3710042375257
17391,-119.5,7.5,148.0286206083968
17392,-119.5,8.0,149.30880739838736
17393,-119.5,8.5,150.95014687256725
17394,-119.5,9.0,150.72783814981148
17395,-119.5,9.5,148.5008489183463
17396,-119.5,10.0,150.7569812284616
17397,-119.5,10.5,150.32589508265434
17398,-119.5,11.0,149.45550809314184
17399,-119.5,11.5,149.81925331134264
17400,-119.5,12.0,148.8185405809181
17401,-119.5,12.5,151.95484093400609
17402,-119.5,13.0,151.45877928250326
17403,-119.5,13.5,151.78314665026878
17404,-119.5,14.0,151.65309357189125
17405,-119.5,14.5,150.5857110186415
17406,-119.5,15.0,151.54932029388166
17407,-119.5,15.5,152.07489620027442
17408,-119.5,16.0,149.38357038339117
17409,-119.5,16.5,149.27036004356205
17410,-119.5,17.0,150.51682072133733
17411,-119.5,17.5,152.9299988069342
17412,-119.5,18.0,152.54099973412562
17413,-119.5,18.5,149.89940355587407
17414,-119.5,19.0,148.85801316182972
17415,-119.5,19.5,149.68510116397775
17416,-119.5,20.0,149.57208423308964
17417,-119.5,20.5,148.83031961711396
17418,-119.5,21.0,152.0154899465846
17419,-119.5,21.5,150.89955111139054
17420,-119.5,22.0,148.87917637748836
17421,-119.5,22.5,148.2055645075996
17422,-119.5,23.0,151.25848416906265
17423,-119.5,23.5,147.96444109074034
17424,-119.5,24.0,147.87996818911267
17425,-119.5,24.5,148.71501142204127
17426,-119.5,25.0,148.4170423183698
17427,-119.5,25.5,150.26925471161715
17428,-119.5,26.0,148.12749617957562
17429,-119.5,26.5,147.01390859036323
17430,-119.5,27.0,150.3873527411531
17431,-119.5,27.5,155.77264578237924
17432,-119.5,28.0,157.710347700089
17433,-119.5,28.5,153.8904688553965
17434,-119.5,29.0,151.50919962962027
17435,-119.5,29.5,152.01214672575802
17436,-119.5,30.0,150.84258609838707
17437,-119.5,30.5,155.5813350781414
17438,-119.5,31.0,156.01167854204164
17439,-119.5,31.5,152.70237092120732
17440,-119.5,32.0,151.00736779756522
17441,-119.5,32.5,155.08545001401342
17442,-119.5,33.0,147.0972457972534
17443,-119.5,33.5,150.29856061547764
17444,-119.5,34.0,156.06998600463393
17445,-119.5,34.5,148.9730787663978
17446,-119.5,35.0,149.08704594738512
17447,-119.5,35.5,152.48475367301594
17448,-119.5,36.0,153.86296436879115
17449,-119.5,36.5,153.98183204437714
17450,-119.5,37.0,148.09987769187262
17451,-119.5,37.5,148.68324238493096
17452,-119.0,-40.0,161.85685127414345
17453,-119.0,-37.5,168.04815017704064
17454,-119.0,-37.0,147.68338281974602
17455,-119.0,-36.5,148.6905497939445
17456,-119.0,-36.0,147.9470955433118
17457,-119.0,-35.5,152.54180876357282
17458,-119.0,-35.0,164.68277348602206
17459,-119.0,-34.5,155.19554892247928
17460,-119.0,-34.0,154.55148189295144
17461,-119.0,-33.5,154.5358462433521
17462,-119.0,-33.0,153.78172472344897
17463,-119.0,-32.5,149.08843395815856
17464,-119.0,-32.0,150.81967133997088
17465,-119.0,-31.5,149.4305917669774
17466,-119.0,-31.0,149.03723850962334
17467,-119.0,-30.5,148.91766903620808
17468,-119.0,-30.0,149.67887843773474
17469,-119.0,-29.5,149.19470649781317
17470,-119.0,-29.0,151.2307414102121
17471,-119.0,-28.5,148.45404569065875
17472,-119.0,-28.0,149.77668304789498
17473,-119.0,-27.5,149.91981724530893
17474,-119.0,-27.0,147.88535801736217
17475,-119.0,-26.5,156.1596483189399
17476,-119.0,-26.0,148.32697693093087
17477,-119.0,-25.5,155.35770856776986
17478,-119.0,-25.0,169.35829864055376
17479,-119.0,-24.5,148.64160005134403
17480,-119.0,-24.0,146.64471985480873
17481,-119.0,-23.5,154.36454721854176
17482,-119.0,-23.0,152.74932788877538
17483,-119.0,-22.5,148.2380640100592
17484,-119.0,-22.0,149.82547349034712
17485,-119.0,-21.5,148.73319430686425
17486,-119.0,-21.0,164.13758299187165
17487,-119.0,-20.5,150.64886186026675
17488,-119.0,-20.0,151.99435405922904
17489,-119.0,-19.5,154.4064369481097
17490,-119.0,-19.0,149.51464075975386
17491,-119.0,-18.5,153.40308410675286
17492,-119.0,-18.0,151.54512689848198
17493,-119.0,-17.5,153.57095735085858
17494,-119.0,-17.0,150.488601441509
17495,-119.0,-16.5,153.83343753546472
17496,-119.0,-16.0,154.346803199183
17497,-119.0,-15.5,152.5231118873344
17498,-119.0,-15.0,152.366079652351
17499,-119.0,-14.5,155.47699196117853
17500,-119.0,-14.0,151.5031018513331
17501,-119.0,-13.5,159.73392107580412
17502,-119.0,-13.0,157.21489341511486
17503,-119.0,-12.5,153.05433482765528
17504,-119.0,-12.0,152.20570624662395
17505,-119.0,-11.5,149.95762821421596
17506,-119.0,-11.0,149.36370737115402
17507,-119.0,-10.0,159.24913816661962
17508,-119.0,-9.5,152.8758265234505
17509,-119.0,-9.0,150.5004299981318
17510,-119.0,-8.5,148.3235411290566
17511,-119.0,-7.5,148.20921177241783
17512,-119.0,-7.0,149.57695007369028
17513,-119.0,-6.5,148.81115867244637
17514,-119.0,-6.0,148.8163395866617
17515,-119.0,-5.0,148.81216503644512
17516,-119.0,-4.5,148.22829287443216
17517,-119.0,-4.0,149.44825551675572
17518,-119.0,-3.0,150.11283933421512
17519,-119.0,-2.5,147.67362587046887
17520,-119.0,-2.0,148.50190952258723
17521,-119.0,-1.5,148.9147865841402
17522,-119.0,-1.0,147.5183563904892
17523,-119.0,-0.5,147.0589747431101
17524,-119.0,0.0,148.92458595492923
17525,-119.0,0.5,148.54783307118132
17526,-119.0,1.0,147.07632796937307
17527,-119.0,1.5,147.35760211890542
17528,-119.0,2.0,147.78807279023002
17529,-119.0,2.5,147.6934204568754
17530,-119.0,3.0,148.5023087194767
17531,-119.0,3.5,149.83648628072572
17532,-119.0,4.0,152.35655689425698
17533,-119.0,4.5,147.52106310030672
17534,-119.0,5.0,146.9692669239003
17535,-119.0,5.5,146.64862835112524
17536,-119.0,6.0,147.0696422940998
17537,-119.0,6.5,147.58762667464708
17538,-119.0,7.0,148.50919393275316
17539,-119.0,7.5,148.10001232074652
17540,-119.0,8.0,150.18124230357722
17541,-119.0,8.5,150.6852178044394
17542,-119.0,9.0,151.16891002404714
17543,-119.0,9.5,148.68122329138163
17544,-119.0,10.0,148.88645933484284
17545,-119.0,10.5,150.57159759832663
17546,-119.0,11.5,148.93737527045118
17547,-119.0,12.0,150.76725810721933
17548,-119.0,12.5,151.6695621622185
17549,-119.0,13.0,154.57220075823963
17550,-119.0,13.5,151.60232716166868
17551,-119.0,14.0,151.19107848409794
17552,-119.0,14.5,150.56309368589572
17553,-119.0,15.0,152.90758715189511
17554,-119.0,15.5,151.52187746731414
17555,-119.0,16.5,150.3172614979719
17556,-119.0,17.0,150.52034821649175
17557,-119.0,17.5,149.05795090353178
17558,-119.0,18.0,153.0304626202467
17559,-119.0,18.5,150.27616606816514
17560,-119.0,19.0,148.56350192187892
17561,-119.0,19.5,148.99933694035724
17562,-119.0,20.0,150.17606111521212
17563,-119.0,20.5,148.24562870689195
17564,-119.0,21.0,150.03653393164643
17565,-119.0,21.5,150.1870458877498
17566,-119.0,22.0,150.92825006770983
17567,-119.0,22.5,152.86310724495826
17568,-119.0,23.0,148.60607036326596
17569,-119.0,23.5,151.0372900732933
17570,-119.0,24.0,149.88852495214167
17571,-119.0,24.5,148.2804187382529
17572,-119.0,25.0,148.3235185842078
17573,-119.0,25.5,147.65620447783422
17574,-119.0,26.0,147.34536093445942
17575,-119.0,26.5,148.04259374326008
17576,-119.0,27.0,148.96969196488322
17577,-119.0,27.5,157.47299804790177
17578,-119.0,28.0,157.26789641031354
17579,-119.0,28.5,154.10217817791496
17580,-119.0,29.0,150.29576761011523
17581,-119.0,29.5,152.45888589986322
17582,-119.0,30.0,150.59357878022334
17583,-119.0,30.5,156.0508252374055
17584,-119.0,31.0,152.06953367655436
17585,-119.0,31.5,152.50441750685476
17586,-119.0,32.0,154.51184046940028
17587,-119.0,32.5,152.61265636831826
17588,-119.0,33.0,148.07636237241766
17589,-119.0,33.5,150.85897912266023
17590,-119.0,34.0,156.01018504460828
17591,-119.0,34.5,146.77864482086997
17592,-119.0,35.0,150.21522926516826
17593,-119.0,35.5,148.4652716022828
17594,-119.0,36.0,150.5602170172742
17595,-119.0,36.5,147.9305112263832
17596,-119.0,37.0,149.14384009663138
17597,-118.5,-40.0,162.35827634066413
17598,-118.5,-37.5,165.6828711294034
17599,-118.5,-37.0,147.9966380631128
17600,-118.5,-36.5,148.59719593825588
17601,-118.5,-36.0,148.37627501850153
17602,-118.5,-35.5,156.14842623813493
17603,-118.5,-35.0,160.5186603447171
17604,-118.5,-34.5,155.9208399367062
17605,-118.5,-34.0,155.29482528477874
17606,-118.5,-33.5,155.96557763286623
17607,-118.5,-33.0,151.85401608485742
17608,-118.5,-32.5,149.12813822705576
17609,-118.5,-32.0,149.9718754417005
17610,-118.5,-31.5,150.08087370527335
17611,-118.5,-31.0,149.35800558763327
17612,-118.5,-30.5,149.45026494220457
17613,-118.5,-30.0,150.81935673554125
17614,-118.5,-29.5,151.17324869631003
17615,-118.5,-29.0,148.14436810759165
17616,-118.5,-28.5,147.03771841709934
17617,-118.5,-28.0,150.8133845349169
17618,-118.5,-27.5,150.2966941259836
17619,-118.5,-27.0,147.71617689948638
17620,-118.5,-26.5,164.48523656474228
17621,-118.5,-26.0,147.22446038363213
17622,-118.5,-25.5,149.52919015760108
17623,-118.5,-25.0,163.53165626028058
17624,-118.5,-24.5,149.4058936203657
17625,-118.5,-24.0,146.52222683024118
17626,-118.5,-23.5,147.3839231577677
17627,-118.5,-23.0,153.48401667194906
17628,-118.5,-22.0,147.26051028656835
17629,-118.5,-21.5,152.72005199748062
17630,-118.5,-21.0,148.76148695968084
17631,-118.5,-20.5,154.47751952812163
17632,-118.5,-20.0,151.16030416983358
17633,-118.5,-19.5,150.76336305490858
17634,-118.5,-19.0,153.48027602983578
17635,-118.5,-18.5,148.05496299037446
17636,-118.5,-18.0,152.36021749072043
17637,-118.5,-17.5,150.8929268041253
17638,-118.5,-17.0,150.8811264424374
17639,-118.5,-16.5,158.2515924035969
17640,-118.5,-16.0,153.7422423146243
17641,-118.5,-15.5,152.63324948876794
17642,-118.5,-15.0,151.6454823063985
17643,-118.5,-14.5,153.62997851426502
17644,-118.5,-14.0,151.73041442319754
17645,-118.5,-13.5,155.36600858887184
17646,-118.5,-12.5,152.44798031583707
17647,-118.5,-12.0,150.91910035348903
17648,-118.5,-11.5,154.18592346436492
17649,-118.5,-11.0,149.6967600873552
17650,-118.5,-10.0,151.632550729732
17651,-118.5,-9.5,154.21497212180077
17652,-118.5,-9.0,149.943011970411
17653,-118.5,-8.5,149.81165524033594
17654,-118.5,-8.0,148.18171635233125
17655,-118.5,-7.5,148.25600706090037
17656,-118.5,-7.0,149.9396738864928
17657,-118.5,-6.5,149.72812951994794
17658,-118.5,-6.0,148.80889084853487
17659,-118.5,-5.0,147.2251020727087
17660,-118.5,-4.5,148.23947604950772
17661,-118.5,-4.0,149.432328019185
17662,-118.5,-3.5,149.98231439815376
17663,-118.5,-3.0,146.29491917693107
17664,-118.5,-2.5,149.19967259127836
17665,-118.5,-2.0,147.90444899741456
17666,-118.5,-1.5,148.224091516922
17667,-118.5,-1.0,146.75016797544146
17668,-118.5,-0.5,147.2424515151167
17669,-118.5,0.0,147.4073383282023
17670,-118.5,0.5,147.83146001467503
17671,-118.5,1.0,149.48460500515534
17672,-118.5,1.5,147.72946562104704
17673,-118.5,2.0,146.96809034120247
17674,-118.5,2.5,147.17339176271108
17675,-118.5,3.0,151.14776985074883
17676,-118.5,3.5,149.48788438105512
17677,-118.5,4.0,150.07150726316127
17678,-118.5,4.5,147.35887265161594
17679,-118.5,5.0,147.03347085263218
17680,-118.5,5.5,146.42566608860156
17681,-118.5,6.5,150.50683905956745
17682,-118.5,7.0,148.25330921811326
17683,-118.5,7.5,148.9832023104513
17684,-118.5,8.5,150.38901793571804
17685,-118.5,9.0,151.5207479013474
17686,-118.5,9.5,151.45127989217715
17687,-118.5,10.0,149.51529630290997
17688,-118.5,11.0,149.70373995584055
17689,-118.5,11.5,149.91149109695462
17690,-118.5,12.0,150.80088312794422
17691,-118.5,12.5,150.76743486634308
17692,-118.5,13.0,153.23054044289964
17693,-118.5,13.5,153.46494201221756
17694,-118.5,14.0,150.9461608331622
17695,-118.5,14.5,154.2056789783937
17696,-118.5,15.0,152.97182396993222
17697,-118.5,15.5,151.58916397915152
17698,-118.5,16.0,151.54768582941432
17699,-118.5,16.5,151.45096473564297
17700,-118.5,17.0,149.19403936490707
17701,-118.5,17.5,149.07567283151096
17702,-118.5,18.0,153.19952713013504
17703,-118.5,18.5,152.5459015975701
17704,-118.5,19.0,148.96859716341189
17705,-118.5,19.5,148.0074233649366
17706,-118.5,20.0,149.37228781501676
17707,-118.5,20.5,149.36801242837706
17708,-118.5,21.0,149.6056059844578
17709,-118.5,21.5,148.76293360200108
17710,-118.5,22.0,150.54273785001538
17711,-118.5,22.5,153.3558805833521
17712,-118.5,23.0,148.27088284265622
17713,-118.5,23.5,150.703334582002
17714,-118.5,24.0,148.43659454165558
17715,-118.5,24.5,147.90699614274598
17716,-118.5,25.0,148.61117675973077
17717,-118.5,25.5,149.40857304799624
17718,-118.5,26.0,146.53647494278505
17719,-118.5,26.5,148.28715090094994
17720,-118.5,27.0,148.55059482101382
17721,-118.5,27.5,155.9365522790642
17722,-118.5,28.0,153.61397458775113
17723,-118.5,28.5,154.3172998771651
17724,-118.5,29.0,150.5483554680463
17725,-118.5,29.5,152.8880263547204
17726,-118.5,30.0,152.48709634785317
17727,-118.5,30.5,152.2143071296553
17728,-118.5,31.0,152.22639667430312
17729,-118.5,31.5,152.43314482949637
17730,-118.5,32.0,156.48868853819397
17731,-118.5,32.5,149.09993587230798
17732,-118.5,33.0,150.6019218950585
17733,-118.5,33.5,150.7695745895104
17734,-118.5,34.0,155.31099559541042
17735,-118.5,34.5,147.87867311899757
17736,-118.5,35.0,150.0842774439643
17737,-118.5,35.5,148.81945289273884
17738,-118.5,36.0,146.02610117074144
17739,-118.5,36.5,145.3768944500247
17740,-118.5,37.0,149.60906245115993
17741,-118.0,-40.0,162.4876272053372
17742,-118.0,-37.5,163.79835475785453
17743,-118.0,-37.0,148.42971006201287
17744,-118.0,-36.5,149.36635396597288
17745,-118.0,-36.0,150.3953749328398
17746,-118.0,-35.5,155.12563426104987
17747,-118.0,-34.5,154.749191992748
17748,-118.0,-34.0,155.58677742112872
17749,-118.0,-33.5,156.80343358718818
17750,-118.0,-33.0,149.77267203766553
17751,-118.0,-32.5,150.67088574526164
17752,-118.0,-32.0,149.63802966105374
17753,-118.0,-31.5,151.45709815088543
17754,-118.0,-31.0,149.38562214658094
17755,-118.0,-30.5,149.02407201240354
17756,-118.0,-30.0,148.65602888016616
17757,-118.0,-29.5,151.69883562176994
17758,-118.0,-29.0,147.86373253224363
17759,-118.0,-28.5,147.1130710448641
17760,-118.0,-28.0,151.12312386126806
17761,-118.0,-27.5,149.35460153054896
17762,-118.0,-27.0,148.84634544139428
17763,-118.0,-26.5,157.0164248199803
17764,-118.0,-26.0,146.7809821976728
17765,-118.0,-25.5,150.14580509795363
17766,-118.0,-25.0,154.8392205064163
17767,-118.0,-24.5,145.9983052450081
17768,-118.0,-24.0,147.0624544265589
17769,-118.0,-23.5,146.8771760546916
17770,-118.0,-23.0,149.48618172356458
17771,-118.0,-22.5,158.89345433097168
17772,-118.0,-22.0,147.78603083377976
17773,-118.0,-21.5,151.20050932479813
17774,-118.0,-21.0,151.06021380710257
17775,-118.0,-20.5,153.61258837157862
17776,-118.0,-20.0,151.85408204127123
17777,-118.0,-19.5,151.69699351446886
17778,-118.0,-19.0,153.6582249339056
17779,-118.0,-18.5,150.72092219657173
17780,-118.0,-18.0,149.81651549088218
17781,-118.0,-17.5,150.97624344862345
17782,-118.0,-17.0,152.80083530955505
17783,-118.0,-16.5,154.34212631042274
17784,-118.0,-16.0,152.16535563444276
17785,-118.0,-15.5,151.7341911738285
17786,-118.0,-15.0,152.80116194583815
17787,-118.0,-14.5,153.0047632622969
17788,-118.0,-14.0,160.08931219507275
17789,-118.0,-13.5,154.37287197953202
17790,-118.0,-13.0,150.28777299141976
17791,-118.0,-12.5,150.40261074598482
17792,-118.0,-12.0,151.20318893437235
17793,-118.0,-11.5,157.1305107624465
17794,-118.0,-11.0,153.20534156140104
17795,-118.0,-10.5,149.06990855067198
17796,-118.0,-10.0,151.669246903718
17797,-118.0,-9.5,147.98186661526321
17798,-118.0,-9.0,150.97203311220846
17799,-118.0,-8.5,151.09093100639586
17800,-118.0,-8.0,148.638471619838
17801,-118.0,-6.5,149.4248229803615
17802,-118.0,-6.0,148.88568983819272
17803,-118.0,-5.5,148.57869566157134
17804,-118.0,-5.0,147.05041176138323
17805,-118.0,-4.5,148.49661426365586
17806,-118.0,-4.0,149.04846786205272
17807,-118.0,-3.5,148.95935873587862
17808,-118.0,-3.0,147.9643093413265
17809,-118.0,-2.5,149.0624550135429
17810,-118.0,-2.0,149.0187636950265
17811,-118.0,-1.5,146.73690025778612
17812,-118.0,-1.0,148.7161230316108
17813,-118.0,0.0,147.02876624142016
17814,-118.0,1.0,148.17289055569614
17815,-118.0,1.5,149.13286129951265
17816,-118.0,2.0,147.4114044193205
17817,-118.0,2.5,147.43693037553908
17818,-118.0,3.0,148.132697001609
17819,-118.0,3.5,150.4675567339939
17820,-118.0,4.0,147.62089927987932
17821,-118.0,4.5,147.53125323242193
17822,-118.0,5.0,147.90932303065586
17823,-118.0,5.5,147.51357031465778
17824,-118.0,6.0,148.12180409324645
17825,-118.0,6.5,150.33239632675708
17826,-118.0,7.0,153.1431165232451
17827,-118.0,7.5,149.00487916556347
17828,-118.0,8.0,148.35825916093603
17829,-118.0,8.5,150.40505489453858
17830,-118.0,9.0,150.67491627443596
17831,-118.0,9.5,150.71074639639136
17832,-118.0,10.0,150.0553861723989
17833,-118.0,10.5,149.0158925632722
17834,-118.0,11.0,150.6085465328918
17835,-118.0,11.5,151.45844554044504
17836,-118.0,12.0,150.81739794877024
17837,-118.0,13.0,152.5182619781809
17838,-118.0,13.5,153.6016445482457
17839,-118.0,14.0,151.3331415985735
17840,-118.0,14.5,153.33393634380957
17841,-118.0,16.0,152.18064751743563
17842,-118.0,16.5,150.87084126129653
17843,-118.0,17.0,149.851740872159
17844,-118.0,17.5,151.47742903097816
17845,-118.0,18.0,149.62470097135
17846,-118.0,18.5,152.73957596999702
17847,-118.0,19.0,149.456511754353
17848,-118.0,19.5,148.45357424374885
17849,-118.0,20.0,147.45286156719112
17850,-118.0,20.5,151.2716308739403
17851,-118.0,21.0,148.45142225295652
17852,-118.0,21.5,148.79909130291702
17853,-118.0,22.0,151.026418927112
17854,-118.0,22.5,148.6311852879524
17855,-118.0,23.0,151.6563770031593
17856,-118.0,23.5,149.71593014000263
17857,-118.0,24.0,148.60519206265266
17858,-118.0,24.5,148.06470114683816
17859,-118.0,25.0,147.77502760966738
17860,-118.0,25.5,148.84091566878152
17861,-118.0,26.0,146.86739544750256
17862,-118.0,26.5,147.40757483270437
17863,-118.0,27.0,149.15887420410394
17864,-118.0,27.5,150.61847313082254
17865,-118.0,28.0,154.35237353117398
17866,-118.0,28.5,154.50515726814976
17867,-118.0,29.0,151.91530508101388
17868,-118.0,29.5,154.44181196840026
17869,-118.0,30.0,153.746271664551
17870,-118.0,30.5,149.04941235441268
17871,-118.0,31.0,156.18337635387323
17872,-118.0,31.5,152.46750979292204
17873,-118.0,32.0,155.61413883949166
17874,-118.0,32.5,151.19270676303168
17875,-118.0,33.0,152.76005431045505
17876,-118.0,33.5,150.35472199622905
17877,-118.0,34.0,152.1428252953055
17878,-118.0,34.5,150.1611875201506
17879,-118.0,35.0,154.12455561547847
17880,-118.0,35.5,148.69077667532576
17881,-118.0,36.0,149.8543780546911
17882,-118.0,36.5,149.59755871148027
17883,-118.0,37.0,151.10823949791896
17884,-117.5,-40.0,163.53709060339472
17885,-117.5,-37.5,161.7787115804644
17886,-117.5,-37.0,148.48713718431836
17887,-117.5,-36.5,149.27263477156032
17888,-117.5,-36.0,152.3999273953059
17889,-117.5,-35.5,151.31019533253038
17890,-117.5,-35.0,151.15251612272166
17891,-117.5,-34.5,155.31050536301618
17892,-117.5,-34.0,155.09638976630117
17893,-117.5,-33.5,157.55158268299175
17894,-117.5,-33.0,152.9483819262779
17895,-117.5,-32.5,151.40446985570296
17896,-117.5,-32.0,149.672855874753
17897,-117.5,-31.5,150.75021923861584
17898,-117.5,-31.0,149.94031877858677
17899,-117.5,-30.5,147.8850356758679
17900,-117.5,-30.0,150.14781200852173
17901,-117.5,-29.5,149.03612608701874
17902,-117.5,-29.0,149.08077512234823
17903,-117.5,-28.5,147.3390299212713
17904,-117.5,-28.0,151.14042560918853
17905,-117.5,-27.5,149.1425079598307
17906,-117.5,-27.0,150.0299283076144
17907,-117.5,-26.5,150.7336222787382
17908,-117.5,-26.0,173.52753488433652
17909,-117.5,-25.5,150.91602255089143
17910,-117.5,-25.0,149.13409202190255
17911,-117.5,-24.5,146.41369680486747
17912,-117.5,-24.0,147.5847734193718
17913,-117.5,-23.5,146.76615960689375
17914,-117.5,-23.0,147.137537638027
17915,-117.5,-22.5,155.4448671383451
17916,-117.5,-22.0,151.31413367410775
17917,-117.5,-21.5,149.52610377364832
17918,-117.5,-21.0,153.09303347329484
17919,-117.5,-20.5,150.6516434170456
17920,-117.5,-20.0,153.04910615551486
17921,-117.5,-19.5,151.44026653655416
17922,-117.5,-18.5,152.13591164380776
17923,-117.5,-18.0,149.28175961035188
17924,-117.5,-17.5,151.95170193736715
17925,-117.5,-17.0,155.00974331381812
17926,-117.5,-16.5,154.1344034408717
17927,-117.5,-16.0,151.42994716177301
17928,-117.5,-15.5,151.09279043036958
17929,-117.5,-15.0,153.18434024202182
17930,-117.5,-14.5,153.1854388391733
17931,-117.5,-14.0,157.80647799241038
17932,-117.5,-13.5,157.93292607113253
17933,-117.5,-13.0,150.20658844618023
17934,-117.5,-12.5,150.53989638348992
17935,-117.5,-11.0,158.9072700574283
17936,-117.5,-10.5,151.19921146295562
17937,-117.5,-10.0,149.42876628925652
17938,-117.5,-9.5,151.887461702877
17939,-117.5,-9.0,153.7289789024808
17940,-117.5,-8.5,150.0315644973708
17941,-117.5,-8.0,150.34545623928597
17942,-117.5,-7.5,149.42331849699855
17943,-117.5,-7.0,156.4037923952391
17944,-117.5,-6.0,148.8128316239013
17945,-117.5,-5.5,147.7044926493512
17946,-117.5,-5.0,148.35877449170863
17947,-117.5,-4.0,148.69155168955032
17948,-117.5,-3.5,148.34881053430522
17949,-117.5,-3.0,149.25713340223348
17950,-117.5,-2.5,148.57540820899925
17951,-117.5,-2.0,146.80683224473268
17952,-117.5,-1.5,148.24676730476963
17953,-117.5,-1.0,148.0620198480192
17954,-117.5,-0.5,148.40456138206207
17955,-117.5,0.0,146.8853791373059
17956,-117.5,0.5,147.43741761031188
17957,-117.5,1.0,148.0809450477117
17958,-117.5,1.5,147.86914054473507
17959,-117.5,2.0,148.69388930636939
17960,-117.5,2.5,147.64629331121077
17961,-117.5,3.0,149.1005495184071
17962,-117.5,3.5,148.1556293650941
17963,-117.5,4.0,150.26329986376183
17964,-117.5,4.5,147.61525523496897
17965,-117.5,5.0,150.9643116395854
17966,-117.5,5.5,148.87306495849003
17967,-117.5,6.0,150.9290494077046
17968,-117.5,6.5,147.66676272214693
17969,-117.5,7.0,153.72804410287074
17970,-117.5,7.5,150.59375456090288
17971,-117.5,8.0,149.3462992917937
17972,-117.5,9.0,150.8721294342318
17973,-117.5,9.5,150.60648083436251
17974,-117.5,10.5,148.4718245427271
17975,-117.5,11.0,151.3888891752844
17976,-117.5,11.5,151.62220638453692
17977,-117.5,12.5,151.46500851600348
17978,-117.5,13.0,150.95857974681564
17979,-117.5,13.5,152.8160326342901
17980,-117.5,14.0,155.5476115842359
17981,-117.5,14.5,152.2720406232974
17982,-117.5,15.0,152.00190990677896
17983,-117.5,16.0,151.73025920494567
17984,-117.5,16.5,151.23514626298893
17985,-117.5,17.0,150.55773327714954
17986,-117.5,17.5,151.46687980584102
17987,-117.5,18.0,153.46935904760466
17988,-117.5,18.5,151.0745117552735
17989,-117.5,19.0,150.60842660961123
17990,-117.5,19.5,149.1453506363179
17991,-117.5,20.0,149.259285249619
17992,-117.5,20.5,150.8187052657784
17993,-117.5,21.0,149.29542999397094
17994,-117.5,21.5,148.92515784065634
17995,-117.5,22.0,150.31151143320318
17996,-117.5,22.5,149.37276499275288
17997,-117.5,23.0,151.037450521665
17998,-117.5,23.5,148.21410896957624
17999,-117.5,24.0,148.14123531906048
18000,-117.5,24.5,148.43646250996682
18001,-117.5,25.0,147.60977593490585
18002,-117.5,25.5,148.3472894498413
18003,-117.5,26.0,149.35882789973223
18004,-117.5,26.5,146.51626256557765
18005,-117.5,27.0,149.71585566802432
18006,-117.5,27.5,149.1867925647439
18007,-117.5,28.0,155.1285066494335
18008,-117.5,28.5,155.03056602068696
18009,-117.5,29.0,156.621560244042
18010,-117.5,29.5,153.09131352408835
18011,-117.5,30.0,155.363103138278
18012,-117.5,30.5,148.4061209341509
18013,-117.5,31.0,152.01985690829687
18014,-117.5,31.5,156.74483668147292
18015,-117.5,32.0,155.48318859789103
18016,-117.5,32.5,154.84338594679986
18017,-117.5,33.0,152.31051741161187
18018,-117.5,33.5,149.40748732796874
18019,-117.5,34.0,152.98917014508586
18020,-117.5,34.5,149.97602000014217
18021,-117.5,35.0,151.85283255620246
18022,-117.5,35.5,149.5624473636318
18023,-117.5,36.0,152.1305724750505
18024,-117.5,36.5,148.03448808661696
18025,-117.5,37.0,151.04842855067832
18026,-117.0,-40.0,165.15103170785036
18027,-117.0,-39.5,163.83974414616486
18028,-117.0,-37.5,160.6290711992016
18029,-117.0,-37.0,148.49657914304947
18030,-117.0,-36.5,149.53689644671886
18031,-117.0,-36.0,151.33368556770748
18032,-117.0,-35.5,151.4932231498911
18033,-117.0,-35.0,152.07659064076987
18034,-117.0,-34.5,155.3377737314318
18035,-117.0,-34.0,154.59551268641894
18036,-117.0,-33.5,155.64800749696548
18037,-117.0,-33.0,154.30437304126124
18038,-117.0,-32.5,151.6406450597918
18039,-117.0,-32.0,150.1714489302221
18040,-117.0,-31.5,150.82131422516017
18041,-117.0,-31.0,150.43547867857805
18042,-117.0,-30.5,148.1233781635577
18043,-117.0,-30.0,150.86259711791135
18044,-117.0,-29.5,148.2391135697755
18045,-117.0,-29.0,149.6139720861285
18046,-117.0,-28.0,151.56907142732678
18047,-117.0,-27.5,150.1620839907865
18048,-117.0,-27.0,150.23138544961833
18049,-117.0,-26.5,149.09328938944128
18050,-117.0,-26.0,157.00788316490474
18051,-117.0,-25.5,150.39461185512442
18052,-117.0,-25.0,148.65458854780564
18053,-117.0,-24.5,148.070884590896
18054,-117.0,-24.0,171.68462290109733
18055,-117.0,-23.5,147.10419855435245
18056,-117.0,-23.0,147.1066139018205
18057,-117.0,-22.5,147.70102705743983
18058,-117.0,-22.0,155.13836250274386
18059,-117.0,-21.5,153.35341880201588
18060,-117.0,-21.0,151.91545448869928
18061,-117.0,-20.5,150.62335636017318
18062,-117.0,-20.0,151.46625336626238
18063,-117.0,-19.5,153.32630572329495
18064,-117.0,-19.0,150.85161676135843
18065,-117.0,-18.5,150.78162174719967
18066,-117.0,-18.0,150.2169252354067
18067,-117.0,-17.5,151.29746426687987
18068,-117.0,-17.0,156.32037234087025
18069,-117.0,-16.5,151.28609913839927
18070,-117.0,-16.0,151.34828221458818
18071,-117.0,-15.5,152.53748859251704
18072,-117.0,-15.0,152.69404926984294
18073,-117.0,-14.5,157.27241256641085
18074,-117.0,-14.0,153.1142955733947
18075,-117.0,-13.5,151.03687088638006
18076,-117.0,-13.0,150.56131945427364
18077,-117.0,-12.5,150.71869442220742
18078,-117.0,-12.0,151.32865776532336
18079,-117.0,-11.0,151.7707828810073
18080,-117.0,-10.5,154.03673142022132
18081,-117.0,-10.0,149.48147705081058
18082,-117.0,-9.5,157.89090096481857
18083,-117.0,-9.0,153.2993680216979
18084,-117.0,-8.5,151.51290847877624
18085,-117.0,-8.0,150.5298829001386
18086,-117.0,-7.5,149.04344223006518
18087,-117.0,-6.0,147.3722979081052
18088,-117.0,-5.5,148.01028213945753
18089,-117.0,-5.0,148.87125568612876
18090,-117.0,-4.5,148.87704618349764
18091,-117.0,-4.0,146.83095942022794
18092,-117.0,-3.5,149.16653016643096
18093,-117.0,-3.0,149.36261320181748
18094,-117.0,-2.5,148.31368016542055
18095,-117.0,-2.0,146.422730884477
18096,-117.0,-1.5,150.21895021871916
18097,-117.0,-1.0,148.17275963211063
18098,-117.0,-0.5,147.89395103806498
18099,-117.0,0.0,149.26118307422195
18100,-117.0,0.5,147.85153705508486
18101,-117.0,1.0,147.49637197308866
18102,-117.0,1.5,147.59848867852187
18103,-117.0,2.0,148.7258109320832
18104,-117.0,2.5,149.94748056674814
18105,-117.0,3.0,147.96768515292447
18106,-117.0,3.5,147.59283500822602
18107,-117.0,4.0,149.20451011810746
18108,-117.0,4.5,146.8108110755534
18109,-117.0,5.0,148.34495497690676
18110,-117.0,5.5,149.93367620462064
18111,-117.0,6.0,148.57690396156462
18112,-117.0,6.5,155.72942122421904
18113,-117.0,7.0,153.50918075691183
18114,-117.0,7.5,153.39954065955334
18115,-117.0,8.0,150.0545952757273
18116,-117.0,8.5,148.96492994764324
18117,-117.0,9.0,151.18482079516681
18118,-117.0,10.0,147.94698733744937
18119,-117.0,10.5,152.22233922251618
18120,-117.0,11.0,150.54212767418892
18121,-117.0,11.5,150.87395515231964
18122,-117.0,12.0,151.425370111822
18123,-117.0,12.5,151.36171755540684
18124,-117.0,13.0,150.38262277911159
18125,-117.0,13.5,156.28595090150392
18126,-117.0,14.0,155.53205316014785
18127,-117.0,15.0,152.02081729789072
18128,-117.0,15.5,152.90735201387577
18129,-117.0,16.0,150.64246975477957
18130,-117.0,16.5,150.3918645411182
18131,-117.0,17.0,154.87105944229768
18132,-117.0,17.5,148.4119543547355
18133,-117.0,18.0,148.771896425823
18134,-117.0,18.5,151.83345629148744
18135,-117.0,19.0,150.77853560088425
18136,-117.0,19.5,149.9102518288858
18137,-117.0,20.0,150.4122832693465
18138,-117.0,20.5,148.53461264354496
18139,-117.0,21.0,149.6705689438129
18140,-117.0,21.5,149.1190440488467
18141,-117.0,22.0,148.36009506180287
18142,-117.0,22.5,150.51744344003725
18143,-117.0,23.0,151.05852784692766
18144,-117.0,23.5,148.09203495591984
18145,-117.0,24.0,147.56060230794924
18146,-117.0,24.5,149.0375973442709
18147,-117.0,25.0,146.90616976461598
18148,-117.0,25.5,148.4889283190725
18149,-117.0,26.0,148.4616054247289
18150,-117.0,26.5,144.4770724555339
18151,-117.0,27.0,149.02333096673362
18152,-117.0,27.5,148.84797947165214
18153,-117.0,28.0,149.60715543671148
18154,-117.0,28.5,156.08802143342388
18155,-117.0,29.0,154.66215848310839
18156,-117.0,29.5,153.41850203255257
18157,-117.0,30.0,156.56571452699714
18158,-117.0,30.5,148.40607576502427
18159,-117.0,31.0,149.38732317477806
18160,-117.0,31.5,159.45944546504919
18161,-117.0,32.0,154.59700284231087
18162,-117.0,32.5,154.84434443314544
18163,-117.0,33.0,149.11007836941965
18164,-117.0,33.5,149.4566880014464
18165,-117.0,34.0,152.15588292904272
18166,-117.0,34.5,149.9266742362618
18167,-117.0,35.0,151.1472720276115
18168,-117.0,35.5,147.79998494879084
18169,-117.0,36.0,147.85239403128966
18170,-117.0,36.5,151.65347747217442
18171,-117.0,37.0,151.58306184378074
18172,-116.5,-39.5,164.55655199367203
18173,-116.5,-37.5,159.34263991200845
18174,-116.5,-37.0,148.3983297415946
18175,-116.5,-36.5,150.37563144217495
18176,-116.5,-36.0,151.1919715624055
18177,-116.5,-35.5,152.73832363056817
18178,-116.5,-35.0,152.24043023711852
18179,-116.5,-34.5,154.95334185990365
18180,-116.5,-34.0,156.81224199038166
18181,-116.5,-33.5,153.28786318654468
18182,-116.5,-33.0,150.4662334233704
18183,-116.5,-32.5,153.02417786547232
18184,-116.5,-32.0,150.48464353234797
18185,-116.5,-31.5,150.2363146194615
18186,-116.5,-31.0,151.47780863058665
18187,-116.5,-30.5,148.8584630676264
18188,-116.5,-30.0,146.69967971251793
18189,-116.5,-29.5,151.79499749532462
18190,-116.5,-29.0,149.2639343911638
18191,-116.5,-28.0,150.75849778572376
18192,-116.5,-27.5,150.36893019174812
18193,-116.5,-27.0,147.1064740976383
18194,-116.5,-26.5,149.89709105430452
18195,-116.5,-26.0,158.81453828427053
18196,-116.5,-25.5,150.1222431769964
18197,-116.5,-25.0,147.65539871089186
18198,-116.5,-24.5,154.28445606274474
18199,-116.5,-24.0,146.36417585370404
18200,-116.5,-23.5,147.47283644528926
18201,-116.5,-23.0,147.1920498511458
18202,-116.5,-22.5,152.04992444819618
18203,-116.5,-22.0,154.45134271231143
18204,-116.5,-21.5,154.5635925234388
18205,-116.5,-21.0,151.00174351969525
18206,-116.5,-20.5,149.2090320662159
18207,-116.5,-20.0,153.82594784717696
18208,-116.5,-19.5,151.70843194859543
18209,-116.5,-19.0,151.70327079706857
18210,-116.5,-18.5,149.38100969880642
18211,-116.5,-18.0,150.34621509088984
18212,-116.5,-17.5,156.39378285975388
18213,-116.5,-17.0,154.45469761075174
18214,-116.5,-16.5,152.0897046090215
18215,-116.5,-16.0,151.47495733717324
18216,-116.5,-15.5,153.79152426832846
18217,-116.5,-15.0,157.45471372713556
18218,-116.5,-14.5,156.09317802574537
18219,-116.5,-14.0,150.45049406621487
18220,-116.5,-13.5,150.6365231715074
18221,-116.5,-13.0,150.7265780228761
18222,-116.5,-12.5,151.25192873842036
18223,-116.5,-11.5,151.70887349780102
18224,-116.5,-11.0,151.7227767221955
18225,-116.5,-10.5,147.6984229325154
18226,-116.5,-10.0,151.72900511583626
18227,-116.5,-9.5,149.34506478796283
18228,-116.5,-9.0,150.5610274921302
18229,-116.5,-8.5,156.309223431756
18230,-116.5,-8.0,151.76443037899608
18231,-116.5,-7.5,149.71679601475208
18232,-116.5,-7.0,149.19483855091755
18233,-116.5,-6.5,146.95662183904957
18234,-116.5,-6.0,147.52178566136533
18235,-116.5,-5.5,148.1119570794242
18236,-116.5,-4.5,147.9981076628675
18237,-116.5,-4.0,148.8268016232697
18238,-116.5,-3.5,150.78788304584577
18239,-116.5,-3.0,148.6012045553251
18240,-116.5,-2.5,148.8006457280452
18241,-116.5,-2.0,147.4634639289212
18242,-116.5,-1.5,149.49809996154374
18243,-116.5,-1.0,150.30693433479126
18244,-116.5,-0.5,147.83953386600967
18245,-116.5,0.0,148.2617779509774
18246,-116.5,0.5,147.10527662532846
18247,-116.5,1.0,147.78669892860844
18248,-116.5,1.5,147.73989498113664
18249,-116.5,2.0,148.12731763072708
18250,-116.5,2.5,148.74046450133298
18251,-116.5,3.0,147.21447348605702
18252,-116.5,3.5,147.12184274885038
18253,-116.5,4.0,147.64529089131116
18254,-116.5,4.5,151.8966504724927
18255,-116.5,5.0,149.95279487150242
18256,-116.5,5.5,149.6610810318886
18257,-116.5,6.0,152.46234654185886
18258,-116.5,6.5,151.0907314712747
18259,-116.5,7.0,155.2157169730326
18260,-116.5,7.5,152.60192570783266
18261,-116.5,8.0,153.06745905057593
18262,-116.5,8.5,150.46434473433408
18263,-116.5,9.0,148.49756568639705
18264,-116.5,9.5,149.8273440353831
18265,-116.5,10.0,151.72057964481903
18266,-116.5,10.5,152.70918075604155
18267,-116.5,11.0,150.87272107532854
18268,-116.5,11.5,150.56571908763016
18269,-116.5,12.0,151.4733000807078
18270,-116.5,12.5,150.6082274268528
18271,-116.5,13.0,150.49300327196886
18272,-116.5,13.5,156.0393372555156
18273,-116.5,14.0,155.7342692597426
18274,-116.5,14.5,156.86318251970891
18275,-116.5,15.0,154.50970369524313
18276,-116.5,15.5,151.8127955641872
18277,-116.5,16.0,150.03239297302272
18278,-116.5,16.5,153.55501564695916
18279,-116.5,17.0,155.0355021983597
18280,-116.5,17.5,149.6032617791301
18281,-116.5,18.0,148.9405099120997
18282,-116.5,18.5,151.13873351438897
18283,-116.5,19.0,152.0688617883761
18284,-116.5,19.5,150.8951154884228
18285,-116.5,20.0,150.3903667687568
18286,-116.5,20.5,148.14688107041331
18287,-116.5,21.0,149.62656241619598
18288,-116.5,21.5,149.0515850815654
18289,-116.5,22.0,148.30297928096192
18290,-116.5,22.5,149.68155022664433
18291,-116.5,23.0,148.97930155194484
18292,-116.5,23.5,146.78911124915348
18293,-116.5,24.0,149.00901680642804
18294,-116.5,24.5,148.12343673334973
18295,-116.5,25.0,148.04368628551242
18296,-116.5,25.5,148.11315386596314
18297,-116.5,26.0,148.34366932571217
18298,-116.5,26.5,145.25515795351953
18299,-116.5,27.0,148.95830070256523
18300,-116.5,27.5,148.6741221724129
18301,-116.5,28.0,148.17737406247372
18302,-116.5,28.5,155.98339639224017
18303,-116.5,29.0,154.2803877283711
18304,-116.5,29.5,153.1409284728658
18305,-116.5,30.0,154.38134780838845
18306,-116.5,30.5,149.89107618467426
18307,-116.5,31.0,149.84881378121293
18308,-116.5,31.5,159.5425528444293
18309,-116.5,32.0,150.00324639530922
18310,-116.5,32.5,153.45634285006247
18311,-116.5,33.0,147.74939063738563
18312,-116.5,33.5,148.12364112326566
18313,-116.5,34.0,152.73494497546477
18314,-116.5,34.5,148.63163774829707
18315,-116.5,35.0,151.1606217363296
18316,-116.5,35.5,150.9458923228204
18317,-116.5,36.0,148.2106853112805
18318,-116.5,36.5,152.95200199414873
18319,-116.5,37.0,150.40649647713542
18320,-116.0,-39.5,164.71826911878412
18321,-116.0,-37.5,158.20092810253828
18322,-116.0,-37.0,148.4873785477874
18323,-116.0,-36.5,149.2662717859885
18324,-116.0,-36.0,151.3986249697135
18325,-116.0,-35.5,150.60368258835302
18326,-116.0,-35.0,153.08015082711182
18327,-116.0,-34.5,154.3282021291393
18328,-116.0,-34.0,157.69071920683257
18329,-116.0,-33.5,153.19028859960522
18330,-116.0,-33.0,150.96966874854752
18331,-116.0,-32.5,152.4526498554603
18332,-116.0,-32.0,150.51144139408905
18333,-116.0,-31.5,150.92183984929574
18334,-116.0,-31.0,150.0104571878514
18335,-116.0,-30.5,150.28182604507603
18336,-116.0,-30.0,146.70413081043142
18337,-116.0,-29.5,150.31802603802888
18338,-116.0,-29.0,151.38272090268492
18339,-116.0,-28.0,148.0543906605982
18340,-116.0,-27.5,151.99636144655938
18341,-116.0,-27.0,149.34194814706038
18342,-116.0,-26.5,151.03679312381826
18343,-116.0,-26.0,154.21792281646722
18344,-116.0,-25.5,154.86578288135982
18345,-116.0,-25.0,148.03872173609867
18346,-116.0,-24.5,148.31530767001678
18347,-116.0,-24.0,147.5887434684094
18348,-116.0,-23.0,147.5721797223165
18349,-116.0,-22.5,153.41280435100435
18350,-116.0,-22.0,153.8803333978888
18351,-116.0,-21.5,153.73831338858764
18352,-116.0,-21.0,151.4534501385053
18353,-116.0,-20.5,152.86937801008972
18354,-116.0,-20.0,157.86292817662286
18355,-116.0,-19.5,151.27417076804514
18356,-116.0,-19.0,151.4556360501411
18357,-116.0,-18.5,149.3144967327883
18358,-116.0,-18.0,153.91924036459116
18359,-116.0,-17.5,157.55324488557315
18360,-116.0,-17.0,149.9065727573411
18361,-116.0,-16.5,152.4310380691939
18362,-116.0,-16.0,154.12793716565517
18363,-116.0,-15.5,151.61809102480538
18364,-116.0,-15.0,166.39843936157297
18365,-116.0,-14.5,152.4890608786768
18366,-116.0,-14.0,151.2889306398509
18367,-116.0,-13.5,150.73607463395706
18368,-116.0,-13.0,151.31384114453968
18369,-116.0,-12.5,151.66814166272087
18370,-116.0,-12.0,151.91886468450352
18371,-116.0,-11.5,151.71840137699894
18372,-116.0,-11.0,148.3595786687246
18373,-116.0,-10.5,147.5321260827362
18374,-116.0,-9.5,148.99835475100556
18375,-116.0,-9.0,149.13754038859173
18376,-116.0,-8.5,158.1152167556052
18377,-116.0,-8.0,154.01504131111864
18378,-116.0,-7.5,150.49545914537524
18379,-116.0,-7.0,149.1140233525603
18380,-116.0,-6.5,147.61985416985902
18381,-116.0,-6.0,148.04236077449892
18382,-116.0,-5.0,147.34849368733163
18383,-116.0,-4.5,148.28424361461242
18384,-116.0,-4.0,149.03549124632684
18385,-116.0,-3.5,149.17604129260278
18386,-116.0,-3.0,148.80560915002096
18387,-116.0,-2.5,149.38415463147106
18388,-116.0,-2.0,149.56810155827506
18389,-116.0,-0.5,148.76998991873603
18390,-116.0,0.0,147.23978703066484
18391,-116.0,0.5,148.411931422399
18392,-116.0,1.5,147.6981010102672
18393,-116.0,2.0,148.81107367167778
18394,-116.0,2.5,147.4296684699207
18395,-116.0,3.0,148.62373025374896
18396,-116.0,3.5,146.9869642206434
18397,-116.0,4.0,147.80262341097628
18398,-116.0,4.5,149.33469500363765
18399,-116.0,5.0,149.4956676369114
18400,-116.0,5.5,149.24655366664993
18401,-116.0,6.0,151.82849464819705
18402,-116.0,6.5,148.05680523428504
18403,-116.0,7.0,151.39358689651945
18404,-116.0,7.5,152.17713179116487
18405,-116.0,8.0,152.56772765324635
18406,-116.0,8.5,151.63158208200065
18407,-116.0,9.0,150.0058754139175
18408,-116.0,9.5,149.76066584067817
18409,-116.0,10.0,152.5210329302853
18410,-116.0,10.5,151.1150403306414
18411,-116.0,11.5,151.5017621148266
18412,-116.0,12.0,150.86303042709514
18413,-116.0,12.5,150.86570852325977
18414,-116.0,13.0,156.0553695319631
18415,-116.0,13.5,155.51793908427314
18416,-116.0,14.0,156.05659541296288
18417,-116.0,14.5,157.21248625657705
18418,-116.0,15.0,153.74920153086578
18419,-116.0,15.5,150.0814406914894
18420,-116.0,16.0,150.2709509743133
18421,-116.0,16.5,157.62702928120467
18422,-116.0,17.0,159.66526439732274
18423,-116.0,17.5,149.6057653878725
18424,-116.0,18.5,148.70318991995242
18425,-116.0,19.0,152.10029309899005
18426,-116.0,19.5,150.76434021435307
18427,-116.0,20.0,149.96173659146152
18428,-116.0,20.5,148.84533281036948
18429,-116.0,21.0,148.07978048874205
18430,-116.0,21.5,148.8935757497731
18431,-116.0,22.0,149.09101285236034
18432,-116.0,22.5,149.32331499173293
18433,-116.0,23.0,148.64871306555779
18434,-116.0,23.5,146.30137896844727
18435,-116.0,24.0,149.04046836894491
18436,-116.0,24.5,147.43802154818204
18437,-116.0,25.0,148.80162509996234
18438,-116.0,25.5,148.01704181299363
18439,-116.0,26.0,148.33808624141832
18440,-116.0,26.5,145.1558116658724
18441,-116.0,27.0,151.44287713161702
18442,-116.0,27.5,148.68535393883178
18443,-116.0,28.0,146.58919706511324
18444,-116.0,28.5,154.45541615031135
18445,-116.0,29.0,154.7079520818476
18446,-116.0,29.5,153.68696349226238
18447,-116.0,30.0,151.84157668743686
18448,-116.0,30.5,150.08597980879753
18449,-116.0,31.0,151.93876818204345
18450,-116.0,31.5,154.38822304884548
18451,-116.0,32.0,148.7478483337925
18452,-116.0,32.5,150.8626449163449
18453,-116.0,33.0,152.03008457491654
18454,-116.0,33.5,153.73297085564724
18455,-116.0,34.0,153.91091482321812
18456,-116.0,34.5,148.6548696178351
18457,-116.0,35.0,150.10950597437844
18458,-116.0,35.5,150.7405362033524
18459,-116.0,36.0,151.3603457194439
18460,-116.0,36.5,150.14466023677804
18461,-116.0,37.0,150.62056574411358
18462,-115.5,-39.5,164.85905293467184
18463,-115.5,-37.5,157.2616812179714
18464,-115.5,-37.0,148.72456256496315
18465,-115.5,-36.5,152.94447843446645
18466,-115.5,-36.0,151.43701818758774
18467,-115.5,-35.5,153.21943456633815
18468,-115.5,-35.0,153.48326418381308
18469,-115.5,-34.5,153.7556694440787
18470,-115.5,-34.0,157.8348694060421
18471,-115.5,-33.5,153.36092921951047
18472,-115.5,-33.0,153.3387461768132
18473,-115.5,-32.5,151.78339787679744
18474,-115.5,-32.0,149.7494564019257
18475,-115.5,-31.5,150.44938208646136
18476,-115.5,-31.0,148.07066020070525
18477,-115.5,-30.5,153.38947308281433
18478,-115.5,-30.0,146.6674984572533
18479,-115.5,-29.5,147.2649440034177
18480,-115.5,-29.0,152.03923852473673
18481,-115.5,-28.5,149.7075385959257
18482,-115.5,-28.0,146.9686689918505
18483,-115.5,-27.5,152.09842285981964
18484,-115.5,-27.0,149.61103987782985
18485,-115.5,-26.0,151.4201282788175
18486,-115.5,-25.5,153.93153819601093
18487,-115.5,-25.0,149.00001395076436
18488,-115.5,-24.5,146.56358082689593
18489,-115.5,-24.0,148.11580676684417
18490,-115.5,-23.5,148.4015099903281
18491,-115.5,-23.0,148.58672902564743
18492,-115.5,-22.5,151.925845429186
18493,-115.5,-22.0,154.11427014073718
18494,-115.5,-21.5,152.42870563993057
18495,-115.5,-21.0,155.64491464787372
18496,-115.5,-20.5,157.70512287972122
18497,-115.5,-20.0,150.28047625986582
18498,-115.5,-19.5,157.98434731229403
18499,-115.5,-19.0,150.39925419977865
18500,-115.5,-18.5,150.63581587205016
18501,-115.5,-18.0,159.898560811265
18502,-115.5,-17.5,152.31116009082848
18503,-115.5,-17.0,150.83547253098806
18504,-115.5,-16.5,153.33793879488496
18505,-115.5,-16.0,154.25632263689386
18506,-115.5,-15.5,150.60918640734607
18507,-115.5,-15.0,153.026157227223
18508,-115.5,-14.5,150.7247044517565
18509,-115.5,-14.0,151.41235879131386
18510,-115.5,-13.5,151.11128420378375
18511,-115.5,-13.0,151.2237000769013
18512,-115.5,-12.0,152.21961922588218
18513,-115.5,-11.5,149.387823153017
18514,-115.5,-11.0,150.2010330021021
18515,-115.5,-10.5,154.9830982995721
18516,-115.5,-10.0,147.53611881276277
18517,-115.5,-9.5,149.19531624025996
18518,-115.5,-9.0,150.5268875045429
18519,-115.5,-8.5,149.3780103489945
18520,-115.5,-8.0,158.17123260130347
18521,-115.5,-7.5,156.47209863057964
18522,-115.5,-7.0,148.97978785850057
18523,-115.5,-6.5,148.44617263575955
18524,-115.5,-5.5,146.45094676825175
18525,-115.5,-5.0,147.45029113197552
18526,-115.5,-4.5,148.32286880803622
18527,-115.5,-4.0,148.76925728349997
18528,-115.5,-3.5,147.72633479097308
18529,-115.5,-3.0,152.6805769497817
18530,-115.5,-2.5,150.24185593607265
18531,-115.5,-2.0,150.12576390414017
18532,-115.5,-1.5,148.68732504934442
18533,-115.5,-1.0,147.7856524354046
18534,-115.5,-0.5,147.72832308949063
18535,-115.5,0.0,148.0737316389937
18536,-115.5,0.5,148.1775756910847
18537,-115.5,1.0,149.9015522242465
18538,-115.5,1.5,149.29325745257816
18539,-115.5,2.0,147.19249259466298
18540,-115.5,2.5,146.69739978938915
18541,-115.5,3.0,147.11079744731884
18542,-115.5,3.5,149.55570508637933
18543,-115.5,4.0,147.88337916066263
18544,-115.5,4.5,147.53281862058165
18545,-115.5,5.0,150.20485165812326
18546,-115.5,5.5,153.12242426062548
18547,-115.5,6.0,149.36693199026874
18548,-115.5,6.5,152.5198606938224
18549,-115.5,7.0,149.87041860652425
18550,-115.5,7.5,154.00003541035923
18551,-115.5,8.0,152.6644474199761
18552,-115.5,8.5,151.9989823144193
18553,-115.5,9.0,150.2178107109686
18554,-115.5,9.5,151.59385611794315
18555,-115.5,10.0,151.37523576994045
18556,-115.5,10.5,151.32948238302723
18557,-115.5,11.0,151.51194387328044
18558,-115.5,11.5,151.45378687805393
18559,-115.5,12.0,151.10149774594
18560,-115.5,12.5,157.24432847210156
18561,-115.5,13.0,156.73520011635273
18562,-115.5,14.5,155.1979150082922
18563,-115.5,15.0,155.39465550493517
18564,-115.5,15.5,151.7940957541604
18565,-115.5,16.0,158.01621473812233
18566,-115.5,17.0,156.01922886793443
18567,-115.5,17.5,150.28425205333818
18568,-115.5,18.0,149.70476357675977
18569,-115.5,18.5,148.26035017994184
18570,-115.5,19.0,149.9155902601766
18571,-115.5,19.5,150.71994297490593
18572,-115.5,20.0,150.46493481694134
18573,-115.5,20.5,146.9576903462915
18574,-115.5,21.0,148.47398283967775
18575,-115.5,21.5,149.18086173888446
18576,-115.5,22.0,149.74310652199676
18577,-115.5,22.5,148.0922361106345
18578,-115.5,23.0,148.65833621024407
18579,-115.5,23.5,148.03373753076403
18580,-115.5,24.0,148.5933016874112
18581,-115.5,24.5,147.87942339078268
18582,-115.5,25.0,148.38150151215117
18583,-115.5,25.5,148.7175158414077
18584,-115.5,26.0,147.17194614973377
18585,-115.5,26.5,145.26575866560123
18586,-115.5,27.0,150.40956071619323
18587,-115.5,27.5,149.04695664935724
18588,-115.5,28.0,150.78159599173125
18589,-115.5,28.5,153.1993643652148
18590,-115.5,29.0,155.42091545236983
18591,-115.5,29.5,152.4735535324641
18592,-115.5,30.0,149.72057925467848
18593,-115.5,30.5,145.9165171046272
18594,-115.5,31.0,152.98926802976752
18595,-115.5,31.5,146.82403732632582
18596,-115.5,32.0,154.32317076301305
18597,-115.5,32.5,154.1111486020295
18598,-115.5,33.0,154.5546210306656
18599,-115.5,33.5,148.29444174748986
18600,-115.5,34.0,151.65286297245783
18601,-115.5,34.5,150.55607156089894
18602,-115.5,35.0,148.806118555337
18603,-115.5,35.5,151.77597865428146
18604,-115.5,36.0,150.76752694518083
18605,-115.5,36.5,151.49675788684303
18606,-115.5,37.0,149.06815778883097
18607,-115.0,-39.5,164.89909993322965
18608,-115.0,-37.5,156.37880691350284
18609,-115.0,-37.0,148.74226020285104
18610,-115.0,-36.5,155.29133559258707
18611,-115.0,-36.0,151.44874079902274
18612,-115.0,-35.5,153.78209059930293
18613,-115.0,-35.0,152.97353521124774
18614,-115.0,-34.5,153.59272544564365
18615,-115.0,-34.0,157.72767322506002
18616,-115.0,-33.5,152.84082368254695
18617,-115.0,-33.0,153.15287765987347
18618,-115.0,-32.5,150.13993370533538
18619,-115.0,-32.0,150.04076390308478
18620,-115.0,-31.5,150.41001614557146
18621,-115.0,-31.0,147.43483488963346
18622,-115.0,-30.5,152.82588739995538
18623,-115.0,-30.0,146.83610161737096
18624,-115.0,-29.5,147.12082355466995
18625,-115.0,-29.0,152.67030007039165
18626,-115.0,-28.5,149.71925747877944
18627,-115.0,-28.0,146.87380209072487
18628,-115.0,-27.5,151.0485852386645
18629,-115.0,-27.0,150.61314946689086
18630,-115.0,-26.5,151.00866920454754
18631,-115.0,-26.0,151.70439971561112
18632,-115.0,-25.5,154.85592671249776
18633,-115.0,-25.0,149.35633976172153
18634,-115.0,-24.5,148.70965982168468
18635,-115.0,-24.0,148.30101839893595
18636,-115.0,-23.5,148.26722201081333
18637,-115.0,-23.0,153.9651877081223
18638,-115.0,-22.5,151.38359997337463
18639,-115.0,-22.0,151.58340398406736
18640,-115.0,-21.5,153.36880687084619
18641,-115.0,-21.0,157.4925956917539
18642,-115.0,-20.5,155.20486408721007
18643,-115.0,-20.0,158.54699994750789
18644,-115.0,-19.5,148.6178543433381
18645,-115.0,-19.0,150.0290622610058
18646,-115.0,-18.5,155.76973732353994
18647,-115.0,-18.0,152.5410103958211
18648,-115.0,-17.5,149.84730533469633
18649,-115.0,-17.0,154.66966478195897
18650,-115.0,-16.5,154.83891303172146
18651,-115.0,-16.0,150.80092391960787
18652,-115.0,-15.5,156.01314388388022
18653,-115.0,-15.0,151.10198457295544
18654,-115.0,-14.5,153.63657051342
18655,-115.0,-14.0,151.12642568063873
18656,-115.0,-13.5,151.8986928202479
18657,-115.0,-13.0,151.5592930667272
18658,-115.0,-12.5,151.86622806938658
18659,-115.0,-12.0,150.40591706594697
18660,-115.0,-11.5,148.1914309721552
18661,-115.0,-11.0,152.81725362095128
18662,-115.0,-10.5,151.87169143971246
18663,-115.0,-10.0,147.67250766861974
18664,-115.0,-9.0,151.21786436346508
18665,-115.0,-8.5,150.0782440174889
18666,-115.0,-8.0,149.276214859684
18667,-115.0,-7.5,152.7711378367987
18668,-115.0,-7.0,150.0691178727077
18669,-115.0,-6.5,149.68854073365327
18670,-115.0,-6.0,149.35524843120143
18671,-115.0,-5.5,146.75499268608345
18672,-115.0,-5.0,149.01754434248218
18673,-115.0,-4.5,148.59585591445224
18674,-115.0,-4.0,147.4093054723966
18675,-115.0,-3.5,148.40027521814625
18676,-115.0,-3.0,149.28585841178332
18677,-115.0,-2.5,153.72580729765303
18678,-115.0,-2.0,149.55134283095393
18679,-115.0,-1.5,149.968537822064
18680,-115.0,-1.0,147.72876514075253
18681,-115.0,-0.5,146.62945932498334
18682,-115.0,0.0,148.12675046181187
18683,-115.0,0.5,148.53755165484534
18684,-115.0,1.0,148.72044611315874
18685,-115.0,1.5,148.0915632558058
18686,-115.0,2.0,146.9483868168242
18687,-115.0,2.5,146.4778593679762
18688,-115.0,3.0,147.0550451786227
18689,-115.0,3.5,147.9860924568611
18690,-115.0,4.0,148.1421052468254
18691,-115.0,4.5,148.07789810060513
18692,-115.0,5.0,148.5660210278707
18693,-115.0,5.5,151.2782282151799
18694,-115.0,6.0,153.68660260437017
18695,-115.0,6.5,150.35850135395629
18696,-115.0,7.0,155.17273119351822
18697,-115.0,7.5,151.88865676704143
18698,-115.0,8.0,153.9535276693554
18699,-115.0,8.5,150.59492590794022
18700,-115.0,9.0,153.8959493626436
18701,-115.0,9.5,150.95351844294495
18702,-115.0,10.0,150.94973427611168
18703,-115.0,10.5,151.7536302338826
18704,-115.0,11.0,151.56605228333214
18705,-115.0,11.5,151.3413266592594
18706,-115.0,12.0,151.99447185552464
18707,-115.0,12.5,158.04568307705674
18708,-115.0,14.0,157.217668487604
18709,-115.0,14.5,153.43647910187897
18710,-115.0,15.0,155.9211087879258
18711,-115.0,15.5,158.34727609517913
18712,-115.0,16.0,160.06789518961807
18713,-115.0,17.0,153.24510968426125
18714,-115.0,17.5,154.59969928377336
18715,-115.0,18.0,150.52772324867658
18716,-115.0,18.5,150.57767755438002
18717,-115.0,19.0,149.0387368276334
18718,-115.0,19.5,151.43072920622407
18719,-115.0,20.0,149.42484800276023
18720,-115.0,20.5,149.26950116597502
18721,-115.0,21.0,149.60311670441595
18722,-115.0,21.5,149.37261973896065
18723,-115.0,22.0,148.6172648986896
18724,-115.0,22.5,148.2440172838478
18725,-115.0,23.0,148.2081273755342
18726,-115.0,23.5,148.18334231778329
18727,-115.0,24.0,148.85971563660812
18728,-115.0,24.5,148.95991650619692
18729,-115.0,25.0,147.53355551111446
18730,-115.0,25.5,149.23499380722953
18731,-115.0,26.0,147.1520892178245
18732,-115.0,26.5,146.68453149886082
18733,-115.0,27.0,151.23661990268005
18734,-115.0,27.5,148.8019934583445
18735,-115.0,28.0,151.0457120734534
18736,-115.0,28.5,152.7260695867484
18737,-115.0,29.0,154.56161694240114
18738,-115.0,29.5,150.49566677075615
18739,-115.0,30.0,149.82070133498172
18740,-115.0,30.5,147.93993993551584
18741,-115.0,31.0,155.86976704141705
18742,-115.0,31.5,155.9775256059173
18743,-115.0,32.0,158.40800482491045
18744,-115.0,32.5,153.87647927870128
18745,-115.0,33.0,151.99417156544376
18746,-115.0,33.5,149.03731834419045
18747,-115.0,34.0,151.46303545786037
18748,-115.0,34.5,149.62452365132503
18749,-115.0,35.0,149.76859190519184
18750,-115.0,35.5,151.77809953062095
18751,-115.0,36.0,153.45518149547866
18752,-115.0,36.5,149.59481933636164
18753,-115.0,37.0,148.25297062901046
18754,-114.5,-39.5,164.7652255149666
18755,-114.5,-37.5,154.52745385694865
18756,-114.5,-37.0,149.6726459514265
18757,-114.5,-36.5,155.1118458396312
18758,-114.5,-36.0,151.14346587787662
18759,-114.5,-35.5,153.8053175726947
18760,-114.5,-35.0,153.76781982002456
18761,-114.5,-34.5,154.5977317467244
18762,-114.5,-34.0,158.0511817575472
18763,-114.5,-33.5,153.29098328317895
18764,-114.5,-33.0,152.14011211243673
18765,-114.5,-32.5,149.4890482254843
18766,-114.5,-32.0,150.18381869437775
18767,-114.5,-31.5,149.74918199424184
18768,-114.5,-31.0,148.747106758617
18769,-114.5,-30.5,149.46099242320585
18770,-114.5,-30.0,149.20503864418927
18771,-114.5,-29.5,146.82370248536049
18772,-114.5,-29.0,150.69102746122644
18773,-114.5,-28.5,150.3805360968837
18774,-114.5,-27.5,150.55449579148922
18775,-114.5,-27.0,152.50638381982793
18776,-114.5,-26.5,151.25875394127166
18777,-114.5,-25.5,154.13483858939446
18778,-114.5,-25.0,151.96394423534804
18779,-114.5,-24.5,149.5997145675798
18780,-114.5,-23.5,148.5842130272772
18781,-114.5,-23.0,151.73259325302666
18782,-114.5,-22.5,154.05611700625863
18783,-114.5,-22.0,148.83226307211473
18784,-114.5,-21.5,147.470094636108
18785,-114.5,-21.0,154.58328328441797
18786,-114.5,-20.5,156.25551935606092
18787,-114.5,-20.0,154.50784559746342
18788,-114.5,-19.5,149.04644509998266
18789,-114.5,-19.0,151.09306534179265
18790,-114.5,-18.5,153.70820301004528
18791,-114.5,-18.0,151.6546037354967
18792,-114.5,-17.5,148.99408584305993
18793,-114.5,-17.0,156.59704594304185
18794,-114.5,-16.5,151.74459089154266
18795,-114.5,-16.0,150.86671678659474
18796,-114.5,-15.5,150.99828753684633
18797,-114.5,-15.0,152.75702966926795
18798,-114.5,-14.5,153.59653300456588
18799,-114.5,-14.0,151.98454795086053
18800,-114.5,-13.5,152.56956701159083
18801,-114.5,-13.0,152.0521841859269
18802,-114.5,-12.5,151.88318904156054
18803,-114.5,-12.0,147.30809331944306
18804,-114.5,-11.5,150.5182143015422
18805,-114.5,-11.0,150.71346195087736
18806,-114.5,-10.5,147.49899238533592
18807,-114.5,-10.0,155.26401368170872
18808,-114.5,-9.0,151.93653623604317
18809,-114.5,-8.5,151.4514412310104
18810,-114.5,-8.0,148.3923775968334
18811,-114.5,-7.5,147.61978104077957
18812,-114.5,-7.0,154.32927904133155
18813,-114.5,-6.5,150.37737430915277
18814,-114.5,-6.0,147.9646763230431
18815,-114.5,-5.5,148.88900024792335
18816,-114.5,-5.0,148.61678219740645
18817,-114.5,-4.5,146.8491293687781
18818,-114.5,-4.0,147.69933458750276
18819,-114.5,-3.0,149.30384037717312
18820,-114.5,-2.5,153.69210135884657
18821,-114.5,-2.0,153.64316840057663
18822,-114.5,-1.5,149.2745119462051
18823,-114.5,-1.0,148.36718040928105
18824,-114.5,-0.5,147.3107325945597
18825,-114.5,0.5,149.9455425515159
18826,-114.5,1.0,148.68691668523795
18827,-114.5,1.5,148.07830120674214
18828,-114.5,2.0,146.4997310849035
18829,-114.5,2.5,146.44352971932756
18830,-114.5,3.0,146.6403552015262
18831,-114.5,3.5,147.18275589087168
18832,-114.5,4.0,148.3448226628802
18833,-114.5,4.5,148.66961323252823
18834,-114.5,5.0,147.98906865073278
18835,-114.5,5.5,150.21898121656523
18836,-114.5,6.0,151.72111939928044
18837,-114.5,6.5,153.30859030123202
18838,-114.5,7.0,153.20702736057123
18839,-114.5,7.5,148.58860685950475
18840,-114.5,8.0,151.13121905266019
18841,-114.5,8.5,153.27777909478283
18842,-114.5,9.0,153.11517111682636
18843,-114.5,9.5,151.68406612460097
18844,-114.5,10.0,149.83263841970955
18845,-114.5,10.5,152.6498065000019
18846,-114.5,11.0,151.9817673132105
18847,-114.5,11.5,151.5081559311698
18848,-114.5,12.0,159.2881585538513
18849,-114.5,13.5,160.94152987053897
18850,-114.5,14.0,154.50240842939633
18851,-114.5,15.0,152.89657648958843
18852,-114.5,15.5,159.1591667091194
18853,-114.5,16.0,159.88205583272673
18854,-114.5,16.5,150.09179832863668
18855,-114.5,17.5,153.48174935020432
18856,-114.5,18.0,150.88248462460004
18857,-114.5,18.5,150.69514910810682
18858,-114.5,19.0,150.41695384858156
18859,-114.5,19.5,147.71596343878113
18860,-114.5,20.0,150.86041066358587
18861,-114.5,20.5,149.85264143654197
18862,-114.5,21.0,149.293626874995
18863,-114.5,21.5,148.72864736714195
18864,-114.5,22.0,148.63819482068712
18865,-114.5,22.5,147.88684973819062
18866,-114.5,23.0,148.33130598021265
18867,-114.5,23.5,148.44324551053768
18868,-114.5,24.0,147.74995285188263
18869,-114.5,24.5,148.04013164150527
18870,-114.5,25.0,146.97912771815285
18871,-114.5,25.5,148.15265827972772
18872,-114.5,26.0,148.1292598589602
18873,-114.5,26.5,148.328463073489
18874,-114.5,27.0,149.53676743771373
18875,-114.5,27.5,149.90186538629877
18876,-114.5,28.0,151.23828221465803
18877,-114.5,28.5,155.8107752239914
18878,-114.5,29.0,152.35536655457963
18879,-114.5,29.5,148.71771017241846
18880,-114.5,30.0,153.95976898253159
18881,-114.5,30.5,153.69559786514816
18882,-114.5,31.0,154.27800544457588
18883,-114.5,31.5,152.18751552177525
18884,-114.5,32.0,151.67838055501542
18885,-114.5,32.5,152.25199471496978
18886,-114.5,33.0,151.01603954850913
18887,-114.5,33.5,153.30960677337885
18888,-114.5,34.0,152.7784054479639
18889,-114.5,34.5,150.19916774313396
18890,-114.5,35.0,151.23463777256546
18891,-114.5,35.5,150.49597387776998
18892,-114.5,36.0,154.3271248211281
18893,-114.5,36.5,151.04904977680215
18894,-114.5,37.0,148.52348914872243
18895,-114.0,-39.5,165.43353984955257
18896,-114.0,-39.0,163.0350844600854
18897,-114.0,-37.5,149.9673137941427
18898,-114.0,-37.0,151.49685274754742
18899,-114.0,-36.0,151.76878307191714
18900,-114.0,-35.5,153.90952806901672
18901,-114.0,-35.0,155.54920185901
18902,-114.0,-34.5,153.89933082739427
18903,-114.0,-34.0,154.67505216171347
18904,-114.0,-33.5,153.31084893574268
18905,-114.0,-33.0,151.37604815235414
18906,-114.0,-32.5,151.30938704944927
18907,-114.0,-32.0,149.97702595191097
18908,-114.0,-31.5,149.45045048848127
18909,-114.0,-31.0,150.288380732348
18910,-114.0,-30.5,147.0057355774558
18911,-114.0,-30.0,151.0792030367376
18912,-114.0,-29.0,146.77190605192155
18913,-114.0,-28.5,150.2608995501537
18914,-114.0,-28.0,147.39932777949764
18915,-114.0,-27.5,150.57472311775265
18916,-114.0,-27.0,152.03328160635266
18917,-114.0,-26.5,151.63732654400943
18918,-114.0,-26.0,146.6272014482628
18919,-114.0,-25.5,149.6387789057934
18920,-114.0,-25.0,155.97975367892505
18921,-114.0,-24.5,149.7145998304029
18922,-114.0,-24.0,148.8039976185009
18923,-114.0,-23.5,154.26042041404895
18924,-114.0,-23.0,150.16780889851577
18925,-114.0,-22.5,152.61732736569337
18926,-114.0,-22.0,147.70587350580453
18927,-114.0,-21.5,147.74119861385068
18928,-114.0,-21.0,147.5530365272711
18929,-114.0,-20.5,157.59664528179476
18930,-114.0,-20.0,149.9332764018864
18931,-114.0,-19.5,156.6241526522352
18932,-114.0,-19.0,155.79539470981106
18933,-114.0,-18.5,150.5165911253761
18934,-114.0,-18.0,151.6750555993124
18935,-114.0,-17.5,152.69659519522403
18936,-114.0,-17.0,154.6531873476373
18937,-114.0,-16.5,155.09302225192556
18938,-114.0,-16.0,151.32900770644844
18939,-114.0,-15.5,151.02955772463662
18940,-114.0,-15.0,153.5273678982013
18941,-114.0,-14.5,150.24911817742557
18942,-114.0,-14.0,154.3210528440384
18943,-114.0,-13.0,152.28026067532534
18944,-114.0,-12.5,149.59549512574392
18945,-114.0,-12.0,149.36379685148896
18946,-114.0,-11.5,152.94853305852087
18947,-114.0,-11.0,147.41533827708548
18948,-114.0,-9.0,152.3137226325431
18949,-114.0,-8.5,147.53631161428157
18950,-114.0,-8.0,149.30588748953892
18951,-114.0,-7.5,148.02458278236216
18952,-114.0,-7.0,152.72224609332622
18953,-114.0,-6.5,153.46546217448002
18954,-114.0,-6.0,149.09705007279263
18955,-114.0,-5.5,149.29313815758047
18956,-114.0,-5.0,148.54939443893113
18957,-114.0,-4.5,146.59999451648684
18958,-114.0,-4.0,148.31996803953754
18959,-114.0,-3.5,148.34362902687658
18960,-114.0,-3.0,149.72668275779444
18961,-114.0,-2.5,149.5582740123687
18962,-114.0,-2.0,151.46190393109381
18963,-114.0,-1.5,147.29936888692285
18964,-114.0,-1.0,148.67400214030667
18965,-114.0,-0.5,149.76153386104045
18966,-114.0,0.5,150.24259009627494
18967,-114.0,1.0,148.7826970585565
18968,-114.0,1.5,146.73490166749906
18969,-114.0,2.0,147.38627492891072
18970,-114.0,3.0,146.4986942715298
18971,-114.0,3.5,146.9764559017809
18972,-114.0,4.0,147.50262341492166
18973,-114.0,4.5,149.20846469345116
18974,-114.0,5.0,147.83927536806087
18975,-114.0,6.0,151.0020197135974
18976,-114.0,6.5,154.79922999180278
18977,-114.0,7.0,151.69228944156393
18978,-114.0,7.5,151.7914691311713
18979,-114.0,8.0,151.55933732937913
18980,-114.0,8.5,154.4863417825987
18981,-114.0,9.0,151.74586227904925
18982,-114.0,9.5,151.50313109214696
18983,-114.0,10.0,152.07465252809345
18984,-114.0,10.5,150.82604959645496
18985,-114.0,11.0,152.45865351678236
18986,-114.0,11.5,160.89642511235309
18987,-114.0,12.0,160.15724393620567
18988,-114.0,13.5,156.71606459161805
18989,-114.0,14.0,150.77910277598613
18990,-114.0,14.5,150.83459965395664
18991,-114.0,15.0,151.23030353619149
18992,-114.0,15.5,159.60854050638798
18993,-114.0,16.0,153.34599150801517
18994,-114.0,16.5,155.03507495032437
18995,-114.0,17.0,149.86875230790557
18996,-114.0,17.5,151.94473990704682
18997,-114.0,18.0,153.51831028524396
18998,-114.0,18.5,150.70057391015777
18999,-114.0,19.0,150.44445091018378
19000,-114.0,19.5,147.8499676078525
19001,-114.0,20.0,150.44060201693017
19002,-114.0,20.5,148.39403023479113
19003,-114.0,21.0,149.55390906765686
19004,-114.0,21.5,148.66887212617863
19005,-114.0,22.0,148.6078429417482
19006,-114.0,22.5,147.63158136550365
19007,-114.0,23.0,147.9311236445764
19008,-114.0,23.5,148.71478743304306
19009,-114.0,24.0,148.66022709571195
19010,-114.0,24.5,147.2304206107855
19011,-114.0,25.0,147.81218437454567
19012,-114.0,25.5,148.32583813492653
19013,-114.0,26.0,151.29971986090518
19014,-114.0,26.5,150.35320736959747
19015,-114.0,27.0,148.7189309528345
19016,-114.0,27.5,153.97645286380424
19017,-114.0,28.0,153.81627919111827
19018,-114.0,28.5,154.80382192232113
19019,-114.0,29.0,152.1075985998602
19020,-114.0,29.5,148.7384957895299
19021,-114.0,30.0,154.515635023556
19022,-114.0,30.5,157.6034690496611
19023,-114.0,31.0,150.5286897967006
19024,-114.0,31.5,152.57270176956624
19025,-114.0,32.0,148.2317469579754
19026,-114.0,32.5,155.10395894197916
19027,-114.0,33.0,152.80937276491628
19028,-114.0,33.5,148.3612141095143
19029,-114.0,34.0,149.64537844317888
19030,-114.0,34.5,148.55851023099692
19031,-114.0,35.0,150.02173178683987
19032,-114.0,35.5,151.9957305225241
19033,-114.0,36.0,151.08868176302462
19034,-114.0,36.5,149.27483696536427
19035,-114.0,37.0,146.87917204248183
19036,-113.5,-39.5,165.82278715125273
19037,-113.5,-39.0,163.63327138728815
19038,-113.5,-37.5,150.22307511979315
19039,-113.5,-37.0,152.0031652399214
19040,-113.5,-36.0,153.6022883763121
19041,-113.5,-35.5,154.58199851148558
19042,-113.5,-35.0,153.50264675803663
19043,-113.5,-34.5,153.08535852785016
19044,-113.5,-34.0,153.04869863902508
19045,-113.5,-33.5,152.57311416737267
19046,-113.5,-33.0,150.4164127144618
19047,-113.5,-32.5,151.53572362554817
19048,-113.5,-32.0,149.7459685968967
19049,-113.5,-31.5,149.8039509021435
19050,-113.5,-31.0,150.35942189673221
19051,-113.5,-30.5,147.18109348955082
19052,-113.5,-30.0,151.29657298804835
19053,-113.5,-29.5,150.26432751920936
19054,-113.5,-29.0,146.88855219495724
19055,-113.5,-28.5,150.19254274390167
19056,-113.5,-28.0,151.31305786382217
19057,-113.5,-27.5,148.4219109425801
19058,-113.5,-27.0,153.43783409027415
19059,-113.5,-26.5,152.60379667516307
19060,-113.5,-26.0,146.28979461115944
19061,-113.5,-25.5,152.00294365072682
19062,-113.5,-25.0,156.23735081251024
19063,-113.5,-24.5,149.9277439256316
19064,-113.5,-24.0,149.98835484688595
19065,-113.5,-23.5,156.5743816571682
19066,-113.5,-23.0,152.26468722448317
19067,-113.5,-22.5,148.79858250692266
19068,-113.5,-21.5,147.72408210976445
19069,-113.5,-21.0,156.44678779521743
19070,-113.5,-20.5,150.93241167272427
19071,-113.5,-20.0,151.1968313624876
19072,-113.5,-19.5,157.3768934519702
19073,-113.5,-19.0,154.1366014376836
19074,-113.5,-18.5,149.64831332593877
19075,-113.5,-18.0,150.07558908140308
19076,-113.5,-17.5,153.80935967175049
19077,-113.5,-17.0,151.28821881958132
19078,-113.5,-16.5,154.83237479901047
19079,-113.5,-16.0,154.08091996400432
19080,-113.5,-15.5,152.51230634441632
19081,-113.5,-15.0,155.18482931584992
19082,-113.5,-14.0,152.5932328800449
19083,-113.5,-13.5,152.8904113012838
19084,-113.5,-13.0,150.36143840452962
19085,-113.5,-12.5,148.85594476666614
19086,-113.5,-12.0,153.05222788159534
19087,-113.5,-11.5,147.41495665609628
19088,-113.5,-11.0,147.45331414765164
19089,-113.5,-9.0,158.08393553506556
19090,-113.5,-8.5,147.81974951067633
19091,-113.5,-8.0,149.09734412732362
19092,-113.5,-7.5,150.87550832702422
19093,-113.5,-7.0,148.81050777563047
19094,-113.5,-6.5,149.6771919917936
19095,-113.5,-6.0,153.54235217711482
19096,-113.5,-5.5,149.07625261069856
19097,-113.5,-5.0,148.22016437324166
19098,-113.5,-3.5,147.9213737123156
19099,-113.5,-3.0,147.96470180390403
19100,-113.5,-2.5,149.2097340430329
19101,-113.5,-2.0,148.1620056753247
19102,-113.5,-1.5,148.86607979451895
19103,-113.5,-1.0,149.57348366699452
19104,-113.5,-0.5,151.33179200445034
19105,-113.5,0.0,149.8493504130636
19106,-113.5,0.5,148.16085497401352
19107,-113.5,1.0,148.7689220652802
19108,-113.5,1.5,147.5842774150072
19109,-113.5,2.0,147.34402948809486
19110,-113.5,2.5,147.82988802414658
19111,-113.5,3.0,146.58256378559935
19112,-113.5,3.5,146.7249440603738
19113,-113.5,4.0,146.9589255548598
19114,-113.5,4.5,147.79314671982422
19115,-113.5,5.0,149.3509946972434
19116,-113.5,5.5,148.18652759222402
19117,-113.5,6.0,154.00362620881072
19118,-113.5,6.5,152.68143558351932
19119,-113.5,7.0,154.0502929124779
19120,-113.5,7.5,150.9805070488153
19121,-113.5,8.0,157.25835087424088
19122,-113.5,8.5,150.8420098723116
19123,-113.5,9.0,151.9441408293355
19124,-113.5,9.5,151.34123072039162
19125,-113.5,10.0,151.9516326071602
19126,-113.5,10.5,151.58874652079055
19127,-113.5,11.0,153.4858177301745
19128,-113.5,11.5,156.44714469174875
19129,-113.5,13.0,161.96981178347167
19130,-113.5,13.5,152.99134135902952
19131,-113.5,14.0,152.46997317981092
19132,-113.5,14.5,150.77199801009803
19133,-113.5,15.0,154.21789228355306
19134,-113.5,15.5,160.05689117119707
19135,-113.5,16.0,151.7299410282358
19136,-113.5,16.5,157.71722831674316
19137,-113.5,17.0,151.8495487075989
19138,-113.5,17.5,156.74500098234395
19139,-113.5,18.0,152.98846027486488
19140,-113.5,18.5,151.4448307386233
19141,-113.5,19.0,150.67363220659166
19142,-113.5,20.0,148.33389107611598
19143,-113.5,20.5,150.04075879565218
19144,-113.5,21.0,150.5155832424092
19145,-113.5,21.5,147.87491022781404
19146,-113.5,22.0,146.73078466992538
19147,-113.5,22.5,148.50647088961938
19148,-113.5,23.0,147.79433697369592
19149,-113.5,23.5,148.77249225922645
19150,-113.5,24.0,147.77264339629374
19151,-113.5,24.5,147.84807956377998
19152,-113.5,25.0,147.798231350202
19153,-113.5,25.5,154.21392204678978
19154,-113.5,26.0,149.85229105361506
19155,-113.5,26.5,151.90519476287906
19156,-113.5,27.0,148.03727694890713
19157,-113.5,27.5,151.2195408344989
19158,-113.5,28.0,151.00539301579713
19159,-113.5,28.5,153.53606801679408
19160,-113.5,29.0,154.25544713403346
19161,-113.5,29.5,151.31794058158286
19162,-113.5,30.0,155.48054280689828
19163,-113.5,30.5,162.23823293095484
19164,-113.5,31.0,150.4892037157971
19165,-113.5,31.5,151.39322962555192
19166,-113.5,32.0,149.2969336963425
19167,-113.5,32.5,155.08651760996736
19168,-113.5,33.0,152.67269354201932
19169,-113.5,33.5,153.8524819321143
19170,-113.5,34.0,151.47157386392357
19171,-113.5,34.5,146.3293743303707
19172,-113.5,35.0,148.6947606518674
19173,-113.5,35.5,149.76491961785538
19174,-113.5,36.0,150.56542465988758
19175,-113.5,36.5,148.66205993066012
19176,-113.5,37.0,146.7881594643019
19177,-113.0,-39.0,163.79794796434507
19178,-113.0,-37.5,152.80761960044015
19179,-113.0,-37.0,151.32980753608985
19180,-113.0,-36.0,154.82950966141408
19181,-113.0,-35.5,153.73787049838694
19182,-113.0,-35.0,153.21560567789743
19183,-113.0,-34.5,152.13005896933862
19184,-113.0,-34.0,152.39700103563388
19185,-113.0,-33.5,153.23346364602912
19186,-113.0,-33.0,150.41837288530158
19187,-113.0,-32.5,150.7202434486601
19188,-113.0,-32.0,149.4420968317083
19189,-113.0,-31.5,150.75087677359738
19190,-113.0,-31.0,149.38039657070422
19191,-113.0,-30.5,149.1938168635355
19192,-113.0,-30.0,151.0399303725698
19193,-113.0,-29.5,151.20991673018463
19194,-113.0,-29.0,146.87382902014528
19195,-113.0,-28.5,149.72491090773957
19196,-113.0,-28.0,149.5458215013
19197,-113.0,-27.5,148.31972953316318
19198,-113.0,-27.0,154.6438547044414
19199,-113.0,-26.5,150.94822611396177
19200,-113.0,-26.0,146.2853940244009
19201,-113.0,-25.5,148.5247503137659
19202,-113.0,-25.0,156.4799450065271
19203,-113.0,-24.5,153.47678028189773
19204,-113.0,-24.0,149.80075415970364
19205,-113.0,-23.5,151.34305166708654
19206,-113.0,-23.0,149.97450744972764
19207,-113.0,-22.5,148.47820873723452
19208,-113.0,-22.0,148.741484078053
19209,-113.0,-21.0,153.32532779629534
19210,-113.0,-20.5,148.0989790986913
19211,-113.0,-20.0,150.76916250698687
19212,-113.0,-19.5,156.61325161314798
19213,-113.0,-19.0,152.33012379449337
19214,-113.0,-18.5,148.3659162233676
19215,-113.0,-18.0,153.72791205267154
19216,-113.0,-17.5,150.04903577984183
19217,-113.0,-17.0,151.55021452459985
19218,-113.0,-16.5,151.35802255237934
19219,-113.0,-16.0,157.42997132820523
19220,-113.0,-15.5,153.4331836484927
19221,-113.0,-15.0,152.83026193100324
19222,-113.0,-14.0,152.01399721579256
19223,-113.0,-13.5,150.71704240270128
19224,-113.0,-13.0,147.27954720803436
19225,-113.0,-12.5,152.33677051513925
19226,-113.0,-12.0,151.08304323857982
19227,-113.0,-11.5,150.31093748415108
19228,-113.0,-9.5,159.79993300830424
19229,-113.0,-9.0,151.42100546272852
19230,-113.0,-8.5,150.7932269740581
19231,-113.0,-8.0,151.73739702334746
19232,-113.0,-7.5,152.11082403102043
19233,-113.0,-7.0,148.54911207486802
19234,-113.0,-6.5,148.84382025160747
19235,-113.0,-6.0,150.93226738540753
19236,-113.0,-5.5,151.90195707504617
19237,-113.0,-5.0,148.7468034117863
19238,-113.0,-4.5,150.02324593107363
19239,-113.0,-3.0,147.83383201851004
19240,-113.0,-2.5,147.55945766777873
19241,-113.0,-2.0,147.7470157171259
19242,-113.0,-1.5,149.81824985239234
19243,-113.0,-1.0,154.0609154174748
19244,-113.0,-0.5,151.0676157979053
19245,-113.0,0.0,149.8831502746461
19246,-113.0,0.5,148.19336619597414
19247,-113.0,1.0,146.7685025800073
19248,-113.0,1.5,149.17482956753665
19249,-113.0,2.0,147.8089898653333
19250,-113.0,2.5,147.54047181677447
19251,-113.0,3.0,147.59420607471765
19252,-113.0,3.5,146.61678813661484
19253,-113.0,4.0,146.51109982270313
19254,-113.0,4.5,147.6494431484684
19255,-113.0,5.0,148.61956449667966
19256,-113.0,5.5,151.70244719799604
19257,-113.0,6.0,152.79529606168566
19258,-113.0,6.5,151.3193675348728
19259,-113.0,7.0,150.90530268568457
19260,-113.0,7.5,154.79456307398314
19261,-113.0,8.0,151.5292132916602
19262,-113.0,8.5,152.22097896131064
19263,-113.0,9.0,152.35808623342194
19264,-113.0,9.5,152.03646893617093
19265,-113.0,10.0,150.8641287860697
19266,-113.0,10.5,152.74491577099462
19267,-113.0,11.0,155.64040286720356
19268,-113.0,11.5,152.4611138572162
19269,-113.0,12.0,152.60454433446588
19270,-113.0,12.5,165.8800299519838
19271,-113.0,13.0,157.4559617883486
19272,-113.0,14.0,151.99617275811994
19273,-113.0,14.5,152.87054518347813
19274,-113.0,15.0,153.90813023862054
19275,-113.0,15.5,150.7161732078159
19276,-113.0,16.0,154.60171302088102
19277,-113.0,16.5,150.23797773401137
19278,-113.0,17.0,157.3124058448611
19279,-113.0,17.5,154.03319766001366
19280,-113.0,18.0,150.96005860413356
19281,-113.0,18.5,154.7659378406011
19282,-113.0,19.0,150.64189436397774
19283,-113.0,19.5,150.71099373231013
19284,-113.0,20.0,150.17321366721475
19285,-113.0,20.5,150.29816930481286
19286,-113.0,21.0,148.7880388962748
19287,-113.0,21.5,149.25068024266858
19288,-113.0,22.0,147.9066229249128
19289,-113.0,22.5,148.5779307688696
19290,-113.0,23.0,148.39764443485078
19291,-113.0,23.5,148.96072224891438
19292,-113.0,24.0,147.8476992338151
19293,-113.0,24.5,148.05348085011877
19294,-113.0,25.0,147.83794123824745
19295,-113.0,25.5,152.80226723745332
19296,-113.0,26.0,149.9685582163642
19297,-113.0,26.5,154.40520294814723
19298,-113.0,27.0,152.00327983009242
19299,-113.0,27.5,147.97654207053998
19300,-113.0,28.0,151.92256405565743
19301,-113.0,28.5,157.99846795278242
19302,-113.0,29.0,157.79389371295517
19303,-113.0,29.5,152.6776166823437
19304,-113.0,30.0,159.16735285535356
19305,-113.0,30.5,151.98159853420006
19306,-113.0,31.0,151.3105320844045
19307,-113.0,31.5,149.74019620582484
19308,-113.0,32.0,148.98109883511984
19309,-113.0,32.5,152.5024929591107
19310,-113.0,33.0,155.3000960163941
19311,-113.0,33.5,156.06313572500477
19312,-113.0,34.0,151.65324439596225
19313,-113.0,34.5,146.12776254754615
19314,-113.0,35.0,148.95656813409542
19315,-113.0,35.5,150.7941043385047
19316,-113.0,36.0,150.1476883445836
19317,-113.0,36.5,149.8877024897613
19318,-113.0,37.0,146.38847014406363
19319,-112.5,-39.0,163.3155487967761
19320,-112.5,-37.5,153.92163924050934
19321,-112.5,-37.0,150.1008644778785
19322,-112.5,-36.5,156.8119309269171
19323,-112.5,-36.0,155.19235300153954
19324,-112.5,-35.5,154.20803165759347
19325,-112.5,-35.0,153.283668798931
19326,-112.5,-34.5,150.8659472789625
19327,-112.5,-34.0,150.87620557205372
19328,-112.5,-33.5,155.01364344519246
19329,-112.5,-33.0,149.1010724662453
19330,-112.5,-32.5,150.43478374208163
19331,-112.5,-32.0,148.78182070458914
19332,-112.5,-31.5,152.18393171127556
19333,-112.5,-31.0,149.1255491099522
19334,-112.5,-30.5,149.9692625727555
19335,-112.5,-30.0,147.30788343357116
19336,-112.5,-29.5,151.49909617134423
19337,-112.5,-29.0,146.71952577531957
19338,-112.5,-28.5,150.59665035444272
19339,-112.5,-28.0,148.84278151059857
19340,-112.5,-27.5,151.01020993832577
19341,-112.5,-27.0,153.8118761388968
19342,-112.5,-26.5,152.00546714076376
19343,-112.5,-26.0,146.3790811110366
19344,-112.5,-25.5,146.78288660691115
19345,-112.5,-25.0,151.06060755168073
19346,-112.5,-24.5,154.5455670387054
19347,-112.5,-24.0,149.63466149241424
19348,-112.5,-23.5,150.03618760707408
19349,-112.5,-22.5,148.28964902243843
19350,-112.5,-22.0,148.70179238941012
19351,-112.5,-21.5,160.88425349119925
19352,-112.5,-21.0,149.60872315145542
19353,-112.5,-20.5,147.75402852653824
19354,-112.5,-20.0,148.81896051140063
19355,-112.5,-19.5,150.82263104806773
19356,-112.5,-19.0,150.7352344713819
19357,-112.5,-18.5,153.66240637399432
19358,-112.5,-18.0,154.58278027327867
19359,-112.5,-17.5,150.63843257032661
19360,-112.5,-17.0,150.13962645115186
19361,-112.5,-16.5,151.68277052142778
19362,-112.5,-16.0,152.73987262758172
19363,-112.5,-15.5,159.94378160583904
19364,-112.5,-15.0,153.57518517680217
19365,-112.5,-14.5,152.07231335306616
19366,-112.5,-14.0,152.1553605513637
19367,-112.5,-13.5,147.36091185695327
19368,-112.5,-13.0,150.26212201376504
19369,-112.5,-12.5,152.95051052850442
19370,-112.5,-12.0,149.83076485336116
19371,-112.5,-11.5,154.42159159812638
19372,-112.5,-11.0,158.32932777540051
19373,-112.5,-9.5,154.51151778466146
19374,-112.5,-9.0,149.9758641155124
19375,-112.5,-8.5,153.40305715307093
19376,-112.5,-8.0,153.91231602838673
19377,-112.5,-7.5,148.24713880822662
19378,-112.5,-7.0,150.11751274620707
19379,-112.5,-6.5,149.30010953354144
19380,-112.5,-6.0,148.4753252424807
19381,-112.5,-5.5,151.08956190823585
19382,-112.5,-5.0,150.4896378912479
19383,-112.5,-4.5,149.83022383085216
19384,-112.5,-4.0,150.28849290635748
19385,-112.5,-3.0,147.43157203723112
19386,-112.5,-2.5,147.2993048857354
19387,-112.5,-2.0,147.58678919990564
19388,-112.5,-1.5,150.93158353437238
19389,-112.5,-1.0,151.81176706185897
19390,-112.5,-0.5,149.9284109660971
19391,-112.5,0.0,149.99362554658242
19392,-112.5,0.5,148.9456546240135
19393,-112.5,1.0,147.3571310451255
19394,-112.5,1.5,146.5319541978606
19395,-112.5,2.0,147.91161791758302
19396,-112.5,2.5,146.71529643979488
19397,-112.5,3.0,148.43796509780472
19398,-112.5,4.0,146.66878105729347
19399,-112.5,4.5,146.74678453416396
19400,-112.5,5.0,148.83581089793535
19401,-112.5,5.5,153.272173106966
19402,-112.5,6.0,148.8730833704812
19403,-112.5,6.5,150.06925579592743
19404,-112.5,7.0,153.30859218165736
19405,-112.5,7.5,155.76434640181822
19406,-112.5,8.0,151.72560551086727
19407,-112.5,8.5,151.3347651340161
19408,-112.5,9.0,152.03852795298775
19409,-112.5,9.5,152.08438624168053
19410,-112.5,10.0,152.60885875666622
19411,-112.5,10.5,159.23009618677642
19412,-112.5,11.0,164.98876564571356
19413,-112.5,11.5,151.09210360724478
19414,-112.5,12.0,153.345745154304
19415,-112.5,12.5,161.4978826559341
19416,-112.5,13.0,151.70196970107872
19417,-112.5,13.5,151.41793888032194
19418,-112.5,14.0,151.42448712239803
19419,-112.5,14.5,152.45599898948913
19420,-112.5,15.0,152.80419040355403
19421,-112.5,15.5,151.842068907156
19422,-112.5,16.0,150.46583874401915
19423,-112.5,16.5,152.33031968508385
19424,-112.5,17.0,154.48100043615264
19425,-112.5,17.5,152.33271816352493
19426,-112.5,18.0,153.298320810592
19427,-112.5,18.5,154.2790309818741
19428,-112.5,19.0,154.02096332801892
19429,-112.5,19.5,150.66506998369326
19430,-112.5,20.0,150.1532535138618
19431,-112.5,20.5,148.59675996622744
19432,-112.5,21.0,149.90671093788208
19433,-112.5,21.5,149.442933077183
19434,-112.5,22.0,148.02147432604298
19435,-112.5,22.5,147.71228801769092
19436,-112.5,23.0,149.45633131391725
19437,-112.5,23.5,148.35853241520823
19438,-112.5,24.0,148.1895198139658
19439,-112.5,24.5,148.28260840687736
19440,-112.5,25.0,151.75117939103242
19441,-112.5,25.5,149.63428071103954
19442,-112.5,26.0,151.9601783192119
19443,-112.5,26.5,152.47824541088116
19444,-112.5,27.0,147.71765764963874
19445,-112.5,27.5,153.02490795508507
19446,-112.5,28.0,155.71200943188083
19447,-112.5,28.5,156.90071394884362
19448,-112.5,29.0,160.11955587547976
19449,-112.5,29.5,155.89888559224607
19450,-112.5,30.0,156.44039492218212
19451,-112.5,30.5,149.77849829148587
19452,-112.5,31.0,148.6350166921703
19453,-112.5,31.5,149.60607965700925
19454,-112.5,32.0,151.37261482622014
19455,-112.5,32.5,149.6947154295562
19456,-112.5,33.0,156.89362758141147
19457,-112.5,33.5,155.89930654463186
19458,-112.5,34.0,149.8566710785172
19459,-112.5,34.5,147.12304889842272
19460,-112.5,35.0,150.73611656309845
19461,-112.5,35.5,148.32081132920905
19462,-112.5,36.0,150.8319426659593
19463,-112.5,36.5,148.83288923963732
19464,-112.5,37.0,147.0773125202838
19465,-112.0,-39.0,162.9930131576605
19466,-112.0,-38.5,160.4861423743597
19467,-112.0,-37.5,153.98590011451017
19468,-112.0,-37.0,149.75525725340347
19469,-112.0,-36.5,157.0588042062665
19470,-112.0,-36.0,155.22284755488712
19471,-112.0,-35.5,154.68097051440606
19472,-112.0,-35.0,154.2099282280066
19473,-112.0,-34.5,149.71050953663152
19474,-112.0,-34.0,150.29956660705662
19475,-112.0,-33.5,155.0154139596673
19476,-112.0,-33.0,149.2884156980481
19477,-112.0,-32.5,150.7990280413932
19478,-112.0,-32.0,149.7424276527158
19479,-112.0,-31.5,151.97482609939044
19480,-112.0,-31.0,149.69299689499087
19481,-112.0,-30.5,151.0894982972684
19482,-112.0,-30.0,147.58500082414554
19483,-112.0,-29.5,152.0252544297344
19484,-112.0,-29.0,147.87821740385817
19485,-112.0,-28.5,151.04013434445878
19486,-112.0,-28.0,148.0532479462675
19487,-112.0,-27.5,151.6965306264688
19488,-112.0,-27.0,151.3405482601469
19489,-112.0,-26.5,150.77369687241475
19490,-112.0,-25.5,146.95623421788432
19491,-112.0,-25.0,150.2251283935065
19492,-112.0,-24.5,155.91197593368264
19493,-112.0,-24.0,152.81150767153176
19494,-112.0,-23.5,148.02658773677666
19495,-112.0,-22.0,148.66649769635518
19496,-112.0,-21.5,154.43312013467846
19497,-112.0,-21.0,147.84566061455575
19498,-112.0,-20.5,148.4618725526702
19499,-112.0,-20.0,148.61316101829766
19500,-112.0,-19.5,149.30678265581906
19501,-112.0,-19.0,151.26528064426896
19502,-112.0,-18.5,157.93306208517262
19503,-112.0,-18.0,150.22993377639773
19504,-112.0,-17.5,150.7682134953386
19505,-112.0,-17.0,150.4508936123895
19506,-112.0,-16.5,151.53750493797767
19507,-112.0,-16.0,151.80765752835222
19508,-112.0,-15.5,161.10949270650096
19509,-112.0,-15.0,162.04099494135804
19510,-112.0,-14.5,152.30350550398302
19511,-112.0,-14.0,147.03741864319596
19512,-112.0,-13.5,147.7162583702073
19513,-112.0,-13.0,151.6126127778322
19514,-112.0,-12.5,147.91055800227406
19515,-112.0,-12.0,153.22127881135168
19516,-112.0,-11.5,155.30876001074319
19517,-112.0,-11.0,156.7003310547204
19518,-112.0,-10.0,155.83548358016552
19519,-112.0,-9.5,150.68049482375488
19520,-112.0,-9.0,148.7825023794203
19521,-112.0,-8.5,152.3678933146199
19522,-112.0,-8.0,151.566510497055
19523,-112.0,-7.5,149.7815627192422
19524,-112.0,-7.0,149.88157796363492
19525,-112.0,-6.5,151.0932606990622
19526,-112.0,-6.0,148.5076366330595
19527,-112.0,-5.5,150.4844071985685
19528,-112.0,-5.0,150.2771339841329
19529,-112.0,-4.5,149.62013781917273
19530,-112.0,-4.0,150.2623136036953
19531,-112.0,-3.5,150.5570709248257
19532,-112.0,-3.0,147.03101756715208
19533,-112.0,-2.5,147.4503275642024
19534,-112.0,-2.0,148.5691287951804
19535,-112.0,-1.5,151.38961074086538
19536,-112.0,-1.0,151.0902228883352
19537,-112.0,-0.5,149.00533663081185
19538,-112.0,0.0,148.98725563110904
19539,-112.0,0.5,149.55116886887495
19540,-112.0,1.0,148.7376751510675
19541,-112.0,1.5,146.23914031994863
19542,-112.0,2.0,146.71974264079046
19543,-112.0,2.5,149.35848214622317
19544,-112.0,3.0,146.4637479146522
19545,-112.0,3.5,148.5534693601953
19546,-112.0,4.5,147.58121076419076
19547,-112.0,5.0,156.4589767123027
19548,-112.0,5.5,148.52155233628721
19549,-112.0,6.0,149.5027168639219
19550,-112.0,6.5,152.02043693804976
19551,-112.0,7.0,159.43161733091847
19552,-112.0,7.5,150.42249573487962
19553,-112.0,8.0,152.84701748888574
19554,-112.0,8.5,151.11717717155113
19555,-112.0,9.0,151.14193762283327
19556,-112.0,9.5,152.5639331245817
19557,-112.0,10.0,161.1224204792702
19558,-112.0,10.5,157.13828124474873
19559,-112.0,11.0,150.2242268703452
19560,-112.0,11.5,151.14263409699151
19561,-112.0,12.0,157.80548111541813
19562,-112.0,12.5,152.0492620880868
19563,-112.0,13.0,151.73642538118995
19564,-112.0,13.5,151.79531479072105
19565,-112.0,14.5,152.12206466926517
19566,-112.0,15.0,151.55502522151494
19567,-112.0,15.5,152.5062919403277
19568,-112.0,16.0,150.76263152740154
19569,-112.0,16.5,153.2201012311764
19570,-112.0,17.0,151.95150802420216
19571,-112.0,17.5,151.4360996021163
19572,-112.0,18.0,154.59825362640382
19573,-112.0,19.0,153.564491123465
19574,-112.0,19.5,150.79124528316657
19575,-112.0,20.0,152.53051802467223
19576,-112.0,20.5,148.98972687328967
19577,-112.0,21.0,149.76365412951534
19578,-112.0,21.5,148.96644433521794
19579,-112.0,22.0,147.97213760477726
19580,-112.0,22.5,148.84841603275032
19581,-112.0,23.0,149.27830694898915
19582,-112.0,23.5,148.43698177185075
19583,-112.0,24.0,149.73162438868252
19584,-112.0,24.5,152.0811181324233
19585,-112.0,25.0,153.62927927779134
19586,-112.0,25.5,151.41706108991235
19587,-112.0,26.0,150.8843824907914
19588,-112.0,26.5,151.60553132295288
19589,-112.0,27.0,154.92615974324016
19590,-112.0,27.5,155.63883749176742
19591,-112.0,28.0,153.75785388508498
19592,-112.0,28.5,151.86855545757197
19593,-112.0,29.0,158.27414505460393
19594,-112.0,29.5,161.72181497932183
19595,-112.0,30.0,153.42872197664053
19596,-112.0,30.5,152.43817765942313
19597,-112.0,31.0,150.02273194402187
19598,-112.0,31.5,148.82125360556282
19599,-112.0,32.0,149.76880476550116
19600,-112.0,32.5,152.54201430732775
19601,-112.0,33.0,156.19359844977458
19602,-112.0,33.5,156.6249765556238
19603,-112.0,34.0,152.97916495289195
19604,-112.0,34.5,147.35654722456692
19605,-112.0,35.0,150.06138255815895
19606,-112.0,35.5,147.70242526065502
19607,-112.0,36.0,150.16395820650672
19608,-112.0,36.5,149.25551871649992
19609,-112.0,37.0,146.2852267562366
19610,-111.5,-39.0,163.05063512950812
19611,-111.5,-38.5,160.12253863156133
19612,-111.5,-37.5,151.95594837781982
19613,-111.5,-37.0,149.78701394196344
19614,-111.5,-36.5,157.73929607543724
19615,-111.5,-36.0,153.43544410089495
19616,-111.5,-35.5,156.3511180809396
19617,-111.5,-35.0,153.5511438276252
19618,-111.5,-34.5,150.29737850959884
19619,-111.5,-34.0,149.50075658816073
19620,-111.5,-33.5,156.52854998024804
19621,-111.5,-33.0,148.9982485959057
19622,-111.5,-32.5,150.19513254216287
19623,-111.5,-32.0,150.4672369970523
19624,-111.5,-31.5,150.2367063732165
19625,-111.5,-31.0,150.29449898134496
19626,-111.5,-30.5,150.27358765643268
19627,-111.5,-30.0,149.48774910130203
19628,-111.5,-29.5,147.14271525215213
19629,-111.5,-29.0,149.42763155547635
19630,-111.5,-28.5,149.17527441508446
19631,-111.5,-28.0,150.43527481571695
19632,-111.5,-27.5,153.51738173926464
19633,-111.5,-27.0,150.64355336446593
19634,-111.5,-26.5,149.05844144166812
19635,-111.5,-26.0,147.61047063813118
19636,-111.5,-25.5,146.43888599696942
19637,-111.5,-25.0,149.946497183675
19638,-111.5,-24.5,155.73973602881904
19639,-111.5,-24.0,153.11007276569507
19640,-111.5,-23.5,150.13349070182525
19641,-111.5,-23.0,147.23257799788476
19642,-111.5,-22.0,156.12889430024228
19643,-111.5,-21.5,148.67034601043463
19644,-111.5,-21.0,147.66033145751413
19645,-111.5,-20.5,148.79524922137168
19646,-111.5,-20.0,148.55428160851974
19647,-111.5,-19.5,147.989555361973
19648,-111.5,-19.0,154.34637827122427
19649,-111.5,-18.5,153.73198711530583
19650,-111.5,-18.0,153.34160640287882
19651,-111.5,-17.5,150.42965902341038
19652,-111.5,-17.0,151.06646289208862
19653,-111.5,-16.5,150.86080700662998
19654,-111.5,-16.0,152.0376999146103
19655,-111.5,-15.0,152.2414729166393
19656,-111.5,-14.5,149.2778777068289
19657,-111.5,-14.0,147.58554934121977
19658,-111.5,-13.5,152.17472267448662
19659,-111.5,-13.0,151.55789563586907
19660,-111.5,-12.5,149.03867426026508
19661,-111.5,-12.0,149.72231264206115
19662,-111.5,-11.5,154.20408627942254
19663,-111.5,-11.0,155.79785369487357
19664,-111.5,-10.5,155.36226111202956
19665,-111.5,-10.0,152.54787708435384
19666,-111.5,-9.5,147.44746095259555
19667,-111.5,-8.5,147.09194840354618
19668,-111.5,-8.0,147.68303161189826
19669,-111.5,-7.5,151.7190527038763
19670,-111.5,-7.0,150.28610580293986
19671,-111.5,-6.5,148.88582280634034
19672,-111.5,-6.0,151.13547146414842
19673,-111.5,-5.5,150.3242317443296
19674,-111.5,-5.0,150.32008683037648
19675,-111.5,-4.5,149.68614745379955
19676,-111.5,-4.0,149.63083633063476
19677,-111.5,-3.5,148.62227653912026
19678,-111.5,-3.0,146.89603024284128
19679,-111.5,-2.5,147.05212523232723
19680,-111.5,-2.0,148.6792089656239
19681,-111.5,-1.5,151.6478511568197
19682,-111.5,-1.0,149.45739153008432
19683,-111.5,-0.5,151.69720230110676
19684,-111.5,0.0,148.12766786567312
19685,-111.5,0.5,150.74393375109315
19686,-111.5,1.0,149.63332714109615
19687,-111.5,1.5,147.4177957039124
19688,-111.5,2.0,146.82601905449255
19689,-111.5,2.5,151.04049757532079
19690,-111.5,3.0,149.22117848662933
19691,-111.5,3.5,147.16976313969184
19692,-111.5,4.0,149.70802801528248
19693,-111.5,4.5,154.36556376159078
19694,-111.5,5.0,150.27107174454747
19695,-111.5,5.5,148.00732827364394
19696,-111.5,6.0,150.3337459675933
19697,-111.5,6.5,157.03190457597492
19698,-111.5,7.0,148.64737236115207
19699,-111.5,7.5,152.84862507728178
19700,-111.5,8.0,148.58612577565415
19701,-111.5,8.5,152.60288688185926
19702,-111.5,9.0,151.47572304970072
19703,-111.5,9.5,155.71618933297913
19704,-111.5,10.0,160.29954536385213
19705,-111.5,11.0,150.013983409356
19706,-111.5,11.5,174.98314665725565
19707,-111.5,12.0,153.62872182059417
19708,-111.5,12.5,151.06915166221864
19709,-111.5,13.0,152.02422195818983
19710,-111.5,13.5,151.13871201909666
19711,-111.5,14.5,151.73800687085912
19712,-111.5,15.0,151.41655462856698
19713,-111.5,15.5,151.12437593557937
19714,-111.5,16.0,151.65955612474212
19715,-111.5,16.5,152.0472554502898
19716,-111.5,17.0,152.31994803139597
19717,-111.5,17.5,151.57901249122702
19718,-111.5,18.0,155.15399614945423
19719,-111.5,18.5,153.6715139544513
19720,-111.5,19.0,150.97689446159595
19721,-111.5,19.5,152.1412655203611
19722,-111.5,20.0,152.19130093371166
19723,-111.5,20.5,151.21903753071774
19724,-111.5,21.0,149.71553038912404
19725,-111.5,21.5,149.18707742676358
19726,-111.5,22.0,148.35071482308788
19727,-111.5,22.5,148.6940659217943
19728,-111.5,23.0,149.52079112852047
19729,-111.5,23.5,149.2057257482118
19730,-111.5,24.0,150.43360332285988
19731,-111.5,24.5,150.88892986342967
19732,-111.5,25.0,150.39215269734527
19733,-111.5,25.5,149.62423006640196
19734,-111.5,26.0,153.01067861702444
19735,-111.5,26.5,151.88968430742767
19736,-111.5,27.0,153.33089719177102
19737,-111.5,27.5,151.3995128387159
19738,-111.5,28.0,152.68243531355517
19739,-111.5,28.5,155.88421248746806
19740,-111.5,29.0,155.3571206729602
19741,-111.5,29.5,161.72729150880716
19742,-111.5,30.0,149.8979411318384
19743,-111.5,30.5,149.09277594522663
19744,-111.5,31.0,147.47580812665257
19745,-111.5,31.5,148.620884849438
19746,-111.5,32.0,149.9176611707266
19747,-111.5,32.5,153.7641976239463
19748,-111.5,33.0,155.02351374831215
19749,-111.5,33.5,153.29415089413172
19750,-111.5,34.0,152.63394606834308
19751,-111.5,34.5,147.01152836440198
19752,-111.5,35.0,149.92661844538273
19753,-111.5,35.5,148.0189525525422
19754,-111.5,36.0,150.85488741315675
19755,-111.5,36.5,148.8763774465232
19756,-111.5,37.0,147.81975321676268
19757,-111.0,-39.0,163.19588134051216
19758,-111.0,-38.5,159.2132663989661
19759,-111.0,-37.5,151.6114780222121
19760,-111.0,-37.0,149.96181716019186
19761,-111.0,-36.5,158.73580729775355
19762,-111.0,-36.0,151.47592137596664
19763,-111.0,-35.5,155.91933971504253
19764,-111.0,-35.0,153.07204286749217
19765,-111.0,-34.5,151.00302106106045
19766,-111.0,-34.0,150.08956615896804
19767,-111.0,-33.5,157.84914463590366
19768,-111.0,-33.0,149.7197367687303
19769,-111.0,-32.5,149.60345216328508
19770,-111.0,-32.0,151.18576084192992
19771,-111.0,-31.5,149.68435089358084
19772,-111.0,-31.0,151.55800897852492
19773,-111.0,-30.5,150.00712289244382
19774,-111.0,-30.0,151.20251410039327
19775,-111.0,-29.5,147.1437255172723
19776,-111.0,-29.0,149.92020569268757
19777,-111.0,-28.5,148.12236010528176
19778,-111.0,-28.0,151.35359834379028
19779,-111.0,-27.5,148.16188138005467
19780,-111.0,-27.0,149.34403696237766
19781,-111.0,-26.5,150.40145737411487
19782,-111.0,-26.0,150.46852894233902
19783,-111.0,-25.5,148.48969847453012
19784,-111.0,-25.0,146.81867164471905
19785,-111.0,-24.5,150.76885581392077
19786,-111.0,-24.0,157.60791800809426
19787,-111.0,-23.5,153.46796414252984
19788,-111.0,-23.0,147.30907850930316
19789,-111.0,-22.5,157.43680889186317
19790,-111.0,-22.0,152.45028992266006
19791,-111.0,-21.5,148.46361071505794
19792,-111.0,-21.0,148.96251943003662
19793,-111.0,-20.5,148.69272021264874
19794,-111.0,-20.0,148.10778862166777
19795,-111.0,-19.5,148.17500031398257
19796,-111.0,-19.0,153.87283966099588
19797,-111.0,-18.5,150.04408045286172
19798,-111.0,-18.0,151.359532502761
19799,-111.0,-17.5,152.94499193627993
19800,-111.0,-17.0,150.5267631069712
19801,-111.0,-16.5,149.04548060152777
19802,-111.0,-16.0,151.41318668941943
19803,-111.0,-15.5,151.39191276433266
19804,-111.0,-15.0,152.2625059162205
19805,-111.0,-14.5,147.041957473679
19806,-111.0,-14.0,150.44022220562064
19807,-111.0,-13.5,147.1790896244349
19808,-111.0,-13.0,149.74880468615123
19809,-111.0,-12.5,153.85505764811847
19810,-111.0,-12.0,151.4566166418396
19811,-111.0,-11.5,155.30956369566587
19812,-111.0,-11.0,153.54269315706046
19813,-111.0,-10.5,154.35860729735185
19814,-111.0,-10.0,150.01522117025982
19815,-111.0,-8.5,147.51623306851226
19816,-111.0,-8.0,148.71167415191653
19817,-111.0,-7.5,148.70467310268106
19818,-111.0,-7.0,151.2385096658643
19819,-111.0,-6.5,149.99140075476262
19820,-111.0,-6.0,152.38014390449393
19821,-111.0,-5.5,150.41749803378426
19822,-111.0,-5.0,150.2615368954488
19823,-111.0,-4.5,150.04365930555045
19824,-111.0,-4.0,148.22412123012614
19825,-111.0,-3.5,148.1940747824935
19826,-111.0,-3.0,148.80542893939065
19827,-111.0,-2.0,151.53601477805157
19828,-111.0,-1.5,148.54198274094847
19829,-111.0,-1.0,148.75332632098275
19830,-111.0,-0.5,149.90257029797078
19831,-111.0,0.0,148.86668624382102
19832,-111.0,0.5,146.84693648296704
19833,-111.0,1.0,148.71854607938724
19834,-111.0,1.5,149.39155879053072
19835,-111.0,2.0,147.93046276372067
19836,-111.0,3.0,151.3084549785448
19837,-111.0,3.5,148.41522100918732
19838,-111.0,4.0,150.80168076841838
19839,-111.0,4.5,154.86209048721554
19840,-111.0,5.0,146.88017626142954
19841,-111.0,5.5,149.4584647309666
19842,-111.0,6.0,157.08295416056683
19843,-111.0,6.5,148.2334812399912
19844,-111.0,7.0,150.7057406370189
19845,-111.0,7.5,150.95788891648385
19846,-111.0,8.0,151.31656341630557
19847,-111.0,8.5,151.3845456826575
19848,-111.0,9.0,152.73767028357457
19849,-111.0,9.5,161.9407192852964
19850,-111.0,10.0,150.88223826467504
19851,-111.0,10.5,151.08557213649624
19852,-111.0,11.0,149.9348574498422
19853,-111.0,11.5,153.74521167647472
19854,-111.0,12.0,153.1558541383725
19855,-111.0,12.5,151.8987045716856
19856,-111.0,13.0,150.85579377214503
19857,-111.0,13.5,150.77238159286216
19858,-111.0,14.0,150.97164447294563
19859,-111.0,14.5,152.00991260307683
19860,-111.0,15.0,151.6544316219023
19861,-111.0,15.5,151.10180227386587
19862,-111.0,16.0,151.1237155722699
19863,-111.0,16.5,152.1715769476197
19864,-111.0,17.0,152.5506657420292
19865,-111.0,17.5,152.90466291493973
19866,-111.0,18.0,154.8787593318748
19867,-111.0,18.5,152.96398707893533
19868,-111.0,19.0,150.72407062128931
19869,-111.0,19.5,152.0155350503923
19870,-111.0,20.0,149.3025795042393
19871,-111.0,20.5,153.57442137563845
19872,-111.0,21.0,149.6960474600156
19873,-111.0,21.5,149.0783902806541
19874,-111.0,22.0,150.06556253676843
19875,-111.0,22.5,149.92496059664964
19876,-111.0,23.0,148.85876116158934
19877,-111.0,23.5,149.75690986661397
19878,-111.0,24.0,151.53066322160188
19879,-111.0,24.5,148.32118019153634
19880,-111.0,25.0,147.28535128936622
19881,-111.0,25.5,151.50657221862107
19882,-111.0,26.0,152.7757966357281
19883,-111.0,26.5,152.12434817492354
19884,-111.0,27.0,152.5967443044064
19885,-111.0,27.5,151.4229370660645
19886,-111.0,28.0,152.34364088781913
19887,-111.0,28.5,149.07829626551535
19888,-111.0,29.0,152.77107859030954
19889,-111.0,29.5,157.15947229077804
19890,-111.0,30.0,153.59202715770573
19891,-111.0,30.5,146.1918725425249
19892,-111.0,31.0,146.47384766189288
19893,-111.0,31.5,148.1674202579704
19894,-111.0,32.0,151.1724010718037
19895,-111.0,32.5,149.37334670030373
19896,-111.0,33.0,147.39046003216623
19897,-111.0,33.5,150.0226425030582
19898,-111.0,34.0,151.06172053537344
19899,-111.0,34.5,152.8375826937894
19900,-111.0,35.0,151.8903973491632
19901,-111.0,35.5,150.7922794811817
19902,-111.0,36.0,151.38292560394726
19903,-111.0,36.5,149.05394482151846
19904,-111.0,37.0,146.449364049676
19905,-110.5,-39.0,163.00249071958822
19906,-110.5,-38.5,159.70283014301393
19907,-110.5,-38.0,169.85523594501373
19908,-110.5,-37.5,151.22616559206207
19909,-110.5,-37.0,150.44913574730222
19910,-110.5,-36.5,160.30891050155427
19911,-110.5,-36.0,154.539934368655
19912,-110.5,-35.5,153.8257570207615
19913,-110.5,-35.0,152.6683629819706
19914,-110.5,-34.5,149.78937586712263
19915,-110.5,-34.0,151.416593041932
19916,-110.5,-33.5,156.8225405155036
19917,-110.5,-33.0,150.10204826660714
19918,-110.5,-32.5,148.88514971467686
19919,-110.5,-32.0,150.92628941468178
19920,-110.5,-31.5,149.39318005203856
19921,-110.5,-31.0,154.33969741953268
19922,-110.5,-30.5,149.45415256973257
19923,-110.5,-30.0,151.32053918579683
19924,-110.5,-29.5,147.87368571804367
19925,-110.5,-29.0,150.57198936891908
19926,-110.5,-28.5,148.79865783325525
19927,-110.5,-28.0,152.73454648675624
19928,-110.5,-27.5,147.99974654145618
19929,-110.5,-27.0,147.05494332063464
19930,-110.5,-26.5,151.598028988581
19931,-110.5,-26.0,149.5748000025173
19932,-110.5,-25.5,150.5593666859655
19933,-110.5,-25.0,146.68301099519033
19934,-110.5,-24.5,149.95383203290734
19935,-110.5,-24.0,167.526899739788
19936,-110.5,-23.5,154.5120414170096
19937,-110.5,-23.0,147.31593496468685
19938,-110.5,-22.5,152.92757428404022
19939,-110.5,-22.0,148.0015764088943
19940,-110.5,-21.0,149.10141992547207
19941,-110.5,-20.5,148.44945143915632
19942,-110.5,-20.0,148.23149146934108
19943,-110.5,-19.5,155.10517886830502
19944,-110.5,-19.0,148.9437459331029
19945,-110.5,-18.5,148.92848162185226
19946,-110.5,-18.0,150.8779229522656
19947,-110.5,-17.5,153.4350143790917
19948,-110.5,-17.0,150.20367924850893
19949,-110.5,-16.5,151.06285028622747
19950,-110.5,-16.0,150.25503565575397
19951,-110.5,-15.5,151.96268481759844
19952,-110.5,-15.0,148.04268938880816
19953,-110.5,-14.5,149.89908725355494
19954,-110.5,-14.0,155.82815539144525
19955,-110.5,-13.5,147.12723048435348
19956,-110.5,-12.5,153.43524992748314
19957,-110.5,-12.0,152.78957574547
19958,-110.5,-11.5,149.90891501994668
19959,-110.5,-11.0,146.9429650873098
19960,-110.5,-10.5,149.92094379961944
19961,-110.5,-10.0,156.57979877899817
19962,-110.5,-9.0,147.14698917279924
19963,-110.5,-8.5,148.31721945030273
19964,-110.5,-8.0,148.98308135195933
19965,-110.5,-7.5,148.9757558807688
19966,-110.5,-7.0,147.2455392158889
19967,-110.5,-6.5,152.22822452685637
19968,-110.5,-5.5,152.77197666198236
19969,-110.5,-5.0,150.3053754344542
19970,-110.5,-4.5,149.29909225417867
19971,-110.5,-4.0,147.60357226290333
19972,-110.5,-3.5,147.92108472424445
19973,-110.5,-3.0,150.51794988639875
19974,-110.5,-2.5,151.46700034025204
19975,-110.5,-2.0,148.81435809285037
19976,-110.5,-1.5,147.771088879598
19977,-110.5,-1.0,148.51075499704174
19978,-110.5,-0.5,148.68928067207838
19979,-110.5,0.0,151.60477919063646
19980,-110.5,0.5,147.39490517891463
19981,-110.5,1.0,147.73733583453458
19982,-110.5,1.5,150.74139172654503
19983,-110.5,2.0,149.45450355080374
19984,-110.5,2.5,147.8898209844748
19985,-110.5,3.5,151.9792375176083
19986,-110.5,4.0,153.55599097554142
19987,-110.5,4.5,148.65284138758838
19988,-110.5,5.0,152.70389801422624
19989,-110.5,5.5,156.87599969862444
19990,-110.5,6.0,170.4449732620293
19991,-110.5,6.5,148.18560066879016
19992,-110.5,7.0,151.24042909286482
19993,-110.5,7.5,149.4230333956869
19994,-110.5,8.0,152.67241807342856
19995,-110.5,8.5,151.69442120095144
19996,-110.5,9.0,152.64730221244997
19997,-110.5,9.5,150.5425255050731
19998,-110.5,10.0,149.76435066799752
19999,-110.5,10.5,150.7645381649759
20000,-110.5,11.0,150.7170613061056
20001,-110.5,11.5,152.33352400206326
20002,-110.5,12.0,151.86828293010984
20003,-110.5,12.5,153.24275506035522
20004,-110.5,13.0,150.3898784930148
20005,-110.5,13.5,150.16476155890115
20006,-110.5,14.0,151.14081476658882
20007,-110.5,15.0,151.88390182170036
20008,-110.5,15.5,150.4814874316982
20009,-110.5,16.0,151.8797737980134
20010,-110.5,16.5,151.5053010997793
20011,-110.5,17.5,152.84720042509193
20012,-110.5,18.0,151.89277813498194
20013,-110.5,18.5,151.9295229649724
20014,-110.5,19.0,151.76954680719751
20015,-110.5,19.5,149.48623191835884
20016,-110.5,20.0,152.33052566447307
20017,-110.5,20.5,153.1828649547574
20018,-110.5,21.0,151.2844510219648
20019,-110.5,21.5,148.57004738904052
20020,-110.5,22.0,150.6678853457624
20021,-110.5,22.5,149.64407148552783
20022,-110.5,23.0,149.44970467826147
20023,-110.5,23.5,152.57999548479094
20024,-110.5,24.0,150.30381342880108
20025,-110.5,24.5,152.3754598515607
20026,-110.5,25.0,150.08975548823972
20027,-110.5,25.5,150.21644743432046
20028,-110.5,26.0,151.8181460603754
20029,-110.5,26.5,152.7759505801087
20030,-110.5,27.0,154.13366032960877
20031,-110.5,27.5,155.39941818134437
20032,-110.5,28.0,153.5159427901563
20033,-110.5,28.5,153.5716432812571
20034,-110.5,29.0,153.40956570949012
20035,-110.5,29.5,150.77489683558562
20036,-110.5,30.0,151.09635153628113
20037,-110.5,30.5,144.23953593744832
20038,-110.5,31.0,148.551550166169
20039,-110.5,31.5,148.14569682758886
20040,-110.5,32.0,148.6634875217754
20041,-110.5,32.5,146.74113036262167
20042,-110.5,33.0,151.0560099654892
20043,-110.5,33.5,149.71574375452258
20044,-110.5,34.0,152.8694040265747
20045,-110.5,34.5,152.3409094535254
20046,-110.5,35.0,151.77091353983724
20047,-110.5,35.5,147.80657071084426
20048,-110.5,36.0,150.2619204549931
20049,-110.5,36.5,148.96231671366
20050,-110.5,37.0,145.7504934581289
20051,-110.0,-39.0,159.6496928992248
20052,-110.0,-38.5,160.61811615013588
20053,-110.0,-38.0,158.35695055834208
20054,-110.0,-37.5,151.23330022477322
20055,-110.0,-37.0,150.6346568909546
20056,-110.0,-36.5,161.29862208531847
20057,-110.0,-36.0,156.9588559789759
20058,-110.0,-35.5,151.70053301557348
20059,-110.0,-35.0,152.27414395733496
20060,-110.0,-34.5,150.38844062370197
20061,-110.0,-34.0,150.91680808841758
20062,-110.0,-33.5,154.52234827894816
20063,-110.0,-33.0,150.14680193066994
20064,-110.0,-32.5,148.66400743610876
20065,-110.0,-32.0,150.81621383885297
20066,-110.0,-31.5,149.51443726817527
20067,-110.0,-31.0,155.0629763036036
20068,-110.0,-30.5,149.44729182856736
20069,-110.0,-30.0,149.7179970226486
20070,-110.0,-29.5,149.86233221473597
20071,-110.0,-29.0,147.4629183204543
20072,-110.0,-28.5,149.08393651790936
20073,-110.0,-28.0,152.8656265862249
20074,-110.0,-27.5,147.83490222545558
20075,-110.0,-27.0,145.97879394087533
20076,-110.0,-26.5,151.18126200349673
20077,-110.0,-26.0,148.18203820291632
20078,-110.0,-25.5,151.94296358903395
20079,-110.0,-25.0,146.89453277826146
20080,-110.0,-24.5,150.21118787736913
20081,-110.0,-24.0,170.93917697321578
20082,-110.0,-23.5,156.75611230378954
20083,-110.0,-23.0,155.7134674960982
20084,-110.0,-22.5,149.37454215411984
20085,-110.0,-22.0,148.44449955897457
20086,-110.0,-21.5,148.3326154012281
20087,-110.0,-21.0,148.48668138052
20088,-110.0,-20.5,148.7247492298615
20089,-110.0,-20.0,153.4280121729271
20090,-110.0,-19.5,154.75501073378786
20091,-110.0,-19.0,148.27263210386045
20092,-110.0,-18.5,148.38699384822257
20093,-110.0,-18.0,150.96099237546193
20094,-110.0,-17.5,149.69972553127275
20095,-110.0,-17.0,154.84205031083445
20096,-110.0,-16.5,150.46315868355484
20097,-110.0,-16.0,153.29275213572566
20098,-110.0,-15.5,150.3906701402886
20099,-110.0,-15.0,149.5105013037033
20100,-110.0,-14.5,154.08129745913774
20101,-110.0,-14.0,147.07302115721464
20102,-110.0,-13.5,147.06037011274793
20103,-110.0,-12.0,152.99694383251799
20104,-110.0,-11.5,148.2729242572349
20105,-110.0,-11.0,149.39926912434404
20106,-110.0,-10.5,151.60376838331962
20107,-110.0,-10.0,157.19985848875575
20108,-110.0,-9.5,150.4308131338295
20109,-110.0,-9.0,148.107629693025
20110,-110.0,-8.5,148.92414408932027
20111,-110.0,-8.0,148.7489323293693
20112,-110.0,-7.5,149.80506034916843
20113,-110.0,-6.5,151.27288895694215
20114,-110.0,-6.0,152.5219223920939
20115,-110.0,-5.5,155.66911920540312
20116,-110.0,-5.0,151.7304985083215
20117,-110.0,-4.5,148.1836494176298
20118,-110.0,-4.0,147.75952580415318
20119,-110.0,-3.5,148.62382235995526
20120,-110.0,-3.0,150.84351519887431
20121,-110.0,-2.5,150.58222075302098
20122,-110.0,-2.0,147.1640828521944
20123,-110.0,-1.5,147.89383963096392
20124,-110.0,-1.0,148.19215389467507
20125,-110.0,-0.5,149.54111476652682
20126,-110.0,0.0,148.4726792988718
20127,-110.0,0.5,150.4574562447231
20128,-110.0,1.0,148.2204713791776
20129,-110.0,1.5,150.8688515590742
20130,-110.0,2.0,150.2263888537963
20131,-110.0,2.5,148.48703722355657
20132,-110.0,3.0,150.20189836939258
20133,-110.0,3.5,158.7243078456891
20134,-110.0,4.0,149.98440677510456
20135,-110.0,4.5,147.65533465504063
20136,-110.0,5.0,157.43922632601792
20137,-110.0,5.5,175.69200032199765
20138,-110.0,6.0,147.2227309085386
20139,-110.0,6.5,153.3339270960523
20140,-110.0,7.0,147.9688215915392
20141,-110.0,7.5,150.99462376201174
20142,-110.0,8.0,150.04367182887228
20143,-110.0,8.5,155.26584593165404
20144,-110.0,9.0,148.6855953141695
20145,-110.0,9.5,151.74829604945938
20146,-110.0,10.0,150.23230568499932
20147,-110.0,10.5,150.28593507351638
20148,-110.0,11.0,152.1990501560303
20149,-110.0,12.0,151.68201012100351
20150,-110.0,13.5,151.1248559441135
20151,-110.0,14.0,151.43998674375678
20152,-110.0,14.5,151.6433096824352
20153,-110.0,15.0,151.99743810677705
20154,-110.0,15.5,153.57927730879334
20155,-110.0,16.0,151.68537283365984
20156,-110.0,16.5,151.8941960534078
20157,-110.0,17.0,149.8914049391079
20158,-110.0,17.5,152.8242132571422
20159,-110.0,18.0,151.89615890794965
20160,-110.0,18.5,150.89833328026597
20161,-110.0,19.0,151.68627391544192
20162,-110.0,19.5,150.66238579798886
20163,-110.0,20.0,152.35726172000903
20164,-110.0,20.5,151.13661952039206
20165,-110.0,21.0,152.46173271356406
20166,-110.0,21.5,152.66728253429017
20167,-110.0,22.0,148.9092789265225
20168,-110.0,22.5,149.32785242678125
20169,-110.0,23.0,148.97106255951323
20170,-110.0,23.5,149.50837784580057
20171,-110.0,24.0,148.6550447148842
20172,-110.0,24.5,150.7722175414621
20173,-110.0,25.0,148.49236948741654
20174,-110.0,25.5,149.83245578361095
20175,-110.0,26.0,150.18321502196648
20176,-110.0,26.5,152.43747606842385
20177,-110.0,27.0,157.9014034248728
20178,-110.0,27.5,152.1767296606652
20179,-110.0,28.0,151.1460006249717
20180,-110.0,28.5,146.03115328377166
20181,-110.0,29.0,149.50440332170595
20182,-110.0,29.5,145.7477633773419
20183,-110.0,30.0,151.81580454610875
20184,-110.0,30.5,144.15005073116566
20185,-110.0,31.0,149.4591306650719
20186,-110.0,31.5,151.54908102672698
20187,-110.0,32.0,150.17497575708109
20188,-110.0,32.5,150.56640000189114
20189,-110.0,33.0,149.91548438710794
20190,-110.0,33.5,150.31722141828985
20191,-110.0,34.0,150.46241670299972
20192,-110.0,34.5,155.9146116542796
20193,-110.0,35.0,151.06584566536338
20194,-110.0,35.5,148.13128891429224
20195,-110.0,36.0,149.82904325182545
20196,-110.0,36.5,149.58975769994393
20197,-110.0,37.0,147.9345121498666
20198,-109.5,-39.0,157.9966378280414
20199,-109.5,-38.5,161.8085955200893
20200,-109.5,-38.0,156.36183425681048
20201,-109.5,-37.5,150.8161443899485
20202,-109.5,-37.0,150.2022937672875
20203,-109.5,-36.5,162.44969500419828
20204,-109.5,-36.0,156.42006048383044
20205,-109.5,-35.5,151.10397260308864
20206,-109.5,-35.0,151.99952909484605
20207,-109.5,-34.5,150.3559779551863
20208,-109.5,-34.0,151.70563858443091
20209,-109.5,-33.5,152.14951045896183
20210,-109.5,-33.0,148.18536108120426
20211,-109.5,-32.5,149.66673845293272
20212,-109.5,-32.0,152.9765941494147
20213,-109.5,-31.5,150.154840842536
20214,-109.5,-31.0,153.86595050747718
20215,-109.5,-30.5,151.75943841600093
20216,-109.5,-30.0,149.86579097009007
20217,-109.5,-29.5,150.82545360611573
20218,-109.5,-29.0,147.5324947983538
20219,-109.5,-28.5,150.70420342412737
20220,-109.5,-28.0,151.07143851934083
20221,-109.5,-27.5,148.83125290002087
20222,-109.5,-27.0,147.3073916156259
20223,-109.5,-26.5,151.7354318076778
20224,-109.5,-26.0,150.21256151588636
20225,-109.5,-25.5,149.19654417437835
20226,-109.5,-25.0,149.85726385193158
20227,-109.5,-24.5,150.47354770239406
20228,-109.5,-24.0,151.4437332848245
20229,-109.5,-23.5,162.1169048938644
20230,-109.5,-23.0,155.71340778226704
20231,-109.5,-22.5,147.86023242188512
20232,-109.5,-22.0,147.65045860487155
20233,-109.5,-21.5,149.6786779569759
20234,-109.5,-21.0,148.32334204044088
20235,-109.5,-20.5,148.91076638539622
20236,-109.5,-20.0,156.79254135163595
20237,-109.5,-19.5,148.2592675887931
20238,-109.5,-19.0,151.97549347176422
20239,-109.5,-18.5,149.98166845515001
20240,-109.5,-18.0,149.31663571240472
20241,-109.5,-17.5,149.79588635245926
20242,-109.5,-17.0,154.63552823473557
20243,-109.5,-16.5,152.0335384105791
20244,-109.5,-16.0,151.64902554647642
20245,-109.5,-15.5,147.6072501872056
20246,-109.5,-15.0,150.83621543064606
20247,-109.5,-14.5,150.98281977803427
20248,-109.5,-14.0,147.0579286647717
20249,-109.5,-12.5,160.08638668738368
20250,-109.5,-12.0,152.67713627634163
20251,-109.5,-11.5,148.77303774880227
20252,-109.5,-11.0,154.14680301756803
20253,-109.5,-10.5,150.00677249530273
20254,-109.5,-10.0,154.05452460520695
20255,-109.5,-9.5,148.19705457555315
20256,-109.5,-9.0,148.7928131388011
20257,-109.5,-8.5,149.04552957684822
20258,-109.5,-8.0,147.63757235635057
20259,-109.5,-7.5,151.39744402236073
20260,-109.5,-7.0,151.228794021614
20261,-109.5,-6.0,151.2281285080283
20262,-109.5,-5.5,153.89382130638688
20263,-109.5,-5.0,150.02685780524618
20264,-109.5,-4.5,148.94330834136127
20265,-109.5,-4.0,148.79402104015873
20266,-109.5,-3.5,150.3708522696552
20267,-109.5,-3.0,150.5039252430818
20268,-109.5,-2.5,148.36925910836834
20269,-109.5,-2.0,151.39970436605017
20270,-109.5,-1.5,147.4624450839809
20271,-109.5,-0.5,148.64674796272172
20272,-109.5,0.0,148.62919991689694
20273,-109.5,0.5,151.8437468738562
20274,-109.5,1.0,152.029157333601
20275,-109.5,2.0,150.19211408633308
20276,-109.5,2.5,150.1894126984287
20277,-109.5,3.0,156.3810118238078
20278,-109.5,3.5,166.04324774481935
20279,-109.5,4.0,151.96043265927847
20280,-109.5,4.5,151.33237423566314
20281,-109.5,5.0,156.89851062550548
20282,-109.5,5.5,150.92007032328664
20283,-109.5,6.0,151.22421747634002
20284,-109.5,6.5,149.42669644076486
20285,-109.5,7.0,150.71940170180648
20286,-109.5,7.5,148.97020345787593
20287,-109.5,8.0,152.44509259391236
20288,-109.5,8.5,149.2443094543465
20289,-109.5,9.0,148.76002113761416
20290,-109.5,9.5,149.76675089746675
20291,-109.5,10.0,150.84688818210805
20292,-109.5,10.5,152.78245757753834
20293,-109.5,11.0,152.18751472923108
20294,-109.5,11.5,152.2227816972233
20295,-109.5,12.0,150.69212958146437
20296,-109.5,12.5,149.02516670189155
20297,-109.5,13.0,154.04188205890674
20298,-109.5,13.5,152.72556311822578
20299,-109.5,14.0,150.23585783587407
20300,-109.5,14.5,150.86317061371767
20301,-109.5,15.0,151.41049102587746
20302,-109.5,15.5,153.93618856495664
20303,-109.5,16.0,153.02666362953468
20304,-109.5,16.5,150.23576451676158
20305,-109.5,17.0,149.60348486268916
20306,-109.5,17.5,151.15936860917466
20307,-109.5,18.0,151.22284495941844
20308,-109.5,19.0,150.49732529642574
20309,-109.5,19.5,151.5459403732582
20310,-109.5,20.0,150.6837654882019
20311,-109.5,20.5,150.17172100368336
20312,-109.5,21.0,150.31909504650108
20313,-109.5,21.5,151.60204040304254
20314,-109.5,22.0,148.50069193647622
20315,-109.5,22.5,148.7628506157766
20316,-109.5,23.0,149.74136509260347
20317,-109.5,23.5,148.2553053994588
20318,-109.5,24.0,148.60200284789792
20319,-109.5,24.5,148.8578682506814
20320,-109.5,25.0,150.36590588182938
20321,-109.5,25.5,149.6738668484784
20322,-109.5,26.0,151.4308736443406
20323,-109.5,26.5,153.49890485719237
20324,-109.5,27.0,153.98860388115253
20325,-109.5,27.5,150.15107812843488
20326,-109.5,28.0,146.5472718467866
20327,-109.5,28.5,147.49181711458655
20328,-109.5,29.0,150.17585685381007
20329,-109.5,29.5,148.15478294429008
20330,-109.5,30.0,148.62533189161275
20331,-109.5,30.5,147.43512560164555
20332,-109.5,31.0,148.65466583337144
20333,-109.5,31.5,153.57423343412788
20334,-109.5,32.0,150.72746388607737
20335,-109.5,32.5,150.38969499568822
20336,-109.5,33.0,149.14055772071907
20337,-109.5,33.5,148.1112965010091
20338,-109.5,34.0,151.40219453392274
20339,-109.5,34.5,156.60282252008068
20340,-109.5,35.0,151.90936123658605
20341,-109.5,35.5,147.82724462170768
20342,-109.5,36.0,149.31715277631542
20343,-109.5,36.5,150.62647344932452
20344,-109.5,37.0,146.96663522121247
20345,-109.0,-39.0,157.81305716605618
20346,-109.0,-38.5,161.47901231730512
20347,-109.0,-38.0,156.75250839180555
20348,-109.0,-37.5,151.0799617917216
20349,-109.0,-37.0,151.76388579100526
20350,-109.0,-36.5,163.92637641826042
20351,-109.0,-36.0,152.1205716029094
20352,-109.0,-35.5,151.02735600108463
20353,-109.0,-35.0,152.28051757961302
20354,-109.0,-34.5,150.28373149560792
20355,-109.0,-34.0,153.21351227674262
20356,-109.0,-33.5,151.39933608914194
20357,-109.0,-33.0,148.1462506111291
20358,-109.0,-32.5,150.74987805292815
20359,-109.0,-32.0,152.9505274677495
20360,-109.0,-31.5,150.25677985450844
20361,-109.0,-31.0,153.88735698961628
20362,-109.0,-30.5,152.62386754141463
20363,-109.0,-30.0,149.66153271517848
20364,-109.0,-29.5,150.23491956886932
20365,-109.0,-29.0,149.07777588148258
20366,-109.0,-28.5,147.71979431784894
20367,-109.0,-28.0,150.11641545426275
20368,-109.0,-27.5,149.6661640316418
20369,-109.0,-27.0,147.32369528018617
20370,-109.0,-26.5,150.3857980414035
20371,-109.0,-26.0,151.92393016019685
20372,-109.0,-25.5,146.9172880814765
20373,-109.0,-25.0,151.19414757826812
20374,-109.0,-24.0,151.44818256434075
20375,-109.0,-23.5,165.80330702096396
20376,-109.0,-23.0,151.57722976698366
20377,-109.0,-22.5,152.4756754967943
20378,-109.0,-22.0,152.06022256222656
20379,-109.0,-21.5,150.7823994137506
20380,-109.0,-21.0,148.46243154576044
20381,-109.0,-20.5,155.70262462029308
20382,-109.0,-20.0,151.84442690815126
20383,-109.0,-19.5,155.9940831715022
20384,-109.0,-19.0,152.00918706396496
20385,-109.0,-18.5,149.1821906672231
20386,-109.0,-18.0,148.5090279613418
20387,-109.0,-17.0,151.05362520359833
20388,-109.0,-16.5,153.48394599372372
20389,-109.0,-16.0,149.99301671058322
20390,-109.0,-15.5,147.63029752696286
20391,-109.0,-15.0,151.06150587344146
20392,-109.0,-14.5,149.64076813820276
20393,-109.0,-14.0,149.41180185094237
20394,-109.0,-12.5,160.1221890945038
20395,-109.0,-12.0,147.02363310438636
20396,-109.0,-11.5,149.04686746167746
20397,-109.0,-11.0,151.9509121217837
20398,-109.0,-10.5,150.1050186607615
20399,-109.0,-10.0,148.77560400908496
20400,-109.0,-9.5,151.27554971061798
20401,-109.0,-9.0,149.07867984652634
20402,-109.0,-8.5,147.86036403663567
20403,-109.0,-8.0,147.62910289218473
20404,-109.0,-7.0,151.21844491890272
20405,-109.0,-6.5,152.24338017631166
20406,-109.0,-6.0,150.1598916876318
20407,-109.0,-5.5,149.95924388381587
20408,-109.0,-5.0,148.88370605400465
20409,-109.0,-4.5,150.3379458548368
20410,-109.0,-4.0,150.79348640463866
20411,-109.0,-3.5,150.86496575894228
20412,-109.0,-3.0,147.18507644590173
20413,-109.0,-2.5,148.74695660783013
20414,-109.0,-2.0,149.3106913816834
20415,-109.0,-1.5,150.06692661314676
20416,-109.0,-1.0,147.12477761298575
20417,-109.0,-0.5,147.17042004364743
20418,-109.0,0.0,148.8248024337812
20419,-109.0,1.0,151.74352455372966
20420,-109.0,2.5,157.734300869533
20421,-109.0,3.0,152.71464845088033
20422,-109.0,3.5,148.32612599407472
20423,-109.0,4.0,154.6915726540143
20424,-109.0,4.5,152.81327214438585
20425,-109.0,5.0,148.90649457574517
20426,-109.0,5.5,149.17281625521318
20427,-109.0,6.0,153.38623265217015
20428,-109.0,6.5,149.29849987950047
20429,-109.0,7.0,151.37409863984294
20430,-109.0,7.5,151.24346866541117
20431,-109.0,8.0,150.0034957901056
20432,-109.0,8.5,149.20808652072745
20433,-109.0,9.0,149.47778840801166
20434,-109.0,9.5,149.03499944052808
20435,-109.0,10.0,152.24506538535002
20436,-109.0,10.5,158.95136780123227
20437,-109.0,11.0,151.4081113219226
20438,-109.0,11.5,152.4685206238777
20439,-109.0,12.0,149.61134465571354
20440,-109.0,12.5,148.85817514998865
20441,-109.0,13.0,152.46842544374275
20442,-109.0,14.0,150.8310389440175
20443,-109.0,14.5,149.2735103024762
20444,-109.0,15.0,151.12600496099736
20445,-109.0,15.5,153.98409325457723
20446,-109.0,16.5,150.0927174398975
20447,-109.0,17.0,149.64810575163517
20448,-109.0,17.5,150.19961675990598
20449,-109.0,18.0,151.03555764905204
20450,-109.0,18.5,149.7007780810129
20451,-109.0,19.0,153.1901287039996
20452,-109.0,19.5,151.94689750028215
20453,-109.0,20.0,149.387326247837
20454,-109.0,20.5,148.56577104271645
20455,-109.0,21.0,150.97212477995689
20456,-109.0,21.5,149.1175019295166
20457,-109.0,22.0,150.57665863570247
20458,-109.0,22.5,148.19712450614358
20459,-109.0,23.0,149.32433851578864
20460,-109.0,23.5,147.670084447811
20461,-109.0,24.0,148.03122841556657
20462,-109.0,24.5,147.71403185604535
20463,-109.0,25.0,150.30095574540752
20464,-109.0,25.5,155.5434298102805
20465,-109.0,26.0,154.32950741260427
20466,-109.0,26.5,153.28205115073587
20467,-109.0,27.0,149.5731715233362
20468,-109.0,27.5,149.051328973822
20469,-109.0,28.0,144.48149648748011
20470,-109.0,28.5,148.24391439996435
20471,-109.0,29.0,146.35598184266487
20472,-109.0,29.5,149.0410686750235
20473,-109.0,30.0,145.7212215531607
20474,-109.0,30.5,149.4761211769799
20475,-109.0,31.0,147.01564742446143
20476,-109.0,31.5,152.25181020529544
20477,-109.0,32.0,152.62621328234644
20478,-109.0,32.5,152.39663984472148
20479,-109.0,33.0,147.37203890878217
20480,-109.0,33.5,149.53822865106739
20481,-109.0,34.0,151.20132660938103
20482,-109.0,34.5,157.41016217660038
20483,-109.0,35.0,152.79551784331335
20484,-109.0,35.5,147.79497979089166
20485,-109.0,36.0,150.0237636261911
20486,-109.0,36.5,150.2329270462436
20487,-109.0,37.0,149.08417566084032
20488,-108.5,-39.0,158.09029756136258
20489,-108.5,-38.5,161.94344125595825
20490,-108.5,-38.0,157.07581136910744
20491,-108.5,-37.5,151.60791419712655
20492,-108.5,-37.0,154.71205656405888
20493,-108.5,-36.5,148.26488567458335
20494,-108.5,-36.0,150.66105982687478
20495,-108.5,-35.5,151.24022801687065
20496,-108.5,-35.0,151.9100455648935
20497,-108.5,-34.5,152.9160225263201
20498,-108.5,-34.0,153.41983794305392
20499,-108.5,-33.5,150.41016926033643
20500,-108.5,-33.0,149.01277334394626
20501,-108.5,-32.5,150.05979715186308
20502,-108.5,-32.0,151.74265611451352
20503,-108.5,-31.5,150.62701341436102
20504,-108.5,-31.0,158.60395521086886
20505,-108.5,-30.5,153.63914542355758
20506,-108.5,-30.0,149.32083445506188
20507,-108.5,-29.5,150.17853994795547
20508,-108.5,-29.0,150.1872413283391
20509,-108.5,-28.5,147.84416034133307
20510,-108.5,-28.0,150.42005325506074
20511,-108.5,-27.5,149.13117059922655
20512,-108.5,-27.0,147.1540297973377
20513,-108.5,-26.5,150.2058671703333
20514,-108.5,-26.0,151.07742386921018
20515,-108.5,-25.5,149.26904278580116
20516,-108.5,-25.0,154.90484820598715
20517,-108.5,-24.5,152.40044987899626
20518,-108.5,-24.0,151.1803461642886
20519,-108.5,-23.5,157.95448367716008
20520,-108.5,-23.0,152.98200884752038
20521,-108.5,-22.5,155.03146872277816
20522,-108.5,-22.0,155.42761258957398
20523,-108.5,-21.5,147.88108154711463
20524,-108.5,-21.0,148.0317267031971
20525,-108.5,-20.5,148.5760432537785
20526,-108.5,-20.0,150.4600425630602
20527,-108.5,-19.5,152.02383261167785
20528,-108.5,-19.0,149.5011641825576
20529,-108.5,-18.5,148.84064309410022
20530,-108.5,-18.0,148.293543036699
20531,-108.5,-17.5,148.8618604860066
20532,-108.5,-17.0,151.98099869267008
20533,-108.5,-16.5,149.74891215264228
20534,-108.5,-16.0,150.87074980234735
20535,-108.5,-15.5,149.73741770706343
20536,-108.5,-15.0,147.00779408381985
20537,-108.5,-14.5,150.91999883197502
20538,-108.5,-14.0,150.26071452758399
20539,-108.5,-13.5,149.02842937170817
20540,-108.5,-12.5,147.0254929243897
20541,-108.5,-12.0,147.3387193488067
20542,-108.5,-11.5,151.17452439564096
20543,-108.5,-11.0,151.62406429419278
20544,-108.5,-10.5,148.8880117913677
20545,-108.5,-10.0,149.06409298889633
20546,-108.5,-9.5,150.53011678603892
20547,-108.5,-9.0,151.24956844029106
20548,-108.5,-8.5,148.0306728940495
20549,-108.5,-7.0,151.86196602784594
20550,-108.5,-6.5,151.53732153010998
20551,-108.5,-5.5,148.76178482195493
20552,-108.5,-5.0,149.8994027296706
20553,-108.5,-4.5,151.569379005178
20554,-108.5,-4.0,152.6858358602075
20555,-108.5,-3.5,149.12024038283815
20556,-108.5,-3.0,148.4244352324755
20557,-108.5,-2.5,148.8698189248929
20558,-108.5,-2.0,148.80653938789882
20559,-108.5,-1.5,151.65390468538993
20560,-108.5,-1.0,147.6367517795826
20561,-108.5,-0.5,147.68180517647235
20562,-108.5,0.0,149.69339284807464
20563,-108.5,0.5,149.41322612938205
20564,-108.5,1.0,151.6286081999955
20565,-108.5,1.5,152.03697327355817
20566,-108.5,2.0,160.29298043301108
20567,-108.5,2.5,155.44793076729331
20568,-108.5,3.0,150.3470733980765
20569,-108.5,3.5,150.30109561474512
20570,-108.5,4.0,152.8921306274479
20571,-108.5,5.0,152.14944941170336
20572,-108.5,5.5,151.1729449023413
20573,-108.5,6.0,149.73498886877016
20574,-108.5,6.5,154.9753801056829
20575,-108.5,7.0,150.94468289471553
20576,-108.5,7.5,156.21297084218523
20577,-108.5,8.0,148.64066360904172
20578,-108.5,8.5,148.97431002661367
20579,-108.5,9.0,149.5793985645778
20580,-108.5,10.0,155.8339032559591
20581,-108.5,10.5,156.73486339508892
20582,-108.5,11.0,153.16744879571382
20583,-108.5,11.5,151.3708617682077
20584,-108.5,12.0,150.4767233519293
20585,-108.5,12.5,155.07735643436888
20586,-108.5,13.0,150.44828689821264
20587,-108.5,13.5,154.05167214261496
20588,-108.5,14.0,151.04315414353252
20589,-108.5,14.5,150.23264970158527
20590,-108.5,15.0,153.38818916547996
20591,-108.5,15.5,151.46153620619353
20592,-108.5,17.0,150.27959339063432
20593,-108.5,17.5,150.35885688148784
20594,-108.5,18.0,148.70425801427263
20595,-108.5,18.5,151.50020362747202
20596,-108.5,19.5,150.1938763364293
20597,-108.5,20.0,148.94347456341967
20598,-108.5,20.5,148.69081827409002
20599,-108.5,21.0,150.09736739054634
20600,-108.5,21.5,147.61830239245617
20601,-108.5,22.0,149.12443280549738
20602,-108.5,22.5,150.3931302877112
20603,-108.5,23.0,147.85265441897505
20604,-108.5,23.5,147.46704455038332
20605,-108.5,24.0,147.8806062711822
20606,-108.5,24.5,148.99942466254706
20607,-108.5,25.0,149.63435729727917
20608,-108.5,25.5,160.11976106506674
20609,-108.5,26.0,151.77710046551653
20610,-108.5,26.5,150.6310570758665
20611,-108.5,27.0,149.9384679625932
20612,-108.5,27.5,147.9698287175757
20613,-108.5,28.0,145.9701259528387
20614,-108.5,28.5,149.22573794911767
20615,-108.5,29.0,145.22632088894784
20616,-108.5,29.5,147.75756377886083
20617,-108.5,30.0,144.4826020289386
20618,-108.5,30.5,150.15355268463384
20619,-108.5,31.0,152.81813352991853
20620,-108.5,31.5,153.73957620883263
20621,-108.5,32.0,153.87347657441381
20622,-108.5,32.5,152.42537235443712
20623,-108.5,33.0,146.63832800742037
20624,-108.5,33.5,149.48752003211362
20625,-108.5,34.0,149.55639576308326
20626,-108.5,34.5,155.38438248736603
20627,-108.5,35.0,159.0877142547731
20628,-108.5,35.5,147.5020115448327
20629,-108.5,36.0,150.96397416102835
20630,-108.5,36.5,151.948110787266
20631,-108.5,37.0,152.35294168154655
20632,-108.0,-39.5,157.86010514708863
20633,-108.0,-39.0,158.0451003524285
20634,-108.0,-38.5,161.77919360688557
20635,-108.0,-38.0,157.0166846161777
20636,-108.0,-37.5,152.62555563110953
20637,-108.0,-37.0,154.94903846791
20638,-108.0,-36.5,148.27009913378865
20639,-108.0,-36.0,148.92523023314357
20640,-108.0,-35.5,151.23168050303553
20641,-108.0,-35.0,150.61861790357594
20642,-108.0,-34.5,153.9637441701465
20643,-108.0,-34.0,154.375532284435
20644,-108.0,-33.5,150.53313157903946
20645,-108.0,-33.0,147.79683069947657
20646,-108.0,-32.5,150.93619366010682
20647,-108.0,-32.0,149.80207594475942
20648,-108.0,-31.5,152.95082010127572
20649,-108.0,-31.0,150.23052472719237
20650,-108.0,-30.5,155.60591673437744
20651,-108.0,-30.0,150.91280654044527
20652,-108.0,-29.5,149.81263554232285
20653,-108.0,-29.0,151.05834163989672
20654,-108.0,-28.5,148.50075686401183
20655,-108.0,-28.0,148.85509588669723
20656,-108.0,-27.5,148.5112620629794
20657,-108.0,-27.0,147.03670625549634
20658,-108.0,-26.5,149.67064798280234
20659,-108.0,-26.0,148.79121344884172
20660,-108.0,-25.5,150.61467695231786
20661,-108.0,-24.5,152.0644571551948
20662,-108.0,-24.0,151.29638903218031
20663,-108.0,-23.5,149.45422464575938
20664,-108.0,-23.0,157.9719682466574
20665,-108.0,-22.5,153.24129185854832
20666,-108.0,-22.0,148.00063203038343
20667,-108.0,-21.5,148.013998007356
20668,-108.0,-21.0,147.61550130048104
20669,-108.0,-20.5,147.84305022316747
20670,-108.0,-20.0,155.49084983545526
20671,-108.0,-19.5,149.75506366250966
20672,-108.0,-19.0,148.97272646726225
20673,-108.0,-18.5,147.72959640887063
20674,-108.0,-18.0,148.3112577295954
20675,-108.0,-17.5,149.02019973934622
20676,-108.0,-17.0,152.70281827714305
20677,-108.0,-16.5,149.2246702476963
20678,-108.0,-16.0,149.0300149906459
20679,-108.0,-15.5,150.7984665092703
20680,-108.0,-15.0,148.41559851906086
20681,-108.0,-14.5,152.25322376761764
20682,-108.0,-14.0,150.97986447928494
20683,-108.0,-13.5,149.37656051005632
20684,-108.0,-13.0,146.97013191069902
20685,-108.0,-12.5,147.24350570599344
20686,-108.0,-12.0,147.42978083440875
20687,-108.0,-11.0,148.15458017948703
20688,-108.0,-10.5,149.41130835748768
20689,-108.0,-10.0,149.30777727430925
20690,-108.0,-9.5,149.79141394887964
20691,-108.0,-9.0,150.41645176828237
20692,-108.0,-8.5,152.68046960068315
20693,-108.0,-7.5,151.73270776680795
20694,-108.0,-7.0,151.98319588322323
20695,-108.0,-6.5,150.80969677241484
20696,-108.0,-6.0,148.197520094043
20697,-108.0,-5.5,147.8021239453888
20698,-108.0,-5.0,149.92510689628932
20699,-108.0,-4.5,153.41656210052915
20700,-108.0,-4.0,152.1261401843063
20701,-108.0,-3.5,149.50209233596297
20702,-108.0,-3.0,150.16388003803786
20703,-108.0,-2.5,148.33004933444178
20704,-108.0,-2.0,149.2999003734854
20705,-108.0,-1.5,148.98947285308515
20706,-108.0,-1.0,150.11628539535522
20707,-108.0,-0.5,147.50660062878706
20708,-108.0,0.5,148.76141643299496
20709,-108.0,1.0,148.89407120007027
20710,-108.0,1.5,151.79108564047138
20711,-108.0,2.0,151.1238786808163
20712,-108.0,3.0,150.6925907885806
20713,-108.0,3.5,150.84972220230804
20714,-108.0,4.0,149.12944559742186
20715,-108.0,5.0,154.73646055149177
20716,-108.0,5.5,152.09954546449205
20717,-108.0,6.0,149.90599510629457
20718,-108.0,6.5,152.78581162661465
20719,-108.0,7.0,157.7158544039594
20720,-108.0,7.5,147.7465120058621
20721,-108.0,8.0,149.13326212841312
20722,-108.0,8.5,148.86638958369974
20723,-108.0,9.0,149.1003546603346
20724,-108.0,9.5,154.00766427827276
20725,-108.0,10.0,164.2840036210728
20726,-108.0,10.5,154.04427939664708
20727,-108.0,11.0,151.05961462935383
20728,-108.0,11.5,150.59436388214417
20729,-108.0,12.0,152.99280578269014
20730,-108.0,12.5,153.18743442458327
20731,-108.0,13.0,152.5210713822146
20732,-108.0,13.5,152.29745222846876
20733,-108.0,14.5,151.93403544799295
20734,-108.0,15.0,152.96858988429577
20735,-108.0,15.5,149.371105113219
20736,-108.0,16.0,150.3149480353835
20737,-108.0,16.5,152.27337811192425
20738,-108.0,17.0,150.95483367047805
20739,-108.0,17.5,149.3914927923852
20740,-108.0,18.0,148.55313882101518
20741,-108.0,18.5,152.53468631923212
20742,-108.0,19.0,150.8989637994411
20743,-108.0,19.5,147.24516972594324
20744,-108.0,20.0,149.87542201553188
20745,-108.0,20.5,150.81300514758158
20746,-108.0,21.0,148.89166790998638
20747,-108.0,21.5,149.5101788875977
20748,-108.0,22.0,149.31575018524154
20749,-108.0,22.5,154.28674694271032
20750,-108.0,23.0,147.394767367706
20751,-108.0,23.5,147.53085508784034
20752,-108.0,24.0,147.9546571119723
20753,-108.0,24.5,149.3066473858752
20754,-108.0,25.0,155.20336912266413
20755,-108.0,25.5,151.90610929760092
20756,-108.0,26.0,146.76565780952959
20757,-108.0,26.5,148.43038800873978
20758,-108.0,27.0,148.00275202252644
20759,-108.0,27.5,150.51097558110757
20760,-108.0,28.0,151.96639199022772
20761,-108.0,28.5,147.1007452169157
20762,-108.0,29.0,148.03255436908432
20763,-108.0,29.5,149.79098672091615
20764,-108.0,30.0,146.26524695852456
20765,-108.0,30.5,154.27917863108036
20766,-108.0,31.0,155.4711828878538
20767,-108.0,31.5,155.32355395755175
20768,-108.0,32.0,154.04514359151392
20769,-108.0,32.5,150.50387893290605
20770,-108.0,33.0,145.6141858193637
20771,-108.0,33.5,150.15892665346067
20772,-108.0,34.0,149.68065259593445
20773,-108.0,34.5,155.5487890596115
20774,-108.0,35.0,159.14394631103883
20775,-108.0,35.5,149.2726487509534
20776,-108.0,36.0,152.1386628250612
20777,-108.0,36.5,151.88229826289498
20778,-108.0,37.0,151.0845197279963
20779,-107.5,-39.5,158.0211505914077
20780,-107.5,-38.5,161.40325597678716
20781,-107.5,-38.0,157.09515388702937
20782,-107.5,-37.5,152.83733173426592
20783,-107.5,-37.0,155.9381321774839
20784,-107.5,-36.5,148.3404982996744
20785,-107.5,-36.0,149.502152800174
20786,-107.5,-35.5,151.83140474266784
20787,-107.5,-35.0,150.82556138448285
20788,-107.5,-34.5,154.22107358650806
20789,-107.5,-34.0,155.41636441940668
20790,-107.5,-33.5,149.95418590420263
20791,-107.5,-33.0,148.47907293919968
20792,-107.5,-32.5,150.91777275377495
20793,-107.5,-32.0,150.07090962387488
20794,-107.5,-31.5,160.95519112510735
20795,-107.5,-31.0,151.3723704078464
20796,-107.5,-30.5,153.25719620270456
20797,-107.5,-30.0,150.80795410065141
20798,-107.5,-29.5,149.92888234223858
20799,-107.5,-29.0,150.21748027163974
20800,-107.5,-28.5,151.42526248796818
20801,-107.5,-28.0,147.5440866754813
20802,-107.5,-27.5,149.15433685710096
20803,-107.5,-27.0,149.39824873357085
20804,-107.5,-26.5,151.00403894029225
20805,-107.5,-26.0,148.40339003922423
20806,-107.5,-25.5,152.43674809357051
20807,-107.5,-25.0,147.6044537670034
20808,-107.5,-24.5,151.7117239506315
20809,-107.5,-24.0,151.0954588944537
20810,-107.5,-23.5,149.03991018209553
20811,-107.5,-23.0,159.69311370402525
20812,-107.5,-22.5,153.74666660023982
20813,-107.5,-22.0,147.77870609599566
20814,-107.5,-21.5,148.38735472162432
20815,-107.5,-21.0,147.4542014743587
20816,-107.5,-20.5,163.12279381535313
20817,-107.5,-20.0,154.5200914233754
20818,-107.5,-19.5,148.81266822521425
20819,-107.5,-19.0,149.1112136535205
20820,-107.5,-18.0,148.44738576070228
20821,-107.5,-17.5,148.44735026798642
20822,-107.5,-17.0,148.19383432769288
20823,-107.5,-16.5,151.3489852695147
20824,-107.5,-16.0,148.97693624197754
20825,-107.5,-15.5,150.16278230023266
20826,-107.5,-15.0,150.86952867188975
20827,-107.5,-14.5,148.91175254205297
20828,-107.5,-14.0,151.50955703775062
20829,-107.5,-13.5,150.5009436031873
20830,-107.5,-13.0,147.82273902751078
20831,-107.5,-12.5,147.49828098571342
20832,-107.5,-11.5,168.3840611308158
20833,-107.5,-11.0,148.40007944597056
20834,-107.5,-10.5,149.52146060466472
20835,-107.5,-10.0,150.34920261101405
20836,-107.5,-9.5,149.20537046048577
20837,-107.5,-9.0,149.5765441356892
20838,-107.5,-8.5,152.4146366748974
20839,-107.5,-7.5,151.73955933552716
20840,-107.5,-6.5,148.14499524923846
20841,-107.5,-6.0,149.00105170199393
20842,-107.5,-5.5,147.37868479773155
20843,-107.5,-5.0,151.83825988633183
20844,-107.5,-4.5,151.6990158301064
20845,-107.5,-4.0,149.66692484678842
20846,-107.5,-3.5,152.07168511953574
20847,-107.5,-3.0,149.28219785933834
20848,-107.5,-2.5,151.47554645296015
20849,-107.5,-2.0,147.65643022807078
20850,-107.5,-1.5,148.5539069735229
20851,-107.5,-1.0,150.48183730886413
20852,-107.5,-0.5,152.962855746597
20853,-107.5,1.0,149.82302888649838
20854,-107.5,1.5,150.84524601978222
20855,-107.5,2.0,153.01662270285124
20856,-107.5,2.5,152.5320021837002
20857,-107.5,3.5,150.16440900195045
20858,-107.5,4.0,150.5887783146256
20859,-107.5,4.5,148.81057705448737
20860,-107.5,5.0,154.38924896909182
20861,-107.5,5.5,153.59427515765128
20862,-107.5,6.0,152.76688983476325
20863,-107.5,6.5,152.74505569455346
20864,-107.5,7.0,154.12034047197778
20865,-107.5,7.5,148.1063425898488
20866,-107.5,8.0,148.4413604695579
20867,-107.5,8.5,152.40981015530727
20868,-107.5,9.0,154.20399125821868
20869,-107.5,9.5,155.6471556242357
20870,-107.5,10.0,155.28829170134375
20871,-107.5,10.5,153.45494791336336
20872,-107.5,11.0,150.50030459827101
20873,-107.5,11.5,151.77615725273733
20874,-107.5,12.0,153.05205050928558
20875,-107.5,12.5,154.06313584739183
20876,-107.5,13.0,155.57356320556826
20877,-107.5,13.5,148.47379017429142
20878,-107.5,14.0,154.03261411481017
20879,-107.5,14.5,155.65421011257362
20880,-107.5,15.0,149.1928980544227
20881,-107.5,15.5,148.57688306281085
20882,-107.5,16.0,149.2226193161826
20883,-107.5,16.5,151.96967739628997
20884,-107.5,17.0,151.03072854102288
20885,-107.5,17.5,148.90163372769916
20886,-107.5,18.0,148.4735828227544
20887,-107.5,18.5,148.89927935696613
20888,-107.5,19.0,149.35450061675712
20889,-107.5,19.5,146.43124885836764
20890,-107.5,20.0,150.29771362235076
20891,-107.5,20.5,153.9366891981206
20892,-107.5,21.0,146.79280813009257
20893,-107.5,21.5,150.1464376705508
20894,-107.5,22.0,149.77073733200658
20895,-107.5,22.5,149.09913317601072
20896,-107.5,23.0,147.49547042883333
20897,-107.5,23.5,147.68210034715835
20898,-107.5,24.0,148.27126224350965
20899,-107.5,24.5,155.8955663333456
20900,-107.5,25.0,151.93496275942024
20901,-107.5,25.5,146.3213465817918
20902,-107.5,26.0,148.85735464032405
20903,-107.5,26.5,147.244667531525
20904,-107.5,27.0,147.0567769011339
20905,-107.5,27.5,150.07043470907684
20906,-107.5,28.0,153.20833498285668
20907,-107.5,28.5,151.17577370656255
20908,-107.5,29.0,151.45461645100752
20909,-107.5,29.5,148.35590322630927
20910,-107.5,30.0,151.92999553825769
20911,-107.5,30.5,153.82255814210984
20912,-107.5,31.0,155.36549746044506
20913,-107.5,31.5,156.12565814328968
20914,-107.5,32.0,154.5003333631934
20915,-107.5,32.5,149.22451774612253
20916,-107.5,33.0,149.4108804395839
20917,-107.5,33.5,150.18848486938364
20918,-107.5,34.0,151.04205263193856
20919,-107.5,34.5,154.01318157474725
20920,-107.5,35.0,157.62167398950297
20921,-107.5,35.5,148.09929028550582
20922,-107.5,36.0,149.48591262923046
20923,-107.5,36.5,152.19068511684839
20924,-107.0,-39.0,162.4025657514294
20925,-107.0,-38.5,162.75502663894216
20926,-107.0,-38.0,157.09598991302454
20927,-107.0,-37.5,153.24092958460383
20928,-107.0,-37.0,158.6325797479043
20929,-107.0,-36.5,148.34402329267078
20930,-107.0,-36.0,149.41730246451564
20931,-107.0,-35.5,150.76084724126997
20932,-107.0,-35.0,151.2240184229013
20933,-107.0,-34.5,154.75386386171814
20934,-107.0,-34.0,156.86341019747363
20935,-107.0,-33.5,150.27613605980625
20936,-107.0,-33.0,148.51369251789467
20937,-107.0,-32.5,151.68716168372418
20938,-107.0,-32.0,150.54757104670153
20939,-107.0,-31.5,158.85683164640986
20940,-107.0,-31.0,151.48290912279327
20941,-107.0,-30.5,152.09573087106295
20942,-107.0,-30.0,151.24264780485444
20943,-107.0,-29.5,149.7997609577078
20944,-107.0,-29.0,149.83369543029067
20945,-107.0,-28.5,151.86647042545349
20946,-107.0,-28.0,150.21476926600295
20947,-107.0,-27.5,153.26573652756701
20948,-107.0,-27.0,148.29266413860813
20949,-107.0,-26.5,151.26950340982086
20950,-107.0,-26.0,149.2865412628877
20951,-107.0,-25.5,153.4867104789756
20952,-107.0,-25.0,148.67323463548328
20953,-107.0,-24.5,152.30135798403805
20954,-107.0,-24.0,149.027824420753
20955,-107.0,-23.5,150.3324045580109
20956,-107.0,-23.0,155.1968857738079
20957,-107.0,-22.5,155.94278607177336
20958,-107.0,-22.0,150.11981060651578
20959,-107.0,-21.5,147.69556516010127
20960,-107.0,-21.0,147.46438327805265
20961,-107.0,-20.5,153.03174835444955
20962,-107.0,-20.0,148.38934973750952
20963,-107.0,-19.5,148.18602276496543
20964,-107.0,-19.0,148.81884670750003
20965,-107.0,-18.5,152.63905571647578
20966,-107.0,-17.5,147.89884704817658
20967,-107.0,-17.0,148.3167763424795
20968,-107.0,-16.5,149.86059907012685
20969,-107.0,-16.0,150.14929837113493
20970,-107.0,-15.5,149.0127299286487
20971,-107.0,-15.0,152.2097908028828
20972,-107.0,-14.5,149.76552298038953
20973,-107.0,-13.5,150.2019398683617
20974,-107.0,-13.0,149.08280867746328
20975,-107.0,-12.5,148.59126742565104
20976,-107.0,-11.5,148.5040117344128
20977,-107.0,-11.0,148.7375368886641
20978,-107.0,-10.5,149.34504352267373
20979,-107.0,-10.0,149.85887425567876
20980,-107.0,-9.5,149.6219855807012
20981,-107.0,-9.0,149.8343712407112
20982,-107.0,-8.5,150.9549838392285
20983,-107.0,-8.0,151.69272971323193
20984,-107.0,-7.5,150.5973183489302
20985,-107.0,-7.0,149.22654044869643
20986,-107.0,-6.5,148.28689803805256
20987,-107.0,-6.0,148.36557885516615
20988,-107.0,-5.5,151.75437563071202
20989,-107.0,-5.0,154.20714472441796
20990,-107.0,-4.5,148.41127338933288
20991,-107.0,-4.0,148.52726326249416
20992,-107.0,-3.5,150.65273682973407
20993,-107.0,-3.0,152.05896104127675
20994,-107.0,-2.5,150.65151207366216
20995,-107.0,-2.0,146.61595704955934
20996,-107.0,-1.5,148.9524918023992
20997,-107.0,-1.0,151.582718021303
20998,-107.0,-0.5,152.97960154825844
20999,-107.0,0.0,153.47954250543322
21000,-107.0,1.0,149.42201759763842
21001,-107.0,1.5,148.98992735653397
21002,-107.0,2.5,155.67106394240523
21003,-107.0,4.0,150.19773960956732
21004,-107.0,4.5,152.35006584356498
21005,-107.0,5.0,150.448638189445
21006,-107.0,5.5,154.3374992808359
21007,-107.0,6.0,155.31412981947952
21008,-107.0,6.5,152.30288484233628
21009,-107.0,7.0,150.02290746034072
21010,-107.0,8.0,148.48328360721158
21011,-107.0,8.5,155.10415245913052
21012,-107.0,9.0,154.26033792873662
21013,-107.0,9.5,155.48020254071437
21014,-107.0,10.0,150.399423270317
21015,-107.0,11.0,150.09114024851627
21016,-107.0,11.5,153.01105331766792
21017,-107.0,12.0,152.9193561929836
21018,-107.0,12.5,154.30090003150946
21019,-107.0,13.0,150.76795610561692
21020,-107.0,13.5,156.9268035879498
21021,-107.0,14.0,152.68756844466833
21022,-107.0,14.5,156.14368133425805
21023,-107.0,15.0,148.88615812978495
21024,-107.0,15.5,148.65931775867975
21025,-107.0,16.0,150.76327726897082
21026,-107.0,16.5,150.61545661662515
21027,-107.0,17.0,148.77168388648624
21028,-107.0,17.5,148.85934479737608
21029,-107.0,18.0,148.711462864556
21030,-107.0,18.5,149.35881621955164
21031,-107.0,19.0,148.73964174052887
21032,-107.0,19.5,149.30957023072497
21033,-107.0,20.0,153.94654328491166
21034,-107.0,20.5,149.51195301024387
21035,-107.0,21.0,149.23076780784547
21036,-107.0,21.5,149.59398236678174
21037,-107.0,22.0,151.16047850142132
21038,-107.0,22.5,149.18847255386552
21039,-107.0,23.0,148.742018853242
21040,-107.0,23.5,148.82914972840382
21041,-107.0,24.0,150.79742552753544
21042,-107.0,24.5,147.60933606156115
21043,-107.0,25.0,146.9963915107228
21044,-107.0,25.5,146.13952849231046
21045,-107.0,26.0,147.72314180585147
21046,-107.0,26.5,147.83433104823746
21047,-107.0,27.0,149.24189710449954
21048,-107.0,27.5,151.374011151582
21049,-107.0,28.0,154.64790985433595
21050,-107.0,28.5,151.62672298029554
21051,-107.0,29.0,152.81902112541215
21052,-107.0,29.5,152.63367734523848
21053,-107.0,30.0,151.71604514977034
21054,-107.0,30.5,151.36680687538026
21055,-107.0,31.0,158.08419750454843
21056,-107.0,31.5,151.42272802771973
21057,-107.0,32.0,151.4731856611491
21058,-107.0,32.5,149.96242316509264
21059,-107.0,33.0,151.87719870467623
21060,-107.0,33.5,153.37167381619233
21061,-107.0,34.0,150.68132001100489
21062,-107.0,34.5,153.98058091096792
21063,-107.0,35.0,154.73259487106327
21064,-107.0,35.5,148.22845961304847
21065,-107.0,36.0,147.39736157894555
21066,-107.0,36.5,152.890196010229
21067,-106.5,-39.0,162.09342403360188
21068,-106.5,-38.0,156.69459294361917
21069,-106.5,-37.5,153.49079350297032
21070,-106.5,-37.0,157.25262709493165
21071,-106.5,-36.5,148.37709517007195
21072,-106.5,-36.0,149.1941059390073
21073,-106.5,-35.5,150.39217679882796
21074,-106.5,-35.0,151.0427914791439
21075,-106.5,-34.5,155.20268588329176
21076,-106.5,-34.0,160.35021160264117
21077,-106.5,-33.5,150.5093117308362
21078,-106.5,-33.0,148.73737659316785
21079,-106.5,-32.5,150.98961345001194
21080,-106.5,-32.0,153.31159487467485
21081,-106.5,-31.5,156.15303545002925
21082,-106.5,-31.0,154.04333371271133
21083,-106.5,-30.5,150.10010358102005
21084,-106.5,-30.0,148.87066550091222
21085,-106.5,-29.5,150.57180943319156
21086,-106.5,-29.0,150.06835178546578
21087,-106.5,-28.5,150.63681910346412
21088,-106.5,-28.0,153.4431253448342
21089,-106.5,-27.5,151.68668833863114
21090,-106.5,-27.0,150.96436745417856
21091,-106.5,-26.5,149.11693461685766
21092,-106.5,-26.0,149.61292617987775
21093,-106.5,-25.5,150.52726789648145
21094,-106.5,-25.0,150.5763963094638
21095,-106.5,-24.5,149.57613650364414
21096,-106.5,-24.0,147.40143774318003
21097,-106.5,-23.5,149.86570402251147
21098,-106.5,-23.0,153.9023717683463
21099,-106.5,-22.5,157.49999505202433
21100,-106.5,-22.0,149.82119779887796
21101,-106.5,-21.5,147.42667430063995
21102,-106.5,-21.0,158.07158732590656
21103,-106.5,-20.5,150.68323989131443
21104,-106.5,-20.0,148.00794145812253
21105,-106.5,-19.5,147.32725320666842
21106,-106.5,-19.0,150.97419637016304
21107,-106.5,-18.5,151.43845980036247
21108,-106.5,-18.0,156.1942591116851
21109,-106.5,-17.5,147.22523872136782
21110,-106.5,-17.0,148.5092780889659
21111,-106.5,-16.5,148.63713329310855
21112,-106.5,-16.0,151.43028526947433
21113,-106.5,-15.5,150.8275990617917
21114,-106.5,-15.0,151.36871960219872
21115,-106.5,-14.5,152.14449490273276
21116,-106.5,-14.0,149.61126508946694
21117,-106.5,-13.5,147.505873227583
21118,-106.5,-13.0,149.81170795733735
21119,-106.5,-12.5,149.07874761460766
21120,-106.5,-12.0,148.848711404795
21121,-106.5,-11.5,148.75569670713367
21122,-106.5,-11.0,149.5199250098672
21123,-106.5,-10.5,153.00478429762674
21124,-106.5,-10.0,149.04535619321766
21125,-106.5,-9.5,150.45474468519632
21126,-106.5,-9.0,150.46098327717598
21127,-106.5,-8.5,150.1181925211891
21128,-106.5,-8.0,151.36943365602417
21129,-106.5,-7.5,151.49890689756396
21130,-106.5,-7.0,148.75536641803328
21131,-106.5,-6.5,148.16223304615417
21132,-106.5,-6.0,147.32694527356767
21133,-106.5,-5.5,152.67339424341662
21134,-106.5,-5.0,148.3889820016782
21135,-106.5,-4.5,147.45016686837513
21136,-106.5,-4.0,149.75860639759324
21137,-106.5,-3.5,148.56502456652677
21138,-106.5,-3.0,151.99203066558624
21139,-106.5,-2.5,147.25874926246584
21140,-106.5,-2.0,149.96478254963438
21141,-106.5,-1.5,150.24038534972627
21142,-106.5,-1.0,150.77583663270133
21143,-106.5,-0.5,152.68484081439345
21144,-106.5,0.0,153.29388665611083
21145,-106.5,0.5,149.5416687114794
21146,-106.5,1.0,149.52757558850183
21147,-106.5,1.5,148.33365772482028
21148,-106.5,2.0,147.99779023629142
21149,-106.5,2.5,154.72721054235387
21150,-106.5,4.0,152.60901052161458
21151,-106.5,4.5,151.68685717502484
21152,-106.5,5.0,151.86542201393556
21153,-106.5,5.5,153.00301968588533
21154,-106.5,6.0,159.8850852783992
21155,-106.5,6.5,152.76045810936265
21156,-106.5,7.0,148.739032364947
21157,-106.5,7.5,151.18721020032797
21158,-106.5,8.0,156.44676705145974
21159,-106.5,8.5,155.096296168691
21160,-106.5,9.0,162.94344553545542
21161,-106.5,9.5,149.57029421185862
21162,-106.5,10.0,149.43536323074267
21163,-106.5,10.5,151.12583048957222
21164,-106.5,11.0,159.11382182171513
21165,-106.5,11.5,153.63670988825513
21166,-106.5,12.0,152.82731633062016
21167,-106.5,12.5,154.5759965539813
21168,-106.5,13.0,155.01367137384244
21169,-106.5,13.5,152.70111476098396
21170,-106.5,14.0,155.43248340901062
21171,-106.5,14.5,148.29460970187165
21172,-106.5,15.5,149.7860970119442
21173,-106.5,16.0,150.99893093218643
21174,-106.5,16.5,149.4335543669306
21175,-106.5,17.0,148.9596621819088
21176,-106.5,18.0,149.5019743867974
21177,-106.5,18.5,148.0151891960321
21178,-106.5,19.0,149.5708102478391
21179,-106.5,19.5,151.02963868519018
21180,-106.5,20.0,154.96488447893574
21181,-106.5,20.5,147.51830876701328
21182,-106.5,21.0,150.3498220972233
21183,-106.5,21.5,149.16530268150592
21184,-106.5,22.0,150.36699406753283
21185,-106.5,22.5,149.11442162814438
21186,-106.5,23.0,152.1548272708707
21187,-106.5,23.5,149.43014477266152
21188,-106.5,24.0,146.94089430839688
21189,-106.5,24.5,146.1867925185683
21190,-106.5,25.0,145.91789584069576
21191,-106.5,25.5,147.1625774274143
21192,-106.5,26.0,146.27833032147558
21193,-106.5,26.5,148.2051350997878
21194,-106.5,27.0,147.98923187114644
21195,-106.5,27.5,151.57180032800824
21196,-106.5,28.0,151.07401576825094
21197,-106.5,28.5,150.4289053958085
21198,-106.5,29.0,148.71561502845952
21199,-106.5,29.5,150.73654807048524
21200,-106.5,30.0,153.16292965932476
21201,-106.5,30.5,151.56892812375645
21202,-106.5,31.0,157.15388760156608
21203,-106.5,31.5,150.09188807182642
21204,-106.5,32.0,151.73330138330348
21205,-106.5,32.5,152.0733989348206
21206,-106.5,33.0,151.0622030713809
21207,-106.5,33.5,151.2827317647369
21208,-106.5,34.0,151.5197045135257
21209,-106.5,34.5,149.2501483091191
21210,-106.5,35.0,155.35577892017653
21211,-106.5,35.5,149.48238844885316
21212,-106.5,36.0,146.77838445541184
21213,-106.5,36.5,153.19824570036394
21214,-106.0,-39.0,161.6708061986961
21215,-106.0,-38.0,158.88209915052565
21216,-106.0,-37.5,156.99748325304182
21217,-106.0,-37.0,152.2957603535912
21218,-106.0,-36.5,148.4633817777232
21219,-106.0,-36.0,149.06273653430733
21220,-106.0,-35.5,151.29865809245962
21221,-106.0,-35.0,152.04035988989068
21222,-106.0,-34.5,155.07067074890915
21223,-106.0,-34.0,159.52651882289373
21224,-106.0,-33.5,147.99423003619358
21225,-106.0,-33.0,148.50786118606058
21226,-106.0,-32.5,159.15430297739815
21227,-106.0,-32.0,156.00654475122207
21228,-106.0,-31.5,152.52749554590105
21229,-106.0,-31.0,152.76171425515236
21230,-106.0,-30.5,150.50305697249743
21231,-106.0,-30.0,148.19531057165452
21232,-106.0,-29.5,150.14971109265673
21233,-106.0,-29.0,150.17932659045618
21234,-106.0,-28.5,153.89155655199474
21235,-106.0,-28.0,151.599903776204
21236,-106.0,-27.5,149.52051264988802
21237,-106.0,-27.0,153.7597447072632
21238,-106.0,-26.5,149.68451087774275
21239,-106.0,-26.0,151.74739488838273
21240,-106.0,-25.5,147.5589598371224
21241,-106.0,-25.0,152.83287021472236
21242,-106.0,-24.5,148.00805360711198
21243,-106.0,-24.0,146.7568392052745
21244,-106.0,-23.5,152.69048260836104
21245,-106.0,-23.0,150.13879285950816
21246,-106.0,-22.5,153.3733080554236
21247,-106.0,-22.0,151.0466953564543
21248,-106.0,-21.5,148.62170684441867
21249,-106.0,-21.0,154.3478366597836
21250,-106.0,-20.5,148.6627737109564
21251,-106.0,-20.0,147.42213332826617
21252,-106.0,-19.5,147.18962256955433
21253,-106.0,-19.0,153.31367859747996
21254,-106.0,-18.5,150.06818823013708
21255,-106.0,-18.0,150.54174973809623
21256,-106.0,-17.5,151.49049268539017
21257,-106.0,-17.0,147.92386655622377
21258,-106.0,-16.5,148.07367334455347
21259,-106.0,-16.0,150.17886093124346
21260,-106.0,-15.5,153.35806685811116
21261,-106.0,-15.0,148.82111515949913
21262,-106.0,-14.5,151.88675521208762
21263,-106.0,-14.0,149.81567456376902
21264,-106.0,-13.5,148.04380920467256
21265,-106.0,-13.0,149.42148536960363
21266,-106.0,-12.5,149.73276905846785
21267,-106.0,-12.0,148.78384140628944
21268,-106.0,-11.5,149.68180227168685
21269,-106.0,-11.0,152.87055463971163
21270,-106.0,-10.5,150.64415824949944
21271,-106.0,-9.0,150.2297247055204
21272,-106.0,-8.5,150.90970683515198
21273,-106.0,-8.0,149.88810610888532
21274,-106.0,-7.5,150.4154038972685
21275,-106.0,-7.0,149.31168771419908
21276,-106.0,-6.5,147.68703781303284
21277,-106.0,-6.0,155.51683603472702
21278,-106.0,-5.5,150.1857428459395
21279,-106.0,-5.0,149.6825314965543
21280,-106.0,-4.5,151.59824175795478
21281,-106.0,-4.0,148.77902245257957
21282,-106.0,-3.5,150.4623658948747
21283,-106.0,-3.0,149.1162383844932
21284,-106.0,-2.5,149.36856969046917
21285,-106.0,-1.5,150.8356174959419
21286,-106.0,-1.0,155.94633847758564
21287,-106.0,-0.5,150.5868464102661
21288,-106.0,0.0,152.01252524778965
21289,-106.0,0.5,151.43752565600863
21290,-106.0,2.0,148.21557537998794
21291,-106.0,2.5,148.4668073650905
21292,-106.0,3.0,152.3008313309522
21293,-106.0,3.5,152.02608731881563
21294,-106.0,4.0,153.8459131489953
21295,-106.0,4.5,151.70498337531825
21296,-106.0,5.0,151.86536921776136
21297,-106.0,5.5,150.12437830644652
21298,-106.0,6.5,155.13977793251354
21299,-106.0,7.0,153.59724558508867
21300,-106.0,7.5,151.0052000810262
21301,-106.0,8.0,155.67787926951294
21302,-106.0,8.5,162.10314782861698
21303,-106.0,9.0,152.6329441783078
21304,-106.0,9.5,152.572784468897
21305,-106.0,10.0,149.44602676735764
21306,-106.0,10.5,150.43778737938257
21307,-106.0,11.0,157.7609483589223
21308,-106.0,11.5,150.60897145556754
21309,-106.0,12.0,154.00409120400263
21310,-106.0,12.5,160.86563266999545
21311,-106.0,13.0,152.8499694654876
21312,-106.0,13.5,154.2302947965728
21313,-106.0,14.0,152.46093297832752
21314,-106.0,14.5,148.25234412425544
21315,-106.0,15.0,148.17265354425172
21316,-106.0,15.5,152.23772836166108
21317,-106.0,16.0,149.9796940351936
21318,-106.0,16.5,150.92411406181358
21319,-106.0,17.0,150.69182870865592
21320,-106.0,17.5,150.90099994383488
21321,-106.0,18.0,150.01619681154372
21322,-106.0,18.5,148.723885985558
21323,-106.0,19.0,149.8449049008204
21324,-106.0,19.5,152.74025390385074
21325,-106.0,20.0,147.21902151503573
21326,-106.0,20.5,151.12182435729602
21327,-106.0,21.0,150.35388388046422
21328,-106.0,21.5,149.39040416780514
21329,-106.0,22.0,149.47288317256002
21330,-106.0,22.5,150.6401778977119
21331,-106.0,23.0,152.04969016819956
21332,-106.0,23.5,148.09292589152875
21333,-106.0,24.0,144.993800157414
21334,-106.0,24.5,144.55670814923806
21335,-106.0,25.0,146.9170481565313
21336,-106.0,25.5,146.81388395262337
21337,-106.0,26.0,145.77184576009566
21338,-106.0,26.5,148.52126539769642
21339,-106.0,27.0,149.30517474129115
21340,-106.0,27.5,150.39985941740846
21341,-106.0,28.0,152.82322932339153
21342,-106.0,28.5,150.67787166584702
21343,-106.0,29.0,154.39617534311813
21344,-106.0,29.5,154.1167915807546
21345,-106.0,30.0,155.28774412539053
21346,-106.0,30.5,155.32919803549814
21347,-106.0,31.0,155.85068596379185
21348,-106.0,31.5,153.89628276130864
21349,-106.0,32.0,151.2191020342071
21350,-106.0,32.5,153.682372734107
21351,-106.0,33.0,150.82422359424692
21352,-106.0,33.5,149.51100290435792
21353,-106.0,34.0,150.3948182538631
21354,-106.0,34.5,154.41486626304211
21355,-106.0,35.0,152.98234709904764
21356,-106.0,35.5,149.71876034963088
21357,-106.0,36.0,147.77544442510356
21358,-106.0,36.5,152.12051244826247
21359,-105.5,-39.5,157.6874483114454
21360,-105.5,-39.0,161.095389726273
21361,-105.5,-38.0,159.95354651495975
21362,-105.5,-37.5,157.19331868539103
21363,-105.5,-37.0,152.83892595723387
21364,-105.5,-36.5,148.5724085631115
21365,-105.5,-36.0,149.02767443492522
21366,-105.5,-35.5,150.6645558405993
21367,-105.5,-35.0,153.58859483656684
21368,-105.5,-34.5,156.0669973726259
21369,-105.5,-34.0,155.54000907925044
21370,-105.5,-33.5,147.26523871715779
21371,-105.5,-33.0,148.1659906910977
21372,-105.5,-32.5,157.59691281524528
21373,-105.5,-32.0,154.70662914020693
21374,-105.5,-31.5,147.2187266359293
21375,-105.5,-31.0,152.69816630106843
21376,-105.5,-30.5,149.1658373182039
21377,-105.5,-30.0,149.12984155346697
21378,-105.5,-29.5,150.46455903435412
21379,-105.5,-29.0,150.59656336063
21380,-105.5,-28.5,152.37770586537312
21381,-105.5,-28.0,150.9289209421654
21382,-105.5,-27.5,148.59308223143793
21383,-105.5,-27.0,148.89209640382128
21384,-105.5,-26.5,150.84417236945674
21385,-105.5,-26.0,154.00967682654306
21386,-105.5,-25.5,146.90255553857247
21387,-105.5,-25.0,150.95223793017715
21388,-105.5,-24.5,147.49429853203543
21389,-105.5,-24.0,148.16984525717925
21390,-105.5,-23.5,153.4138706353905
21391,-105.5,-23.0,149.001596255758
21392,-105.5,-22.5,148.8789500167326
21393,-105.5,-22.0,155.6645745921433
21394,-105.5,-21.5,153.0053008580861
21395,-105.5,-21.0,150.10726653607122
21396,-105.5,-20.5,147.78550770670054
21397,-105.5,-20.0,147.09071291380414
21398,-105.5,-19.5,150.55916151194023
21399,-105.5,-19.0,153.39695077707006
21400,-105.5,-18.5,147.92944922904437
21401,-105.5,-18.0,149.5932742834418
21402,-105.5,-17.5,154.23330857649134
21403,-105.5,-17.0,148.67898110707728
21404,-105.5,-16.5,148.9788624844887
21405,-105.5,-16.0,149.98850516155747
21406,-105.5,-15.5,150.5083189244342
21407,-105.5,-15.0,151.9755286054064
21408,-105.5,-14.5,148.9311664544198
21409,-105.5,-14.0,150.45989107881127
21410,-105.5,-13.5,149.56165622779096
21411,-105.5,-12.5,149.22389801592286
21412,-105.5,-12.0,149.5727249931435
21413,-105.5,-11.5,148.76682630027165
21414,-105.5,-11.0,151.41729612088469
21415,-105.5,-10.5,149.71762640226748
21416,-105.5,-9.0,150.70661655844629
21417,-105.5,-8.5,150.2139975040766
21418,-105.5,-8.0,150.14450672285878
21419,-105.5,-7.5,149.2462468645197
21420,-105.5,-7.0,149.64478294375238
21421,-105.5,-6.5,154.01774622719844
21422,-105.5,-6.0,155.81552768258584
21423,-105.5,-5.5,148.44764295646453
21424,-105.5,-5.0,149.0571235932382
21425,-105.5,-4.5,150.23573356315552
21426,-105.5,-4.0,146.96414466449636
21427,-105.5,-3.5,148.71901001313236
21428,-105.5,-3.0,147.1605929805472
21429,-105.5,-2.5,148.73971470479793
21430,-105.5,-2.0,150.05258273673564
21431,-105.5,-1.5,158.20719351439917
21432,-105.5,-1.0,154.45279072121085
21433,-105.5,-0.5,152.18322893656446
21434,-105.5,0.0,150.7234317323363
21435,-105.5,0.5,152.67638057233793
21436,-105.5,1.0,153.4103673724528
21437,-105.5,2.5,148.69483972662235
21438,-105.5,3.0,148.8381126458743
21439,-105.5,3.5,153.2536584385059
21440,-105.5,4.0,155.1375772822594
21441,-105.5,4.5,152.3904095570246
21442,-105.5,5.0,150.23701337625366
21443,-105.5,5.5,151.31562976571044
21444,-105.5,6.0,149.52783378763422
21445,-105.5,6.5,154.53409107004416
21446,-105.5,7.0,154.6494791502834
21447,-105.5,7.5,152.4208999612909
21448,-105.5,8.0,150.48111404611865
21449,-105.5,8.5,157.73964245611117
21450,-105.5,9.0,154.17106832631202
21451,-105.5,9.5,148.9353750190218
21452,-105.5,10.0,150.0988669316233
21453,-105.5,10.5,153.18975550403303
21454,-105.5,11.0,156.6742341526606
21455,-105.5,11.5,160.12226102494162
21456,-105.5,12.0,159.17470997129422
21457,-105.5,12.5,149.97191634409907
21458,-105.5,13.0,153.03845698669042
21459,-105.5,13.5,157.01674730512843
21460,-105.5,14.0,148.50468478880614
21461,-105.5,15.0,150.33941739448807
21462,-105.5,15.5,152.2857802171867
21463,-105.5,16.0,149.90542448486153
21464,-105.5,16.5,152.25772396720188
21465,-105.5,17.0,148.85380227261928
21466,-105.5,17.5,149.952218090416
21467,-105.5,18.0,148.17589776539998
21468,-105.5,18.5,151.1728004349425
21469,-105.5,19.0,151.12283006503012
21470,-105.5,19.5,148.49013310193962
21471,-105.5,20.0,150.8193312175281
21472,-105.5,20.5,155.38156684388986
21473,-105.5,21.0,150.87534109004832
21474,-105.5,21.5,151.24870380750053
21475,-105.5,22.0,156.44606722557052
21476,-105.5,22.5,153.93003572068807
21477,-105.5,23.0,149.18527549661138
21478,-105.5,23.5,147.7836716422081
21479,-105.5,24.0,148.8034333845722
21480,-105.5,24.5,147.26062575710662
21481,-105.5,25.0,147.32477923155486
21482,-105.5,25.5,146.80862532975763
21483,-105.5,26.0,146.9737198410248
21484,-105.5,26.5,149.18955301511568
21485,-105.5,27.0,154.04999797576804
21486,-105.5,27.5,153.240074227471
21487,-105.5,28.0,153.46390702601326
21488,-105.5,28.5,152.83018313749307
21489,-105.5,29.0,149.1167543286741
21490,-105.5,29.5,152.31540053921756
21491,-105.5,30.0,153.64640481359547
21492,-105.5,30.5,154.92636202986347
21493,-105.5,31.0,155.40005349533664
21494,-105.5,31.5,155.32608742287425
21495,-105.5,32.0,154.2291115423153
21496,-105.5,32.5,153.30887731089626
21497,-105.5,33.0,147.13516486722426
21498,-105.5,33.5,147.4281479066192
21499,-105.5,34.0,150.1672468896103
21500,-105.5,34.5,151.9084423589538
21501,-105.5,35.0,152.92367887602387
21502,-105.5,35.5,149.72045385637736
21503,-105.5,36.0,146.87643777378065
21504,-105.5,36.5,152.49610618228857
21505,-105.0,-39.0,160.70450564977975
21506,-105.0,-38.0,161.07979868579892
21507,-105.0,-37.5,153.78775291530317
21508,-105.0,-37.0,152.97400862075003
21509,-105.0,-36.5,148.61152426306333
21510,-105.0,-36.0,154.0810126345652
21511,-105.0,-35.5,148.61148546663014
21512,-105.0,-35.0,155.40633034437207
21513,-105.0,-34.5,156.48736793465102
21514,-105.0,-34.0,154.98835659234865
21515,-105.0,-33.5,148.55295054065655
21516,-105.0,-33.0,148.51131591776394
21517,-105.0,-32.5,158.1154942608481
21518,-105.0,-32.0,152.97318429467313
21519,-105.0,-31.5,148.10600743072413
21520,-105.0,-31.0,153.86166745074166
21521,-105.0,-30.5,148.13722703243758
21522,-105.0,-30.0,148.65410698935688
21523,-105.0,-29.0,152.19142971207364
21524,-105.0,-28.5,150.53724945324123
21525,-105.0,-28.0,150.11400453615065
21526,-105.0,-27.5,148.90920675333598
21527,-105.0,-27.0,149.03293255079112
21528,-105.0,-26.5,153.17897501712622
21529,-105.0,-26.0,148.8218254048874
21530,-105.0,-25.5,147.86235486553818
21531,-105.0,-25.0,148.83709606710315
21532,-105.0,-24.5,148.73836246793257
21533,-105.0,-24.0,149.9436591988435
21534,-105.0,-23.5,148.30837942909847
21535,-105.0,-23.0,148.25341344657505
21536,-105.0,-22.5,149.5583913847922
21537,-105.0,-22.0,160.54643381719404
21538,-105.0,-21.5,154.43845114817557
21539,-105.0,-21.0,147.6993113748586
21540,-105.0,-20.5,147.24555340041812
21541,-105.0,-20.0,149.9670241791115
21542,-105.0,-19.5,149.9802990266442
21543,-105.0,-19.0,150.82189964935856
21544,-105.0,-18.5,150.21049006134535
21545,-105.0,-18.0,149.02071024856863
21546,-105.0,-17.5,148.15603720205843
21547,-105.0,-17.0,154.8200439517884
21548,-105.0,-16.0,149.19200993493598
21549,-105.0,-15.5,150.85456251668572
21550,-105.0,-15.0,149.81150979324008
21551,-105.0,-14.5,149.71935207096118
21552,-105.0,-14.0,149.8785485016509
21553,-105.0,-13.5,151.8556975033348
21554,-105.0,-13.0,149.49244070138093
21555,-105.0,-12.5,149.45570701578268
21556,-105.0,-12.0,149.8016318004452
21557,-105.0,-11.5,150.2059498127518
21558,-105.0,-11.0,149.72726542492478
21559,-105.0,-9.5,150.57933486950583
21560,-105.0,-9.0,150.80716676152247
21561,-105.0,-8.5,149.85447636158196
21562,-105.0,-8.0,149.90287897393566
21563,-105.0,-7.5,149.15265969866513
21564,-105.0,-7.0,151.326402660123
21565,-105.0,-6.5,152.28221177313284
21566,-105.0,-6.0,149.46695893082966
21567,-105.0,-5.5,148.0533142021366
21568,-105.0,-5.0,151.06691832506928
21569,-105.0,-4.5,149.05888549294127
21570,-105.0,-4.0,146.30238856521677
21571,-105.0,-3.5,146.76994295005505
21572,-105.0,-3.0,149.22036109044757
21573,-105.0,-2.0,150.04939077457936
21574,-105.0,-1.0,150.15611067602464
21575,-105.0,-0.5,153.69165963869497
21576,-105.0,0.0,150.94967523141534
21577,-105.0,0.5,151.85669072815946
21578,-105.0,1.0,153.27612401221216
21579,-105.0,3.0,150.08338606622135
21580,-105.0,3.5,154.0540543801625
21581,-105.0,4.0,151.57354493783004
21582,-105.0,4.5,151.80826845330876
21583,-105.0,5.0,151.12006540731628
21584,-105.0,5.5,150.726540153939
21585,-105.0,6.0,152.53829644707127
21586,-105.0,6.5,150.39365372432394
21587,-105.0,7.0,153.1074765160618
21588,-105.0,7.5,154.92333342900332
21589,-105.0,8.0,153.64131817673183
21590,-105.0,8.5,153.9568831892397
21591,-105.0,9.0,155.57619443770395
21592,-105.0,9.5,149.2436479923148
21593,-105.0,10.0,159.82041822042862
21594,-105.0,10.5,154.0194842874474
21595,-105.0,11.0,153.65229504399943
21596,-105.0,11.5,159.12288122877536
21597,-105.0,12.0,164.6855455556677
21598,-105.0,12.5,151.01746462094528
21599,-105.0,13.0,155.9503479210091
21600,-105.0,13.5,153.5635523479269
21601,-105.0,14.0,155.1634685230388
21602,-105.0,14.5,151.14040966075905
21603,-105.0,15.0,152.12033306504895
21604,-105.0,15.5,151.2637656712105
21605,-105.0,16.0,150.69448088427032
21606,-105.0,16.5,148.7104062319066
21607,-105.0,17.0,150.65216168499845
21608,-105.0,17.5,149.16567484470892
21609,-105.0,18.0,150.0314873387999
21610,-105.0,18.5,151.94505658336945
21611,-105.0,19.0,149.4488531803674
21612,-105.0,19.5,148.39184352109248
21613,-105.0,20.0,152.09219410319727
21614,-105.0,20.5,148.93600920251794
21615,-105.0,21.0,151.33799328478923
21616,-105.0,21.5,149.36804903811438
21617,-105.0,22.0,152.66028623550093
21618,-105.0,22.5,147.10981216619916
21619,-105.0,23.0,149.55853807109918
21620,-105.0,23.5,148.45547533308735
21621,-105.0,24.0,148.5674414767288
21622,-105.0,24.5,149.32650582332136
21623,-105.0,25.0,151.8534931440455
21624,-105.0,25.5,149.46337198469476
21625,-105.0,26.0,148.62827626724496
21626,-105.0,26.5,150.8911399175303
21627,-105.0,27.0,156.42054443430507
21628,-105.0,27.5,155.0782640992938
21629,-105.0,28.0,151.3861356695859
21630,-105.0,28.5,151.13342752485653
21631,-105.0,29.0,151.52941300294336
21632,-105.0,29.5,150.27740395965773
21633,-105.0,30.0,150.8664435998282
21634,-105.0,30.5,157.80151766680837
21635,-105.0,31.0,154.1980362188214
21636,-105.0,31.5,155.82886397489938
21637,-105.0,32.0,153.39404718050244
21638,-105.0,32.5,149.14060337756888
21639,-105.0,33.0,150.86304479857623
21640,-105.0,33.5,149.40221795460087
21641,-105.0,34.0,151.4862155268269
21642,-105.0,34.5,151.09304010882636
21643,-105.0,35.0,153.40364183188802
21644,-105.0,35.5,150.54572087543778
21645,-105.0,36.0,147.3108337836882
21646,-105.0,36.5,152.74688328749698
21647,-104.5,-39.0,160.38892875120015
21648,-104.5,-38.0,162.31356333436835
21649,-104.5,-37.5,153.39577081378033
21650,-104.5,-37.0,152.90360646163833
21651,-104.5,-36.5,149.45636316770936
21652,-104.5,-36.0,154.20670296799787
21653,-104.5,-35.5,149.27645672369312
21654,-104.5,-35.0,156.42668731833348
21655,-104.5,-34.5,157.36383441382793
21656,-104.5,-34.0,156.23467318956995
21657,-104.5,-33.5,148.8852011498207
21658,-104.5,-33.0,148.673187256134
21659,-104.5,-32.5,159.31536355697165
21660,-104.5,-32.0,156.3089190547917
21661,-104.5,-31.5,153.29860324310388
21662,-104.5,-31.0,151.1216650196216
21663,-104.5,-30.5,152.92783586795352
21664,-104.5,-30.0,148.44082393390892
21665,-104.5,-29.5,149.1602123892647
21666,-104.5,-29.0,152.38650890142395
21667,-104.5,-28.5,151.01052015423926
21668,-104.5,-28.0,148.38005986168318
21669,-104.5,-27.5,147.9798233247251
21670,-104.5,-27.0,148.83608483621907
21671,-104.5,-26.5,154.2307254381294
21672,-104.5,-26.0,147.37321435932702
21673,-104.5,-25.5,148.6941220815183
21674,-104.5,-25.0,149.76192657112196
21675,-104.5,-24.5,147.66012853994616
21676,-104.5,-24.0,150.05226583688466
21677,-104.5,-23.5,147.47204522085963
21678,-104.5,-23.0,148.4094295426318
21679,-104.5,-22.5,149.54238707428877
21680,-104.5,-22.0,156.34646853960803
21681,-104.5,-21.5,161.53720833332366
21682,-104.5,-21.0,149.34764354962928
21683,-104.5,-20.5,147.7778301050317
21684,-104.5,-20.0,153.76403006832822
21685,-104.5,-19.5,147.29080253242614
21686,-104.5,-19.0,149.348371233035
21687,-104.5,-18.5,149.21011861736648
21688,-104.5,-18.0,149.40645085514714
21689,-104.5,-17.5,148.54553435015416
21690,-104.5,-17.0,151.5596035909937
21691,-104.5,-16.5,153.9974343389235
21692,-104.5,-16.0,149.95063753390627
21693,-104.5,-15.5,151.14689738335798
21694,-104.5,-15.0,149.51044093953132
21695,-104.5,-14.5,150.49813076706178
21696,-104.5,-14.0,150.05818015934815
21697,-104.5,-13.5,152.56675104213318
21698,-104.5,-13.0,150.1840236466356
21699,-104.5,-12.5,150.04339498926387
21700,-104.5,-12.0,151.18847652792277
21701,-104.5,-11.5,150.6590291354501
21702,-104.5,-11.0,149.5359148307176
21703,-104.5,-9.5,150.59468040088476
21704,-104.5,-9.0,150.8164099878401
21705,-104.5,-8.5,150.59744422053197
21706,-104.5,-8.0,149.39156020929974
21707,-104.5,-7.5,151.06729463938638
21708,-104.5,-7.0,151.0045625537863
21709,-104.5,-6.5,150.9153602563078
21710,-104.5,-6.0,149.87244880377108
21711,-104.5,-5.5,153.61820521318162
21712,-104.5,-5.0,148.36992147068526
21713,-104.5,-4.5,150.61091746080544
21714,-104.5,-4.0,148.16964440837586
21715,-104.5,-3.5,147.79333965511924
21716,-104.5,-3.0,149.95021061003908
21717,-104.5,-2.5,150.19878648262087
21718,-104.5,-2.0,149.92472425323083
21719,-104.5,-1.5,149.9823102127141
21720,-104.5,-1.0,152.50593688695272
21721,-104.5,-0.5,151.08891960921792
21722,-104.5,0.0,157.10619195160393
21723,-104.5,0.5,149.18823595216017
21724,-104.5,1.0,152.09165585786624
21725,-104.5,1.5,153.96886947521594
21726,-104.5,2.5,150.59566992890342
21727,-104.5,3.0,150.31881567634403
21728,-104.5,3.5,148.78062778665824
21729,-104.5,4.0,151.31374065531597
21730,-104.5,5.5,151.81143545992506
21731,-104.5,6.0,151.67833056065754
21732,-104.5,6.5,152.25753598306463
21733,-104.5,7.0,151.83901168446863
21734,-104.5,7.5,156.66220710362697
21735,-104.5,8.0,158.00056521117767
21736,-104.5,8.5,151.68888896770943
21737,-104.5,9.0,151.8400390794589
21738,-104.5,10.0,157.6910093617814
21739,-104.5,10.5,152.462793322112
21740,-104.5,11.0,155.6182254806291
21741,-104.5,11.5,157.02878168630238
21742,-104.5,12.0,154.30767058144934
21743,-104.5,12.5,158.88077802893088
21744,-104.5,13.0,152.07114795348053
21745,-104.5,13.5,152.63353878645756
21746,-104.5,14.0,155.45932445825403
21747,-104.5,14.5,151.2078331394632
21748,-104.5,15.0,152.83114469336513
21749,-104.5,15.5,149.13887519442264
21750,-104.5,16.0,149.23769225444036
21751,-104.5,16.5,149.97877785453275
21752,-104.5,17.0,149.67690656985468
21753,-104.5,17.5,150.1087868818444
21754,-104.5,18.0,151.4247668403887
21755,-104.5,18.5,152.4421433285092
21756,-104.5,19.0,153.3475608192588
21757,-104.5,19.5,148.9001313316619
21758,-104.5,20.0,149.51681910304373
21759,-104.5,20.5,148.2302548562862
21760,-104.5,21.0,147.70098434328904
21761,-104.5,21.5,149.22531496113646
21762,-104.5,22.0,148.6695623009836
21763,-104.5,22.5,147.67174615064812
21764,-104.5,23.0,148.1532089698896
21765,-104.5,23.5,149.27327339955195
21766,-104.5,24.0,153.44900273378795
21767,-104.5,24.5,149.68735509781024
21768,-104.5,25.0,147.52410276426764
21769,-104.5,25.5,148.00076491814934
21770,-104.5,26.0,149.79838838980007
21771,-104.5,26.5,152.958541784179
21772,-104.5,27.0,152.16476839984998
21773,-104.5,27.5,152.46989708799154
21774,-104.5,28.0,152.97927271275006
21775,-104.5,28.5,152.6436925709988
21776,-104.5,29.0,152.3114895273366
21777,-104.5,29.5,150.21917392554232
21778,-104.5,30.0,148.86899026106153
21779,-104.5,30.5,154.4097227697173
21780,-104.5,31.0,155.5475943186549
21781,-104.5,31.5,153.41203642368097
21782,-104.5,32.0,151.44245776902622
21783,-104.5,32.5,152.66788451004828
21784,-104.5,33.0,158.93904054754975
21785,-104.5,33.5,157.45472551197932
21786,-104.5,34.0,151.3900226300407
21787,-104.5,34.5,152.37334068617898
21788,-104.5,35.0,154.01414794091136
21789,-104.5,35.5,153.83114595837054
21790,-104.5,36.0,147.63624595835947
21791,-104.5,36.5,154.36045248338948
21792,-104.0,-39.0,159.98971216460382
21793,-104.0,-38.0,163.80251343787387
21794,-104.0,-37.5,151.99758350610315
21795,-104.0,-37.0,152.46724479614446
21796,-104.0,-36.5,151.36595738778058
21797,-104.0,-36.0,153.72047149279655
21798,-104.0,-35.5,149.71636839496668
21799,-104.0,-35.0,157.3593777663208
21800,-104.0,-34.5,157.02491288779046
21801,-104.0,-34.0,155.13729850954013
21802,-104.0,-33.5,148.77659763723312
21803,-104.0,-33.0,149.36999937613487
21804,-104.0,-32.5,159.75913505054362
21805,-104.0,-32.0,160.00427342044148
21806,-104.0,-31.5,157.16038108125213
21807,-104.0,-31.0,149.63900004973763
21808,-104.0,-30.5,150.84138451448598
21809,-104.0,-30.0,147.97174266455661
21810,-104.0,-29.5,148.63728624053698
21811,-104.0,-29.0,153.2818563282525
21812,-104.0,-28.5,149.72080471304574
21813,-104.0,-28.0,148.57110701997914
21814,-104.0,-27.5,148.41935690422542
21815,-104.0,-27.0,149.97498184593707
21816,-104.0,-26.5,151.3868655838887
21817,-104.0,-26.0,151.88833936353467
21818,-104.0,-25.5,148.60546763214006
21819,-104.0,-25.0,149.51496910617607
21820,-104.0,-24.5,150.37842689008636
21821,-104.0,-24.0,150.21005659184686
21822,-104.0,-23.5,147.70579316949278
21823,-104.0,-23.0,149.4016336301957
21824,-104.0,-22.5,151.6377625724129
21825,-104.0,-22.0,155.03989175002246
21826,-104.0,-21.5,166.03574995379324
21827,-104.0,-21.0,151.18108004414725
21828,-104.0,-20.5,152.0540447401734
21829,-104.0,-20.0,153.41194589796171
21830,-104.0,-19.5,148.47969839394347
21831,-104.0,-19.0,149.18963654184628
21832,-104.0,-18.5,148.61490767363327
21833,-104.0,-18.0,148.79456574734576
21834,-104.0,-17.5,158.9761954412656
21835,-104.0,-17.0,149.65724889110825
21836,-104.0,-16.5,151.7625148825776
21837,-104.0,-16.0,151.69089295476542
21838,-104.0,-15.5,149.8586909449194
21839,-104.0,-15.0,151.90423489870065
21840,-104.0,-14.5,151.69145328248058
21841,-104.0,-14.0,151.4872837072031
21842,-104.0,-13.5,149.68817706786808
21843,-104.0,-13.0,151.7083839510034
21844,-104.0,-12.5,150.2574290842231
21845,-104.0,-12.0,151.12232017815904
21846,-104.0,-11.5,152.0412029440223
21847,-104.0,-11.0,149.47106519119495
21848,-104.0,-10.5,147.76120172802004
21849,-104.0,-10.0,150.55423268708367
21850,-104.0,-9.5,150.66171890073116
21851,-104.0,-9.0,152.0415250670187
21852,-104.0,-8.5,149.69311453480637
21853,-104.0,-8.0,150.922734927882
21854,-104.0,-7.5,154.05434593082956
21855,-104.0,-7.0,152.0672627009254
21856,-104.0,-6.5,149.5546606843608
21857,-104.0,-6.0,151.1091921385653
21858,-104.0,-5.5,149.31025814646202
21859,-104.0,-5.0,147.10793600661222
21860,-104.0,-4.5,146.2358401599147
21861,-104.0,-4.0,148.8174844891378
21862,-104.0,-3.5,148.6600095054969
21863,-104.0,-2.5,150.19425705549264
21864,-104.0,-1.5,150.83951037900212
21865,-104.0,-1.0,151.31831289593183
21866,-104.0,0.0,150.8548574214806
21867,-104.0,0.5,154.5010181167156
21868,-104.0,1.0,148.78157741465787
21869,-104.0,1.5,153.9698442084962
21870,-104.0,2.0,154.19906243240612
21871,-104.0,2.5,150.34935619442444
21872,-104.0,3.5,149.9058004153994
21873,-104.0,4.0,147.90098359860227
21874,-104.0,5.0,151.14212309068463
21875,-104.0,6.0,152.17176969308318
21876,-104.0,6.5,153.27650750579997
21877,-104.0,7.0,155.46933096545516
21878,-104.0,7.5,159.7039466504563
21879,-104.0,8.0,156.43793498282187
21880,-104.0,8.5,153.14790493035875
21881,-104.0,9.0,149.03519879090132
21882,-104.0,9.5,162.0124440295793
21883,-104.0,10.0,159.480203344373
21884,-104.0,10.5,155.7416628626174
21885,-104.0,11.0,156.38163724590245
21886,-104.0,11.5,149.44676441112546
21887,-104.0,12.0,156.8330113977352
21888,-104.0,12.5,163.1045711787728
21889,-104.0,13.0,152.3548131738531
21890,-104.0,13.5,150.18254677272478
21891,-104.0,14.0,154.12101207489837
21892,-104.0,14.5,152.10860409542974
21893,-104.0,15.0,149.85654140614685
21894,-104.0,15.5,150.11682742466058
21895,-104.0,16.0,148.40257646185046
21896,-104.0,16.5,152.09137028013424
21897,-104.0,17.0,149.5617404791587
21898,-104.0,17.5,151.24200789228303
21899,-104.0,18.0,152.06265888648852
21900,-104.0,18.5,150.92846754137148
21901,-104.0,19.0,149.9797749758611
21902,-104.0,19.5,148.85714450929487
21903,-104.0,20.0,147.0351292736743
21904,-104.0,20.5,148.5834322183325
21905,-104.0,21.0,147.54131900929536
21906,-104.0,21.5,144.15073396754394
21907,-104.0,22.0,147.62187110218548
21908,-104.0,22.5,148.03486515881852
21909,-104.0,23.0,147.76855351430683
21910,-104.0,23.5,148.7886267156117
21911,-104.0,24.0,150.27816869432672
21912,-104.0,24.5,150.4941446560096
21913,-104.0,25.0,149.55293811348236
21914,-104.0,25.5,148.22248477225642
21915,-104.0,26.0,150.55175020590585
21916,-104.0,26.5,156.38889071797698
21917,-104.0,27.0,151.01800885932386
21918,-104.0,27.5,152.69228093567398
21919,-104.0,28.0,153.9063844472584
21920,-104.0,28.5,153.23815128940515
21921,-104.0,29.0,150.93978333971248
21922,-104.0,29.5,147.4682784055889
21923,-104.0,30.0,151.94320047649035
21924,-104.0,30.5,153.17177095185042
21925,-104.0,31.0,151.83557054589778
21926,-104.0,31.5,154.93760705682746
21927,-104.0,32.0,153.3749796467918
21928,-104.0,32.5,153.25177867654645
21929,-104.0,33.0,151.6825032523175
21930,-104.0,33.5,154.90893323227303
21931,-104.0,34.0,147.52257636797665
21932,-104.0,34.5,154.77840843586415
21933,-104.0,35.0,154.5879797387577
21934,-104.0,35.5,154.68076132247703
21935,-104.0,36.0,151.38259070329332
21936,-104.0,36.5,155.03417462543104
21937,-103.5,-38.0,165.59891836741403
21938,-103.5,-37.5,151.7919935937836
21939,-103.5,-37.0,153.02523384240814
21940,-103.5,-36.5,151.5020296641859
21941,-103.5,-36.0,148.30436159771165
21942,-103.5,-35.5,149.8343007196138
21943,-103.5,-35.0,158.93345165171127
21944,-103.5,-34.5,155.71731439138074
21945,-103.5,-34.0,156.1451018687648
21946,-103.5,-33.5,149.31082970508794
21947,-103.5,-33.0,148.49177820361746
21948,-103.5,-32.5,158.94911720190194
21949,-103.5,-32.0,162.50603841008072
21950,-103.5,-31.5,155.9140423603762
21951,-103.5,-31.0,149.43801462725716
21952,-103.5,-30.5,158.08729365090528
21953,-103.5,-30.0,148.78365321244857
21954,-103.5,-29.5,151.48509783941762
21955,-103.5,-29.0,152.01883597179526
21956,-103.5,-28.5,148.71400518982884
21957,-103.5,-28.0,150.53949366239777
21958,-103.5,-27.5,148.81148321705288
21959,-103.5,-27.0,151.24403466098977
21960,-103.5,-26.5,151.1647633794604
21961,-103.5,-26.0,153.64375723510247
21962,-103.5,-25.5,147.89798496252217
21963,-103.5,-25.0,145.86782683053215
21964,-103.5,-24.5,151.8575377784876
21965,-103.5,-24.0,147.9403536924333
21966,-103.5,-23.5,148.9232161930478
21967,-103.5,-23.0,150.4500227366668
21968,-103.5,-22.5,158.0705502007208
21969,-103.5,-22.0,151.80481351731126
21970,-103.5,-21.5,147.17081786046762
21971,-103.5,-21.0,158.19546408971485
21972,-103.5,-20.5,153.77139459140358
21973,-103.5,-20.0,152.70357160542258
21974,-103.5,-19.5,149.70322599720865
21975,-103.5,-19.0,149.61091112880936
21976,-103.5,-18.5,147.37979347733062
21977,-103.5,-17.5,157.31307258312492
21978,-103.5,-17.0,153.3399856870729
21979,-103.5,-16.5,152.3428981409365
21980,-103.5,-16.0,150.9661821421686
21981,-103.5,-15.5,148.74534518288527
21982,-103.5,-15.0,151.9344132324439
21983,-103.5,-14.5,152.5214648186838
21984,-103.5,-14.0,150.07053089175457
21985,-103.5,-13.5,150.5562100372246
21986,-103.5,-13.0,151.256438439045
21987,-103.5,-12.5,150.9510792466626
21988,-103.5,-12.0,151.9710712648942
21989,-103.5,-11.5,152.82070867491262
21990,-103.5,-11.0,150.17477376237017
21991,-103.5,-10.5,148.98033410004714
21992,-103.5,-10.0,149.47319227294705
21993,-103.5,-9.5,152.9203564705213
21994,-103.5,-9.0,151.41909817998942
21995,-103.5,-8.5,150.23099680965083
21996,-103.5,-8.0,153.3489903971765
21997,-103.5,-7.0,149.67499664182418
21998,-103.5,-6.5,147.1737097752664
21999,-103.5,-6.0,151.7757299855643
22000,-103.5,-5.5,148.8370276680218
22001,-103.5,-5.0,146.7233127612887
22002,-103.5,-4.5,146.5210360809211
22003,-103.5,-4.0,147.52281125053224
22004,-103.5,-3.5,150.2855148938919
22005,-103.5,-2.5,150.57666539670217
22006,-103.5,-2.0,150.2301524127666
22007,-103.5,-1.5,152.1022653625615
22008,-103.5,-1.0,151.17937635837734
22009,-103.5,0.0,149.86024627886346
22010,-103.5,0.5,152.23929862936978
22011,-103.5,1.0,152.3125797922918
22012,-103.5,1.5,148.75282895109564
22013,-103.5,2.0,152.80529292921858
22014,-103.5,2.5,150.29884438837152
22015,-103.5,3.0,150.5182287950026
22016,-103.5,3.5,150.57507324465922
22017,-103.5,4.0,148.09952737795209
22018,-103.5,4.5,148.45657910907414
22019,-103.5,5.0,152.1924472692177
22020,-103.5,6.0,151.37657055467574
22021,-103.5,6.5,152.93759617105763
22022,-103.5,7.0,155.2223122582757
22023,-103.5,7.5,156.016680687857
22024,-103.5,8.0,153.1057835046574
22025,-103.5,8.5,156.71328393643438
22026,-103.5,9.0,156.89769753777082
22027,-103.5,9.5,154.09893645683619
22028,-103.5,10.0,166.68464272436935
22029,-103.5,10.5,159.8446579960814
22030,-103.5,11.0,149.67540021154434
22031,-103.5,11.5,151.68415282915916
22032,-103.5,12.0,156.6185668147116
22033,-103.5,12.5,156.06079925483462
22034,-103.5,13.5,152.53781963414997
22035,-103.5,14.0,152.7016188267058
22036,-103.5,14.5,152.15339392532766
22037,-103.5,15.0,149.8960243662155
22038,-103.5,15.5,148.62300852661056
22039,-103.5,16.0,151.00230776394528
22040,-103.5,16.5,150.50922294503744
22041,-103.5,17.0,150.02039705393577
22042,-103.5,17.5,152.18035822320059
22043,-103.5,18.0,149.87540585251807
22044,-103.5,18.5,149.08592503534734
22045,-103.5,19.0,151.05467188976894
22046,-103.5,19.5,148.12292792409008
22047,-103.5,20.0,148.51437607263082
22048,-103.5,20.5,149.3823559103096
22049,-103.5,21.0,149.04635911051594
22050,-103.5,21.5,149.66168341138234
22051,-103.5,22.0,148.4712192920188
22052,-103.5,22.5,149.21404579745828
22053,-103.5,23.0,148.82135332415282
22054,-103.5,23.5,149.32637780944523
22055,-103.5,24.0,150.71713154166164
22056,-103.5,24.5,149.51513870883574
22057,-103.5,25.0,150.42348391554683
22058,-103.5,25.5,151.91543325666623
22059,-103.5,26.0,155.30296259951953
22060,-103.5,26.5,150.85523442389413
22061,-103.5,27.0,151.83991860479384
22062,-103.5,27.5,150.80122211921866
22063,-103.5,28.0,152.6040078380484
22064,-103.5,28.5,151.14468165610924
22065,-103.5,29.0,151.7002143955932
22066,-103.5,29.5,150.0073291799963
22067,-103.5,30.0,148.73866340097086
22068,-103.5,30.5,154.3281672279705
22069,-103.5,31.0,154.3807712443255
22070,-103.5,31.5,156.21229461135937
22071,-103.5,32.0,152.06503741418183
22072,-103.5,32.5,153.33429552105818
22073,-103.5,33.0,155.4981327153666
22074,-103.5,33.5,159.92856467983145
22075,-103.5,34.0,149.96237601718843
22076,-103.5,34.5,154.41487642197202
22077,-103.5,35.0,154.6065585376142
22078,-103.5,35.5,155.9006756929556
22079,-103.5,36.0,153.30412843570778
22080,-103.5,36.5,156.757167149932
22081,-103.0,-39.0,159.26484148290362
22082,-103.0,-38.0,167.4920064320406
22083,-103.0,-37.5,151.69799095087984
22084,-103.0,-37.0,153.10521417057134
22085,-103.0,-36.5,151.77573559513044
22086,-103.0,-36.0,149.95242884113725
22087,-103.0,-35.5,150.80168519366725
22088,-103.0,-35.0,158.37845158954724
22089,-103.0,-34.5,153.6885788404798
22090,-103.0,-34.0,158.8764951248016
22091,-103.0,-33.5,151.51637900987424
22092,-103.0,-33.0,147.7424221999049
22093,-103.0,-32.5,163.96765288761412
22094,-103.0,-32.0,159.57350559507952
22095,-103.0,-31.5,157.66686375169127
22096,-103.0,-31.0,149.09447014999043
22097,-103.0,-30.5,157.50086422670856
22098,-103.0,-30.0,149.0555286554407
22099,-103.0,-29.5,151.9944020202402
22100,-103.0,-29.0,149.13989125442612
22101,-103.0,-28.5,148.61396847881585
22102,-103.0,-28.0,149.59774298464603
22103,-103.0,-27.5,149.26008462415928
22104,-103.0,-27.0,150.5227481015826
22105,-103.0,-26.5,150.82960086911623
22106,-103.0,-26.0,152.22187325665553
22107,-103.0,-25.5,152.22305646786543
22108,-103.0,-25.0,146.2725163375704
22109,-103.0,-24.5,148.8046085443757
22110,-103.0,-24.0,147.64418029043344
22111,-103.0,-23.5,152.5277521858255
22112,-103.0,-23.0,149.91301883894945
22113,-103.0,-22.5,153.65327418112346
22114,-103.0,-22.0,149.800989882563
22115,-103.0,-21.5,149.32807400544078
22116,-103.0,-21.0,162.28352867651463
22117,-103.0,-20.5,153.4844292645439
22118,-103.0,-20.0,149.82664576812545
22119,-103.0,-19.5,151.37629182123277
22120,-103.0,-19.0,148.61312288140175
22121,-103.0,-18.5,147.50451492555416
22122,-103.0,-18.0,147.57299620934796
22123,-103.0,-17.5,151.72954905749705
22124,-103.0,-17.0,154.9714758108231
22125,-103.0,-16.5,150.09639701822977
22126,-103.0,-16.0,148.56032470220728
22127,-103.0,-15.5,153.11691047131856
22128,-103.0,-15.0,150.08960734930025
22129,-103.0,-14.5,151.83060093156755
22130,-103.0,-14.0,151.24596362986307
22131,-103.0,-13.5,150.6517122044771
22132,-103.0,-13.0,150.03957868729458
22133,-103.0,-12.5,151.36017129674866
22134,-103.0,-12.0,151.50472924668722
22135,-103.0,-11.5,152.2630478979518
22136,-103.0,-10.5,150.19544048529195
22137,-103.0,-10.0,148.11191865257666
22138,-103.0,-9.5,152.59832126073954
22139,-103.0,-9.0,149.64414661283894
22140,-103.0,-8.5,153.3346800532183
22141,-103.0,-7.5,152.87738971276067
22142,-103.0,-7.0,148.03782492693233
22143,-103.0,-6.5,153.65829309386433
22144,-103.0,-6.0,148.4863333259831
22145,-103.0,-5.5,149.75732403765477
22146,-103.0,-5.0,148.14943879652105
22147,-103.0,-4.5,147.45032989218336
22148,-103.0,-3.5,150.25845617732375
22149,-103.0,-3.0,150.37288284828273
22150,-103.0,-2.0,151.46220173098203
22151,-103.0,-1.5,150.85668028248958
22152,-103.0,-1.0,151.44644741188748
22153,-103.0,-0.5,151.2615640200015
22154,-103.0,0.5,149.7261575909047
22155,-103.0,1.0,154.39016101859562
22156,-103.0,1.5,150.2855796402674
22157,-103.0,2.0,151.32705726059845
22158,-103.0,2.5,153.15898119366102
22159,-103.0,3.0,150.17004295092443
22160,-103.0,4.5,149.62588336370936
22161,-103.0,5.0,152.0602454907687
22162,-103.0,5.5,151.91460126112963
22163,-103.0,6.0,150.98361712106217
22164,-103.0,6.5,153.82604145684016
22165,-103.0,7.0,156.6776573482851
22166,-103.0,7.5,153.16942310089993
22167,-103.0,8.0,151.5961108360385
22168,-103.0,9.0,167.6672467547095
22169,-103.0,9.5,149.25714500981329
22170,-103.0,10.0,160.0386700675227
22171,-103.0,11.0,149.9103140314142
22172,-103.0,11.5,164.11044960050785
22173,-103.0,12.0,151.81540067227698
22174,-103.0,12.5,153.60444778475315
22175,-103.0,13.0,156.49605055302388
22176,-103.0,13.5,153.58826685126346
22177,-103.0,14.0,152.95434597366435
22178,-103.0,14.5,150.05103594317544
22179,-103.0,15.0,149.1208096539304
22180,-103.0,15.5,148.45953089701607
22181,-103.0,16.0,151.14230370418633
22182,-103.0,16.5,150.92852574448605
22183,-103.0,17.0,153.18384086587062
22184,-103.0,17.5,149.7591787533174
22185,-103.0,18.0,148.77461895706296
22186,-103.0,18.5,148.6169274556512
22187,-103.0,19.0,147.82938304287305
22188,-103.0,19.5,146.43485277001056
22189,-103.0,20.0,151.33789924369717
22190,-103.0,20.5,149.62932243011392
22191,-103.0,21.0,150.60607023973813
22192,-103.0,21.5,148.0505304670618
22193,-103.0,22.5,150.02787866424973
22194,-103.0,23.0,150.4402998640565
22195,-103.0,23.5,149.2101747747733
22196,-103.0,24.0,149.5162748566662
22197,-103.0,24.5,150.98359439534383
22198,-103.0,25.0,151.82856936849058
22199,-103.0,25.5,153.18914144812368
22200,-103.0,26.0,154.722226055852
22201,-103.0,26.5,149.54815386390956
22202,-103.0,27.0,150.38425040361955
22203,-103.0,27.5,151.4603991310614
22204,-103.0,28.0,149.29604668488642
22205,-103.0,28.5,153.2299801730405
22206,-103.0,29.0,149.28398167460676
22207,-103.0,29.5,152.09722271254805
22208,-103.0,30.0,150.36839980854216
22209,-103.0,30.5,151.86333091965255
22210,-103.0,31.0,160.42358627309483
22211,-103.0,31.5,154.86534952944487
22212,-103.0,32.0,152.93029632990374
22213,-103.0,32.5,152.97038704469182
22214,-103.0,33.0,153.79047270250524
22215,-103.0,33.5,163.7239528373287
22216,-103.0,34.0,150.76208127370495
22217,-103.0,34.5,155.2088889374394
22218,-103.0,35.0,154.28604384176177
22219,-103.0,35.5,155.71801296680664
22220,-103.0,36.0,155.33782458994008
22221,-103.0,36.5,158.35334564903982
22222,-103.0,37.0,155.61354224962648
22223,-102.5,-39.5,159.04615874897317
22224,-102.5,-39.0,159.21916946900626
22225,-102.5,-38.0,169.200536249505
22226,-102.5,-37.5,150.72278716731202
22227,-102.5,-37.0,153.24439708266164
22228,-102.5,-36.5,150.58271623142642
22229,-102.5,-36.0,153.04011777597157
22230,-102.5,-35.5,152.166508737563
22231,-102.5,-35.0,160.15661720099473
22232,-102.5,-34.5,153.04131905926695
22233,-102.5,-34.0,151.966726373568
22234,-102.5,-33.5,151.58068749702213
22235,-102.5,-33.0,148.57579076550607
22236,-102.5,-32.5,165.1321765206265
22237,-102.5,-32.0,157.01397310485513
22238,-102.5,-31.5,160.4743341511262
22239,-102.5,-31.0,148.1416648669454
22240,-102.5,-30.5,150.71562125895306
22241,-102.5,-30.0,153.8962350491017
22242,-102.5,-29.5,154.3067568978581
22243,-102.5,-29.0,148.68125928817003
22244,-102.5,-28.5,147.24020122689575
22245,-102.5,-28.0,149.19107889512284
22246,-102.5,-27.5,150.80489532745034
22247,-102.5,-27.0,149.65626918363083
22248,-102.5,-26.5,150.91254016837075
22249,-102.5,-26.0,150.32988192130452
22250,-102.5,-25.5,156.49921687091225
22251,-102.5,-25.0,149.20244178808923
22252,-102.5,-24.5,147.89637667854154
22253,-102.5,-24.0,151.02244194288838
22254,-102.5,-23.5,151.53944131364722
22255,-102.5,-23.0,157.23305623714424
22256,-102.5,-22.5,147.5629195932102
22257,-102.5,-22.0,147.05899500524959
22258,-102.5,-21.5,151.02414648466194
22259,-102.5,-20.5,160.84040010377151
22260,-102.5,-20.0,150.1177600971684
22261,-102.5,-19.5,151.33887853634718
22262,-102.5,-19.0,147.52994876004652
22263,-102.5,-18.5,150.5607465649314
22264,-102.5,-18.0,147.67968627105975
22265,-102.5,-17.5,149.0773512978165
22266,-102.5,-17.0,150.51318458976158
22267,-102.5,-16.5,151.20972504850192
22268,-102.5,-16.0,149.86804487525532
22269,-102.5,-15.5,153.15192814390392
22270,-102.5,-15.0,152.79816143200804
22271,-102.5,-14.5,151.04525471852588
22272,-102.5,-14.0,152.16450618006016
22273,-102.5,-13.5,152.96693304396163
22274,-102.5,-13.0,151.29060047383732
22275,-102.5,-12.5,150.2897795236485
22276,-102.5,-12.0,150.7694700710027
22277,-102.5,-11.5,151.65636399227014
22278,-102.5,-11.0,150.34089578108444
22279,-102.5,-10.5,150.49863183879978
22280,-102.5,-10.0,152.78145079585371
22281,-102.5,-9.5,148.65313451099092
22282,-102.5,-9.0,155.11475305214154
22283,-102.5,-8.5,152.2721887680946
22284,-102.5,-8.0,153.44599563164402
22285,-102.5,-7.5,149.46935820297136
22286,-102.5,-7.0,157.93809182685033
22287,-102.5,-6.5,150.11901810679277
22288,-102.5,-6.0,149.1777647857199
22289,-102.5,-5.5,148.22094960401176
22290,-102.5,-5.0,148.4641595855206
22291,-102.5,-4.5,149.081953547258
22292,-102.5,-3.0,150.53953239894102
22293,-102.5,-2.5,150.22835223848887
22294,-102.5,-2.0,150.69821601072314
22295,-102.5,-1.5,151.41988270027477
22296,-102.5,-1.0,151.35947303549275
22297,-102.5,-0.5,151.0743043405021
22298,-102.5,0.0,151.22917695566196
22299,-102.5,0.5,152.44464922074408
22300,-102.5,1.0,151.07072022635327
22301,-102.5,1.5,152.77647597797812
22302,-102.5,2.0,149.8197442990478
22303,-102.5,2.5,152.58171966262145
22304,-102.5,3.0,155.22096393474524
22305,-102.5,4.0,149.86510578623893
22306,-102.5,4.5,149.93631547788868
22307,-102.5,5.0,149.62671414622807
22308,-102.5,5.5,152.92328696436775
22309,-102.5,6.0,153.81392054612286
22310,-102.5,6.5,159.02769204466784
22311,-102.5,7.0,152.11406612350603
22312,-102.5,7.5,151.9978775241065
22313,-102.5,8.0,152.872401391539
22314,-102.5,8.5,175.98899305593025
22315,-102.5,9.0,174.1747683102798
22316,-102.5,9.5,154.33753537653166
22317,-102.5,10.0,151.07890036678413
22318,-102.5,10.5,153.8901813015392
22319,-102.5,11.0,173.33216481765106
22320,-102.5,11.5,154.7906366674733
22321,-102.5,12.0,153.16403648247538
22322,-102.5,12.5,149.02922510973278
22323,-102.5,13.0,156.1393602012623
22324,-102.5,13.5,155.37212426339383
22325,-102.5,14.0,155.12898177322842
22326,-102.5,14.5,150.16733142522938
22327,-102.5,15.0,148.81620874933574
22328,-102.5,15.5,151.02075198808265
22329,-102.5,16.0,150.32035791999436
22330,-102.5,16.5,150.59414351714014
22331,-102.5,17.0,150.32851781198866
22332,-102.5,17.5,148.36275538538038
22333,-102.5,18.0,150.3993678888445
22334,-102.5,18.5,148.29490435959207
22335,-102.5,19.0,147.59448775612657
22336,-102.5,19.5,148.55227625701434
22337,-102.5,20.0,148.32751542933968
22338,-102.5,20.5,148.72892766185257
22339,-102.5,21.0,150.68225739014244
22340,-102.5,21.5,148.42901807814118
22341,-102.5,22.5,151.26338566232508
22342,-102.5,23.0,151.45728426244057
22343,-102.5,23.5,153.88879631081238
22344,-102.5,24.0,150.14902077896463
22345,-102.5,24.5,153.82481753699034
22346,-102.5,25.0,151.8114199379446
22347,-102.5,25.5,155.15813449372538
22348,-102.5,26.0,152.79717154713657
22349,-102.5,26.5,150.29898223534926
22350,-102.5,27.0,148.11759799854582
22351,-102.5,27.5,148.34679683390763
22352,-102.5,28.0,150.84529937366023
22353,-102.5,28.5,149.79971146898114
22354,-102.5,29.0,148.43455055056177
22355,-102.5,29.5,151.00560045495143
22356,-102.5,30.0,150.0996015220538
22357,-102.5,30.5,152.83376289488925
22358,-102.5,31.0,156.8273986231292
22359,-102.5,31.5,155.90873156286347
22360,-102.5,32.0,156.33101979443154
22361,-102.5,32.5,152.69535713521597
22362,-102.5,33.0,152.69341539008886
22363,-102.5,33.5,162.5968505203344
22364,-102.5,34.0,152.42286377203385
22365,-102.5,34.5,156.94001147637357
22366,-102.5,35.0,156.41782231455758
22367,-102.5,35.5,154.40379677830254
22368,-102.5,36.0,155.560775099153
22369,-102.5,36.5,160.2407566941099
22370,-102.5,37.0,154.8816479948854
22371,-102.0,-39.5,158.90579465485396
22372,-102.0,-38.0,171.26709919465839
22373,-102.0,-37.5,151.49138671016843
22374,-102.0,-37.0,152.5420842414468
22375,-102.0,-36.5,151.87957192814824
22376,-102.0,-36.0,151.5924386792057
22377,-102.0,-35.5,153.17538156298966
22378,-102.0,-35.0,159.66861884378892
22379,-102.0,-34.5,153.54234973609496
22380,-102.0,-34.0,149.9531406259135
22381,-102.0,-33.5,151.9019862856032
22382,-102.0,-33.0,149.31947823389348
22383,-102.0,-32.5,162.5829661448564
22384,-102.0,-32.0,155.72237054102536
22385,-102.0,-31.5,162.0013606947388
22386,-102.0,-31.0,148.01666706044801
22387,-102.0,-30.5,149.6522151516938
22388,-102.0,-30.0,156.595184412983
22389,-102.0,-29.5,150.30445598097631
22390,-102.0,-29.0,147.54164951187357
22391,-102.0,-28.5,147.93402363470156
22392,-102.0,-28.0,148.72633958454972
22393,-102.0,-27.5,150.6554914740671
22394,-102.0,-27.0,150.5419946268591
22395,-102.0,-26.5,150.02647651915126
22396,-102.0,-26.0,149.45766193314267
22397,-102.0,-25.5,155.20076748187518
22398,-102.0,-25.0,150.65731715977412
22399,-102.0,-24.5,146.6470970777656
22400,-102.0,-24.0,152.37722459080575
22401,-102.0,-23.5,150.36231840488384
22402,-102.0,-23.0,153.28731725230824
22403,-102.0,-22.5,147.58874507672846
22404,-102.0,-22.0,149.59250901295255
22405,-102.0,-21.5,151.6191641458013
22406,-102.0,-21.0,148.40058657165793
22407,-102.0,-20.5,157.50903478234807
22408,-102.0,-20.0,152.02249633669095
22409,-102.0,-19.5,148.68237196748393
22410,-102.0,-18.0,150.7487573439435
22411,-102.0,-17.5,148.1155786680088
22412,-102.0,-17.0,148.7724641150525
22413,-102.0,-16.5,151.5566768518469
22414,-102.0,-16.0,155.67471288701665
22415,-102.0,-15.5,149.68571395746915
22416,-102.0,-15.0,150.96976539876064
22417,-102.0,-14.5,151.84563026762666
22418,-102.0,-14.0,153.46735101652968
22419,-102.0,-13.5,152.08929462380112
22420,-102.0,-13.0,151.99845275991163
22421,-102.0,-12.5,150.58960042899358
22422,-102.0,-12.0,149.57946147928763
22423,-102.0,-11.5,150.33069913009865
22424,-102.0,-11.0,151.36031545749807
22425,-102.0,-10.5,155.69226959391605
22426,-102.0,-10.0,152.20472382284595
22427,-102.0,-9.5,153.04196950867342
22428,-102.0,-9.0,149.98081035558488
22429,-102.0,-8.5,154.26188428713397
22430,-102.0,-8.0,151.24674209752465
22431,-102.0,-7.5,151.0860031958605
22432,-102.0,-7.0,154.62943453795992
22433,-102.0,-6.5,147.30602883520376
22434,-102.0,-6.0,148.24313003653967
22435,-102.0,-5.5,147.31366095211405
22436,-102.0,-5.0,149.36570164583642
22437,-102.0,-4.5,149.64372890545573
22438,-102.0,-4.0,149.75822182359317
22439,-102.0,-3.0,149.28221224238357
22440,-102.0,-2.5,150.11533696282666
22441,-102.0,-1.5,152.14098750030996
22442,-102.0,-1.0,151.55424527554666
22443,-102.0,0.0,150.40530507493233
22444,-102.0,0.5,152.70890441449606
22445,-102.0,1.0,149.46738173254235
22446,-102.0,1.5,152.69541713815997
22447,-102.0,2.0,151.8457026367839
22448,-102.0,2.5,149.03307948462088
22449,-102.0,3.0,155.4234075148599
22450,-102.0,4.0,149.72183197018225
22451,-102.0,5.0,149.54296174209486
22452,-102.0,5.5,151.88697268866264
22453,-102.0,6.0,155.5831324761274
22454,-102.0,6.5,155.2727588086866
22455,-102.0,7.0,151.56289657302185
22456,-102.0,7.5,149.8916429771244
22457,-102.0,8.0,153.69493980144384
22458,-102.0,8.5,152.00096332709302
22459,-102.0,10.0,150.48279516317692
22460,-102.0,10.5,155.66444229543433
22461,-102.0,11.0,173.6632795427736
22462,-102.0,11.5,150.2849599003267
22463,-102.0,12.0,150.5354990588982
22464,-102.0,12.5,152.24642328155616
22465,-102.0,13.0,152.64232215516256
22466,-102.0,13.5,158.6420286088965
22467,-102.0,14.5,153.29542261154702
22468,-102.0,15.0,150.60802036531206
22469,-102.0,15.5,150.57051870629383
22470,-102.0,16.0,148.46544472225372
22471,-102.0,16.5,150.4246989338448
22472,-102.0,17.0,148.20781907655115
22473,-102.0,17.5,149.66013252826133
22474,-102.0,18.0,152.6726693982822
22475,-102.0,18.5,148.44561543345733
22476,-102.0,19.0,146.07597418931314
22477,-102.0,19.5,147.5127782984614
22478,-102.0,20.0,146.98839945168143
22479,-102.0,20.5,149.67437281979247
22480,-102.0,21.0,152.54507931538362
22481,-102.0,21.5,151.5352598613438
22482,-102.0,22.0,150.83638303524256
22483,-102.0,22.5,152.98207486773293
22484,-102.0,23.0,150.98841949987033
22485,-102.0,23.5,153.64628698552843
22486,-102.0,24.0,154.70350362514526
22487,-102.0,24.5,153.1506515745392
22488,-102.0,25.0,149.81442652772787
22489,-102.0,25.5,153.47106773364172
22490,-102.0,26.0,150.4586172854445
22491,-102.0,26.5,150.64813662550773
22492,-102.0,27.0,149.70014433652304
22493,-102.0,27.5,147.28665680754455
22494,-102.0,28.0,144.57748104648653
22495,-102.0,28.5,147.9572801047791
22496,-102.0,29.0,149.29845857472415
22497,-102.0,29.5,154.10404467444224
22498,-102.0,30.0,151.16491667228962
22499,-102.0,30.5,153.59348442268487
22500,-102.0,31.0,150.07367949623003
22501,-102.0,31.5,159.99537265705786
22502,-102.0,32.0,156.3709956284788
22503,-102.0,32.5,155.4898966358811
22504,-102.0,33.0,154.62116263072622
22505,-102.0,33.5,155.7662503027919
22506,-102.0,34.0,154.76673080191827
22507,-102.0,34.5,158.53486009801205
22508,-102.0,35.0,155.46857994429865
22509,-102.0,35.5,153.8528597855234
22510,-102.0,36.0,156.12397500327526
22511,-102.0,36.5,159.59193521651838
22512,-102.0,37.0,157.09637618175543
22513,-101.5,-39.5,158.64833899197913
22514,-101.5,-38.0,171.99625296511763
22515,-101.5,-37.5,152.9665763974784
22516,-101.5,-37.0,151.88080402403634
22517,-101.5,-36.5,153.23320034035103
22518,-101.5,-36.0,151.0675055983009
22519,-101.5,-35.5,152.99841449861478
22520,-101.5,-35.0,159.06324279713044
22521,-101.5,-34.5,153.7016531033311
22522,-101.5,-34.0,150.28315974221246
22523,-101.5,-33.5,152.4824714736628
22524,-101.5,-33.0,149.06879575876633
22525,-101.5,-32.5,156.77386142586997
22526,-101.5,-32.0,156.94165682454175
22527,-101.5,-31.5,165.1448275149977
22528,-101.5,-31.0,147.87659060027016
22529,-101.5,-30.5,149.01517920345543
22530,-101.5,-30.0,155.79290388421404
22531,-101.5,-29.5,149.23499274244506
22532,-101.5,-29.0,149.47301311748586
22533,-101.5,-28.5,148.00698374743803
22534,-101.5,-28.0,149.1224196128738
22535,-101.5,-27.5,149.528574115862
22536,-101.5,-27.0,151.5638461633854
22537,-101.5,-26.5,148.9772910853958
22538,-101.5,-26.0,150.43264620649194
22539,-101.5,-25.5,152.86845125634068
22540,-101.5,-25.0,150.35759955677727
22541,-101.5,-24.5,149.87124585591116
22542,-101.5,-24.0,150.9002186006226
22543,-101.5,-23.5,149.874773144016
22544,-101.5,-23.0,150.27650650383225
22545,-101.5,-22.5,149.4481481896747
22546,-101.5,-22.0,148.7702239446139
22547,-101.5,-21.5,153.85800836732466
22548,-101.5,-21.0,150.23761650437805
22549,-101.5,-20.5,154.462103197902
22550,-101.5,-20.0,156.42561493615173
22551,-101.5,-19.5,147.75392047976376
22552,-101.5,-19.0,151.62607900549995
22553,-101.5,-18.5,148.3793701858493
22554,-101.5,-18.0,150.31122919042102
22555,-101.5,-17.5,149.31468652265443
22556,-101.5,-17.0,148.39190377572325
22557,-101.5,-16.0,153.93304794637498
22558,-101.5,-15.5,150.88673754862933
22559,-101.5,-15.0,151.66870680815774
22560,-101.5,-14.5,152.2879934718645
22561,-101.5,-14.0,151.49001642452967
22562,-101.5,-13.5,152.42001271596592
22563,-101.5,-13.0,152.49650001506473
22564,-101.5,-12.0,149.98658573532782
22565,-101.5,-11.5,149.95069612793384
22566,-101.5,-11.0,151.4450072965449
22567,-101.5,-10.5,153.89171535984704
22568,-101.5,-10.0,154.07991138342462
22569,-101.5,-9.5,152.45508419179643
22570,-101.5,-9.0,148.46586518569845
22571,-101.5,-8.5,152.24471764693465
22572,-101.5,-8.0,146.83754154173036
22573,-101.5,-7.5,160.94127454233987
22574,-101.5,-7.0,147.6309915672198
22575,-101.5,-6.5,146.7860133963012
22576,-101.5,-6.0,146.78696764997778
22577,-101.5,-5.5,148.68845274521334
22578,-101.5,-5.0,149.8545619133033
22579,-101.5,-4.5,149.97311423692219
22580,-101.5,-4.0,149.87763905267855
22581,-101.5,-3.5,149.93351756962076
22582,-101.5,-3.0,148.93405005233825
22583,-101.5,-2.5,150.83068056160675
22584,-101.5,-2.0,150.89743765707905
22585,-101.5,-1.5,168.21844261069654
22586,-101.5,-1.0,151.52180367328322
22587,-101.5,-0.5,150.99828651150477
22588,-101.5,0.5,150.17121883213764
22589,-101.5,1.0,152.33693178453663
22590,-101.5,1.5,150.0376349200865
22591,-101.5,2.0,152.17235659031087
22592,-101.5,2.5,151.6417568989999
22593,-101.5,3.0,155.7187763844091
22594,-101.5,3.5,151.3069399925952
22595,-101.5,4.0,149.3968581401994
22596,-101.5,4.5,149.6109953988141
22597,-101.5,5.0,149.59843337667985
22598,-101.5,5.5,153.78627678268631
22599,-101.5,6.0,155.5107376426996
22600,-101.5,6.5,152.09037755186841
22601,-101.5,8.0,150.71858794848896
22602,-101.5,8.5,154.1903565920746
22603,-101.5,9.0,152.45324924106387
22604,-101.5,10.5,165.9653657544815
22605,-101.5,11.0,152.85544610000548
22606,-101.5,12.0,151.1504204966786
22607,-101.5,12.5,153.3564921857703
22608,-101.5,13.0,153.2272199929659
22609,-101.5,13.5,150.3425938752294
22610,-101.5,14.5,154.30113122858123
22611,-101.5,15.0,151.75657379865126
22612,-101.5,15.5,150.7020920738379
22613,-101.5,16.0,149.1876227609155
22614,-101.5,16.5,148.4052084519017
22615,-101.5,17.0,148.59351025965674
22616,-101.5,17.5,150.5558286918324
22617,-101.5,18.0,146.7085733232942
22618,-101.5,18.5,146.46626527341425
22619,-101.5,19.0,146.86453933348926
22620,-101.5,19.5,147.93452357721586
22621,-101.5,20.0,148.89830916400527
22622,-101.5,20.5,150.67505634185645
22623,-101.5,21.0,148.89700598399486
22624,-101.5,21.5,152.25272846327846
22625,-101.5,22.0,152.83916317440048
22626,-101.5,22.5,153.0152216471498
22627,-101.5,23.0,154.55652408261406
22628,-101.5,23.5,153.62185628033617
22629,-101.5,24.0,151.50396184072483
22630,-101.5,24.5,149.49273100612965
22631,-101.5,25.0,152.67326899944916
22632,-101.5,25.5,151.60901935716723
22633,-101.5,26.0,149.63332160567165
22634,-101.5,26.5,148.63596185405657
22635,-101.5,27.0,152.1302691617593
22636,-101.5,27.5,149.4122270955448
22637,-101.5,28.0,150.97883996842808
22638,-101.5,28.5,156.04440107769148
22639,-101.5,29.0,149.85234453789718
22640,-101.5,29.5,151.74255817313372
22641,-101.5,30.0,152.76300624749734
22642,-101.5,30.5,152.6091198482832
22643,-101.5,31.0,151.80762189303778
22644,-101.5,31.5,158.50432733116307
22645,-101.5,32.0,154.82016702176597
22646,-101.5,32.5,154.38519719435732
22647,-101.5,33.0,155.01913572163537
22648,-101.5,33.5,155.29693405058364
22649,-101.5,34.0,155.42928910131576
22650,-101.5,34.5,159.26747514442363
22651,-101.5,35.0,156.42334251270367
22652,-101.5,35.5,155.61469268536388
22653,-101.5,36.0,155.34502432672923
22654,-101.5,36.5,161.69255454679228
22655,-101.5,37.0,156.19901198615094
22656,-101.0,-39.5,158.44132170395147
22657,-101.0,-37.5,153.78280070653494
22658,-101.0,-37.0,151.5402664879691
22659,-101.0,-36.5,154.2684604921397
22660,-101.0,-36.0,150.47090188047937
22661,-101.0,-35.5,153.81451245562465
22662,-101.0,-35.0,152.70900164377426
22663,-101.0,-34.5,154.06621193721196
22664,-101.0,-34.0,151.7099686327249
22665,-101.0,-33.0,149.2155229274188
22666,-101.0,-32.5,157.30973043731547
22667,-101.0,-32.0,158.0026075307875
22668,-101.0,-31.5,161.37504593353952
22669,-101.0,-31.0,147.98851077141313
22670,-101.0,-30.5,149.48149168913244
22671,-101.0,-30.0,152.82884078908393
22672,-101.0,-29.5,150.16131236805123
22673,-101.0,-29.0,150.58681431068013
22674,-101.0,-28.5,147.83252066120858
22675,-101.0,-28.0,148.6427336016331
22676,-101.0,-27.5,148.8456801920588
22677,-101.0,-27.0,151.00425944472767
22678,-101.0,-26.5,148.83628680677558
22679,-101.0,-26.0,149.41172860019873
22680,-101.0,-25.5,149.93822770142813
22681,-101.0,-25.0,150.23300861563496
22682,-101.0,-24.5,153.4238959962495
22683,-101.0,-24.0,147.79386965102339
22684,-101.0,-23.5,152.16971559207553
22685,-101.0,-23.0,150.94004210302
22686,-101.0,-22.5,151.90767127808638
22687,-101.0,-22.0,147.35982923150587
22688,-101.0,-21.5,148.11936912678715
22689,-101.0,-21.0,151.47164939951264
22690,-101.0,-20.5,149.50004064147726
22691,-101.0,-20.0,159.9281064269707
22692,-101.0,-19.5,153.99568127446958
22693,-101.0,-19.0,151.3747511758331
22694,-101.0,-18.5,149.0650049936689
22695,-101.0,-18.0,148.94320863944574
22696,-101.0,-17.5,149.65774014665448
22697,-101.0,-17.0,148.1673531483772
22698,-101.0,-16.5,148.1559558253301
22699,-101.0,-16.0,148.41614604453733
22700,-101.0,-15.5,153.1487299215399
22701,-101.0,-15.0,152.33287875706756
22702,-101.0,-14.0,150.94936542744992
22703,-101.0,-13.5,151.68671266094225
22704,-101.0,-13.0,152.73090152709563
22705,-101.0,-12.0,149.96468687971023
22706,-101.0,-11.5,149.35676078469982
22707,-101.0,-11.0,153.68106747253086
22708,-101.0,-10.5,152.37108403495364
22709,-101.0,-10.0,153.05198457508445
22710,-101.0,-9.5,149.48755009400963
22711,-101.0,-9.0,151.0034118193717
22712,-101.0,-8.5,148.71438422451504
22713,-101.0,-8.0,161.30298324666128
22714,-101.0,-7.5,147.65003678964632
22715,-101.0,-6.5,146.8515583990642
22716,-101.0,-6.0,148.13505656890004
22717,-101.0,-5.5,148.44432525462472
22718,-101.0,-5.0,149.03585143304986
22719,-101.0,-4.5,150.10570189300105
22720,-101.0,-4.0,150.59337736165793
22721,-101.0,-3.5,149.22853083051447
22722,-101.0,-3.0,156.33655661781626
22723,-101.0,-2.0,151.0781555731063
22724,-101.0,-1.5,150.85818107028916
22725,-101.0,-1.0,151.55515198357338
22726,-101.0,-0.5,151.67045667416767
22727,-101.0,0.0,150.14163016314484
22728,-101.0,0.5,149.95676015786916
22729,-101.0,1.0,150.48032494808942
22730,-101.0,1.5,150.87838595544034
22731,-101.0,2.0,150.5325693508659
22732,-101.0,2.5,153.6935613362362
22733,-101.0,3.0,150.2313547775585
22734,-101.0,3.5,149.48371199094487
22735,-101.0,4.0,149.1383210351587
22736,-101.0,4.5,149.64925261007133
22737,-101.0,5.0,151.28389289354857
22738,-101.0,5.5,156.26796800886956
22739,-101.0,6.0,151.47991171178026
22740,-101.0,6.5,154.66563454216484
22741,-101.0,7.0,153.75310866803102
22742,-101.0,8.5,151.496832002184
22743,-101.0,9.0,152.1512432517478
22744,-101.0,9.5,153.00752404279848
22745,-101.0,10.5,150.45461239096934
22746,-101.0,11.0,150.54840953517888
22747,-101.0,11.5,153.47507479814502
22748,-101.0,12.0,153.8352381278478
22749,-101.0,12.5,154.21066234489422
22750,-101.0,13.0,152.52420044911517
22751,-101.0,13.5,149.79268102693274
22752,-101.0,14.5,152.06425667675003
22753,-101.0,15.0,152.60472849300012
22754,-101.0,15.5,149.8118928717499
22755,-101.0,16.0,150.3907892253684
22756,-101.0,16.5,148.12929964114454
22757,-101.0,17.0,150.6639704025106
22758,-101.0,17.5,147.22829416148474
22759,-101.0,18.0,144.95115337489855
22760,-101.0,18.5,148.28286496908348
22761,-101.0,19.0,147.1384139595286
22762,-101.0,19.5,146.25739599589852
22763,-101.0,20.0,150.89375024164087
22764,-101.0,20.5,148.5526565251853
22765,-101.0,21.0,149.77353250693767
22766,-101.0,21.5,153.56172179979671
22767,-101.0,22.0,151.18844519652032
22768,-101.0,22.5,151.2567056473608
22769,-101.0,23.0,152.55744482054658
22770,-101.0,23.5,151.6528307114434
22771,-101.0,24.0,154.0118733986036
22772,-101.0,24.5,150.86405818324866
22773,-101.0,25.0,152.87364896932394
22774,-101.0,25.5,149.24607680131052
22775,-101.0,26.0,151.95777767016358
22776,-101.0,26.5,151.73939531454693
22777,-101.0,27.0,149.06084967492265
22778,-101.0,27.5,153.09297102591353
22779,-101.0,28.0,150.65719461301816
22780,-101.0,28.5,156.91956552076925
22781,-101.0,29.0,152.63021051240634
22782,-101.0,29.5,154.6462984684404
22783,-101.0,30.0,148.35777630903831
22784,-101.0,30.5,151.29947698996585
22785,-101.0,31.0,152.1243322194634
22786,-101.0,31.5,156.69397250177443
22787,-101.0,32.0,152.28649075760902
22788,-101.0,32.5,152.40144824715853
22789,-101.0,33.0,160.63417304120435
22790,-101.0,33.5,153.81880526224262
22791,-101.0,34.0,153.712027524411
22792,-101.0,34.5,153.75305227629994
22793,-101.0,35.0,152.96720617207043
22794,-101.0,35.5,155.83466859335124
22795,-101.0,36.0,150.59871763295095
22796,-101.0,36.5,160.70548835003473
22797,-101.0,37.0,156.34179500549175
22798,-100.5,-39.5,158.3735870148043
22799,-100.5,-37.5,154.75706243898554
22800,-100.5,-37.0,150.77211710994376
22801,-100.5,-36.5,155.10429080841396
22802,-100.5,-36.0,150.6980661793086
22803,-100.5,-35.5,153.6114415186032
22804,-100.5,-35.0,150.48832760541958
22805,-100.5,-34.5,155.83926180645224
22806,-100.5,-34.0,153.3349627888496
22807,-100.5,-33.5,149.86380778712837
22808,-100.5,-33.0,149.10044151058992
22809,-100.5,-32.5,164.51995023732118
22810,-100.5,-31.5,159.90759450566404
22811,-100.5,-31.0,148.12917729040862
22812,-100.5,-30.5,151.33885000808647
22813,-100.5,-30.0,149.4211367378436
22814,-100.5,-29.5,149.94232666172073
22815,-100.5,-29.0,149.466860216905
22816,-100.5,-28.5,151.44797519789932
22817,-100.5,-28.0,148.26566439956144
22818,-100.5,-27.5,148.70467512830248
22819,-100.5,-27.0,149.60537168667824
22820,-100.5,-26.5,150.73917226512577
22821,-100.5,-26.0,149.95460236422642
22822,-100.5,-25.5,147.4391774589809
22823,-100.5,-25.0,151.0657284761326
22824,-100.5,-24.5,153.18670111714016
22825,-100.5,-24.0,148.61104344784866
22826,-100.5,-23.5,150.1313458383058
22827,-100.5,-23.0,153.01740260867663
22828,-100.5,-22.5,150.51455791915166
22829,-100.5,-21.5,147.87337243041875
22830,-100.5,-21.0,151.55471123102996
22831,-100.5,-20.5,150.36280815544254
22832,-100.5,-20.0,158.41893688253936
22833,-100.5,-19.5,162.8075133459329
22834,-100.5,-19.0,148.30941683230128
22835,-100.5,-18.5,149.94818993761243
22836,-100.5,-18.0,148.7164806449847
22837,-100.5,-17.5,149.7134593675379
22838,-100.5,-17.0,150.5393964679987
22839,-100.5,-16.5,148.1250671708577
22840,-100.5,-16.0,150.4121817618954
22841,-100.5,-15.5,152.026489238905
22842,-100.5,-15.0,153.9921663245018
22843,-100.5,-14.5,151.85165287176116
22844,-100.5,-14.0,150.54553757650547
22845,-100.5,-13.5,151.20486894200351
22846,-100.5,-13.0,153.78727060822882
22847,-100.5,-12.5,150.66044088115362
22848,-100.5,-12.0,150.0078286935
22849,-100.5,-11.5,148.35386390059304
22850,-100.5,-11.0,152.5313365943777
22851,-100.5,-10.5,154.07997836205473
22852,-100.5,-10.0,150.85547930531968
22853,-100.5,-9.0,149.60047955025755
22854,-100.5,-8.5,149.06790234858025
22855,-100.5,-8.0,152.7846478697486
22856,-100.5,-7.5,147.7906704060733
22857,-100.5,-7.0,147.04785589351002
22858,-100.5,-6.5,147.75696349917874
22859,-100.5,-6.0,148.2650641828824
22860,-100.5,-5.0,149.0471074205332
22861,-100.5,-4.5,149.1240133548361
22862,-100.5,-4.0,149.8133464786642
22863,-100.5,-3.5,149.4483713329722
22864,-100.5,-3.0,149.68836006476056
22865,-100.5,-1.5,151.08686989913429
22866,-100.5,-0.5,152.00499932792889
22867,-100.5,0.0,150.76816466966827
22868,-100.5,0.5,148.52916470311717
22869,-100.5,1.0,149.46237781972224
22870,-100.5,1.5,152.37794086611717
22871,-100.5,2.0,151.9593299432886
22872,-100.5,2.5,150.470069445726
22873,-100.5,3.0,151.10964143641823
22874,-100.5,3.5,149.86048620733797
22875,-100.5,4.0,148.93772210359293
22876,-100.5,4.5,153.07625663306465
22877,-100.5,5.0,151.43700207996008
22878,-100.5,5.5,150.1439936874233
22879,-100.5,6.0,150.60185933872108
22880,-100.5,6.5,151.07617839697497
22881,-100.5,7.0,152.82871778445684
22882,-100.5,9.0,149.06139555926075
22883,-100.5,9.5,153.4286888024249
22884,-100.5,11.0,150.9321674460819
22885,-100.5,11.5,152.69875230919118
22886,-100.5,12.0,153.7724062073232
22887,-100.5,12.5,153.3438354502925
22888,-100.5,13.0,151.7449534273326
22889,-100.5,13.5,149.74517791617419
22890,-100.5,14.0,150.38804366356317
22891,-100.5,14.5,151.45579159812826
22892,-100.5,15.0,149.28064016716246
22893,-100.5,15.5,152.55587842515095
22894,-100.5,16.0,148.68396333970657
22895,-100.5,16.5,149.05946044713352
22896,-100.5,17.0,151.44963192265146
22897,-100.5,17.5,146.50928642964166
22898,-100.5,18.0,147.2850802047635
22899,-100.5,18.5,147.81610097115734
22900,-100.5,19.0,146.88137079612838
22901,-100.5,19.5,145.78672108863475
22902,-100.5,20.0,150.72887171287965
22903,-100.5,20.5,151.14738448659375
22904,-100.5,21.5,149.7935853352087
22905,-100.5,22.0,148.98733941577532
22906,-100.5,22.5,149.11159342368987
22907,-100.5,23.0,148.49024179357778
22908,-100.5,23.5,151.2361789907535
22909,-100.5,24.0,149.41120682431713
22910,-100.5,24.5,155.08146559547012
22911,-100.5,25.0,150.47960698105246
22912,-100.5,25.5,147.52520635531397
22913,-100.5,26.0,150.12314067634034
22914,-100.5,26.5,150.05935064282065
22915,-100.5,27.0,149.59901357358595
22916,-100.5,27.5,153.21382155415276
22917,-100.5,28.0,156.39704877790132
22918,-100.5,28.5,155.02903217955242
22919,-100.5,29.0,153.54917952785962
22920,-100.5,29.5,151.5542329638152
22921,-100.5,30.0,151.12958473960558
22922,-100.5,30.5,151.6349153015089
22923,-100.5,31.0,150.51121709305113
22924,-100.5,31.5,158.16401853040267
22925,-100.5,32.0,152.03195962069574
22926,-100.5,32.5,152.34356311149912
22927,-100.5,33.0,159.66587928040727
22928,-100.5,33.5,152.04911529992933
22929,-100.5,34.0,148.88337854139763
22930,-100.5,34.5,150.56143677012838
22931,-100.5,35.0,148.94186873807905
22932,-100.5,35.5,150.81220050074475
22933,-100.5,36.0,151.10596203923302
22934,-100.5,36.5,160.252823863788
22935,-100.5,37.0,156.19244676431165
22936,-100.0,-39.5,158.21960800025226
22937,-100.0,-38.0,156.04673860462603
22938,-100.0,-37.5,154.96578556650235
22939,-100.0,-37.0,151.26467567401644
22940,-100.0,-36.5,155.3372472823488
22941,-100.0,-36.0,151.50964304776164
22942,-100.0,-35.5,153.3859920985501
22943,-100.0,-35.0,150.9636242589128
22944,-100.0,-34.5,154.71956248045652
22945,-100.0,-34.0,152.5020458514707
22946,-100.0,-33.5,148.5957058635863
22947,-100.0,-33.0,148.57294497715745
22948,-100.0,-32.5,166.34406114202315
22949,-100.0,-31.5,156.34990971689672
22950,-100.0,-31.0,156.30966805301165
22951,-100.0,-30.5,150.3200327845249
22952,-100.0,-30.0,148.89328397516732
22953,-100.0,-29.5,149.98418042583535
22954,-100.0,-29.0,149.49869217127394
22955,-100.0,-28.5,151.28223585147333
22956,-100.0,-28.0,149.4752830797314
22957,-100.0,-27.5,148.3707512908548
22958,-100.0,-27.0,149.54163634088764
22959,-100.0,-26.5,147.6190978271794
22960,-100.0,-26.0,150.6495353822068
22961,-100.0,-25.5,150.3250286524714
22962,-100.0,-25.0,150.4489774666458
22963,-100.0,-24.5,150.3357058551651
22964,-100.0,-24.0,151.81075925967764
22965,-100.0,-23.5,148.89961512370698
22966,-100.0,-23.0,150.2865325627658
22967,-100.0,-22.5,153.69645097064986
22968,-100.0,-22.0,148.24298901082358
22969,-100.0,-21.5,149.087890285018
22970,-100.0,-21.0,149.33261768246112
22971,-100.0,-20.5,152.1524601525935
22972,-100.0,-20.0,147.9980088135226
22973,-100.0,-19.5,172.48625654546794
22974,-100.0,-19.0,148.22002797278276
22975,-100.0,-18.5,149.53346682711205
22976,-100.0,-18.0,148.83357620317219
22977,-100.0,-17.0,150.0537634231125
22978,-100.0,-16.5,148.69266601175187
22979,-100.0,-16.0,151.59902597227787
22980,-100.0,-15.5,148.31858380450208
22981,-100.0,-15.0,152.83336262801387
22982,-100.0,-14.5,152.8853907328037
22983,-100.0,-14.0,150.46084854392524
22984,-100.0,-13.5,151.44964854662857
22985,-100.0,-13.0,152.28793826554428
22986,-100.0,-12.5,152.56966232262184
22987,-100.0,-12.0,151.45261359593508
22988,-100.0,-11.0,155.73006837871242
22989,-100.0,-10.5,150.3301492662412
22990,-100.0,-10.0,150.5270204573209
22991,-100.0,-9.5,152.69442736279098
22992,-100.0,-9.0,147.6025403463653
22993,-100.0,-8.5,151.4542807286092
22994,-100.0,-8.0,148.55368187898108
22995,-100.0,-7.5,155.10756891376903
22996,-100.0,-7.0,147.06631781354622
22997,-100.0,-6.5,148.4827608500725
22998,-100.0,-4.5,149.20597515224318
22999,-100.0,-4.0,148.83333447740458
23000,-100.0,-3.5,150.59374598003274
23001,-100.0,-3.0,149.7729389917382
23002,-100.0,-2.5,149.7315688007564
23003,-100.0,-1.5,153.87494324104344
23004,-100.0,-1.0,151.53520015956502
23005,-100.0,-0.5,150.90881217795734
23006,-100.0,0.0,151.09758110688307
23007,-100.0,0.5,149.56341757043546
23008,-100.0,1.5,149.82764984165343
23009,-100.0,2.0,151.76371032059356
23010,-100.0,2.5,148.68257894005987
23011,-100.0,3.0,150.489280433713
23012,-100.0,3.5,150.97271274878258
23013,-100.0,4.0,148.1948361645806
23014,-100.0,4.5,150.4735220328931
23015,-100.0,5.0,151.72025631562556
23016,-100.0,5.5,149.81061896934168
23017,-100.0,6.5,148.50013936729593
23018,-100.0,7.0,151.47430197078384
23019,-100.0,7.5,152.0233432113936
23020,-100.0,9.0,148.61578128579458
23021,-100.0,9.5,148.9891279161256
23022,-100.0,10.0,153.92508415634606
23023,-100.0,11.0,153.909743051556
23024,-100.0,11.5,152.99713619800895
23025,-100.0,12.0,153.40684775611356
23026,-100.0,12.5,151.6649159749489
23027,-100.0,13.0,152.04663147601158
23028,-100.0,13.5,152.51690228566864
23029,-100.0,14.0,150.8316203585868
23030,-100.0,14.5,150.78428300790884
23031,-100.0,15.0,150.464594046326
23032,-100.0,15.5,150.10281347497346
23033,-100.0,16.0,151.5127335901877
23034,-100.0,16.5,151.33164267152245
23035,-100.0,17.0,153.58631490664064
23036,-100.0,17.5,144.72868265341137
23037,-100.0,18.0,146.83513408307644
23038,-100.0,18.5,147.34377197703583
23039,-100.0,19.0,146.96274510366104
23040,-100.0,19.5,148.7195481565279
23041,-100.0,20.0,147.8094105102513
23042,-100.0,20.5,150.23441955091414
23043,-100.0,21.0,149.2527054826495
23044,-100.0,21.5,145.55677300253464
23045,-100.0,22.0,148.7213450053073
23046,-100.0,22.5,150.52922523690623
23047,-100.0,23.0,150.28665661264404
23048,-100.0,23.5,148.94453460457308
23049,-100.0,24.0,148.29836886409524
23050,-100.0,24.5,151.62579004189428
23051,-100.0,25.0,147.2451868658173
23052,-100.0,25.5,151.2571289131906
23053,-100.0,26.0,150.3404948883303
23054,-100.0,26.5,149.5960800402439
23055,-100.0,27.0,152.13257291832616
23056,-100.0,27.5,149.13605392517985
23057,-100.0,28.0,159.5825197648066
23058,-100.0,28.5,151.37277610060917
23059,-100.0,29.0,152.4710473804846
23060,-100.0,29.5,147.7598507343631
23061,-100.0,30.0,151.0136864380141
23062,-100.0,30.5,149.48532771035963
23063,-100.0,31.0,149.45671703464447
23064,-100.0,31.5,157.18241648778493
23065,-100.0,32.0,155.03680940102214
23066,-100.0,32.5,155.15483488995386
23067,-100.0,33.0,157.6537011061157
23068,-100.0,33.5,153.70565999910704
23069,-100.0,34.0,150.68106425859665
23070,-100.0,34.5,151.82882362047025
23071,-100.0,35.0,148.59721715523452
23072,-100.0,35.5,149.96588604586788
23073,-100.0,36.0,149.43630948242148
23074,-100.0,36.5,158.97561516287527
23075,-100.0,37.0,155.87268691630925
23076,-99.5,-39.5,158.0654155655832
23077,-99.5,-38.0,156.3236203029313
23078,-99.5,-37.0,150.8755259257028
23079,-99.5,-36.5,155.0334065673212
23080,-99.5,-36.0,152.29461288448505
23081,-99.5,-35.5,153.29171302109816
23082,-99.5,-35.0,151.49690483760955
23083,-99.5,-34.5,154.9030075453437
23084,-99.5,-34.0,152.61522595107385
23085,-99.5,-33.5,147.5357185022259
23086,-99.5,-33.0,148.16859513210645
23087,-99.5,-32.5,172.34064835488064
23088,-99.5,-31.5,155.15293107718904
23089,-99.5,-31.0,158.25172440830065
23090,-99.5,-30.5,149.7262841070558
23091,-99.5,-30.0,148.63305032447195
23092,-99.5,-29.5,149.52314976625698
23093,-99.5,-29.0,149.476529993797
23094,-99.5,-28.5,151.68973989974452
23095,-99.5,-28.0,148.80468694598358
23096,-99.5,-27.5,148.16344679333073
23097,-99.5,-27.0,149.37896819386864
23098,-99.5,-26.5,146.74113272006016
23099,-99.5,-26.0,151.84185287014907
23100,-99.5,-25.5,149.73995770491243
23101,-99.5,-25.0,149.1433027523205
23102,-99.5,-24.5,150.26897205426596
23103,-99.5,-24.0,152.56245720112872
23104,-99.5,-23.5,155.08519233366437
23105,-99.5,-23.0,149.59541975213483
23106,-99.5,-22.5,156.8628153622136
23107,-99.5,-22.0,151.2668081701691
23108,-99.5,-21.5,150.80685833971316
23109,-99.5,-21.0,148.30805549907745
23110,-99.5,-20.5,152.3396980575903
23111,-99.5,-20.0,153.13746418971883
23112,-99.5,-19.5,150.00138621813048
23113,-99.5,-19.0,156.193854254751
23114,-99.5,-18.5,148.5795194713755
23115,-99.5,-18.0,150.34914488644864
23116,-99.5,-17.0,149.05492607740877
23117,-99.5,-16.5,151.74539279049768
23118,-99.5,-16.0,149.44671393999533
23119,-99.5,-15.5,148.6335894705132
23120,-99.5,-15.0,149.12864588969072
23121,-99.5,-14.5,152.2124020253251
23122,-99.5,-14.0,153.84962942710038
23123,-99.5,-13.0,149.9089910622545
23124,-99.5,-12.5,153.66429392479682
23125,-99.5,-12.0,153.32401139852382
23126,-99.5,-11.5,161.09146740268196
23127,-99.5,-11.0,151.62016023193297
23128,-99.5,-10.5,150.63317402890726
23129,-99.5,-10.0,149.5680653604595
23130,-99.5,-9.5,150.34019129680493
23131,-99.5,-9.0,152.87111797733183
23132,-99.5,-8.5,148.32952413395407
23133,-99.5,-8.0,153.98492331647404
23134,-99.5,-7.5,150.58367129688006
23135,-99.5,-7.0,148.11712448813623
23136,-99.5,-6.5,148.5079230196437
23137,-99.5,-4.5,148.44916099436662
23138,-99.5,-4.0,149.10937239320762
23139,-99.5,-3.5,150.24693816514525
23140,-99.5,-3.0,150.5449151530607
23141,-99.5,-2.5,149.60329822451163
23142,-99.5,-2.0,149.6530934618255
23143,-99.5,-1.0,150.6022147896809
23144,-99.5,-0.5,151.40548489521166
23145,-99.5,0.0,150.2824143085924
23146,-99.5,0.5,150.51745524494564
23147,-99.5,1.0,149.64766594672295
23148,-99.5,1.5,149.5311499640563
23149,-99.5,2.0,148.83132638407804
23150,-99.5,2.5,150.57407272480958
23151,-99.5,3.0,148.4397038522418
23152,-99.5,3.5,151.54185493005818
23153,-99.5,4.0,151.13118749651255
23154,-99.5,4.5,151.45645320536727
23155,-99.5,5.0,149.8164390152183
23156,-99.5,5.5,152.9274244346588
23157,-99.5,7.0,148.79176238480696
23158,-99.5,7.5,151.7785083018913
23159,-99.5,8.0,151.63685209387765
23160,-99.5,9.5,148.38051515506794
23161,-99.5,10.0,151.97093711533333
23162,-99.5,10.5,154.6108710141067
23163,-99.5,11.0,154.14519867193943
23164,-99.5,11.5,153.45213834470673
23165,-99.5,12.0,152.39969913800385
23166,-99.5,12.5,150.2490236530725
23167,-99.5,13.5,152.47540260832093
23168,-99.5,14.0,151.67614800772085
23169,-99.5,14.5,150.26797389209534
23170,-99.5,15.0,151.99620984049886
23171,-99.5,15.5,149.59593875938458
23172,-99.5,16.0,151.31790236158042
23173,-99.5,16.5,149.44154880336484
23174,-99.5,17.0,157.24548800514395
23175,-99.5,17.5,147.402554514041
23176,-99.5,18.0,146.5916592085089
23177,-99.5,18.5,148.6064221166862
23178,-99.5,19.0,147.9634087304468
23179,-99.5,19.5,148.83634241226983
23180,-99.5,20.0,150.64838164992122
23181,-99.5,20.5,150.69910321818116
23182,-99.5,21.0,147.1848896712213
23183,-99.5,21.5,146.53316293145895
23184,-99.5,22.0,145.66186508235197
23185,-99.5,22.5,147.04387420445312
23186,-99.5,23.0,148.4583030380028
23187,-99.5,23.5,145.56713935629304
23188,-99.5,24.0,149.1490664274617
23189,-99.5,24.5,148.8511695560048
23190,-99.5,25.0,150.5627415188624
23191,-99.5,25.5,153.61295333346595
23192,-99.5,26.0,150.54724829098444
23193,-99.5,26.5,152.31076819545623
23194,-99.5,27.0,150.34735331455929
23195,-99.5,27.5,149.62457336818665
23196,-99.5,28.0,156.47271830911606
23197,-99.5,28.5,150.74766688285226
23198,-99.5,29.0,152.1907800534163
23199,-99.5,29.5,147.05414007123358
23200,-99.5,30.0,150.42841050023677
23201,-99.5,30.5,150.43642874655893
23202,-99.5,31.0,150.13189825024216
23203,-99.5,31.5,157.56300804311076
23204,-99.5,32.0,153.360395373462
23205,-99.5,32.5,155.9946130603725
23206,-99.5,33.0,156.55556101033926
23207,-99.5,33.5,154.97255663824706
23208,-99.5,34.0,152.40944905868247
23209,-99.5,34.5,152.93663021177886
23210,-99.5,35.0,150.47887571962588
23211,-99.5,35.5,150.7292196564205
23212,-99.5,36.0,148.0004715678244
23213,-99.5,36.5,162.52847847425446
23214,-99.5,37.0,155.8603877733263
23215,-99.0,-39.5,157.9694264196301
23216,-99.0,-38.0,156.53890292476913
23217,-99.0,-37.0,150.7412677508181
23218,-99.0,-36.5,152.70428782544022
23219,-99.0,-36.0,152.870178932062
23220,-99.0,-35.5,154.83792530028782
23221,-99.0,-35.0,150.68676548719358
23222,-99.0,-34.5,155.13241262406308
23223,-99.0,-34.0,152.94821532885015
23224,-99.0,-33.5,147.89942127651403
23225,-99.0,-33.0,148.24836471880096
23226,-99.0,-32.5,173.01921664962978
23227,-99.0,-31.5,156.61019416709743
23228,-99.0,-31.0,152.5189516639751
23229,-99.0,-30.5,149.05958578768278
23230,-99.0,-30.0,151.05713360272526
23231,-99.0,-29.5,147.8822555834697
23232,-99.0,-29.0,151.03513857704277
23233,-99.0,-28.5,153.0217086807347
23234,-99.0,-28.0,149.5520578329174
23235,-99.0,-27.5,147.57246632453055
23236,-99.0,-27.0,148.9644928571475
23237,-99.0,-26.5,148.36904588757696
23238,-99.0,-26.0,151.07858502240322
23239,-99.0,-25.5,150.39993616997444
23240,-99.0,-25.0,147.2765760313791
23241,-99.0,-24.5,149.77451362748067
23242,-99.0,-24.0,150.68227258432032
23243,-99.0,-23.5,154.52049268247828
23244,-99.0,-23.0,152.38477256335736
23245,-99.0,-22.5,147.61483047274504
23246,-99.0,-22.0,153.98350529114722
23247,-99.0,-21.5,150.3353491551815
23248,-99.0,-21.0,147.65242461691463
23249,-99.0,-20.5,148.55218908398015
23250,-99.0,-20.0,155.2827297809195
23251,-99.0,-19.5,148.87547683522675
23252,-99.0,-19.0,156.30593415603076
23253,-99.0,-18.5,148.6847535589835
23254,-99.0,-18.0,150.5739938726583
23255,-99.0,-17.5,148.67701426473783
23256,-99.0,-17.0,150.22914971242406
23257,-99.0,-16.5,149.9333983216468
23258,-99.0,-16.0,148.03618986758062
23259,-99.0,-15.5,148.85723538932785
23260,-99.0,-15.0,149.1256137830575
23261,-99.0,-14.5,151.2706457329444
23262,-99.0,-14.0,153.1780009691419
23263,-99.0,-13.5,151.85265242271512
23264,-99.0,-13.0,149.7671077206513
23265,-99.0,-12.0,160.61589148004288
23266,-99.0,-11.5,153.5153645965895
23267,-99.0,-11.0,149.91222717375933
23268,-99.0,-10.5,156.6969230916858
23269,-99.0,-10.0,151.02212804686425
23270,-99.0,-9.5,149.2270854428153
23271,-99.0,-9.0,151.18693571557537
23272,-99.0,-8.5,148.46660688685293
23273,-99.0,-8.0,148.38561839590716
23274,-99.0,-7.5,148.50291530294209
23275,-99.0,-7.0,148.2103738179428
23276,-99.0,-6.5,147.19875422165134
23277,-99.0,-5.0,148.55173150938333
23278,-99.0,-4.5,150.46432775098683
23279,-99.0,-4.0,148.9939746562525
23280,-99.0,-3.5,149.1799920117876
23281,-99.0,-3.0,150.65057317468913
23282,-99.0,-2.5,150.7089735442174
23283,-99.0,-2.0,149.7313522357881
23284,-99.0,-1.5,148.8314988699056
23285,-99.0,-1.0,148.9750977030074
23286,-99.0,-0.5,150.677075789691
23287,-99.0,0.0,150.40823354763688
23288,-99.0,0.5,150.67664090549852
23289,-99.0,1.0,149.56226308640157
23290,-99.0,1.5,147.36803390172278
23291,-99.0,2.0,148.62537985305286
23292,-99.0,2.5,148.843109446864
23293,-99.0,3.0,150.00111993612921
23294,-99.0,3.5,149.1711296517084
23295,-99.0,4.0,151.2571963425028
23296,-99.0,4.5,150.46162495551886
23297,-99.0,5.0,155.10919784460947
23298,-99.0,5.5,152.6255143455277
23299,-99.0,6.0,152.78515291824695
23300,-99.0,7.5,149.28141528285653
23301,-99.0,8.0,151.32289350836643
23302,-99.0,8.5,151.2963904380298
23303,-99.0,10.0,148.2069092505412
23304,-99.0,10.5,154.45979723278919
23305,-99.0,11.0,153.6789015736861
23306,-99.0,11.5,153.511678175406
23307,-99.0,12.0,152.11865494853228
23308,-99.0,12.5,151.55440489408656
23309,-99.0,13.0,151.160658682956
23310,-99.0,13.5,151.86444153369928
23311,-99.0,14.0,153.10062414373397
23312,-99.0,14.5,151.15708653400807
23313,-99.0,15.0,150.31375464381256
23314,-99.0,15.5,151.8950423768771
23315,-99.0,16.0,149.59257906056158
23316,-99.0,16.5,150.88365148063318
23317,-99.0,17.0,146.9846018158627
23318,-99.0,17.5,146.49076181537373
23319,-99.0,18.0,147.93826112413902
23320,-99.0,18.5,147.51944353309295
23321,-99.0,19.0,147.3233329570308
23322,-99.0,19.5,146.55182023356684
23323,-99.0,20.0,153.46648882675055
23324,-99.0,20.5,149.23509244906737
23325,-99.0,21.0,145.17350212435844
23326,-99.0,21.5,147.37332046105044
23327,-99.0,22.0,146.57694000429277
23328,-99.0,22.5,149.3179418206397
23329,-99.0,23.0,146.49081327151768
23330,-99.0,23.5,148.09544520451686
23331,-99.0,24.0,155.48885817655236
23332,-99.0,24.5,146.96254919089958
23333,-99.0,25.0,149.2085126088097
23334,-99.0,25.5,152.44821363007884
23335,-99.0,26.0,152.0168768509168
23336,-99.0,26.5,152.64890531442518
23337,-99.0,27.0,149.07830118346882
23338,-99.0,27.5,147.94379403065594
23339,-99.0,28.0,154.19132685763807
23340,-99.0,28.5,150.47848951343033
23341,-99.0,29.0,151.45702407062396
23342,-99.0,29.5,151.57214624957155
23343,-99.0,30.0,150.09110807699847
23344,-99.0,30.5,149.51302915223062
23345,-99.0,31.0,148.9143417719867
23346,-99.0,31.5,156.1818546738538
23347,-99.0,32.0,154.1926113447926
23348,-99.0,32.5,155.16082160482037
23349,-99.0,33.0,154.28452809413892
23350,-99.0,33.5,153.13376742872214
23351,-99.0,34.0,154.36868664494608
23352,-99.0,34.5,153.57057501805164
23353,-99.0,35.0,150.21924045107195
23354,-99.0,35.5,150.62835418886394
23355,-99.0,36.0,151.9944743362858
23356,-99.0,36.5,166.4675011498374
23357,-99.0,37.0,157.44608994855517
23358,-99.0,37.5,154.30175908741379
23359,-98.5,-39.5,157.68241128230645
23360,-98.5,-38.5,156.88523097417178
23361,-98.5,-38.0,156.60357501766117
23362,-98.5,-37.0,150.51266073637134
23363,-98.5,-36.0,152.3373428843168
23364,-98.5,-35.5,154.10291092148887
23365,-98.5,-35.0,150.3388756111115
23366,-98.5,-34.5,155.80501901110048
23367,-98.5,-34.0,151.96510173326539
23368,-98.5,-33.5,149.2986611226288
23369,-98.5,-33.0,148.1975153737716
23370,-98.5,-32.5,173.81763401497872
23371,-98.5,-31.5,157.4048883128169
23372,-98.5,-31.0,152.81198645571305
23373,-98.5,-30.5,147.98990004636096
23374,-98.5,-30.0,159.74918362091745
23375,-98.5,-29.5,147.82463428657954
23376,-98.5,-29.0,150.7018689898784
23377,-98.5,-28.5,150.53549015644748
23378,-98.5,-28.0,149.55190871075425
23379,-98.5,-27.5,149.46232636762204
23380,-98.5,-27.0,148.96286347097785
23381,-98.5,-26.5,153.1132697446697
23382,-98.5,-26.0,149.8573149740924
23383,-98.5,-25.5,152.4463029367751
23384,-98.5,-25.0,147.58721687742627
23385,-98.5,-24.5,149.04647115714207
23386,-98.5,-24.0,150.58024590863693
23387,-98.5,-23.5,153.2094221133968
23388,-98.5,-23.0,158.69154935622188
23389,-98.5,-22.5,149.03421417508042
23390,-98.5,-22.0,153.90208188902662
23391,-98.5,-21.5,151.741358413683
23392,-98.5,-20.5,147.87603498717127
23393,-98.5,-20.0,150.53886864605292
23394,-98.5,-19.5,154.459468787375
23395,-98.5,-19.0,150.71710184684366
23396,-98.5,-18.5,159.35532051463503
23397,-98.5,-18.0,153.7981473272119
23398,-98.5,-17.5,149.4102426544485
23399,-98.5,-17.0,151.84553081609565
23400,-98.5,-16.5,148.63636389770542
23401,-98.5,-16.0,149.35328116009035
23402,-98.5,-15.5,148.89339460628057
23403,-98.5,-15.0,149.04782420895583
23404,-98.5,-14.0,152.47633968869275
23405,-98.5,-13.5,151.05851324608105
23406,-98.5,-13.0,152.43918574164826
23407,-98.5,-12.5,175.40197987989941
23408,-98.5,-12.0,154.77392122457695
23409,-98.5,-11.5,153.5159785863777
23410,-98.5,-11.0,149.92267459719508
23411,-98.5,-10.0,150.3205593868521
23412,-98.5,-9.5,149.1292666148885
23413,-98.5,-9.0,149.81653139652443
23414,-98.5,-8.5,150.94868928797783
23415,-98.5,-8.0,147.66766218361246
23416,-98.5,-7.5,148.99833072850691
23417,-98.5,-7.0,148.7098622152491
23418,-98.5,-6.5,147.73007778093253
23419,-98.5,-5.5,148.7080906148767
23420,-98.5,-5.0,148.52918381525188
23421,-98.5,-3.5,149.21137238802504
23422,-98.5,-3.0,149.13751175683413
23423,-98.5,-2.5,150.7922230439861
23424,-98.5,-2.0,149.3826874753469
23425,-98.5,-1.5,149.67398444194555
23426,-98.5,-0.5,149.24895602777508
23427,-98.5,0.0,150.58721360189313
23428,-98.5,1.0,150.3136481984133
23429,-98.5,1.5,148.26760850562428
23430,-98.5,2.5,148.32618432035812
23431,-98.5,3.0,151.49601147549686
23432,-98.5,3.5,150.56392506415438
23433,-98.5,4.0,149.56810275135717
23434,-98.5,4.5,151.28783395944234
23435,-98.5,5.0,152.87606305398893
23436,-98.5,5.5,152.8037082673777
23437,-98.5,6.0,152.17963813316956
23438,-98.5,6.5,151.70534939417522
23439,-98.5,7.5,147.73722858711724
23440,-98.5,8.0,148.72925291337535
23441,-98.5,8.5,151.08325506681587
23442,-98.5,9.5,152.4204367691784
23443,-98.5,10.0,152.4384837076469
23444,-98.5,10.5,151.40252489664732
23445,-98.5,11.0,153.793821353097
23446,-98.5,11.5,152.53564023537808
23447,-98.5,12.0,151.98323460137698
23448,-98.5,12.5,152.96567604629467
23449,-98.5,13.0,151.09079280955058
23450,-98.5,13.5,152.40695410043665
23451,-98.5,14.0,152.32001267664916
23452,-98.5,14.5,152.23718916032684
23453,-98.5,15.0,151.09389144901016
23454,-98.5,15.5,150.21722053241456
23455,-98.5,16.0,150.33040545579968
23456,-98.5,17.0,149.75813419004442
23457,-98.5,17.5,148.23073551078562
23458,-98.5,18.0,147.1082339469039
23459,-98.5,18.5,147.66802696840674
23460,-98.5,19.0,146.78382513891847
23461,-98.5,19.5,147.0156370842478
23462,-98.5,20.0,151.18393466388957
23463,-98.5,20.5,147.68317718925303
23464,-98.5,21.0,146.18386031153807
23465,-98.5,21.5,148.85527078462195
23466,-98.5,22.0,151.94755250189016
23467,-98.5,22.5,151.3106871996155
23468,-98.5,23.0,149.21976467525627
23469,-98.5,23.5,149.4811938890169
23470,-98.5,24.0,153.92465011787522
23471,-98.5,24.5,147.8357689807152
23472,-98.5,25.0,150.83796702806174
23473,-98.5,25.5,150.64487708050717
23474,-98.5,26.0,149.1104826926286
23475,-98.5,26.5,151.96534438903373
23476,-98.5,27.0,149.7632537203637
23477,-98.5,27.5,147.10455232589257
23478,-98.5,28.0,150.0220324246671
23479,-98.5,28.5,150.05772637055622
23480,-98.5,29.0,151.9451498413299
23481,-98.5,29.5,152.58101461137207
23482,-98.5,30.0,150.35303132668278
23483,-98.5,30.5,150.58822057107577
23484,-98.5,31.0,150.46375651575187
23485,-98.5,31.5,155.15356366151676
23486,-98.5,32.0,153.50782591879658
23487,-98.5,32.5,155.19118721559053
23488,-98.5,33.0,153.11176893100375
23489,-98.5,33.5,154.19062621116493
23490,-98.5,34.0,153.41840553540305
23491,-98.5,34.5,153.1825504570487
23492,-98.5,35.0,150.3716192801152
23493,-98.5,35.5,149.75471718104063
23494,-98.5,36.0,152.11233818478706
23495,-98.5,36.5,168.43832798357477
23496,-98.5,37.0,158.8565083418668
23497,-98.5,37.5,155.1035720941786
23498,-98.0,-39.5,157.59982235221858
23499,-98.0,-38.5,157.02654089169766
23500,-98.0,-37.0,150.15645761318711
23501,-98.0,-36.5,154.23435758119479
23502,-98.0,-36.0,153.22363405355358
23503,-98.0,-35.5,151.50362681521898
23504,-98.0,-35.0,149.57630967181927
23505,-98.0,-34.5,155.1865809287503
23506,-98.0,-33.5,148.98604212257743
23507,-98.0,-33.0,147.67936510672985
23508,-98.0,-32.5,174.50818250866837
23509,-98.0,-31.5,155.61026707312078
23510,-98.0,-31.0,153.00451478093925
23511,-98.0,-30.5,148.13139371037485
23512,-98.0,-30.0,151.89568183298115
23513,-98.0,-29.5,147.930474380413
23514,-98.0,-29.0,150.57473048763555
23515,-98.0,-28.5,150.077847538992
23516,-98.0,-28.0,149.2561793274286
23517,-98.0,-27.5,149.76162145480714
23518,-98.0,-27.0,150.78540577343088
23519,-98.0,-26.5,152.10217696175974
23520,-98.0,-26.0,149.37914384236478
23521,-98.0,-25.5,149.56284181803056
23522,-98.0,-25.0,149.6162808780844
23523,-98.0,-24.5,148.30022083983158
23524,-98.0,-24.0,148.72425663916252
23525,-98.0,-23.5,147.62820979939312
23526,-98.0,-23.0,158.81503462817233
23527,-98.0,-22.5,153.4342877486321
23528,-98.0,-22.0,150.6572787800229
23529,-98.0,-21.5,156.98796140299928
23530,-98.0,-21.0,151.86915771447275
23531,-98.0,-20.5,147.66392513404043
23532,-98.0,-20.0,151.53106625128655
23533,-98.0,-19.5,151.59703446902202
23534,-98.0,-19.0,157.32715739531986
23535,-98.0,-18.5,159.69458837580908
23536,-98.0,-18.0,151.28789355764442
23537,-98.0,-17.5,151.30230716423563
23538,-98.0,-17.0,148.10434368291516
23539,-98.0,-16.0,149.23528430795253
23540,-98.0,-15.5,149.01991200237967
23541,-98.0,-15.0,148.93108733307784
23542,-98.0,-14.5,149.1359853051516
23543,-98.0,-14.0,149.63062544749974
23544,-98.0,-13.5,151.9570648709787
23545,-98.0,-13.0,158.46044657566364
23546,-98.0,-12.5,165.91277699659003
23547,-98.0,-12.0,149.82203886196547
23548,-98.0,-11.5,150.89893623303544
23549,-98.0,-11.0,155.1533805288987
23550,-98.0,-10.5,148.8986164629028
23551,-98.0,-10.0,148.30617174683965
23552,-98.0,-9.5,148.9588366960965
23553,-98.0,-9.0,149.23872493764418
23554,-98.0,-8.5,149.9733795380219
23555,-98.0,-8.0,149.17393840079262
23556,-98.0,-7.5,148.97099109609542
23557,-98.0,-6.5,148.6717270986511
23558,-98.0,-6.0,147.53947304802378
23559,-98.0,-5.5,148.52119272740552
23560,-98.0,-3.0,149.0948071722441
23561,-98.0,-2.5,149.2808096379213
23562,-98.0,-2.0,150.25796266002914
23563,-98.0,-1.5,151.2001853806176
23564,-98.0,-1.0,149.8071543649688
23565,-98.0,0.0,150.33072108946067
23566,-98.0,0.5,150.21966549116704
23567,-98.0,1.0,147.27340943156497
23568,-98.0,1.5,149.89901824787893
23569,-98.0,2.0,147.86798246000464
23570,-98.0,2.5,149.14704729103426
23571,-98.0,3.0,149.0984659565074
23572,-98.0,3.5,151.3115493937656
23573,-98.0,4.0,151.202894044049
23574,-98.0,4.5,150.51772526400276
23575,-98.0,5.0,151.2736988391877
23576,-98.0,5.5,153.39102113837205
23577,-98.0,6.5,151.47023996382336
23578,-98.0,8.0,148.263180263456
23579,-98.0,8.5,150.37858141955573
23580,-98.0,9.0,150.96563574845635
23581,-98.0,9.5,152.45840333730357
23582,-98.0,10.0,153.2811320779222
23583,-98.0,10.5,152.61037776160103
23584,-98.0,11.0,148.62139172925282
23585,-98.0,11.5,153.45068091731073
23586,-98.0,12.5,152.58220541640284
23587,-98.0,13.0,152.4075212350512
23588,-98.0,13.5,150.4961858232969
23589,-98.0,14.0,152.19717967976968
23590,-98.0,14.5,152.56750302205046
23591,-98.0,15.0,150.57692037850362
23592,-98.0,15.5,151.71734280173726
23593,-98.0,16.0,150.27443519384173
23594,-98.0,16.5,147.9609956559054
23595,-98.0,17.0,151.7440062091313
23596,-98.0,17.5,152.15236707600053
23597,-98.0,18.0,147.69030990102956
23598,-98.0,18.5,148.58832159048907
23599,-98.0,19.0,146.8735128590706
23600,-98.0,19.5,147.75007391237807
23601,-98.0,20.0,148.2065469001516
23602,-98.0,20.5,145.72948101132803
23603,-98.0,21.0,146.8916352747098
23604,-98.0,21.5,147.93382468876948
23605,-98.0,22.0,152.30329036886647
23606,-98.0,22.5,153.6170743490774
23607,-98.0,23.0,155.78897474553804
23608,-98.0,23.5,151.11265009797165
23609,-98.0,24.0,153.49056387904122
23610,-98.0,24.5,152.22476721793788
23611,-98.0,25.0,155.86771464954742
23612,-98.0,25.5,153.06885312042883
23613,-98.0,26.0,153.40625847415748
23614,-98.0,26.5,152.3042851492352
23615,-98.0,27.0,151.206664976464
23616,-98.0,27.5,150.81323769584105
23617,-98.0,28.0,152.0526483812195
23618,-98.0,28.5,151.0234043311563
23619,-98.0,29.0,150.85938685470313
23620,-98.0,29.5,153.72841124998766
23621,-98.0,30.0,152.1640909179667
23622,-98.0,30.5,151.44906191150676
23623,-98.0,31.0,151.39534514831288
23624,-98.0,31.5,152.9381601230124
23625,-98.0,32.0,152.56419277209642
23626,-98.0,32.5,157.83449758626182
23627,-98.0,33.0,150.65100917907617
23628,-98.0,33.5,152.4510586967361
23629,-98.0,34.0,153.36813444247855
23630,-98.0,34.5,153.90396007372416
23631,-98.0,35.0,150.4979877483912
23632,-98.0,35.5,152.49989613612337
23633,-98.0,36.0,153.4723207498041
23634,-98.0,36.5,167.17695233615612
23635,-98.0,37.0,159.86817340128346
23636,-98.0,37.5,155.05823482359804
23637,-97.5,-38.5,157.27398005923087
23638,-97.5,-37.0,149.64305553174174
23639,-97.5,-36.5,153.54020345660578
23640,-97.5,-36.0,153.3217330757242
23641,-97.5,-35.5,152.190933869602
23642,-97.5,-35.0,149.04498907047133
23643,-97.5,-34.5,154.3879046043504
23644,-97.5,-33.5,148.91077173295847
23645,-97.5,-32.5,175.3187445555469
23646,-97.5,-31.5,154.03027269341672
23647,-97.5,-31.0,150.6705378741654
23648,-97.5,-30.5,149.06888775422348
23649,-97.5,-30.0,147.18776959804538
23650,-97.5,-29.5,148.48129682977734
23651,-97.5,-29.0,148.7431049754453
23652,-97.5,-28.5,149.24858909275892
23653,-97.5,-28.0,149.17511692511604
23654,-97.5,-27.5,150.62898675660253
23655,-97.5,-27.0,154.34017097404174
23656,-97.5,-26.5,149.18945223680504
23657,-97.5,-26.0,149.4088534509521
23658,-97.5,-25.5,148.4559031043637
23659,-97.5,-25.0,151.83314363085
23660,-97.5,-24.5,147.7311848720592
23661,-97.5,-24.0,147.6297793319783
23662,-97.5,-23.5,150.5197001569908
23663,-97.5,-23.0,153.90123289791603
23664,-97.5,-22.5,156.7998666396741
23665,-97.5,-22.0,147.56233353116644
23666,-97.5,-21.5,157.68892363650465
23667,-97.5,-21.0,152.62948985691565
23668,-97.5,-20.5,150.03520908312126
23669,-97.5,-20.0,152.60471594326685
23670,-97.5,-19.5,152.63783342872364
23671,-97.5,-19.0,158.0578292209558
23672,-97.5,-18.5,152.47445208100143
23673,-97.5,-18.0,155.89007786513613
23674,-97.5,-17.5,151.6866100351618
23675,-97.5,-17.0,149.4515668141813
23676,-97.5,-16.5,148.8516954340055
23677,-97.5,-16.0,148.96602290327382
23678,-97.5,-15.5,149.0962266104639
23679,-97.5,-14.5,149.30651452410657
23680,-97.5,-14.0,149.60232468775777
23681,-97.5,-13.5,151.60619791997914
23682,-97.5,-13.0,150.56617036562366
23683,-97.5,-12.5,151.18995128247929
23684,-97.5,-12.0,150.97208320012788
23685,-97.5,-11.5,149.99553254733294
23686,-97.5,-11.0,153.76423787263442
23687,-97.5,-10.5,148.64262278885457
23688,-97.5,-10.0,149.38589836945732
23689,-97.5,-9.5,149.1750014905008
23690,-97.5,-9.0,148.79856521509998
23691,-97.5,-8.5,149.54597586297137
23692,-97.5,-8.0,149.79784962123873
23693,-97.5,-6.5,160.24504344518152
23694,-97.5,-6.0,148.4011355816929
23695,-97.5,-5.5,147.58348357735323
23696,-97.5,-3.0,164.8835075805444
23697,-97.5,-2.5,148.92336789210984
23698,-97.5,-2.0,149.39035927879792
23699,-97.5,-1.5,151.12140306486344
23700,-97.5,-1.0,150.16008931994176
23701,-97.5,-0.5,150.9918690400641
23702,-97.5,0.5,149.50274982597526
23703,-97.5,1.0,147.07071539221278
23704,-97.5,1.5,148.28210661516695
23705,-97.5,2.0,149.11137834796733
23706,-97.5,2.5,149.408301832759
23707,-97.5,3.0,148.84544636557692
23708,-97.5,3.5,148.41674248312188
23709,-97.5,4.0,153.39561913714243
23710,-97.5,4.5,148.7296691424596
23711,-97.5,5.0,151.41172961693786
23712,-97.5,5.5,151.79063116990199
23713,-97.5,6.0,156.0837948799485
23714,-97.5,7.0,150.45213630915393
23715,-97.5,7.5,149.7173878826432
23716,-97.5,8.5,148.83578868855028
23717,-97.5,9.0,150.83905634684285
23718,-97.5,9.5,154.56018431638182
23719,-97.5,10.0,153.5575152192409
23720,-97.5,10.5,152.61825114906182
23721,-97.5,11.0,148.72527407004117
23722,-97.5,11.5,150.54690865073766
23723,-97.5,12.0,153.0275177761622
23724,-97.5,12.5,152.4017193933061
23725,-97.5,13.0,153.2418610587581
23726,-97.5,13.5,152.46561208944573
23727,-97.5,14.0,151.06881022953502
23728,-97.5,14.5,151.8493182902278
23729,-97.5,15.0,154.3485906105722
23730,-97.5,15.5,150.85987364454164
23731,-97.5,16.0,154.55172901258607
23732,-97.5,16.5,148.35551734265186
23733,-97.5,17.0,148.6338478985288
23734,-97.5,17.5,152.9912875309064
23735,-97.5,18.0,149.19266133888104
23736,-97.5,18.5,146.62672271540666
23737,-97.5,19.0,146.4190760219202
23738,-97.5,19.5,151.5021209134134
23739,-97.5,20.0,146.75384527108378
23740,-97.5,20.5,147.68638841404584
23741,-97.5,21.0,148.97945506688072
23742,-97.5,21.5,152.8692237668003
23743,-97.5,22.0,151.20268806955343
23744,-97.5,22.5,150.75202407755324
23745,-97.5,23.0,152.37127849237996
23746,-97.5,23.5,149.82522830408058
23747,-97.5,24.0,149.35106686562438
23748,-97.5,24.5,152.05356724713386
23749,-97.5,25.0,154.12342801917873
23750,-97.5,25.5,156.58300897474476
23751,-97.5,26.0,156.5449683180935
23752,-97.5,26.5,157.46996299365273
23753,-97.5,27.0,156.26236832024773
23754,-97.5,27.5,154.38865855262262
23755,-97.5,28.0,152.65804391921736
23756,-97.5,28.5,152.03926941933312
23757,-97.5,29.0,150.60250319476205
23758,-97.5,29.5,152.4002397013383
23759,-97.5,30.0,151.72488940098236
23760,-97.5,30.5,152.7396077585738
23761,-97.5,31.0,153.59544100767243
23762,-97.5,31.5,153.48643933265777
23763,-97.5,32.0,153.59433184854984
23764,-97.5,32.5,154.68061121746155
23765,-97.5,33.0,153.2426092078831
23766,-97.5,33.5,152.1683752751268
23767,-97.5,34.0,152.13120274839795
23768,-97.5,34.5,152.83293478905304
23769,-97.5,35.0,152.92753757323416
23770,-97.5,35.5,151.88885473990806
23771,-97.5,36.0,156.4563018066978
23772,-97.5,36.5,167.8016114514476
23773,-97.5,37.0,162.88679124694445
23774,-97.0,-39.0,157.57575370022275
23775,-97.0,-38.5,157.29653863821568
23776,-97.0,-37.0,149.49918089262118
23777,-97.0,-36.5,152.2725029722035
23778,-97.0,-36.0,154.7378385343608
23779,-97.0,-35.5,151.96172915751453
23780,-97.0,-35.0,149.32760048738268
23781,-97.0,-34.5,154.12558209806502
23782,-97.0,-34.0,152.2854341368169
23783,-97.0,-33.5,148.9831787889735
23784,-97.0,-32.5,175.98973532903915
23785,-97.0,-31.5,153.50664231382504
23786,-97.0,-31.0,152.5198809486386
23787,-97.0,-30.5,149.98724280957046
23788,-97.0,-30.0,147.115339531036
23789,-97.0,-29.5,148.57543166579708
23790,-97.0,-29.0,147.65849857171426
23791,-97.0,-28.5,148.87930031175648
23792,-97.0,-28.0,151.07830298690962
23793,-97.0,-27.5,152.4465880290058
23794,-97.0,-27.0,152.7251450433268
23795,-97.0,-26.5,148.52599672912808
23796,-97.0,-26.0,148.76511419898375
23797,-97.0,-25.5,148.6640259089098
23798,-97.0,-25.0,150.01524180387412
23799,-97.0,-24.5,149.12110925459345
23800,-97.0,-24.0,147.7783709689591
23801,-97.0,-23.5,149.16434325422563
23802,-97.0,-23.0,150.48584362645462
23803,-97.0,-22.5,156.99712464241634
23804,-97.0,-22.0,153.17624312071294
23805,-97.0,-21.0,153.2425474811166
23806,-97.0,-20.5,153.09727885087014
23807,-97.0,-20.0,148.54251907079015
23808,-97.0,-19.5,152.95206381731916
23809,-97.0,-19.0,154.31985152549774
23810,-97.0,-18.5,152.32872128835726
23811,-97.0,-18.0,156.9373450859441
23812,-97.0,-17.5,149.9370653272488
23813,-97.0,-17.0,149.93280027622544
23814,-97.0,-16.5,149.1937534486842
23815,-97.0,-16.0,148.8516611951649
23816,-97.0,-15.5,148.89795672006562
23817,-97.0,-15.0,148.70715023751092
23818,-97.0,-14.5,149.5968745532551
23819,-97.0,-14.0,149.31563838930293
23820,-97.0,-13.0,150.59310439235603
23821,-97.0,-12.5,150.54241476072846
23822,-97.0,-12.0,151.30037570307533
23823,-97.0,-11.5,151.30011539338432
23824,-97.0,-11.0,150.05143764586066
23825,-97.0,-10.5,155.18531235406718
23826,-97.0,-10.0,153.73621163973084
23827,-97.0,-9.5,148.36082980126952
23828,-97.0,-9.0,148.3604820032316
23829,-97.0,-8.5,149.26675100508112
23830,-97.0,-8.0,150.03636109047784
23831,-97.0,-7.5,149.81598679695335
23832,-97.0,-6.5,148.4034086252632
23833,-97.0,-6.0,148.5265774862826
23834,-97.0,-5.5,148.22420341414315
23835,-97.0,-5.0,147.69463917950446
23836,-97.0,-3.0,153.35033582021805
23837,-97.0,-2.5,147.91691391409182
23838,-97.0,-2.0,149.9081476651867
23839,-97.0,-1.5,151.1650257621584
23840,-97.0,-1.0,154.35009896713964
23841,-97.0,-0.5,150.87518149956938
23842,-97.0,0.0,148.56348549980135
23843,-97.0,0.5,147.21861907119614
23844,-97.0,1.0,149.1572604105548
23845,-97.0,1.5,147.0251972405098
23846,-97.0,2.0,151.45101083433812
23847,-97.0,2.5,148.91891011254936
23848,-97.0,3.0,147.80634842569083
23849,-97.0,3.5,148.80785486779484
23850,-97.0,4.0,148.9448537341698
23851,-97.0,4.5,152.7639571244749
23852,-97.0,5.0,149.68456810241776
23853,-97.0,5.5,151.67229142319138
23854,-97.0,6.0,150.3950114904703
23855,-97.0,7.0,150.80112479422004
23856,-97.0,7.5,149.88886565258554
23857,-97.0,9.0,151.03621297495368
23858,-97.0,9.5,153.59333820899107
23859,-97.0,10.0,155.2526113203821
23860,-97.0,10.5,152.90205228270446
23861,-97.0,11.0,152.77019067267338
23862,-97.0,11.5,148.84555534565183
23863,-97.0,12.0,152.5489826015197
23864,-97.0,12.5,152.34756379678055
23865,-97.0,13.0,153.13749966305136
23866,-97.0,13.5,153.37409252217105
23867,-97.0,14.0,151.77527647366395
23868,-97.0,14.5,149.2102248279512
23869,-97.0,15.0,153.13899873929762
23870,-97.0,15.5,154.66466063224382
23871,-97.0,16.0,151.08582709836395
23872,-97.0,16.5,149.4897379029284
23873,-97.0,17.0,148.01133427218215
23874,-97.0,17.5,148.40212671965537
23875,-97.0,18.0,154.5565351262083
23876,-97.0,19.0,147.18718586660927
23877,-97.0,19.5,146.89999407539327
23878,-97.0,20.0,149.64049156884204
23879,-97.0,20.5,148.9300350968972
23880,-97.0,21.0,149.37444855393096
23881,-97.0,21.5,150.7182063178623
23882,-97.0,22.0,149.43144872775423
23883,-97.0,22.5,151.43813788075838
23884,-97.0,23.0,152.73295796420607
23885,-97.0,23.5,150.76486967000886
23886,-97.0,24.0,148.08424161831365
23887,-97.0,24.5,150.38195050288823
23888,-97.0,25.0,150.46679349865354
23889,-97.0,25.5,149.7470992412481
23890,-97.0,26.0,152.53064883602264
23891,-97.0,26.5,151.24450836913456
23892,-97.0,27.0,149.9393804237614
23893,-97.0,27.5,152.0734884757909
23894,-97.0,28.0,154.72722656939882
23895,-97.0,28.5,152.66789927002836
23896,-97.0,29.0,153.42920979865102
23897,-97.0,29.5,152.38917299838727
23898,-97.0,30.0,153.7862114589743
23899,-97.0,30.5,151.79593829486365
23900,-97.0,31.0,155.7047374440633
23901,-97.0,31.5,155.3677482343385
23902,-97.0,32.0,151.82822876303803
23903,-97.0,32.5,153.86207183355805
23904,-97.0,33.0,158.13337469819822
23905,-97.0,33.5,154.14334383240993
23906,-97.0,34.0,154.74269700524587
23907,-97.0,34.5,153.47336155965587
23908,-97.0,35.0,152.39153983292368
23909,-97.0,35.5,152.24599665594835
23910,-97.0,36.0,155.78981723054432
23911,-97.0,36.5,167.52835285839168
23912,-97.0,37.0,167.5840688777016
23913,-96.5,-39.0,157.8853143772037
23914,-96.5,-37.0,149.6671045178336
23915,-96.5,-36.5,152.01202988574897
23916,-96.5,-36.0,156.06954483656887
23917,-96.5,-35.5,150.78924109249755
23918,-96.5,-35.0,149.44972782737383
23919,-96.5,-34.5,153.76830931972546
23920,-96.5,-34.0,151.547537984446
23921,-96.5,-33.5,148.29083970380822
23922,-96.5,-33.0,153.25099685662929
23923,-96.5,-32.5,176.62889043113037
23924,-96.5,-32.0,176.96243776720078
23925,-96.5,-31.5,149.35522518831831
23926,-96.5,-31.0,153.52469411025479
23927,-96.5,-30.5,148.737598483111
23928,-96.5,-30.0,147.47018761489417
23929,-96.5,-29.5,148.00676918170663
23930,-96.5,-29.0,148.2345402538659
23931,-96.5,-28.5,148.1819998653837
23932,-96.5,-28.0,150.88913632242605
23933,-96.5,-27.5,152.92266440806037
23934,-96.5,-27.0,149.99259270734655
23935,-96.5,-26.5,148.99626606048224
23936,-96.5,-26.0,148.69716116374434
23937,-96.5,-25.5,148.36282655730807
23938,-96.5,-25.0,149.21168849806554
23939,-96.5,-24.5,151.11251923411848
23940,-96.5,-24.0,147.4967452394996
23941,-96.5,-23.5,148.81974690095592
23942,-96.5,-23.0,151.42034716169093
23943,-96.5,-22.5,159.23269366947775
23944,-96.5,-22.0,158.92321888382514
23945,-96.5,-21.5,145.59329176161802
23946,-96.5,-21.0,152.47637236458604
23947,-96.5,-20.5,151.470176490491
23948,-96.5,-20.0,154.3840976193267
23949,-96.5,-19.5,158.09958368939812
23950,-96.5,-19.0,150.4801882948922
23951,-96.5,-18.5,153.4847824017356
23952,-96.5,-18.0,151.92573616710422
23953,-96.5,-17.5,157.75364240856163
23954,-96.5,-17.0,150.1989246928042
23955,-96.5,-16.5,149.51449308343163
23956,-96.5,-15.0,149.0355030487098
23957,-96.5,-14.5,149.6022800970708
23958,-96.5,-14.0,149.41314509542704
23959,-96.5,-13.5,149.50905494081718
23960,-96.5,-13.0,151.2166115562571
23961,-96.5,-12.5,150.80448018613686
23962,-96.5,-12.0,149.58004054133374
23963,-96.5,-11.5,150.4244931985406
23964,-96.5,-11.0,151.60480642370118
23965,-96.5,-10.5,156.01929687659967
23966,-96.5,-10.0,153.39373134366767
23967,-96.5,-9.5,148.34317805594847
23968,-96.5,-9.0,150.0943028423076
23969,-96.5,-8.5,149.3103190532013
23970,-96.5,-8.0,149.1910258739206
23971,-96.5,-7.5,150.09130744008993
23972,-96.5,-7.0,149.07956737921324
23973,-96.5,-6.5,148.52404686969103
23974,-96.5,-6.0,159.39161074537333
23975,-96.5,-5.5,152.33162053485034
23976,-96.5,-5.0,147.91938222760055
23977,-96.5,-3.5,147.79266315590255
23978,-96.5,-3.0,147.97940168470615
23979,-96.5,-2.0,149.03326790699512
23980,-96.5,-1.5,151.96057860916255
23981,-96.5,-1.0,154.39626045054632
23982,-96.5,-0.5,154.20117694293
23983,-96.5,0.0,148.97310631762815
23984,-96.5,1.0,147.9138460668813
23985,-96.5,1.5,149.9459273235453
23986,-96.5,2.0,153.95472645773717
23987,-96.5,2.5,148.8438388299883
23988,-96.5,3.0,148.31645237760466
23989,-96.5,4.0,148.78297763341286
23990,-96.5,4.5,151.24053284914407
23991,-96.5,5.0,150.19584599413758
23992,-96.5,5.5,149.03602464084537
23993,-96.5,6.0,150.72513929275587
23994,-96.5,6.5,149.9433705725722
23995,-96.5,7.0,155.85821755088043
23996,-96.5,7.5,150.23556910267962
23997,-96.5,8.0,149.76422693141888
23998,-96.5,8.5,155.49739046228106
23999,-96.5,9.0,152.53616180833245
24000,-96.5,9.5,152.36336705665235
24001,-96.5,10.0,151.7261420179115
24002,-96.5,10.5,153.79465202298684
24003,-96.5,11.0,152.95822261461885
24004,-96.5,11.5,152.27055773693064
24005,-96.5,12.0,151.2122550786924
24006,-96.5,12.5,152.79996798254763
24007,-96.5,13.0,152.8445554869355
24008,-96.5,13.5,152.44297633448429
24009,-96.5,14.0,152.62252162150867
24010,-96.5,14.5,150.64196077800776
24011,-96.5,15.0,151.17275099034512
24012,-96.5,15.5,157.02436459891712
24013,-96.5,16.0,148.37974756982936
24014,-96.5,16.5,151.30196869079333
24015,-96.5,17.0,149.11538869635683
24016,-96.5,17.5,147.1444193622579
24017,-96.5,18.0,160.17230707987005
24018,-96.5,18.5,154.21501863379348
24019,-96.5,19.0,147.9161836719206
24020,-96.5,19.5,148.55375189509317
24021,-96.5,20.0,149.68987631208952
24022,-96.5,20.5,149.09101943256613
24023,-96.5,21.0,150.08528748002198
24024,-96.5,21.5,151.152456860586
24025,-96.5,22.0,148.80765884203757
24026,-96.5,22.5,151.5132614612689
24027,-96.5,23.0,149.15372313359111
24028,-96.5,23.5,151.36884446468127
24029,-96.5,24.0,149.26016612880503
24030,-96.5,24.5,150.6635701980979
24031,-96.5,25.0,148.3742558119805
24032,-96.5,25.5,149.20028407086988
24033,-96.5,26.0,149.58594175363336
24034,-96.5,26.5,149.11688166989526
24035,-96.5,27.0,150.08908762156682
24036,-96.5,27.5,149.62447473551052
24037,-96.5,28.0,149.13608210999325
24038,-96.5,28.5,155.43013276595647
24039,-96.5,29.0,157.1599784577258
24040,-96.5,29.5,158.6201900442804
24041,-96.5,30.0,152.21987210560715
24042,-96.5,30.5,151.96958182106013
24043,-96.5,31.0,155.07968778889858
24044,-96.5,31.5,153.99254049064172
24045,-96.5,32.0,153.38498703009458
24046,-96.5,32.5,154.1449362880051
24047,-96.5,33.0,157.89798743159477
24048,-96.5,33.5,152.7138631242249
24049,-96.5,34.0,155.28435854556287
24050,-96.5,34.5,150.94373406573953
24051,-96.5,35.0,152.01487984480565
24052,-96.5,35.5,151.63087792409723
24053,-96.5,36.0,155.02525120229774
24054,-96.5,36.5,168.30851167038693
24055,-96.5,37.0,151.50804629671214
24056,-96.0,-39.0,158.1915151338953
24057,-96.0,-37.0,149.5459754548764
24058,-96.0,-36.5,151.86487132002895
24059,-96.0,-36.0,155.71605588833074
24060,-96.0,-35.5,150.84246802545675
24061,-96.0,-35.0,149.9643670535463
24062,-96.0,-34.5,151.77990106399588
24063,-96.0,-34.0,149.07409744458937
24064,-96.0,-33.5,148.37479135627984
24065,-96.0,-33.0,153.41747480239596
24066,-96.0,-32.0,164.99257792476456
24067,-96.0,-31.5,148.03461241791575
24068,-96.0,-31.0,154.16551283878678
24069,-96.0,-30.5,150.99750384928652
24070,-96.0,-30.0,147.62905493657698
24071,-96.0,-29.5,157.3958318163167
24072,-96.0,-29.0,148.15011492625425
24073,-96.0,-28.5,148.41224706693774
24074,-96.0,-28.0,150.88606604828274
24075,-96.0,-27.5,151.73278875601977
24076,-96.0,-27.0,149.26708347783742
24077,-96.0,-26.5,148.56145359206477
24078,-96.0,-26.0,149.23204439942242
24079,-96.0,-25.5,147.42256071771422
24080,-96.0,-25.0,149.14380284740488
24081,-96.0,-24.5,149.25614172319686
24082,-96.0,-24.0,151.53015315585648
24083,-96.0,-23.5,148.59864709096482
24084,-96.0,-23.0,152.01052510872478
24085,-96.0,-22.5,156.31121291492627
24086,-96.0,-22.0,164.97643756204036
24087,-96.0,-21.5,154.25150952398616
24088,-96.0,-21.0,151.25821453947995
24089,-96.0,-20.5,153.02950392286394
24090,-96.0,-20.0,156.32541423279577
24091,-96.0,-19.5,150.65946358076596
24092,-96.0,-19.0,150.43917456865952
24093,-96.0,-18.5,152.41086302214023
24094,-96.0,-18.0,151.82727641535726
24095,-96.0,-17.5,156.04019203262436
24096,-96.0,-17.0,148.9419314105319
24097,-96.0,-16.5,151.17600163543193
24098,-96.0,-16.0,149.71573736573973
24099,-96.0,-15.5,149.616216146947
24100,-96.0,-15.0,149.08170020808058
24101,-96.0,-14.5,148.3712449787886
24102,-96.0,-13.5,149.8296718511708
24103,-96.0,-13.0,151.46663929860782
24104,-96.0,-12.5,151.576054347364
24105,-96.0,-12.0,150.26442659100343
24106,-96.0,-11.5,149.6205491705844
24107,-96.0,-11.0,154.4186779194999
24108,-96.0,-10.5,152.41718757293864
24109,-96.0,-10.0,152.13121650829473
24110,-96.0,-9.5,148.98289639845112
24111,-96.0,-9.0,148.92265940925634
24112,-96.0,-8.0,149.09889790452706
24113,-96.0,-7.5,149.4364218747128
24114,-96.0,-7.0,149.55078546733273
24115,-96.0,-6.5,155.8642928247098
24116,-96.0,-6.0,159.01631603537382
24117,-96.0,-5.0,148.6614464065879
24118,-96.0,-4.5,147.71432778041847
24119,-96.0,-3.5,147.80302723714382
24120,-96.0,-2.5,148.95186589242175
24121,-96.0,-1.5,152.79138338451347
24122,-96.0,-1.0,152.6116224005338
24123,-96.0,-0.5,150.51118801609223
24124,-96.0,0.0,147.37197135517076
24125,-96.0,0.5,148.32040734993328
24126,-96.0,1.0,146.8798835832983
24127,-96.0,1.5,153.89817880398374
24128,-96.0,2.0,151.89562054850919
24129,-96.0,2.5,147.87658482040897
24130,-96.0,3.0,149.29661561620935
24131,-96.0,3.5,148.51886845477992
24132,-96.0,4.0,150.40382133983718
24133,-96.0,4.5,148.87318836194743
24134,-96.0,5.0,150.45219232419365
24135,-96.0,5.5,148.81294280547058
24136,-96.0,6.0,149.49357585469042
24137,-96.0,6.5,150.3705969690808
24138,-96.0,7.0,149.73568871623954
24139,-96.0,8.0,150.68688798240885
24140,-96.0,8.5,154.60359921225844
24141,-96.0,9.0,154.8137514432309
24142,-96.0,9.5,149.62752582823828
24143,-96.0,10.0,152.20835036940375
24144,-96.0,10.5,151.5517189919719
24145,-96.0,11.0,153.69844544886607
24146,-96.0,11.5,152.6188764159407
24147,-96.0,12.0,149.54941236716274
24148,-96.0,12.5,150.89189694337762
24149,-96.0,13.0,152.637753998904
24150,-96.0,13.5,152.62843919363735
24151,-96.0,14.0,152.2830339193469
24152,-96.0,14.5,153.52976925353124
24153,-96.0,15.0,154.03337180674137
24154,-96.0,15.5,153.51534624675827
24155,-96.0,16.0,150.77891264996887
24156,-96.0,16.5,149.29564413737103
24157,-96.0,17.0,150.40386842627302
24158,-96.0,17.5,146.5899290374066
24159,-96.0,18.0,156.23250798828312
24160,-96.0,18.5,157.44684011459222
24161,-96.0,19.0,153.91071625464375
24162,-96.0,19.5,149.67575631710486
24163,-96.0,20.0,150.1952568690087
24164,-96.0,20.5,149.95391588021508
24165,-96.0,21.0,150.40708360449293
24166,-96.0,21.5,149.4880083693092
24167,-96.0,22.0,154.9598467525605
24168,-96.0,22.5,150.94342930529788
24169,-96.0,23.0,149.558745174155
24170,-96.0,23.5,150.1175910900858
24171,-96.0,24.0,150.65663875727557
24172,-96.0,24.5,149.34768316628063
24173,-96.0,25.0,148.2712814000394
24174,-96.0,25.5,148.77527010712282
24175,-96.0,26.0,150.38962592221432
24176,-96.0,26.5,149.19687986284967
24177,-96.0,27.0,149.9252977877293
24178,-96.0,27.5,149.3044939984031
24179,-96.0,28.0,148.49783951008285
24180,-96.0,28.5,153.44733977159444
24181,-96.0,29.0,158.35921906152797
24182,-96.0,29.5,157.71800515865144
24183,-96.0,30.0,153.26903865695874
24184,-96.0,30.5,152.96250193661203
24185,-96.0,31.0,153.69329357654087
24186,-96.0,31.5,152.82231404259733
24187,-96.0,32.0,154.4827582017503
24188,-96.0,32.5,153.86255414871016
24189,-96.0,33.0,155.77468077474765
24190,-96.0,33.5,153.93101392524267
24191,-96.0,34.0,154.16520102165
24192,-96.0,34.5,153.1482792795521
24193,-96.0,35.0,152.89146719317984
24194,-96.0,35.5,150.74459073418146
24195,-96.0,36.0,154.7729719013057
24196,-96.0,36.5,169.70957657499144
24197,-96.0,37.0,153.24879536839154
24198,-95.5,-39.5,158.5279724610218
24199,-95.5,-39.0,158.35303370171968
24200,-95.5,-37.0,149.45351597520235
24201,-95.5,-36.5,151.6006791784185
24202,-95.5,-36.0,154.5966251402699
24203,-95.5,-35.5,150.7365924001913
24204,-95.5,-35.0,150.62545748112487
24205,-95.5,-34.5,151.54146263075728
24206,-95.5,-34.0,148.3655589445731
24207,-95.5,-33.5,149.30188285809456
24208,-95.5,-33.0,153.95092878490522
24209,-95.5,-32.0,163.77917603865743
24210,-95.5,-31.5,147.62632517879774
24211,-95.5,-31.0,154.66353631326314
24212,-95.5,-30.5,149.25198319142353
24213,-95.5,-30.0,148.29721529506006
24214,-95.5,-29.5,150.72950579902977
24215,-95.5,-29.0,147.92567353719065
24216,-95.5,-28.5,148.1175278906883
24217,-95.5,-28.0,151.38221839407365
24218,-95.5,-27.5,148.67261596521914
24219,-95.5,-27.0,148.8213426721989
24220,-95.5,-26.5,149.16046060120885
24221,-95.5,-26.0,150.68645043022306
24222,-95.5,-25.5,147.67892338973616
24223,-95.5,-25.0,148.64789761371046
24224,-95.5,-24.5,149.22151745182418
24225,-95.5,-24.0,152.66659345769978
24226,-95.5,-23.5,150.23038532736123
24227,-95.5,-23.0,148.71625083302715
24228,-95.5,-22.5,154.68892221450548
24229,-95.5,-22.0,160.24907885781278
24230,-95.5,-21.5,158.55489942967515
24231,-95.5,-21.0,149.53110730395613
24232,-95.5,-20.5,157.72998644451428
24233,-95.5,-20.0,156.95018222383717
24234,-95.5,-19.5,151.45923591903423
24235,-95.5,-19.0,155.1188515081961
24236,-95.5,-18.5,149.94990987709505
24237,-95.5,-18.0,154.42378739074567
24238,-95.5,-17.5,152.10269411707935
24239,-95.5,-17.0,154.36063589488188
24240,-95.5,-16.0,149.59809332383753
24241,-95.5,-15.5,149.65861390963835
24242,-95.5,-14.5,148.36075556690867
24243,-95.5,-14.0,150.11961183340716
24244,-95.5,-13.5,151.18226765036465
24245,-95.5,-13.0,151.02741516777056
24246,-95.5,-12.0,149.94804080555213
24247,-95.5,-11.5,149.8244735905608
24248,-95.5,-11.0,155.3013723959172
24249,-95.5,-10.5,150.4676163524498
24250,-95.5,-10.0,150.0758616011147
24251,-95.5,-9.5,152.5759147802758
24252,-95.5,-9.0,148.12079431541233
24253,-95.5,-8.5,148.21130884816574
24254,-95.5,-7.5,149.02028639502538
24255,-95.5,-7.0,149.73632432052727
24256,-95.5,-6.5,153.2780603784017
24257,-95.5,-4.5,148.37023339669753
24258,-95.5,-4.0,147.57065744966812
24259,-95.5,-3.5,147.5506982995686
24260,-95.5,-3.0,147.64759656500954
24261,-95.5,-2.5,148.15601835741327
24262,-95.5,-1.0,150.43479547596985
24263,-95.5,-0.5,148.35418482468594
24264,-95.5,0.0,149.0263030878843
24265,-95.5,0.5,147.79528884979655
24266,-95.5,1.0,152.3751774485838
24267,-95.5,1.5,153.74884597783839
24268,-95.5,2.0,148.72031937051597
24269,-95.5,3.0,149.58424131260702
24270,-95.5,3.5,149.08461844090616
24271,-95.5,4.0,150.51928221132746
24272,-95.5,4.5,148.4362225672375
24273,-95.5,5.0,148.30903731666308
24274,-95.5,5.5,150.29461540995706
24275,-95.5,6.0,148.0950200617113
24276,-95.5,6.5,153.1892472632305
24277,-95.5,7.0,150.11889173553024
24278,-95.5,8.0,155.12176979288535
24279,-95.5,8.5,150.82818889339404
24280,-95.5,9.0,154.54217057945584
24281,-95.5,9.5,153.70785286546163
24282,-95.5,10.0,151.67192974981694
24283,-95.5,10.5,151.32142848668556
24284,-95.5,11.0,153.28781521525096
24285,-95.5,11.5,152.66578997585296
24286,-95.5,12.0,153.63172168793835
24287,-95.5,12.5,152.39208096861478
24288,-95.5,13.0,152.62309240890437
24289,-95.5,13.5,152.8048225118609
24290,-95.5,14.0,152.38287884715217
24291,-95.5,14.5,155.06514283526687
24292,-95.5,15.0,153.29054304811876
24293,-95.5,15.5,154.95011471602263
24294,-95.5,16.0,153.05569108823295
24295,-95.5,16.5,149.2198726820452
24296,-95.5,17.0,152.2878902701627
24297,-95.5,17.5,151.0273736151346
24298,-95.5,18.0,149.5443869180488
24299,-95.5,18.5,156.81873197559722
24300,-95.5,19.0,155.76710083392385
24301,-95.5,19.5,150.2003407903372
24302,-95.5,20.0,149.75971371831665
24303,-95.5,20.5,150.2683303240089
24304,-95.5,21.0,150.31453083538594
24305,-95.5,21.5,148.85231703254857
24306,-95.5,22.0,157.6504666601168
24307,-95.5,22.5,148.6927855074249
24308,-95.5,23.0,149.27751455184475
24309,-95.5,23.5,148.67114468861996
24310,-95.5,24.0,151.482405356403
24311,-95.5,24.5,149.14718368843612
24312,-95.5,25.0,148.25074636099507
24313,-95.5,25.5,148.59287784357446
24314,-95.5,26.0,149.73261192678245
24315,-95.5,26.5,150.07560078083264
24316,-95.5,27.0,149.01336962184817
24317,-95.5,27.5,148.93986623350716
24318,-95.5,28.0,149.14716449032457
24319,-95.5,28.5,149.19577346459658
24320,-95.5,29.0,159.34099252888225
24321,-95.5,29.5,157.28105627010717
24322,-95.5,30.0,156.54023964967647
24323,-95.5,30.5,153.1440180992614
24324,-95.5,31.0,156.50289477281046
24325,-95.5,31.5,151.9757797367554
24326,-95.5,32.0,154.19826641153293
24327,-95.5,32.5,153.97704831959825
24328,-95.5,33.0,155.44944056013884
24329,-95.5,33.5,154.4920254537456
24330,-95.5,34.0,154.04451894686224
24331,-95.5,34.5,150.75937332183832
24332,-95.5,35.0,153.74471713763924
24333,-95.5,35.5,153.1341989144687
24334,-95.5,36.0,157.8416193876735
24335,-95.5,36.5,170.8218855926005
24336,-95.5,37.0,155.12476066588803
24337,-95.0,-40.0,157.32085844506994
24338,-95.0,-39.5,158.71084223308048
24339,-95.0,-37.0,150.32123620790443
24340,-95.0,-36.5,150.85347403169368
24341,-95.0,-36.0,154.60651235180237
24342,-95.0,-35.5,150.50199437743615
24343,-95.0,-35.0,152.05290640370836
24344,-95.0,-34.5,150.6170466663194
24345,-95.0,-34.0,147.74888000022887
24346,-95.0,-33.5,149.4528230872012
24347,-95.0,-33.0,154.64278672500583
24348,-95.0,-32.0,155.050085577914
24349,-95.0,-31.5,147.7413953878633
24350,-95.0,-31.0,151.17491509733566
24351,-95.0,-30.5,150.89792988161534
24352,-95.0,-30.0,148.6320062691978
24353,-95.0,-29.5,153.12846041914497
24354,-95.0,-29.0,147.72755449918
24355,-95.0,-28.5,151.21164545062481
24356,-95.0,-28.0,150.22462996300416
24357,-95.0,-27.5,148.88922910457063
24358,-95.0,-27.0,148.39060881812165
24359,-95.0,-26.5,149.85161991752588
24360,-95.0,-26.0,150.07784497613798
24361,-95.0,-25.5,148.47489559123665
24362,-95.0,-25.0,147.60018146335057
24363,-95.0,-24.5,153.3994739305007
24364,-95.0,-24.0,148.645301486783
24365,-95.0,-23.5,155.21412705358756
24366,-95.0,-23.0,148.19611512069935
24367,-95.0,-22.5,151.84241758424423
24368,-95.0,-22.0,155.38267323619382
24369,-95.0,-21.5,156.66231599073285
24370,-95.0,-21.0,149.82222171032777
24371,-95.0,-20.5,155.3798923922396
24372,-95.0,-20.0,151.30276834365503
24373,-95.0,-19.5,152.62486171709668
24374,-95.0,-19.0,148.26878100091702
24375,-95.0,-18.5,147.64901574963687
24376,-95.0,-18.0,152.69004790517104
24377,-95.0,-17.5,149.24973998321326
24378,-95.0,-17.0,156.3017213746642
24379,-95.0,-16.5,154.19518560711936
24380,-95.0,-16.0,150.35967627761272
24381,-95.0,-15.5,151.6973957910772
24382,-95.0,-14.5,148.57064616536343
24383,-95.0,-14.0,149.16250203221486
24384,-95.0,-13.5,151.89804621222612
24385,-95.0,-13.0,151.52369939160218
24386,-95.0,-12.5,150.36825526807323
24387,-95.0,-12.0,150.1560181584257
24388,-95.0,-11.5,153.92697952922916
24389,-95.0,-11.0,150.27321125477525
24390,-95.0,-10.5,149.9573232127899
24391,-95.0,-10.0,151.17346420056856
24392,-95.0,-9.5,151.3185056946403
24393,-95.0,-9.0,156.56945335140668
24394,-95.0,-8.5,148.2071523186116
24395,-95.0,-8.0,148.81415141154457
24396,-95.0,-7.5,148.84165024905113
24397,-95.0,-7.0,151.71877129894258
24398,-95.0,-6.5,152.29639998674344
24399,-95.0,-6.0,152.8636877568654
24400,-95.0,-4.5,147.8564502721878
24401,-95.0,-4.0,148.0956611822841
24402,-95.0,-3.5,147.52752225940512
24403,-95.0,-3.0,147.23367326596556
24404,-95.0,-2.5,157.99005831163825
24405,-95.0,-2.0,158.11062526170284
24406,-95.0,-1.5,147.10951740994082
24407,-95.0,-1.0,147.56755460925993
24408,-95.0,-0.5,149.28534855304608
24409,-95.0,0.0,148.01421854110401
24410,-95.0,0.5,150.56788980889755
24411,-95.0,1.0,152.78336611038648
24412,-95.0,1.5,147.99482358273715
24413,-95.0,2.0,148.40804912900828
24414,-95.0,2.5,149.5693926063058
24415,-95.0,3.5,149.81734024913612
24416,-95.0,4.0,148.31405389722332
24417,-95.0,5.0,148.2508513801035
24418,-95.0,5.5,148.14050965226366
24419,-95.0,6.0,153.09282560695604
24420,-95.0,6.5,149.18115109238235
24421,-95.0,7.0,150.3954492441927
24422,-95.0,7.5,151.9661409453542
24423,-95.0,8.0,155.210131733908
24424,-95.0,8.5,153.9227759045355
24425,-95.0,9.0,149.7446867767134
24426,-95.0,9.5,154.02112488266533
24427,-95.0,10.0,152.37988342463424
24428,-95.0,10.5,152.66493284663133
24429,-95.0,11.0,151.91996442171262
24430,-95.0,11.5,156.1219055498777
24431,-95.0,12.0,153.06111170414735
24432,-95.0,12.5,153.67697610845264
24433,-95.0,13.0,151.02023175304888
24434,-95.0,13.5,152.0672593884122
24435,-95.0,14.0,153.45588027012235
24436,-95.0,15.0,156.0725998971833
24437,-95.0,15.5,154.33869278446758
24438,-95.0,16.0,153.94531746634073
24439,-95.0,16.5,153.00238497858516
24440,-95.0,17.0,147.51695980558333
24441,-95.0,17.5,155.27735485567487
24442,-95.0,18.0,150.03978158953834
24443,-95.0,18.5,152.16279290521112
24444,-95.0,19.0,154.522573778293
24445,-95.0,19.5,152.3394442034587
24446,-95.0,20.0,150.40018463146833
24447,-95.0,20.5,150.6210481942156
24448,-95.0,21.0,149.84842419690077
24449,-95.0,21.5,152.78569551599026
24450,-95.0,22.0,151.59986617509918
24451,-95.0,22.5,150.4536834804832
24452,-95.0,23.0,147.76606118096183
24453,-95.0,23.5,149.931604181982
24454,-95.0,24.0,151.01373015054233
24455,-95.0,24.5,149.04792394698424
24456,-95.0,25.0,148.65998383330253
24457,-95.0,25.5,147.56887126245007
24458,-95.0,26.0,150.01552957411687
24459,-95.0,26.5,150.59224704028327
24460,-95.0,27.0,148.45247999240019
24461,-95.0,27.5,149.6047525109091
24462,-95.0,28.0,148.81141579102123
24463,-95.0,28.5,149.97142176586584
24464,-95.0,29.0,154.92104842481035
24465,-95.0,29.5,157.84241600915868
24466,-95.0,30.0,160.4853951963383
24467,-95.0,30.5,155.33642599560937
24468,-95.0,31.0,156.4008527485913
24469,-95.0,31.5,150.92175688871166
24470,-95.0,32.0,152.2760668712165
24471,-95.0,32.5,153.37543578309123
24472,-95.0,33.0,154.00885226179196
24473,-95.0,33.5,154.12123263426352
24474,-95.0,34.0,151.55772296721696
24475,-95.0,34.5,149.8911785888185
24476,-95.0,35.0,152.06783541942465
24477,-95.0,35.5,152.47138844814663
24478,-95.0,36.0,157.31710433043193
24479,-95.0,36.5,172.30059633993216
24480,-95.0,37.0,155.236750038616
24481,-94.5,-40.0,157.3238317628653
24482,-94.5,-39.5,159.021221164094
24483,-94.5,-37.0,151.47165782805666
24484,-94.5,-36.5,151.00905404471203
24485,-94.5,-36.0,154.28919028974408
24486,-94.5,-35.5,151.31917568451001
24487,-94.5,-35.0,151.88928992573577
24488,-94.5,-34.5,150.52152896996003
24489,-94.5,-34.0,147.65809312835387
24490,-94.5,-33.5,148.62684351010668
24491,-94.5,-33.0,153.08839729639982
24492,-94.5,-32.5,149.94781671946293
24493,-94.5,-32.0,156.78675536895494
24494,-94.5,-31.5,147.03892137109696
24495,-94.5,-31.0,152.25724804645586
24496,-94.5,-30.5,151.7272126911786
24497,-94.5,-30.0,148.17273669284393
24498,-94.5,-29.5,152.13744106766632
24499,-94.5,-29.0,153.45406660895074
24500,-94.5,-28.5,153.05501020107073
24501,-94.5,-28.0,148.5774435097505
24502,-94.5,-27.5,148.60834561919924
24503,-94.5,-27.0,148.02402564141747
24504,-94.5,-26.5,149.91303985571415
24505,-94.5,-26.0,150.20680330560597
24506,-94.5,-25.5,150.0925130291549
24507,-94.5,-25.0,147.4027738955098
24508,-94.5,-24.5,148.89425295055509
24509,-94.5,-24.0,152.48358277197974
24510,-94.5,-23.5,153.85140042924502
24511,-94.5,-23.0,147.9749320303325
24512,-94.5,-22.5,151.80030576256075
24513,-94.5,-22.0,151.52910865278645
24514,-94.5,-21.5,154.64655888739557
24515,-94.5,-21.0,156.85161289913842
24516,-94.5,-20.5,148.9150450295008
24517,-94.5,-20.0,152.86972434290502
24518,-94.5,-19.5,148.7013307736136
24519,-94.5,-19.0,148.51526249470422
24520,-94.5,-18.5,149.1804248056337
24521,-94.5,-18.0,150.63992494158072
24522,-94.5,-17.5,152.1193056485107
24523,-94.5,-17.0,154.54727771001671
24524,-94.5,-16.5,154.80855344360873
24525,-94.5,-16.0,150.03795426621542
24526,-94.5,-15.5,151.36359620069038
24527,-94.5,-15.0,153.17968704910697
24528,-94.5,-14.5,150.37469983313835
24529,-94.5,-14.0,149.5063033585967
24530,-94.5,-13.5,152.37307452218414
24531,-94.5,-12.5,150.5190934513879
24532,-94.5,-12.0,159.51426972652683
24533,-94.5,-11.5,155.60632100108776
24534,-94.5,-11.0,149.8949590173107
24535,-94.5,-10.5,149.6292375206248
24536,-94.5,-10.0,150.75343723804176
24537,-94.5,-9.5,150.68647234066242
24538,-94.5,-9.0,152.9925193266885
24539,-94.5,-8.5,149.13080512099418
24540,-94.5,-8.0,148.615908114746
24541,-94.5,-7.5,157.51009641419813
24542,-94.5,-7.0,155.690650392136
24543,-94.5,-6.5,151.0095385036471
24544,-94.5,-6.0,152.7276182672468
24545,-94.5,-5.5,149.77319933924852
24546,-94.5,-5.0,156.45831334523078
24547,-94.5,-4.5,147.56123352690707
24548,-94.5,-4.0,148.7342633987962
24549,-94.5,-3.5,148.04007374353847
24550,-94.5,-3.0,148.3452860184384
24551,-94.5,-2.0,157.5843820155837
24552,-94.5,-1.5,146.93700631405326
24553,-94.5,-0.5,146.8710205100905
24554,-94.5,0.0,148.776031810994
24555,-94.5,0.5,154.38587096816346
24556,-94.5,1.0,148.85725337651093
24557,-94.5,1.5,148.32769556046958
24558,-94.5,2.0,148.80597311315296
24559,-94.5,2.5,156.87464114860242
24560,-94.5,3.0,149.86294948087667
24561,-94.5,3.5,149.78287511892128
24562,-94.5,4.0,149.03022075078388
24563,-94.5,4.5,148.3173291044775
24564,-94.5,5.5,150.3487575533329
24565,-94.5,6.0,152.99412620818373
24566,-94.5,6.5,149.74182785314022
24567,-94.5,7.0,151.29230103740207
24568,-94.5,7.5,151.12368413344856
24569,-94.5,8.0,152.5585434446193
24570,-94.5,8.5,155.40664414776504
24571,-94.5,9.0,149.880488457822
24572,-94.5,9.5,151.24767252563996
24573,-94.5,10.0,154.19500393571394
24574,-94.5,10.5,153.077407063746
24575,-94.5,11.0,152.70126637710683
24576,-94.5,11.5,154.64388331221102
24577,-94.5,12.0,154.10368657509886
24578,-94.5,12.5,152.07642735681642
24579,-94.5,13.0,150.77210470143376
24580,-94.5,13.5,151.6297572644119
24581,-94.5,14.0,152.84928205684196
24582,-94.5,14.5,154.03139892841153
24583,-94.5,15.0,156.72805360640805
24584,-94.5,15.5,157.50385489117903
24585,-94.5,16.0,156.44970986887998
24586,-94.5,16.5,154.54918694431728
24587,-94.5,17.0,147.40532369057667
24588,-94.5,17.5,155.93182122331956
24589,-94.5,18.0,157.09187100691588
24590,-94.5,18.5,149.5577940849321
24591,-94.5,19.0,152.19841130721156
24592,-94.5,19.5,154.5368276996144
24593,-94.5,20.0,151.7231218564488
24594,-94.5,20.5,151.03565452463621
24595,-94.5,21.0,148.8703801509986
24596,-94.5,21.5,155.5737102448073
24597,-94.5,22.0,148.81784241021998
24598,-94.5,22.5,151.37332941929878
24599,-94.5,23.0,149.32321722549392
24600,-94.5,23.5,149.78970845072436
24601,-94.5,24.0,148.443472336169
24602,-94.5,24.5,150.8624127869992
24603,-94.5,25.0,149.02534284878706
24604,-94.5,25.5,147.51147159980084
24605,-94.5,26.0,151.20541939631366
24606,-94.5,26.5,149.16625356978219
24607,-94.5,27.0,148.76123142866038
24608,-94.5,27.5,149.04116974698377
24609,-94.5,28.0,148.47831721437362
24610,-94.5,28.5,149.1930715294709
24611,-94.5,29.0,150.80661541176158
24612,-94.5,29.5,153.7657967778289
24613,-94.5,30.0,159.00900665819316
24614,-94.5,30.5,159.13371475463669
24615,-94.5,31.0,152.06964350312535
24616,-94.5,31.5,151.59395483434545
24617,-94.5,32.0,152.01434950925264
24618,-94.5,32.5,152.39397495433005
24619,-94.5,33.0,153.5309475487948
24620,-94.5,33.5,154.98581895685118
24621,-94.5,34.0,151.3680544555535
24622,-94.5,34.5,149.01036898451488
24623,-94.5,35.0,152.00516390624577
24624,-94.5,35.5,151.84301425821076
24625,-94.5,36.0,152.65611935578144
24626,-94.5,36.5,173.9535379450587
24627,-94.5,37.0,152.4301396171134
24628,-94.0,-40.0,157.30987739798766
24629,-94.0,-39.5,159.2490863287773
24630,-94.0,-37.0,151.32384848045132
24631,-94.0,-36.5,151.50118244172089
24632,-94.0,-36.0,153.51497972374972
24633,-94.0,-35.5,155.48874372203198
24634,-94.0,-35.0,152.7371764688731
24635,-94.0,-34.5,150.5724936393019
24636,-94.0,-34.0,148.86735759615942
24637,-94.0,-33.5,147.690691103571
24638,-94.0,-33.0,150.81752578361866
24639,-94.0,-32.5,152.55084050399395
24640,-94.0,-32.0,155.91228124559098
24641,-94.0,-31.5,147.17804048087845
24642,-94.0,-31.0,151.86446187644884
24643,-94.0,-30.5,151.5612926341727
24644,-94.0,-30.0,147.67576544018834
24645,-94.0,-29.5,148.49900585253778
24646,-94.0,-29.0,158.77886762319127
24647,-94.0,-28.5,148.0972657736854
24648,-94.0,-28.0,148.38033725636623
24649,-94.0,-27.5,148.0616351955312
24650,-94.0,-27.0,148.15188394124544
24651,-94.0,-26.5,151.04316140747028
24652,-94.0,-26.0,150.06316558284308
24653,-94.0,-25.5,148.71490349478964
24654,-94.0,-25.0,147.5390983455116
24655,-94.0,-24.5,148.6863972373093
24656,-94.0,-24.0,155.1839087296775
24657,-94.0,-23.5,148.47766061307965
24658,-94.0,-23.0,158.79008780712803
24659,-94.0,-22.5,151.11995997918513
24660,-94.0,-22.0,150.00781372089622
24661,-94.0,-21.5,152.13497385311578
24662,-94.0,-21.0,158.70870974655236
24663,-94.0,-20.5,151.33582299486451
24664,-94.0,-20.0,150.28732739244964
24665,-94.0,-19.5,148.56719820043244
24666,-94.0,-18.5,149.9013529551781
24667,-94.0,-18.0,149.20147089080402
24668,-94.0,-17.5,152.91575133652358
24669,-94.0,-17.0,155.53255277716974
24670,-94.0,-16.5,154.75971908252345
24671,-94.0,-16.0,153.6085652165412
24672,-94.0,-15.5,149.5564017290341
24673,-94.0,-15.0,151.33182285763345
24674,-94.0,-14.0,152.99972792331076
24675,-94.0,-13.5,149.291782269788
24676,-94.0,-13.0,150.97277791600433
24677,-94.0,-12.5,150.73062435315435
24678,-94.0,-12.0,155.11115239876892
24679,-94.0,-11.5,151.34663633389252
24680,-94.0,-11.0,149.96756949904392
24681,-94.0,-10.5,150.0425109923408
24682,-94.0,-10.0,149.5334677142726
24683,-94.0,-9.5,150.14886093921584
24684,-94.0,-9.0,150.0035032869475
24685,-94.0,-8.5,149.32038080055003
24686,-94.0,-8.0,148.36867734997185
24687,-94.0,-7.5,152.7984878188601
24688,-94.0,-6.5,156.2726528191161
24689,-94.0,-6.0,149.60913252356437
24690,-94.0,-5.5,150.1583995099355
24691,-94.0,-5.0,154.78886559218634
24692,-94.0,-4.0,147.16463325730422
24693,-94.0,-3.5,149.1081703941037
24694,-94.0,-3.0,148.77308806390351
24695,-94.0,-2.0,146.83500511407087
24696,-94.0,-1.5,155.18791761596339
24697,-94.0,-1.0,146.41188379399426
24698,-94.0,0.0,155.33967320851377
24699,-94.0,0.5,150.25320693600736
24700,-94.0,1.0,148.74856307733714
24701,-94.0,2.0,152.46864491986472
24702,-94.0,2.5,156.025285754935
24703,-94.0,3.0,149.59565365334626
24704,-94.0,3.5,149.52038245476444
24705,-94.0,4.0,149.40939908952012
24706,-94.0,4.5,148.73031478190924
24707,-94.0,5.0,153.24525424623306
24708,-94.0,5.5,152.67624754385636
24709,-94.0,6.0,148.17919540129722
24710,-94.0,6.5,151.5288205852782
24711,-94.0,7.0,151.03462489751618
24712,-94.0,7.5,149.6072401850011
24713,-94.0,8.0,151.38492772134504
24714,-94.0,8.5,153.6838892352483
24715,-94.0,9.0,155.6238182139146
24716,-94.0,9.5,151.60541872527662
24717,-94.0,10.0,155.2402525836462
24718,-94.0,10.5,154.58547128976232
24719,-94.0,11.0,151.7640809027839
24720,-94.0,11.5,154.30866326176815
24721,-94.0,12.0,153.91202154789997
24722,-94.0,12.5,151.9133195569568
24723,-94.0,13.0,151.26195028639756
24724,-94.0,13.5,150.75321305063002
24725,-94.0,14.0,152.8730368839553
24726,-94.0,14.5,154.6857709246699
24727,-94.0,15.0,156.19924427182863
24728,-94.0,15.5,157.9054854781958
24729,-94.0,16.0,161.12123912523745
24730,-94.0,16.5,152.3764630559314
24731,-94.0,17.0,149.58659298251268
24732,-94.0,17.5,149.85585681543023
24733,-94.0,18.0,161.30608452050834
24734,-94.0,18.5,150.99878907487968
24735,-94.0,19.0,152.47249306570848
24736,-94.0,19.5,152.91564314322713
24737,-94.0,20.0,152.13443418136384
24738,-94.0,20.5,151.6836110557628
24739,-94.0,21.0,150.68752521810413
24740,-94.0,21.5,148.727656132355
24741,-94.0,22.0,150.2662192704263
24742,-94.0,22.5,148.0698477582748
24743,-94.0,23.0,150.38653238903962
24744,-94.0,23.5,149.5114054902217
24745,-94.0,24.0,147.96164681007872
24746,-94.0,24.5,150.66177776717373
24747,-94.0,25.0,149.46978257539482
24748,-94.0,25.5,147.55554610542896
24749,-94.0,26.0,151.36713198587697
24750,-94.0,26.5,148.7228730906173
24751,-94.0,27.0,150.52726219097937
24752,-94.0,27.5,148.69119462447952
24753,-94.0,28.0,150.55942782096875
24754,-94.0,28.5,149.3395640521202
24755,-94.0,29.0,150.16196552651786
24756,-94.0,29.5,152.72446013607342
24757,-94.0,30.0,159.88694493521427
24758,-94.0,30.5,159.34852372284968
24759,-94.0,31.0,152.28089300294684
24760,-94.0,31.5,150.49007160999815
24761,-94.0,32.0,153.47792544612935
24762,-94.0,32.5,151.99653939302638
24763,-94.0,33.0,152.15745842543015
24764,-94.0,33.5,154.10495979479563
24765,-94.0,34.0,151.04771025656436
24766,-94.0,34.5,150.086504479282
24767,-94.0,35.0,150.23769216045145
24768,-94.0,35.5,152.52196011050674
24769,-94.0,36.0,152.47913192471637
24770,-94.0,36.5,172.72190043502346
24771,-94.0,37.0,152.1077963031894
24772,-93.5,-40.0,157.26368238941083
24773,-93.5,-37.5,154.74619835874282
24774,-93.5,-37.0,150.18908812779395
24775,-93.5,-36.5,152.55939638538632
24776,-93.5,-36.0,152.7911421118062
24777,-93.5,-35.5,154.48553849653064
24778,-93.5,-35.0,154.27416558840454
24779,-93.5,-34.5,150.67268767054244
24780,-93.5,-34.0,149.14748106103096
24781,-93.5,-33.5,148.62705408302546
24782,-93.5,-33.0,150.24715717270217
24783,-93.5,-32.5,153.189810270066
24784,-93.5,-32.0,156.13720771475158
24785,-93.5,-31.5,147.02215124317146
24786,-93.5,-31.0,151.37739318179712
24787,-93.5,-30.5,152.62445016750814
24788,-93.5,-30.0,149.10540642549023
24789,-93.5,-29.5,151.67529709814065
24790,-93.5,-29.0,156.72532234507065
24791,-93.5,-28.5,148.09091790620803
24792,-93.5,-28.0,148.9076071489286
24793,-93.5,-27.5,148.1239245276789
24794,-93.5,-27.0,148.1210527336341
24795,-93.5,-26.5,149.51501246871422
24796,-93.5,-26.0,149.87166593703162
24797,-93.5,-25.5,148.60085677633714
24798,-93.5,-25.0,150.6935206542061
24799,-93.5,-24.5,150.1981335732732
24800,-93.5,-24.0,150.3873802922065
24801,-93.5,-23.5,148.6685734591095
24802,-93.5,-23.0,153.16786617014907
24803,-93.5,-22.5,154.20738808627263
24804,-93.5,-22.0,149.8835799603525
24805,-93.5,-21.5,149.09462910402547
24806,-93.5,-21.0,156.3758927125909
24807,-93.5,-20.5,154.38354382660103
24808,-93.5,-20.0,149.85798819096556
24809,-93.5,-19.5,150.9372293834375
24810,-93.5,-19.0,149.71663726952067
24811,-93.5,-18.5,149.59571099590417
24812,-93.5,-18.0,149.42100570508168
24813,-93.5,-17.5,151.33841847562002
24814,-93.5,-17.0,150.70112887399844
24815,-93.5,-16.0,155.33183789516687
24816,-93.5,-15.5,148.68137928993082
24817,-93.5,-15.0,150.37419548907886
24818,-93.5,-14.5,153.2730894099518
24819,-93.5,-14.0,153.755914373906
24820,-93.5,-13.5,148.49484297851438
24821,-93.5,-13.0,150.92637399631872
24822,-93.5,-12.5,159.9812604564948
24823,-93.5,-12.0,151.77033901545093
24824,-93.5,-11.5,150.7263297963572
24825,-93.5,-11.0,152.07520654211348
24826,-93.5,-10.5,150.36092736791542
24827,-93.5,-10.0,149.37940739283184
24828,-93.5,-9.5,149.98838746162343
24829,-93.5,-9.0,150.08746267412087
24830,-93.5,-8.5,149.25621769142714
24831,-93.5,-8.0,154.60277541233955
24832,-93.5,-7.5,152.8239253007569
24833,-93.5,-7.0,155.63318063924407
24834,-93.5,-6.5,161.62875843721767
24835,-93.5,-6.0,149.39019661351062
24836,-93.5,-5.5,151.93416192691353
24837,-93.5,-5.0,151.9548757225744
24838,-93.5,-4.5,151.21514338732172
24839,-93.5,-4.0,149.7446265425518
24840,-93.5,-3.5,155.59283911643737
24841,-93.5,-3.0,150.05009719506592
24842,-93.5,-2.5,149.0535346357699
24843,-93.5,-2.0,146.4784655939114
24844,-93.5,-1.5,148.84828969217335
24845,-93.5,-1.0,152.85283719812463
24846,-93.5,-0.5,159.70467784247495
24847,-93.5,0.0,154.08569354710707
24848,-93.5,0.5,147.59579320349496
24849,-93.5,1.0,149.31597823138785
24850,-93.5,1.5,152.8010423980341
24851,-93.5,2.0,157.9418234034456
24852,-93.5,2.5,149.1691708032868
24853,-93.5,3.5,149.24189555766924
24854,-93.5,4.5,151.63494500743522
24855,-93.5,5.0,152.42901106115266
24856,-93.5,6.0,150.90739781139666
24857,-93.5,6.5,153.70084854443235
24858,-93.5,7.0,149.9545648636566
24859,-93.5,7.5,153.06171630333947
24860,-93.5,8.0,151.68873910333082
24861,-93.5,8.5,150.75499055504503
24862,-93.5,9.0,154.6177439212424
24863,-93.5,9.5,155.47675217819
24864,-93.5,10.0,151.76940637117335
24865,-93.5,11.0,156.76168607880174
24866,-93.5,11.5,154.11721293599098
24867,-93.5,12.0,152.57096990736818
24868,-93.5,13.0,151.66732414621384
24869,-93.5,14.0,152.86691501143335
24870,-93.5,14.5,154.23269843876736
24871,-93.5,15.0,154.87104334203653
24872,-93.5,15.5,156.30400262373726
24873,-93.5,16.0,165.0020665367258
24874,-93.5,16.5,151.46276004007208
24875,-93.5,17.0,153.43763476282646
24876,-93.5,17.5,149.7125116238843
24877,-93.5,18.0,154.62711399812792
24878,-93.5,18.5,157.24663025963665
24879,-93.5,19.0,150.96370065671238
24880,-93.5,19.5,152.6462196075394
24881,-93.5,20.0,153.4818936881438
24882,-93.5,20.5,149.68284193197616
24883,-93.5,21.0,151.2167418127631
24884,-93.5,21.5,149.15242549241322
24885,-93.5,22.0,151.14860170108008
24886,-93.5,22.5,148.13602349275266
24887,-93.5,23.0,149.2103571792589
24888,-93.5,23.5,149.12728592492957
24889,-93.5,24.0,147.8232038134936
24890,-93.5,24.5,148.2672307495502
24891,-93.5,25.0,161.90205001094589
24892,-93.5,25.5,149.87085561725758
24893,-93.5,26.0,150.2336043834772
24894,-93.5,26.5,147.7253356760659
24895,-93.5,27.0,156.6294548661844
24896,-93.5,27.5,148.75254583856508
24897,-93.5,28.0,151.66018004863906
24898,-93.5,28.5,148.65026532956662
24899,-93.5,29.0,149.86382527637335
24900,-93.5,29.5,149.73956704384256
24901,-93.5,30.0,161.8939693961532
24902,-93.5,30.5,153.89229735637562
24903,-93.5,31.0,152.07058614362012
24904,-93.5,31.5,150.16779568204842
24905,-93.5,32.0,152.6468364194309
24906,-93.5,32.5,153.92243973104922
24907,-93.5,33.0,150.7871731325139
24908,-93.5,33.5,153.27295003677764
24909,-93.5,34.0,151.25897732083385
24910,-93.5,34.5,149.2954801263558
24911,-93.5,35.0,149.65739209573485
24912,-93.5,35.5,151.41930631269403
24913,-93.5,36.0,150.10607009078038
24914,-93.5,36.5,169.6604864294854
24915,-93.5,37.0,150.95100885625956
24916,-93.0,-40.0,157.3119869894964
24917,-93.0,-37.5,154.63456503091479
24918,-93.0,-37.0,151.1335251665896
24919,-93.0,-36.5,153.09591316976395
24920,-93.0,-36.0,152.35062401076715
24921,-93.0,-35.5,157.07807080413014
24922,-93.0,-35.0,149.45452288663665
24923,-93.0,-34.5,149.24440849495116
24924,-93.0,-34.0,151.97278645964107
24925,-93.0,-33.5,151.82999040012746
24926,-93.0,-33.0,149.15504226360014
24927,-93.0,-32.5,151.3766418830204
24928,-93.0,-32.0,158.14838715092432
24929,-93.0,-31.5,147.06818012410068
24930,-93.0,-31.0,147.2342168933761
24931,-93.0,-30.5,151.3935156618992
24932,-93.0,-30.0,150.22670652919146
24933,-93.0,-29.5,156.67653301757107
24934,-93.0,-29.0,151.39681694382398
24935,-93.0,-28.5,149.0218798383075
24936,-93.0,-28.0,148.10450762641116
24937,-93.0,-27.5,148.36177856693317
24938,-93.0,-27.0,147.48362280563867
24939,-93.0,-26.5,148.51230798696668
24940,-93.0,-26.0,150.24951350412744
24941,-93.0,-25.5,148.4039567433427
24942,-93.0,-25.0,149.845183372263
24943,-93.0,-24.5,151.06103552454533
24944,-93.0,-24.0,147.91246961782073
24945,-93.0,-23.5,154.10874426514914
24946,-93.0,-23.0,153.7140032749275
24947,-93.0,-22.5,153.94548136850952
24948,-93.0,-22.0,150.29168491008878
24949,-93.0,-21.5,151.40395561215354
24950,-93.0,-21.0,150.45332417353703
24951,-93.0,-20.5,159.87654359692255
24952,-93.0,-20.0,147.35867132399846
24953,-93.0,-19.5,151.48420141651556
24954,-93.0,-19.0,149.61759699872246
24955,-93.0,-18.5,149.58860943321457
24956,-93.0,-17.5,150.79787105022916
24957,-93.0,-17.0,148.4088700446195
24958,-93.0,-16.5,147.0880010312221
24959,-93.0,-16.0,164.36747883998686
24960,-93.0,-15.5,153.62301420235974
24961,-93.0,-15.0,150.48685337311122
24962,-93.0,-14.5,152.4436972614415
24963,-93.0,-14.0,153.63160830744675
24964,-93.0,-13.5,152.0174194226646
24965,-93.0,-13.0,150.98127321306063
24966,-93.0,-12.5,155.73018875078162
24967,-93.0,-12.0,151.2933410306659
24968,-93.0,-11.5,151.10141374778323
24969,-93.0,-11.0,152.21816142483496
24970,-93.0,-10.0,149.39669529992665
24971,-93.0,-9.5,149.48957415583428
24972,-93.0,-9.0,149.75072039572794
24973,-93.0,-8.5,150.33774460298412
24974,-93.0,-8.0,152.55597575430482
24975,-93.0,-7.5,160.73362068215624
24976,-93.0,-7.0,154.8245487629421
24977,-93.0,-6.5,148.35292437377325
24978,-93.0,-6.0,150.55382152894535
24979,-93.0,-5.5,151.53577825656177
24980,-93.0,-5.0,150.01485663566197
24981,-93.0,-4.5,149.04154283696965
24982,-93.0,-4.0,155.51231231611783
24983,-93.0,-3.5,154.1217479976617
24984,-93.0,-3.0,155.46677147775506
24985,-93.0,-2.5,148.96309958560818
24986,-93.0,-2.0,149.8458826525135
24987,-93.0,-1.5,146.84479666218104
24988,-93.0,-1.0,155.8788580076481
24989,-93.0,-0.5,155.04135054246962
24990,-93.0,0.0,147.11500242498855
24991,-93.0,0.5,146.94057979638237
24992,-93.0,1.0,148.47535511472284
24993,-93.0,1.5,153.5825257684017
24994,-93.0,2.0,149.79838282994646
24995,-93.0,2.5,148.59091295118876
24996,-93.0,3.0,149.23528284516132
24997,-93.0,3.5,149.9048279931852
24998,-93.0,4.0,150.22223838239316
24999,-93.0,4.5,155.32430328297025
25000,-93.0,5.0,149.37014530796364
25001,-93.0,5.5,153.830104774494
25002,-93.0,6.0,154.48353308817303
25003,-93.0,6.5,148.29739049943694
25004,-93.0,7.0,156.28397922306291
25005,-93.0,7.5,151.58807590763473
25006,-93.0,8.0,149.20228343129037
25007,-93.0,8.5,153.68330884531443
25008,-93.0,9.0,152.56333217720595
25009,-93.0,9.5,154.36145436963608
25010,-93.0,10.0,150.57488303464046
25011,-93.0,10.5,152.37880065263874
25012,-93.0,11.0,156.53944626499433
25013,-93.0,11.5,154.98862186008535
25014,-93.0,12.0,154.4760043774161
25015,-93.0,12.5,151.3821084833524
25016,-93.0,13.0,151.93164230180108
25017,-93.0,13.5,153.86801979584965
25018,-93.0,14.0,155.00166039482286
25019,-93.0,14.5,153.69518602157333
25020,-93.0,15.0,154.28361616963704
25021,-93.0,15.5,155.3389866378512
25022,-93.0,16.0,153.85524395722007
25023,-93.0,16.5,167.72913652717855
25024,-93.0,17.0,152.707479512519
25025,-93.0,17.5,151.57647260215913
25026,-93.0,18.0,153.69612718431424
25027,-93.0,18.5,152.982477157608
25028,-93.0,19.0,151.6195984882768
25029,-93.0,19.5,151.54064254748417
25030,-93.0,20.0,155.01504812099992
25031,-93.0,20.5,151.7457888930574
25032,-93.0,21.0,146.3029093253318
25033,-93.0,21.5,152.03310815715284
25034,-93.0,22.0,147.96242290424325
25035,-93.0,22.5,147.88709635672643
25036,-93.0,23.0,149.27098229871606
25037,-93.0,23.5,148.89729316480174
25038,-93.0,24.0,147.96359790582483
25039,-93.0,24.5,148.4573378424955
25040,-93.0,25.0,155.40768550653286
25041,-93.0,25.5,149.69258544803725
25042,-93.0,26.0,150.30110383597807
25043,-93.0,26.5,147.3876661829106
25044,-93.0,27.0,151.861024424232
25045,-93.0,27.5,149.99888316552264
25046,-93.0,28.0,150.327641825024
25047,-93.0,28.5,148.73710820338374
25048,-93.0,29.0,150.07428740691387
25049,-93.0,29.5,150.90024756197963
25050,-93.0,30.0,162.2155411353954
25051,-93.0,30.5,152.9701676633006
25052,-93.0,31.0,147.7100405851763
25053,-93.0,31.5,149.90573471440524
25054,-93.0,32.0,151.52088598374664
25055,-93.0,32.5,149.19223312308492
25056,-93.0,33.0,148.7936286185658
25057,-93.0,33.5,151.5008723570227
25058,-93.0,34.0,151.10124200948667
25059,-93.0,34.5,149.51004779749545
25060,-93.0,35.0,149.43732123864373
25061,-93.0,35.5,157.12617857064387
25062,-93.0,36.0,147.22767217734614
25063,-93.0,36.5,168.48749646662213
25064,-93.0,37.0,150.48169465209818
25065,-92.5,-40.0,157.2948778954164
25066,-92.5,-37.5,155.77428689608973
25067,-92.5,-37.0,152.1279930148574
25068,-92.5,-36.5,152.78533413197167
25069,-92.5,-36.0,152.09550447238135
25070,-92.5,-35.5,157.45675651245446
25071,-92.5,-35.0,149.86958352876482
25072,-92.5,-34.5,149.42670694250458
25073,-92.5,-34.0,152.5427113795298
25074,-92.5,-33.5,151.42050850909095
25075,-92.5,-33.0,148.4053318265391
25076,-92.5,-32.5,150.18289419037467
25077,-92.5,-32.0,154.02308264746978
25078,-92.5,-31.5,154.13622582015017
25079,-92.5,-31.0,147.10402333231718
25080,-92.5,-30.5,151.1926154390656
25081,-92.5,-30.0,153.4909422504199
25082,-92.5,-29.5,153.80055675705646
25083,-92.5,-29.0,149.23742523278872
25084,-92.5,-28.5,149.10734640351447
25085,-92.5,-28.0,147.26148021479594
25086,-92.5,-27.5,148.19860488458033
25087,-92.5,-27.0,148.46136763542327
25088,-92.5,-26.5,148.07017170312733
25089,-92.5,-26.0,149.94467565859958
25090,-92.5,-25.5,150.12193967793863
25091,-92.5,-25.0,151.83301873161696
25092,-92.5,-24.5,152.0572184270477
25093,-92.5,-24.0,147.56399805758218
25094,-92.5,-23.5,151.8965616558946
25095,-92.5,-23.0,157.22020816488111
25096,-92.5,-22.5,149.77872796217628
25097,-92.5,-22.0,148.2602582065099
25098,-92.5,-21.5,150.97677480823748
25099,-92.5,-21.0,148.29328139665253
25100,-92.5,-20.5,151.20790755954067
25101,-92.5,-20.0,147.37898116952275
25102,-92.5,-19.5,149.8313057816653
25103,-92.5,-19.0,150.99234522005494
25104,-92.5,-17.5,151.1233727085366
25105,-92.5,-16.5,147.3244764088482
25106,-92.5,-15.5,156.5166575904077
25107,-92.5,-15.0,149.51555690051552
25108,-92.5,-14.5,152.7749720192299
25109,-92.5,-14.0,151.77481107550398
25110,-92.5,-13.5,152.5862928513738
25111,-92.5,-13.0,155.2427373956758
25112,-92.5,-12.5,150.34893069594955
25113,-92.5,-12.0,151.21316265563877
25114,-92.5,-11.5,153.02234319399506
25115,-92.5,-11.0,151.82620361012104
25116,-92.5,-10.0,150.39579628390604
25117,-92.5,-9.5,149.41635901232058
25118,-92.5,-9.0,149.852894231436
25119,-92.5,-8.5,152.49111207520335
25120,-92.5,-8.0,150.09702610627892
25121,-92.5,-7.5,154.96973902437153
25122,-92.5,-6.5,148.23928915370797
25123,-92.5,-6.0,155.75759677287095
25124,-92.5,-5.5,148.89482316751588
25125,-92.5,-5.0,148.4456914196538
25126,-92.5,-4.5,150.85129525609165
25127,-92.5,-4.0,152.3345097897617
25128,-92.5,-3.5,154.74699146931206
25129,-92.5,-3.0,148.25678581551625
25130,-92.5,-2.5,156.2089463081948
25131,-92.5,-2.0,149.07609702634645
25132,-92.5,-1.5,149.55903097121174
25133,-92.5,-1.0,149.53037497777075
25134,-92.5,-0.5,150.75370128600792
25135,-92.5,0.0,149.70908615550798
25136,-92.5,1.5,148.68841754650023
25137,-92.5,2.0,150.00671589492924
25138,-92.5,2.5,150.2987611781409
25139,-92.5,3.0,149.97426282355846
25140,-92.5,3.5,150.18441414453972
25141,-92.5,4.0,152.69102686467957
25142,-92.5,4.5,148.97691477424905
25143,-92.5,5.0,149.9403702120644
25144,-92.5,5.5,151.92507805613857
25145,-92.5,6.5,154.15056745885894
25146,-92.5,7.0,151.78363065148397
25147,-92.5,7.5,151.12434772277513
25148,-92.5,8.0,152.75119657024865
25149,-92.5,8.5,153.10175681863672
25150,-92.5,9.0,153.7960494930542
25151,-92.5,9.5,152.24570050514944
25152,-92.5,10.0,154.6665970011568
25153,-92.5,10.5,153.30532448408354
25154,-92.5,11.0,154.74143831951244
25155,-92.5,11.5,155.89949540725206
25156,-92.5,12.0,152.1375095748768
25157,-92.5,12.5,152.3358600313662
25158,-92.5,13.0,153.80103036434733
25159,-92.5,13.5,154.09390816455178
25160,-92.5,14.0,155.12654118902626
25161,-92.5,14.5,153.97360911694952
25162,-92.5,15.0,152.91922727801764
25163,-92.5,15.5,149.4527423272914
25164,-92.5,16.0,149.7202236562814
25165,-92.5,16.5,168.25551800079026
25166,-92.5,17.0,153.58868038733337
25167,-92.5,17.5,153.74228072894505
25168,-92.5,18.0,155.01995932854453
25169,-92.5,18.5,154.25453112591254
25170,-92.5,19.0,152.14228028795526
25171,-92.5,19.5,150.30021341787642
25172,-92.5,20.0,149.61696274625294
25173,-92.5,20.5,152.7917463401657
25174,-92.5,21.0,150.56361125839032
25175,-92.5,21.5,151.00563224703006
25176,-92.5,22.0,148.1946780558857
25177,-92.5,22.5,149.10203988336724
25178,-92.5,23.0,148.96039351996376
25179,-92.5,23.5,148.16792925537067
25180,-92.5,24.0,148.40355197027753
25181,-92.5,24.5,148.5180773253618
25182,-92.5,25.0,149.2305058769497
25183,-92.5,25.5,157.12672536257605
25184,-92.5,26.0,150.0804347850112
25185,-92.5,26.5,147.7415903656542
25186,-92.5,27.0,148.1259093911546
25187,-92.5,27.5,154.33660667299634
25188,-92.5,28.0,147.72541787228855
25189,-92.5,28.5,148.50550944613042
25190,-92.5,29.0,150.7239681922168
25191,-92.5,29.5,155.32283087735016
25192,-92.5,30.0,159.28288285845608
25193,-92.5,30.5,157.21164840480347
25194,-92.5,31.0,151.3194309398129
25195,-92.5,31.5,152.60830432630448
25196,-92.5,32.0,149.16954299207055
25197,-92.5,32.5,149.34518006126578
25198,-92.5,33.0,153.39179302964152
25199,-92.5,33.5,154.32072732256805
25200,-92.5,34.0,149.16658939780507
25201,-92.5,34.5,152.39755812115953
25202,-92.5,35.0,153.32408033298904
25203,-92.5,35.5,155.75980644650707
25204,-92.5,36.0,147.26626361147046
25205,-92.5,36.5,168.1113671320918
25206,-92.5,37.0,150.9650714006237
25207,-92.0,-40.0,157.37534913975958
25208,-92.0,-37.5,156.2197970197452
25209,-92.0,-37.0,152.8861881423453
25210,-92.0,-36.5,152.20791227702614
25211,-92.0,-36.0,152.42224276359192
25212,-92.0,-35.5,152.1328600553783
25213,-92.0,-35.0,149.9311391001626
25214,-92.0,-34.5,149.89984956163002
25215,-92.0,-34.0,150.3474103189865
25216,-92.0,-33.5,151.0507730213782
25217,-92.0,-33.0,148.48598890492914
25218,-92.0,-32.5,148.19500507959805
25219,-92.0,-32.0,149.5681839157379
25220,-92.0,-31.5,157.68426317601168
25221,-92.0,-31.0,147.20387075244346
25222,-92.0,-30.5,151.83720534667802
25223,-92.0,-30.0,157.62570593230404
25224,-92.0,-29.5,148.3983720765989
25225,-92.0,-29.0,149.62331589705167
25226,-92.0,-28.5,150.24307130908025
25227,-92.0,-28.0,147.74142057480532
25228,-92.0,-27.5,147.48162157217897
25229,-92.0,-27.0,148.4925664273252
25230,-92.0,-26.5,148.49870889783432
25231,-92.0,-26.0,149.88086042753625
25232,-92.0,-25.5,149.91055505675214
25233,-92.0,-25.0,151.7206131029116
25234,-92.0,-24.5,150.80438346423117
25235,-92.0,-24.0,149.48560132214874
25236,-92.0,-23.5,151.55497401524119
25237,-92.0,-23.0,155.2311166075211
25238,-92.0,-22.5,151.11642270168605
25239,-92.0,-22.0,152.84771855260345
25240,-92.0,-21.5,148.552477898599
25241,-92.0,-21.0,149.62621447233448
25242,-92.0,-20.5,147.68063414377164
25243,-92.0,-20.0,148.89333379983955
25244,-92.0,-19.5,148.0733897959337
25245,-92.0,-19.0,152.92820245475284
25246,-92.0,-18.0,151.31835581804992
25247,-92.0,-17.5,151.49635530865817
25248,-92.0,-16.5,149.92867467771845
25249,-92.0,-16.0,147.45969084019555
25250,-92.0,-15.5,150.8864554738467
25251,-92.0,-15.0,155.80869735065696
25252,-92.0,-14.5,151.25981682187546
25253,-92.0,-14.0,151.6631575647618
25254,-92.0,-13.5,156.42183569951683
25255,-92.0,-13.0,154.03151621519362
25256,-92.0,-12.5,149.18969937117876
25257,-92.0,-12.0,149.08781601141132
25258,-92.0,-11.5,153.47276574677213
25259,-92.0,-11.0,151.7061200332216
25260,-92.0,-10.5,151.87045752373746
25261,-92.0,-10.0,150.1139261210562
25262,-92.0,-9.5,149.41546803185994
25263,-92.0,-9.0,150.5610779748204
25264,-92.0,-8.5,153.73649806598755
25265,-92.0,-8.0,152.6323967085
25266,-92.0,-7.5,155.06599799000395
25267,-92.0,-7.0,149.13282633778442
25268,-92.0,-6.5,152.4047656536244
25269,-92.0,-6.0,152.09444465349213
25270,-92.0,-5.5,146.74615630724625
25271,-92.0,-5.0,149.25645721791855
25272,-92.0,-4.5,150.41682809972934
25273,-92.0,-4.0,151.51587598130155
25274,-92.0,-3.5,149.47343084209658
25275,-92.0,-3.0,151.98939741633404
25276,-92.0,-2.5,151.5225285859263
25277,-92.0,-2.0,151.4823272376727
25278,-92.0,-1.5,149.91886953679392
25279,-92.0,-1.0,148.53099019986118
25280,-92.0,-0.5,147.79508204417505
25281,-92.0,0.0,154.935188047295
25282,-92.0,1.5,149.06990206568196
25283,-92.0,2.0,148.40533440459305
25284,-92.0,2.5,150.59312353925787
25285,-92.0,3.0,150.98303721758052
25286,-92.0,3.5,151.27269678731818
25287,-92.0,4.5,148.95735891877618
25288,-92.0,5.0,153.54312768717674
25289,-92.0,5.5,149.44586858302966
25290,-92.0,6.0,149.45164063983916
25291,-92.0,6.5,155.91415556909624
25292,-92.0,7.0,149.28687919617482
25293,-92.0,7.5,152.56308405727566
25294,-92.0,8.0,153.858127276273
25295,-92.0,8.5,151.63521946813873
25296,-92.0,9.0,155.44979315182593
25297,-92.0,9.5,151.21826313715667
25298,-92.0,10.0,154.34011314301503
25299,-92.0,10.5,157.00860199599248
25300,-92.0,11.0,152.76246941874658
25301,-92.0,12.5,153.53476354785118
25302,-92.0,13.0,155.15417288202394
25303,-92.0,13.5,155.29885291677007
25304,-92.0,14.0,154.45083495336064
25305,-92.0,14.5,155.12002340656176
25306,-92.0,15.0,149.06370278571038
25307,-92.0,15.5,148.3416968031569
25308,-92.0,16.0,152.11382838002226
25309,-92.0,16.5,151.11341019059878
25310,-92.0,17.0,152.52381856709704
25311,-92.0,17.5,153.35878397562567
25312,-92.0,18.0,155.44750562365445
25313,-92.0,18.5,154.84705297718003
25314,-92.0,19.0,151.87204305895668
25315,-92.0,19.5,149.53391074896322
25316,-92.0,20.0,149.4648066542761
25317,-92.0,20.5,150.16084038587923
25318,-92.0,21.0,153.07891123805405
25319,-92.0,21.5,147.9725790661655
25320,-92.0,22.0,149.485618312989
25321,-92.0,22.5,148.4922195129165
25322,-92.0,23.0,149.20847254172583
25323,-92.0,23.5,148.26533843794374
25324,-92.0,24.0,148.62623590970642
25325,-92.0,24.5,148.3535088822235
25326,-92.0,25.0,148.124830285824
25327,-92.0,25.5,156.84855198250253
25328,-92.0,26.0,149.00046177604344
25329,-92.0,26.5,147.6919071191517
25330,-92.0,27.0,147.69532681045635
25331,-92.0,27.5,153.37599629558395
25332,-92.0,28.0,148.1539994955908
25333,-92.0,28.5,148.3527752879102
25334,-92.0,29.0,150.03184931509418
25335,-92.0,29.5,152.0234223972294
25336,-92.0,30.0,156.4127089553067
25337,-92.0,30.5,155.16157173451762
25338,-92.0,31.0,155.907668873417
25339,-92.0,31.5,154.7898682514195
25340,-92.0,32.0,152.27347304178176
25341,-92.0,32.5,154.412154142964
25342,-92.0,33.0,153.63191560715666
25343,-92.0,33.5,155.50239705227804
25344,-92.0,34.0,150.92804358796
25345,-92.0,34.5,158.55828714234565
25346,-92.0,35.0,155.4261449402188
25347,-92.0,35.5,160.32344483072248
25348,-92.0,36.0,151.5681594870991
25349,-92.0,36.5,159.6230776890794
25350,-92.0,37.0,151.6997989030329
25351,-91.5,-40.0,157.30809601182054
25352,-91.5,-37.5,156.16387949664377
25353,-91.5,-37.0,153.52136270614923
25354,-91.5,-36.5,153.3302259114757
25355,-91.5,-36.0,153.86050846358864
25356,-91.5,-35.5,152.14333993720237
25357,-91.5,-35.0,149.81614895508096
25358,-91.5,-34.5,148.82835949758086
25359,-91.5,-34.0,150.89689985962076
25360,-91.5,-33.5,150.56790360479815
25361,-91.5,-33.0,148.51193330094193
25362,-91.5,-32.5,147.6138179880701
25363,-91.5,-32.0,148.25359445581915
25364,-91.5,-31.5,152.63858894248827
25365,-91.5,-31.0,147.30122574929348
25366,-91.5,-30.5,152.38781904637526
25367,-91.5,-30.0,156.85652974143673
25368,-91.5,-29.5,148.41573971030587
25369,-91.5,-29.0,149.74283638748267
25370,-91.5,-28.5,152.71876742653893
25371,-91.5,-28.0,147.52113729635965
25372,-91.5,-27.5,147.22367859001045
25373,-91.5,-27.0,148.33236225434445
25374,-91.5,-26.5,148.2537996238087
25375,-91.5,-26.0,150.16885062184787
25376,-91.5,-25.5,150.0261607944392
25377,-91.5,-25.0,150.4612044315192
25378,-91.5,-24.5,148.67020954578956
25379,-91.5,-24.0,152.66029352746293
25380,-91.5,-23.5,153.48216353765852
25381,-91.5,-23.0,151.4707587378579
25382,-91.5,-22.5,155.20559897832538
25383,-91.5,-22.0,150.67136105957215
25384,-91.5,-21.5,146.92602637582954
25385,-91.5,-21.0,148.2987234684817
25386,-91.5,-20.5,149.33941515526539
25387,-91.5,-20.0,148.32330767839852
25388,-91.5,-19.5,148.56731783970199
25389,-91.5,-19.0,150.1655002396925
25390,-91.5,-18.5,152.15838213585545
25391,-91.5,-18.0,151.196113299238
25392,-91.5,-16.5,151.24783974385534
25393,-91.5,-16.0,147.17745828814265
25394,-91.5,-15.5,153.19477827301702
25395,-91.5,-15.0,157.88891270428613
25396,-91.5,-14.5,151.88278950006116
25397,-91.5,-14.0,154.42206135835636
25398,-91.5,-13.5,153.9303328257347
25399,-91.5,-13.0,152.86213503487556
25400,-91.5,-12.5,151.81289986219454
25401,-91.5,-12.0,149.85726189112245
25402,-91.5,-11.5,153.64288501224127
25403,-91.5,-10.5,150.39178251145046
25404,-91.5,-10.0,150.13322620091446
25405,-91.5,-9.5,149.23777803685195
25406,-91.5,-9.0,150.94287726841796
25407,-91.5,-8.5,150.44110040025603
25408,-91.5,-8.0,155.62649950301412
25409,-91.5,-7.5,149.71598804646393
25410,-91.5,-7.0,148.8981540177704
25411,-91.5,-6.5,155.75244774109404
25412,-91.5,-6.0,147.39362453209486
25413,-91.5,-5.5,147.82578030659514
25414,-91.5,-4.5,151.01829187594063
25415,-91.5,-4.0,149.2384316693927
25416,-91.5,-3.5,149.64639613958005
25417,-91.5,-3.0,150.6978572368717
25418,-91.5,-2.5,149.3353720789187
25419,-91.5,-2.0,155.97746321339832
25420,-91.5,-1.5,150.20206107053676
25421,-91.5,-1.0,149.0952823097388
25422,-91.5,0.5,154.63302464135757
25423,-91.5,1.0,149.03821229907183
25424,-91.5,1.5,149.02382614591374
25425,-91.5,2.0,148.58109410712262
25426,-91.5,2.5,150.37065301942783
25427,-91.5,3.0,152.76807814423867
25428,-91.5,3.5,153.45625570817873
25429,-91.5,4.0,148.63441805826488
25430,-91.5,4.5,153.37367748599
25431,-91.5,5.0,149.5780533614006
25432,-91.5,6.0,151.77910353937125
25433,-91.5,6.5,155.3280209441057
25434,-91.5,7.0,155.22247704798644
25435,-91.5,7.5,153.37797404336362
25436,-91.5,8.0,153.22484495945102
25437,-91.5,8.5,154.26970751589715
25438,-91.5,9.0,149.78213881728627
25439,-91.5,9.5,155.30526517373627
25440,-91.5,10.0,151.89201663879322
25441,-91.5,10.5,155.50520570102634
25442,-91.5,11.0,152.9699507898488
25443,-91.5,11.5,153.13772469609688
25444,-91.5,12.5,158.27607668718227
25445,-91.5,13.0,154.40984728715839
25446,-91.5,13.5,154.20721111871364
25447,-91.5,14.0,155.8762808283267
25448,-91.5,14.5,151.18752234374344
25449,-91.5,15.0,147.24755095489115
25450,-91.5,15.5,149.18137985358823
25451,-91.5,16.0,150.25701904937605
25452,-91.5,16.5,151.13292597268696
25453,-91.5,17.0,150.70141774150323
25454,-91.5,17.5,155.56406492803043
25455,-91.5,18.0,155.05997053671328
25456,-91.5,18.5,156.34085824572333
25457,-91.5,19.0,158.93896207660958
25458,-91.5,19.5,149.94375182515614
25459,-91.5,20.0,146.5868143313652
25460,-91.5,20.5,151.78796001753415
25461,-91.5,21.0,152.88759453576952
25462,-91.5,21.5,148.72035772029923
25463,-91.5,22.0,150.10037553949545
25464,-91.5,22.5,149.1602134104596
25465,-91.5,23.0,148.71090516060022
25466,-91.5,23.5,148.3753189597823
25467,-91.5,24.0,149.0500505040327
25468,-91.5,24.5,148.35964279667553
25469,-91.5,25.0,149.05003419681503
25470,-91.5,25.5,150.71334007540707
25471,-91.5,26.0,157.27771534882663
25472,-91.5,26.5,148.043620295076
25473,-91.5,27.0,148.0622954590715
25474,-91.5,27.5,150.67491063748477
25475,-91.5,28.0,152.81699297589327
25476,-91.5,28.5,148.2898462361812
25477,-91.5,29.0,148.8523064551334
25478,-91.5,29.5,154.20742214967672
25479,-91.5,30.0,157.01994433271506
25480,-91.5,30.5,156.491872616544
25481,-91.5,31.0,154.65743736859025
25482,-91.5,31.5,154.29035844394565
25483,-91.5,32.0,152.8495243104734
25484,-91.5,32.5,154.57278796008254
25485,-91.5,33.0,154.38935156883264
25486,-91.5,33.5,157.3129741848252
25487,-91.5,34.0,155.08718182366536
25488,-91.5,34.5,157.87793436530757
25489,-91.5,35.0,160.91931326356595
25490,-91.5,35.5,160.4831549804537
25491,-91.5,36.0,153.32519550293486
25492,-91.5,36.5,156.61350154379207
25493,-91.5,37.0,151.76238195043138
25494,-91.0,-40.0,157.30288219799766
25495,-91.0,-37.5,156.50027270503335
25496,-91.0,-37.0,153.6814816631422
25497,-91.0,-36.5,153.85978518845255
25498,-91.0,-36.0,154.8869727650642
25499,-91.0,-35.5,152.23308191511163
25500,-91.0,-35.0,149.65293978053145
25501,-91.0,-34.5,148.49558507887824
25502,-91.0,-34.0,151.16908249429707
25503,-91.0,-33.5,149.66327234844596
25504,-91.0,-33.0,148.35239154754262
25505,-91.0,-32.5,147.275110636988
25506,-91.0,-32.0,147.7404629631296
25507,-91.0,-31.5,158.32619096256795
25508,-91.0,-31.0,147.44985097151724
25509,-91.0,-30.5,150.0212960812539
25510,-91.0,-30.0,153.67459057014108
25511,-91.0,-29.5,150.08048199274026
25512,-91.0,-29.0,150.85851958363
25513,-91.0,-28.5,151.25660595363166
25514,-91.0,-28.0,147.59298267962274
25515,-91.0,-27.5,147.87088799454025
25516,-91.0,-27.0,148.03651737186192
25517,-91.0,-26.5,148.48379681936393
25518,-91.0,-26.0,150.5362949644237
25519,-91.0,-25.5,150.3801807579043
25520,-91.0,-25.0,151.11010184189496
25521,-91.0,-24.5,152.03003275507652
25522,-91.0,-24.0,151.69494245139043
25523,-91.0,-23.5,155.1026580078567
25524,-91.0,-23.0,151.9300579326494
25525,-91.0,-22.5,152.36273430250583
25526,-91.0,-22.0,149.0690597725731
25527,-91.0,-21.5,147.1313992306423
25528,-91.0,-21.0,148.06096226785345
25529,-91.0,-20.5,149.13645860053234
25530,-91.0,-20.0,148.7404522266074
25531,-91.0,-19.5,148.2927234672172
25532,-91.0,-19.0,147.77916512702274
25533,-91.0,-18.5,150.7165026211194
25534,-91.0,-18.0,147.08315395009413
25535,-91.0,-15.5,150.35373551585656
25536,-91.0,-15.0,155.56526933588373
25537,-91.0,-14.5,159.15536129141302
25538,-91.0,-14.0,152.25409054767485
25539,-91.0,-13.5,149.47330465264466
25540,-91.0,-13.0,153.62218717999798
25541,-91.0,-12.5,153.70453757819988
25542,-91.0,-12.0,150.59188497568752
25543,-91.0,-11.5,147.52569926807834
25544,-91.0,-10.5,150.54310610975014
25545,-91.0,-10.0,151.50582774561724
25546,-91.0,-9.5,153.70980286098126
25547,-91.0,-9.0,149.44435673245133
25548,-91.0,-8.5,152.8877296146155
25549,-91.0,-8.0,149.63179786695855
25550,-91.0,-7.5,148.98867759848105
25551,-91.0,-7.0,152.74844266303523
25552,-91.0,-6.5,148.80217412539636
25553,-91.0,-6.0,146.9069754149133
25554,-91.0,-5.5,148.34288407903384
25555,-91.0,-5.0,151.66084134576354
25556,-91.0,-4.5,150.61216830353297
25557,-91.0,-4.0,149.01257744888377
25558,-91.0,-3.5,150.80738729958827
25559,-91.0,-3.0,148.1847240432994
25560,-91.0,-2.5,153.90889702321124
25561,-91.0,-2.0,149.0843313708082
25562,-91.0,-1.5,152.02930788269373
25563,-91.0,-1.0,149.80872613190127
25564,-91.0,-0.5,148.3990420698155
25565,-91.0,0.5,151.31929717822533
25566,-91.0,1.0,152.47469042308123
25567,-91.0,2.0,151.11202689363984
25568,-91.0,2.5,151.03645272467213
25569,-91.0,3.0,151.46694686436865
25570,-91.0,3.5,150.58068358442225
25571,-91.0,4.0,151.58232822109213
25572,-91.0,4.5,149.791508542515
25573,-91.0,5.0,149.11217422949534
25574,-91.0,5.5,149.0682647339454
25575,-91.0,6.0,153.67155172886896
25576,-91.0,6.5,150.2809775313111
25577,-91.0,7.0,153.3519671178576
25578,-91.0,7.5,156.8845755977988
25579,-91.0,8.0,152.2596490924014
25580,-91.0,8.5,155.58211039482495
25581,-91.0,9.0,154.92657872037762
25582,-91.0,9.5,154.9176478186624
25583,-91.0,10.0,154.38062595659213
25584,-91.0,10.5,153.22238977521013
25585,-91.0,11.5,154.90459802196523
25586,-91.0,12.0,156.2471076798189
25587,-91.0,13.0,155.26233214260205
25588,-91.0,13.5,155.23852555915045
25589,-91.0,14.0,154.23617349687103
25590,-91.0,14.5,149.1262352949069
25591,-91.0,15.0,147.44056476287534
25592,-91.0,15.5,149.9157253156864
25593,-91.0,16.0,151.20523818946708
25594,-91.0,16.5,150.20095616962928
25595,-91.0,17.0,153.6519474008708
25596,-91.0,17.5,154.6074097621651
25597,-91.0,18.0,156.39660222168865
25598,-91.0,18.5,152.82046210561202
25599,-91.0,19.0,156.20450328073142
25600,-91.0,19.5,158.65942101171015
25601,-91.0,20.0,149.61258457512236
25602,-91.0,20.5,155.09393424658055
25603,-91.0,21.0,150.19374380041216
25604,-91.0,21.5,150.66972502664836
25605,-91.0,22.0,149.07646616945047
25606,-91.0,22.5,149.77231548263956
25607,-91.0,23.0,148.17618444350833
25608,-91.0,23.5,148.56045819647144
25609,-91.0,24.0,148.7598981886184
25610,-91.0,24.5,148.49810377181205
25611,-91.0,25.0,149.6050411300984
25612,-91.0,25.5,148.14945616348118
25613,-91.0,26.0,175.05542122910808
25614,-91.0,26.5,147.758616782882
25615,-91.0,27.0,147.73529224127955
25616,-91.0,27.5,148.19534473167167
25617,-91.0,28.0,155.07800056068243
25618,-91.0,28.5,149.25427901294964
25619,-91.0,29.0,150.848905677093
25620,-91.0,29.5,160.43957084359417
25621,-91.0,30.0,155.43389456036422
25622,-91.0,30.5,152.8409922762966
25623,-91.0,31.0,151.66568780057548
25624,-91.0,31.5,149.50384868844756
25625,-91.0,32.0,153.2001099981702
25626,-91.0,32.5,157.7208383125658
25627,-91.0,33.0,156.45931800456347
25628,-91.0,33.5,158.71562720540177
25629,-91.0,34.0,157.87493443018587
25630,-91.0,34.5,156.05356080755942
25631,-91.0,35.0,160.49404826309836
25632,-91.0,35.5,162.99245507941347
25633,-91.0,36.0,157.926013961824
25634,-91.0,36.5,159.95890790677345
25635,-91.0,37.0,152.40718123247186
25636,-90.5,-40.0,157.07338170208877
25637,-90.5,-37.5,157.0218636856045
25638,-90.5,-37.0,154.52185863265038
25639,-90.5,-36.5,155.0641917693711
25640,-90.5,-36.0,155.059074897156
25641,-90.5,-35.5,151.6936603503259
25642,-90.5,-35.0,151.80715515474864
25643,-90.5,-34.5,148.7033482147796
25644,-90.5,-34.0,151.50991805212826
25645,-90.5,-33.5,148.026909474868
25646,-90.5,-33.0,147.9793463103942
25647,-90.5,-32.5,146.89309946749114
25648,-90.5,-32.0,147.53451558547619
25649,-90.5,-31.5,155.25393485688895
25650,-90.5,-31.0,147.88752825643064
25651,-90.5,-30.5,148.879720935767
25652,-90.5,-30.0,152.22781097120188
25653,-90.5,-29.5,151.1026211044352
25654,-90.5,-29.0,151.16972503861612
25655,-90.5,-28.5,149.30004967865176
25656,-90.5,-28.0,146.2159271708829
25657,-90.5,-27.5,148.59537637303157
25658,-90.5,-27.0,148.18915888306
25659,-90.5,-26.5,149.23491371153193
25660,-90.5,-26.0,149.82178715717205
25661,-90.5,-25.5,150.728817705404
25662,-90.5,-25.0,151.88807743395333
25663,-90.5,-24.5,150.9680747580722
25664,-90.5,-24.0,156.1852339941637
25665,-90.5,-23.5,151.0483405069552
25666,-90.5,-23.0,152.6830374120598
25667,-90.5,-22.5,151.18985524846815
25668,-90.5,-22.0,146.5268650433825
25669,-90.5,-21.5,147.14531527352912
25670,-90.5,-21.0,147.8829065235879
25671,-90.5,-20.5,149.01190792216394
25672,-90.5,-20.0,148.89480287496337
25673,-90.5,-19.0,150.4189357458815
25674,-90.5,-18.5,148.02732669253265
25675,-90.5,-18.0,147.43623493491148
25676,-90.5,-17.5,151.36515288864683
25677,-90.5,-17.0,151.7573742097976
25678,-90.5,-15.5,153.9810873068111
25679,-90.5,-15.0,149.676375762483
25680,-90.5,-14.5,158.0909955906639
25681,-90.5,-14.0,153.38518241199606
25682,-90.5,-13.5,150.52170745851785
25683,-90.5,-13.0,150.6048692105216
25684,-90.5,-12.5,153.75494214274286
25685,-90.5,-11.5,150.89116747696173
25686,-90.5,-11.0,150.50589166625835
25687,-90.5,-10.5,150.71374609894815
25688,-90.5,-10.0,154.3215543533945
25689,-90.5,-9.5,151.03035071141204
25690,-90.5,-9.0,158.0644013429444
25691,-90.5,-8.5,152.14154484025548
25692,-90.5,-8.0,149.57179680690368
25693,-90.5,-7.5,149.70197791045487
25694,-90.5,-7.0,151.33785062461305
25695,-90.5,-6.5,147.48535321291348
25696,-90.5,-6.0,149.3136722755131
25697,-90.5,-5.0,149.60157073828282
25698,-90.5,-4.5,145.63218318644311
25699,-90.5,-3.5,148.91817059904915
25700,-90.5,-3.0,150.87431989350245
25701,-90.5,-2.5,149.52972117998908
25702,-90.5,-2.0,151.0931412079832
25703,-90.5,-1.5,150.27280725161398
25704,-90.5,-1.0,153.25765281152687
25705,-90.5,-0.5,149.24431822729377
25706,-90.5,0.0,147.76750263755332
25707,-90.5,0.5,149.35277708781805
25708,-90.5,1.0,154.2756954418518
25709,-90.5,1.5,153.93364262603305
25710,-90.5,2.0,152.60135638552526
25711,-90.5,2.5,154.60780760571444
25712,-90.5,3.0,148.52807301530996
25713,-90.5,3.5,151.42900555434474
25714,-90.5,4.0,153.19070201208243
25715,-90.5,4.5,148.63031768298276
25716,-90.5,5.0,148.64442203266643
25717,-90.5,5.5,151.4497467616152
25718,-90.5,6.0,149.62895411578282
25719,-90.5,6.5,152.39133941913494
25720,-90.5,7.0,154.30290723936238
25721,-90.5,7.5,152.0895224448621
25722,-90.5,8.0,157.64111056734276
25723,-90.5,8.5,153.0410473769997
25724,-90.5,9.0,156.07866182201926
25725,-90.5,9.5,156.10916179485153
25726,-90.5,10.0,155.75203003387065
25727,-90.5,10.5,153.85477913314122
25728,-90.5,11.0,154.642574773512
25729,-90.5,12.0,155.72175212511354
25730,-90.5,12.5,156.56713712128445
25731,-90.5,13.0,154.80698146761213
25732,-90.5,13.5,156.30652062639342
25733,-90.5,14.0,152.9186464878659
25734,-90.5,14.5,148.89070301816722
25735,-90.5,15.0,147.36646939657086
25736,-90.5,15.5,152.23151656637583
25737,-90.5,16.0,151.37782487312086
25738,-90.5,16.5,152.55751485615295
25739,-90.5,17.0,152.47938307862887
25740,-90.5,17.5,149.69376211215686
25741,-90.5,18.0,153.3472623455102
25742,-90.5,18.5,150.4083682244036
25743,-90.5,19.0,152.15608109984942
25744,-90.5,19.5,155.92773503489485
25745,-90.5,20.0,154.26900651102258
25746,-90.5,20.5,153.48838045438052
25747,-90.5,21.0,149.0831639764188
25748,-90.5,21.5,151.6310232592755
25749,-90.5,22.0,148.9297806970351
25750,-90.5,22.5,149.5895114963409
25751,-90.5,23.0,148.9784015988796
25752,-90.5,23.5,148.47153074374546
25753,-90.5,24.0,148.5329972266523
25754,-90.5,24.5,149.15863577350234
25755,-90.5,25.0,148.84982321519576
25756,-90.5,25.5,148.46102831374108
25757,-90.5,26.0,157.0676133965775
25758,-90.5,26.5,152.53622515212356
25759,-90.5,27.0,147.20038778683306
25760,-90.5,27.5,147.50960203255372
25761,-90.5,28.0,155.58149082211426
25762,-90.5,28.5,150.50198368064866
25763,-90.5,29.0,148.0988341720599
25764,-90.5,29.5,160.20488242892046
25765,-90.5,30.0,154.36904023527975
25766,-90.5,30.5,152.9502441249818
25767,-90.5,31.0,150.77633716475418
25768,-90.5,31.5,149.9393653317848
25769,-90.5,32.0,150.10445599197104
25770,-90.5,32.5,154.15399971097378
25771,-90.5,33.0,155.82857607926326
25772,-90.5,33.5,157.0939697760412
25773,-90.5,34.0,157.03912324134697
25774,-90.5,34.5,157.62137757179013
25775,-90.5,35.0,161.81924110240408
25776,-90.5,35.5,158.88117520364236
25777,-90.5,36.0,158.07863843871914
25778,-90.5,36.5,158.25823839931903
25779,-90.5,37.0,153.66925056780673
25780,-90.0,-40.0,157.0897297158358
25781,-90.0,-37.5,156.33167248467748
25782,-90.0,-37.0,155.0118811605452
25783,-90.0,-36.5,154.93752839650665
25784,-90.0,-36.0,153.41698135954022
25785,-90.0,-35.5,150.72459455048946
25786,-90.0,-35.0,151.00359673141227
25787,-90.0,-34.5,148.7736013080734
25788,-90.0,-34.0,151.4722457418867
25789,-90.0,-33.5,147.81511822149898
25790,-90.0,-33.0,147.88854482914272
25791,-90.0,-32.5,147.59365450821065
25792,-90.0,-32.0,147.08505138464758
25793,-90.0,-31.5,151.5831999763544
25794,-90.0,-31.0,148.31655441128382
25795,-90.0,-30.5,148.5670405705423
25796,-90.0,-30.0,150.72933298660126
25797,-90.0,-29.5,152.36716155543417
25798,-90.0,-28.5,148.36309768618938
25799,-90.0,-28.0,149.21319746099576
25800,-90.0,-27.5,148.37041428590246
25801,-90.0,-27.0,148.6380855797627
25802,-90.0,-26.5,149.36345847131963
25803,-90.0,-26.0,150.35760394082905
25804,-90.0,-25.5,150.10346251597326
25805,-90.0,-25.0,154.4171062826999
25806,-90.0,-24.5,150.3498141603037
25807,-90.0,-24.0,151.48746690184916
25808,-90.0,-23.5,152.4469521911487
25809,-90.0,-23.0,153.24429868058547
25810,-90.0,-22.5,150.85940761538274
25811,-90.0,-22.0,147.65241919572716
25812,-90.0,-21.5,146.9120543799256
25813,-90.0,-21.0,147.76269401668597
25814,-90.0,-20.5,148.07036291077222
25815,-90.0,-20.0,149.81339293505457
25816,-90.0,-19.5,149.79019695305337
25817,-90.0,-19.0,150.13991797431703
25818,-90.0,-18.5,148.4004979655323
25819,-90.0,-18.0,148.1594147451394
25820,-90.0,-17.5,149.8305971500546
25821,-90.0,-17.0,151.63196150711875
25822,-90.0,-16.0,156.71685150716004
25823,-90.0,-15.5,157.6985605855055
25824,-90.0,-15.0,153.1493338034906
25825,-90.0,-14.5,156.69310332367627
25826,-90.0,-14.0,161.6721475910412
25827,-90.0,-13.5,151.91682831131206
25828,-90.0,-13.0,151.64481754135346
25829,-90.0,-12.5,153.20788995167553
25830,-90.0,-12.0,155.41903710459525
25831,-90.0,-11.5,154.10304725362096
25832,-90.0,-11.0,148.43260206744296
25833,-90.0,-10.0,154.11361489381648
25834,-90.0,-9.5,152.39977782514288
25835,-90.0,-9.0,153.57727029133324
25836,-90.0,-8.5,148.7977877688869
25837,-90.0,-8.0,148.28274655165586
25838,-90.0,-7.5,153.0766172663497
25839,-90.0,-7.0,147.5910462730761
25840,-90.0,-6.5,149.26712915718923
25841,-90.0,-6.0,149.59028430031307
25842,-90.0,-5.5,149.1534765285932
25843,-90.0,-5.0,145.50849679375526
25844,-90.0,-4.5,147.7578504451363
25845,-90.0,-4.0,145.99167222672054
25846,-90.0,-3.5,149.51620602277848
25847,-90.0,-3.0,150.61023069558135
25848,-90.0,-2.5,149.4199850619763
25849,-90.0,-2.0,149.30738026607816
25850,-90.0,-1.5,153.50652490385372
25851,-90.0,-1.0,153.95897628220663
25852,-90.0,-0.5,151.77010984729128
25853,-90.0,0.0,148.354249345313
25854,-90.0,0.5,148.09509531163872
25855,-90.0,1.5,153.36176741148032
25856,-90.0,2.0,153.33043717567224
25857,-90.0,3.0,151.1300509443294
25858,-90.0,3.5,150.82798024435485
25859,-90.0,4.0,150.83745632446858
25860,-90.0,5.0,151.79090479143298
25861,-90.0,5.5,154.04545833576282
25862,-90.0,6.0,150.65248408077906
25863,-90.0,6.5,153.12079146711446
25864,-90.0,7.0,152.8231139455239
25865,-90.0,7.5,154.98674056486948
25866,-90.0,8.0,157.43836375057603
25867,-90.0,8.5,154.8719768101895
25868,-90.0,9.0,155.0661408170475
25869,-90.0,9.5,156.26984952340896
25870,-90.0,10.0,157.6968565526434
25871,-90.0,10.5,157.6099299432696
25872,-90.0,11.0,153.90492764115427
25873,-90.0,12.0,153.57962788066322
25874,-90.0,12.5,153.42390326641768
25875,-90.0,13.0,154.98921343837367
25876,-90.0,13.5,153.5887705047734
25877,-90.0,14.0,154.75799809486924
25878,-90.0,14.5,148.9880342610838
25879,-90.0,15.0,150.197379056487
25880,-90.0,15.5,149.64531116686032
25881,-90.0,16.0,152.3507105177599
25882,-90.0,16.5,151.75403667337926
25883,-90.0,17.0,153.64058541628108
25884,-90.0,17.5,149.25846848316263
25885,-90.0,18.0,153.30515304244037
25886,-90.0,18.5,146.2189701460759
25887,-90.0,19.0,155.57407086708983
25888,-90.0,19.5,150.068770356803
25889,-90.0,20.0,151.06383142963267
25890,-90.0,20.5,147.7843719738748
25891,-90.0,21.0,150.76317602673814
25892,-90.0,21.5,149.96642047865592
25893,-90.0,22.0,150.0191041758041
25894,-90.0,22.5,149.06208821806337
25895,-90.0,23.0,149.39349550952542
25896,-90.0,23.5,148.7368796827075
25897,-90.0,24.0,148.5293899642416
25898,-90.0,24.5,150.36127888835676
25899,-90.0,25.0,146.79355150820507
25900,-90.0,25.5,150.6190296337512
25901,-90.0,26.0,147.33924382904038
25902,-90.0,26.5,173.30982234262044
25903,-90.0,27.0,146.77982906134565
25904,-90.0,27.5,147.67647991751988
25905,-90.0,28.0,151.44183497158818
25906,-90.0,28.5,156.92149596331168
25907,-90.0,29.0,148.31259484955902
25908,-90.0,29.5,161.89177215550438
25909,-90.0,30.0,153.57198132881118
25910,-90.0,30.5,151.03023595744233
25911,-90.0,31.0,151.40190204399823
25912,-90.0,31.5,149.6381364902882
25913,-90.0,32.0,150.27817378132832
25914,-90.0,32.5,152.4939926110734
25915,-90.0,33.0,153.25732945606225
25916,-90.0,33.5,153.34207788406567
25917,-90.0,34.0,155.60259201657576
25918,-90.0,34.5,154.75949777617447
25919,-90.0,35.0,161.97226833122426
25920,-90.0,35.5,160.6857912288774
25921,-90.0,36.0,158.05644508894272
25922,-90.0,36.5,156.86151923184303
25923,-90.0,37.0,154.76714069758185
25924,-89.5,-40.0,156.9641890862696
25925,-89.5,-37.5,155.5263119899313
25926,-89.5,-37.0,154.55784751776622
25927,-89.5,-36.5,154.18088828657994
25928,-89.5,-36.0,153.93618538031916
25929,-89.5,-35.5,150.53048148458436
25930,-89.5,-35.0,150.5103380209696
25931,-89.5,-34.5,148.43149222281036
25932,-89.5,-34.0,152.67221098350421
25933,-89.5,-33.5,147.96587298535763
25934,-89.5,-33.0,147.69340557077757
25935,-89.5,-32.5,147.65243736185968
25936,-89.5,-32.0,147.10805262007887
25937,-89.5,-31.5,147.87901399493427
25938,-89.5,-31.0,151.49577823411934
25939,-89.5,-30.5,148.7140333047853
25940,-89.5,-30.0,152.63205002959975
25941,-89.5,-29.5,153.145979226782
25942,-89.5,-28.5,146.8266123909151
25943,-89.5,-28.0,151.57342013595178
25944,-89.5,-27.5,147.6466238186646
25945,-89.5,-27.0,149.29274672629379
25946,-89.5,-26.5,148.55651276361888
25947,-89.5,-26.0,150.60228982914884
25948,-89.5,-25.5,151.17256972855492
25949,-89.5,-25.0,151.38091040865166
25950,-89.5,-24.5,151.40765411073914
25951,-89.5,-24.0,150.10732827099122
25952,-89.5,-23.5,154.03470246968368
25953,-89.5,-23.0,151.4579309076102
25954,-89.5,-22.5,148.97031410179548
25955,-89.5,-22.0,148.9351041935392
25956,-89.5,-21.5,147.76228848398077
25957,-89.5,-21.0,147.6015569193695
25958,-89.5,-20.5,147.7767568479654
25959,-89.5,-20.0,149.50863634293208
25960,-89.5,-19.5,149.85653266957652
25961,-89.5,-19.0,149.6816313536028
25962,-89.5,-18.0,149.7079649855126
25963,-89.5,-17.5,149.0457630486558
25964,-89.5,-17.0,146.74819807117197
25965,-89.5,-16.0,157.28626779895546
25966,-89.5,-15.5,156.55199086179385
25967,-89.5,-15.0,157.88830930331153
25968,-89.5,-14.5,146.9938822931552
25969,-89.5,-14.0,155.22888405120185
25970,-89.5,-13.5,160.12428758283528
25971,-89.5,-13.0,150.67245530015268
25972,-89.5,-12.5,148.9660046597028
25973,-89.5,-12.0,157.39177726777186
25974,-89.5,-11.5,151.64958452201728
25975,-89.5,-11.0,147.60102734012375
25976,-89.5,-10.5,150.90904495875188
25977,-89.5,-10.0,153.84203375395902
25978,-89.5,-9.5,157.191711034641
25979,-89.5,-9.0,150.25074593033233
25980,-89.5,-8.5,148.74978114498967
25981,-89.5,-8.0,153.60287400825555
25982,-89.5,-7.5,148.246968195668
25983,-89.5,-7.0,148.82176433443317
25984,-89.5,-6.5,149.30405125053593
25985,-89.5,-6.0,150.80827239749848
25986,-89.5,-5.5,147.54455297717152
25987,-89.5,-5.0,146.56160627398546
25988,-89.5,-4.5,146.82709603653402
25989,-89.5,-4.0,147.16181230204612
25990,-89.5,-3.0,148.91408903615576
25991,-89.5,-2.5,149.09314662576782
25992,-89.5,-2.0,150.53627718616818
25993,-89.5,-1.5,152.94697417920858
25994,-89.5,-1.0,152.89220698337223
25995,-89.5,-0.5,151.37841046479042
25996,-89.5,0.0,149.0055647223183
25997,-89.5,0.5,148.16800912463466
25998,-89.5,1.0,150.7181887988493
25999,-89.5,1.5,153.96276045275266
26000,-89.5,2.0,153.32279613926264
26001,-89.5,3.0,153.21104334496627
26002,-89.5,3.5,148.6111283581944
26003,-89.5,4.0,149.76536133797302
26004,-89.5,4.5,150.73174346412742
26005,-89.5,5.0,154.90560679803002
26006,-89.5,5.5,151.10002265757095
26007,-89.5,6.0,151.7151533589962
26008,-89.5,6.5,151.30844784606734
26009,-89.5,7.0,156.62163005650078
26010,-89.5,7.5,154.73889781312752
26011,-89.5,8.0,156.3666568177351
26012,-89.5,8.5,155.52486306718245
26013,-89.5,9.0,154.11146295226942
26014,-89.5,9.5,153.15185661144682
26015,-89.5,10.0,157.1198756732978
26016,-89.5,10.5,156.26222391316998
26017,-89.5,11.0,155.6542417751524
26018,-89.5,11.5,152.83919582966556
26019,-89.5,12.0,153.5188945467961
26020,-89.5,12.5,152.07883106303805
26021,-89.5,13.0,152.96911042498684
26022,-89.5,13.5,151.5310768337724
26023,-89.5,14.5,160.1424726508609
26024,-89.5,15.0,151.2672183051666
26025,-89.5,15.5,149.48742380368716
26026,-89.5,16.0,152.85160432071007
26027,-89.5,16.5,156.92012669171737
26028,-89.5,17.0,150.30343377080177
26029,-89.5,17.5,149.8588497947519
26030,-89.5,18.0,145.7181087018606
26031,-89.5,18.5,158.621756330022
26032,-89.5,19.0,148.8205124103358
26033,-89.5,19.5,151.75276618595134
26034,-89.5,20.0,145.82733946687395
26035,-89.5,20.5,144.56904035917543
26036,-89.5,21.0,149.99100377577756
26037,-89.5,21.5,149.68683336067397
26038,-89.5,22.0,150.73113248923607
26039,-89.5,22.5,149.12449752198293
26040,-89.5,23.0,148.51335387744712
26041,-89.5,23.5,149.3846125677402
26042,-89.5,24.0,148.73684407416235
26043,-89.5,24.5,149.44456681744026
26044,-89.5,25.0,146.8787204825138
26045,-89.5,25.5,151.3341568004093
26046,-89.5,26.0,147.4081396153244
26047,-89.5,26.5,159.76596701445655
26048,-89.5,27.0,146.59742907606582
26049,-89.5,27.5,157.52972101269924
26050,-89.5,28.0,151.02246909210484
26051,-89.5,28.5,158.92915926455981
26052,-89.5,29.0,150.4982942524331
26053,-89.5,29.5,157.27074213134642
26054,-89.5,30.0,156.37952376569888
26055,-89.5,30.5,154.61622885645045
26056,-89.5,31.0,150.89432618412914
26057,-89.5,31.5,151.48238511162893
26058,-89.5,32.0,150.48276198045963
26059,-89.5,32.5,151.22991127119306
26060,-89.5,33.0,151.78153629768747
26061,-89.5,33.5,150.88370297905527
26062,-89.5,34.0,153.82935030613268
26063,-89.5,34.5,154.43305866553158
26064,-89.5,35.0,162.2723678237685
26065,-89.5,35.5,154.65797963768154
26066,-89.5,36.0,158.08808631762614
26067,-89.5,36.5,160.19815517816406
26068,-89.5,37.0,155.07712364661165
26069,-89.0,-40.0,156.94945274543065
26070,-89.0,-37.5,154.9791795648878
26071,-89.0,-37.0,153.2712499049893
26072,-89.0,-36.5,153.80873003366727
26073,-89.0,-36.0,152.51883272587764
26074,-89.0,-35.5,150.5085009556224
26075,-89.0,-35.0,150.22303222719216
26076,-89.0,-34.5,148.85465780315045
26077,-89.0,-34.0,152.93092171658415
26078,-89.0,-33.5,147.66394450930795
26079,-89.0,-33.0,147.81446569152308
26080,-89.0,-32.5,147.58800429214656
26081,-89.0,-32.0,147.3550400193901
26082,-89.0,-31.5,148.11189847725709
26083,-89.0,-31.0,155.24649820289576
26084,-89.0,-30.5,148.4598665714194
26085,-89.0,-30.0,153.07340390140553
26086,-89.0,-29.5,152.52286543343212
26087,-89.0,-29.0,152.73261279274635
26088,-89.0,-28.5,146.76119765500977
26089,-89.0,-28.0,150.7675884216777
26090,-89.0,-27.5,148.02447720432272
26091,-89.0,-27.0,149.55277577970773
26092,-89.0,-26.5,148.80734911838837
26093,-89.0,-26.0,150.0242871979096
26094,-89.0,-25.5,152.0112284667186
26095,-89.0,-25.0,149.49784079920815
26096,-89.0,-24.5,151.72618991206258
26097,-89.0,-24.0,152.3754370467929
26098,-89.0,-23.5,152.38094540924828
26099,-89.0,-23.0,150.82748756251488
26100,-89.0,-22.5,151.5768899534055
26101,-89.0,-22.0,151.74496350545925
26102,-89.0,-21.5,148.04776278348155
26103,-89.0,-21.0,147.42452036644562
26104,-89.0,-20.5,148.25582060877076
26105,-89.0,-20.0,150.10057407619894
26106,-89.0,-19.5,150.20866996436254
26107,-89.0,-19.0,149.7444244163948
26108,-89.0,-18.5,150.7891950331908
26109,-89.0,-18.0,150.87288475382996
26110,-89.0,-17.5,148.14581175043065
26111,-89.0,-17.0,146.72927424855357
26112,-89.0,-16.0,157.78343637339051
26113,-89.0,-15.5,158.38851225343336
26114,-89.0,-15.0,157.30759768079787
26115,-89.0,-14.5,150.00950486857374
26116,-89.0,-14.0,152.0492087282109
26117,-89.0,-13.5,161.11067505920403
26118,-89.0,-13.0,156.0258011611794
26119,-89.0,-12.5,151.00341157026787
26120,-89.0,-12.0,151.68253818741005
26121,-89.0,-11.5,151.59452875776776
26122,-89.0,-11.0,153.32382269231422
26123,-89.0,-10.5,148.7201911043173
26124,-89.0,-10.0,155.17609387398028
26125,-89.0,-9.5,156.87244460677616
26126,-89.0,-9.0,149.0502721906316
26127,-89.0,-8.5,150.99775608962375
26128,-89.0,-8.0,155.1374327754805
26129,-89.0,-7.5,148.36599562132062
26130,-89.0,-7.0,148.91230271723884
26131,-89.0,-6.5,150.66481269145484
26132,-89.0,-6.0,149.71487314335178
26133,-89.0,-5.5,146.7799760899784
26134,-89.0,-5.0,149.17466085884027
26135,-89.0,-4.5,145.88963128895006
26136,-89.0,-4.0,148.46612864142364
26137,-89.0,-3.5,147.53089050739945
26138,-89.0,-3.0,146.75646243373805
26139,-89.0,-2.5,150.04698773621075
26140,-89.0,-2.0,151.29466128029395
26141,-89.0,-1.5,150.26083958324702
26142,-89.0,-1.0,151.95094417429934
26143,-89.0,-0.5,148.38632564719782
26144,-89.0,0.0,152.7363905861974
26145,-89.0,0.5,148.74022025896608
26146,-89.0,1.0,151.0781243387035
26147,-89.0,2.0,153.280446136374
26148,-89.0,2.5,152.9950213388707
26149,-89.0,4.0,148.52927189077252
26150,-89.0,4.5,150.55344170001743
26151,-89.0,5.0,151.0675724715565
26152,-89.0,5.5,153.19643434979116
26153,-89.0,6.0,154.75565912283568
26154,-89.0,6.5,151.90170918480558
26155,-89.0,7.0,153.94103721594192
26156,-89.0,7.5,155.61123146780085
26157,-89.0,8.0,154.40880506211477
26158,-89.0,8.5,156.16320047310367
26159,-89.0,9.5,152.1927634810013
26160,-89.0,10.0,159.0341453659389
26161,-89.0,10.5,156.24123607505896
26162,-89.0,11.0,154.4158069870279
26163,-89.0,11.5,153.52906524769776
26164,-89.0,12.0,152.59892056963992
26165,-89.0,12.5,153.89503703002205
26166,-89.0,13.0,152.53738404864117
26167,-89.0,14.5,153.7048062267882
26168,-89.0,15.0,150.4022843964185
26169,-89.0,15.5,153.6452191494161
26170,-89.0,16.0,156.0155129787597
26171,-89.0,16.5,152.08945115407658
26172,-89.0,17.0,150.9538823483707
26173,-89.0,17.5,149.34573207880086
26174,-89.0,18.0,151.8589254730936
26175,-89.0,18.5,165.13325829460982
26176,-89.0,19.0,152.35681196270028
26177,-89.0,19.5,148.6036790032195
26178,-89.0,20.0,148.80184666374097
26179,-89.0,20.5,146.9779770108618
26180,-89.0,21.0,144.72546296802992
26181,-89.0,21.5,150.42036469845794
26182,-89.0,22.0,150.20216663996166
26183,-89.0,22.5,150.02213465329868
26184,-89.0,23.0,148.8339712359548
26185,-89.0,23.5,149.70471478487602
26186,-89.0,24.0,149.43235685796597
26187,-89.0,24.5,147.44743956273996
26188,-89.0,25.0,147.24220655927002
26189,-89.0,25.5,149.8705736811452
26190,-89.0,26.0,147.72716676816154
26191,-89.0,26.5,148.6260199965495
26192,-89.0,27.0,156.92801923281655
26193,-89.0,27.5,173.59476948582008
26194,-89.0,28.0,150.63862804364535
26195,-89.0,28.5,160.90683414524153
26196,-89.0,29.0,155.0632546409871
26197,-89.0,29.5,148.22125684706782
26198,-89.0,30.0,150.03540724794894
26199,-89.0,30.5,156.18882114199508
26200,-89.0,31.0,149.6974796924832
26201,-89.0,31.5,150.5180510705451
26202,-89.0,32.0,150.19908635265583
26203,-89.0,32.5,152.04708163413343
26204,-89.0,33.0,152.4817900370737
26205,-89.0,33.5,151.6754501007385
26206,-89.0,34.0,155.19270352473995
26207,-89.0,34.5,153.51459787683268
26208,-89.0,35.0,158.76543980784845
26209,-89.0,35.5,154.47957814603433
26210,-89.0,36.0,156.64251658779116
26211,-89.0,36.5,154.71353874506576
26212,-89.0,37.0,155.2662621941131
26213,-88.5,-40.0,156.87133745946178
26214,-88.5,-37.5,153.63938918002788
26215,-88.5,-37.0,152.23466075431676
26216,-88.5,-36.5,154.026338763431
26217,-88.5,-36.0,152.38171338395992
26218,-88.5,-35.0,149.87533291605828
26219,-88.5,-34.5,149.27865551550406
26220,-88.5,-34.0,152.25045812813886
26221,-88.5,-33.5,147.79342710531066
26222,-88.5,-33.0,147.5488910854531
26223,-88.5,-32.5,147.51477200718892
26224,-88.5,-32.0,147.58011888095493
26225,-88.5,-31.5,148.17445106003166
26226,-88.5,-31.0,159.26630744103906
26227,-88.5,-30.5,148.54900786479664
26228,-88.5,-30.0,153.29179636674502
26229,-88.5,-29.5,154.36890746590274
26230,-88.5,-29.0,149.5010602271275
26231,-88.5,-28.5,153.91356905395682
26232,-88.5,-28.0,146.83193639637258
26233,-88.5,-27.5,152.07896138372416
26234,-88.5,-27.0,149.71579199096212
26235,-88.5,-26.5,148.51090942934252
26236,-88.5,-26.0,151.71495862617647
26237,-88.5,-25.5,151.2934015420615
26238,-88.5,-25.0,148.71872499835504
26239,-88.5,-24.5,151.5907834366816
26240,-88.5,-24.0,153.03682926191493
26241,-88.5,-23.5,149.91715103503242
26242,-88.5,-23.0,153.36148569996732
26243,-88.5,-22.5,150.33927634838244
26244,-88.5,-22.0,150.9981010891126
26245,-88.5,-21.5,151.73713821170787
26246,-88.5,-21.0,147.9582753093674
26247,-88.5,-20.5,148.42503038779836
26248,-88.5,-20.0,148.566223075584
26249,-88.5,-19.5,149.71791738677655
26250,-88.5,-19.0,150.43662312595927
26251,-88.5,-18.5,154.80610020087656
26252,-88.5,-18.0,151.06843497439766
26253,-88.5,-17.5,148.31640888119557
26254,-88.5,-17.0,147.47671377133065
26255,-88.5,-16.5,146.99651810036158
26256,-88.5,-16.0,158.29140565607722
26257,-88.5,-15.5,158.17769256901755
26258,-88.5,-15.0,156.58074003454223
26259,-88.5,-14.5,156.7018232372217
26260,-88.5,-14.0,146.63987065987334
26261,-88.5,-13.5,146.66780427085598
26262,-88.5,-13.0,159.67387869690347
26263,-88.5,-12.5,151.03329252193097
26264,-88.5,-12.0,149.68201343762644
26265,-88.5,-11.5,148.50700270876243
26266,-88.5,-11.0,153.15210993910242
26267,-88.5,-10.5,149.3841326455392
26268,-88.5,-10.0,150.48714575957683
26269,-88.5,-9.5,153.94215217047832
26270,-88.5,-9.0,148.62967434986123
26271,-88.5,-8.5,157.2772860147562
26272,-88.5,-8.0,148.79111356624682
26273,-88.5,-7.0,149.61352353930266
26274,-88.5,-6.5,150.04437087944106
26275,-88.5,-6.0,147.30721093742886
26276,-88.5,-5.5,149.07856239652023
26277,-88.5,-5.0,146.37729545792808
26278,-88.5,-4.5,149.3169531218975
26279,-88.5,-4.0,147.1405192586795
26280,-88.5,-3.5,147.7994305044521
26281,-88.5,-3.0,146.77139947091845
26282,-88.5,-2.5,151.13583231085576
26283,-88.5,-2.0,150.36560844281996
26284,-88.5,-1.5,151.05446296437196
26285,-88.5,-1.0,148.95260794346734
26286,-88.5,-0.5,152.04312638861043
26287,-88.5,0.0,152.80823153266158
26288,-88.5,0.5,152.9302271507765
26289,-88.5,1.0,149.0088972672079
26290,-88.5,1.5,148.1836842376001
26291,-88.5,2.0,152.89690495592262
26292,-88.5,2.5,152.86618042546567
26293,-88.5,3.0,152.59963186349407
26294,-88.5,4.0,158.37958879474456
26295,-88.5,4.5,148.92054972858406
26296,-88.5,5.0,151.23568759840356
26297,-88.5,5.5,153.17136041082813
26298,-88.5,6.0,152.46032157850732
26299,-88.5,6.5,153.58247334319452
26300,-88.5,7.0,152.77971036981296
26301,-88.5,7.5,152.85786365248632
26302,-88.5,8.0,154.10043209681433
26303,-88.5,8.5,151.9850266206792
26304,-88.5,9.5,161.1423161392938
26305,-88.5,10.0,153.13958916402032
26306,-88.5,10.5,156.5265912571082
26307,-88.5,11.0,153.63365213348433
26308,-88.5,11.5,153.99296131696912
26309,-88.5,12.0,153.135035232636
26310,-88.5,12.5,154.3933562456765
26311,-88.5,13.0,153.04400406906686
26312,-88.5,13.5,151.15786449115745
26313,-88.5,14.0,154.46910918203983
26314,-88.5,14.5,154.15825454582873
26315,-88.5,15.0,153.10308686547384
26316,-88.5,15.5,153.70303920684435
26317,-88.5,16.0,157.62399116283365
26318,-88.5,16.5,156.84132767762944
26319,-88.5,17.0,154.55914563532056
26320,-88.5,17.5,154.02436592641632
26321,-88.5,18.0,164.8082259171041
26322,-88.5,18.5,153.00650730228043
26323,-88.5,19.0,157.7430719132705
26324,-88.5,19.5,146.2997763901665
26325,-88.5,20.0,149.0466792019791
26326,-88.5,20.5,148.17909246548805
26327,-88.5,21.0,145.64553473364847
26328,-88.5,21.5,149.48692186794642
26329,-88.5,22.0,148.78117397412808
26330,-88.5,22.5,150.4969255087485
26331,-88.5,23.0,148.9105835804495
26332,-88.5,23.5,151.25415676210767
26333,-88.5,24.0,149.54669736592334
26334,-88.5,24.5,147.18097105188653
26335,-88.5,25.0,147.9072287494916
26336,-88.5,25.5,148.80624581166745
26337,-88.5,26.0,147.8625406148763
26338,-88.5,26.5,146.9549073130091
26339,-88.5,27.0,155.66397287314896
26340,-88.5,27.5,151.07640663587162
26341,-88.5,28.0,155.3324365743164
26342,-88.5,28.5,150.23118399759153
26343,-88.5,29.0,160.11376646772413
26344,-88.5,29.5,147.86985325292028
26345,-88.5,30.0,147.7586104422821
26346,-88.5,30.5,158.87471596545078
26347,-88.5,31.0,150.38049686541436
26348,-88.5,31.5,150.79519678411063
26349,-88.5,32.0,149.27917554670336
26350,-88.5,32.5,150.6871131695786
26351,-88.5,33.0,153.66404321822222
26352,-88.5,33.5,154.48466838049578
26353,-88.5,34.0,155.77715436271183
26354,-88.5,34.5,160.62282150246526
26355,-88.5,35.0,156.20300553456747
26356,-88.5,35.5,153.45357312343793
26357,-88.5,36.0,156.8835850083321
26358,-88.5,36.5,150.75541404428884
26359,-88.5,37.0,152.02165899020903
26360,-88.5,37.5,155.2179949586922
26361,-88.0,-37.5,152.50555998521716
26362,-88.0,-37.0,151.48663631939002
26363,-88.0,-36.5,154.50229694700315
26364,-88.0,-36.0,150.73168642792655
26365,-88.0,-35.5,148.98936345170046
26366,-88.0,-35.0,149.49457547651974
26367,-88.0,-34.5,149.49743386837397
26368,-88.0,-34.0,152.41860910947187
26369,-88.0,-33.5,147.70811237065607
26370,-88.0,-33.0,147.59648962143015
26371,-88.0,-32.5,147.33316377709636
26372,-88.0,-32.0,147.61615653264124
26373,-88.0,-31.5,147.88309348871454
26374,-88.0,-31.0,156.7743809894585
26375,-88.0,-30.5,149.9504683285284
26376,-88.0,-30.0,152.07575881797644
26377,-88.0,-29.5,156.10684381207085
26378,-88.0,-29.0,154.04370523294378
26379,-88.0,-28.5,148.72350448388502
26380,-88.0,-28.0,148.21937032747036
26381,-88.0,-27.5,150.92766038655475
26382,-88.0,-27.0,149.60100627306528
26383,-88.0,-26.5,151.49221398735827
26384,-88.0,-26.0,151.346780997321
26385,-88.0,-25.5,150.61689386226345
26386,-88.0,-25.0,149.588663236948
26387,-88.0,-24.5,153.1790402281294
26388,-88.0,-24.0,152.04356202871008
26389,-88.0,-23.5,150.2667525663371
26390,-88.0,-23.0,148.836812642277
26391,-88.0,-22.5,148.2025763650807
26392,-88.0,-22.0,152.06976079155183
26393,-88.0,-21.5,151.78003872653323
26394,-88.0,-21.0,148.5744864114225
26395,-88.0,-20.5,148.91637743490168
26396,-88.0,-20.0,148.43883747289118
26397,-88.0,-19.0,155.42765863550025
26398,-88.0,-18.5,150.3162933881536
26399,-88.0,-18.0,149.8457126467904
26400,-88.0,-17.0,148.3063079513921
26401,-88.0,-16.5,146.9732851940504
26402,-88.0,-16.0,155.5541826142565
26403,-88.0,-15.0,158.62137098747462
26404,-88.0,-14.5,156.1923345522147
26405,-88.0,-14.0,155.032071271183
26406,-88.0,-13.5,146.66658641013893
26407,-88.0,-13.0,156.07132093305225
26408,-88.0,-12.5,156.61492299948134
26409,-88.0,-12.0,148.21776659416162
26410,-88.0,-11.5,150.49464320064726
26411,-88.0,-11.0,152.88551806123772
26412,-88.0,-10.5,155.81698331097257
26413,-88.0,-10.0,147.43935042956295
26414,-88.0,-9.5,149.9031355756325
26415,-88.0,-9.0,155.81623063780924
26416,-88.0,-8.5,147.00092551533604
26417,-88.0,-8.0,152.06598270628476
26418,-88.0,-7.5,151.95284823726976
26419,-88.0,-7.0,151.28707529888638
26420,-88.0,-6.5,146.5219641038459
26421,-88.0,-6.0,148.18729316947798
26422,-88.0,-5.5,147.01841365357342
26423,-88.0,-5.0,148.76249361222065
26424,-88.0,-4.5,149.22057990344973
26425,-88.0,-4.0,147.8784274997317
26426,-88.0,-3.5,146.95437691142945
26427,-88.0,-3.0,148.95441094577816
26428,-88.0,-2.0,150.4502587800909
26429,-88.0,-1.5,149.85862553226437
26430,-88.0,-1.0,149.63816837576175
26431,-88.0,-0.5,150.1408596446839
26432,-88.0,0.0,152.18886043218492
26433,-88.0,0.5,152.4030738408364
26434,-88.0,1.0,150.72164662934608
26435,-88.0,1.5,149.76347337496586
26436,-88.0,2.0,151.3335492855568
26437,-88.0,2.5,152.61612829647402
26438,-88.0,3.0,152.41310527464788
26439,-88.0,3.5,152.1836665947037
26440,-88.0,4.5,150.97436628875334
26441,-88.0,5.0,150.81331789683915
26442,-88.0,5.5,151.39724060090586
26443,-88.0,6.0,155.61667377159006
26444,-88.0,6.5,152.95789083082622
26445,-88.0,7.0,151.94312570465797
26446,-88.0,7.5,151.15921575753526
26447,-88.0,8.0,153.2259357920922
26448,-88.0,8.5,151.71844236075603
26449,-88.0,9.0,151.6436698693061
26450,-88.0,9.5,163.66456461606833
26451,-88.0,10.0,153.76535517066188
26452,-88.0,10.5,153.6999934719285
26453,-88.0,11.0,155.53212153601754
26454,-88.0,11.5,153.21523027521465
26455,-88.0,12.0,154.7019391385827
26456,-88.0,12.5,153.67689344400517
26457,-88.0,13.5,147.92960037757368
26458,-88.0,14.0,153.42133676134722
26459,-88.0,14.5,152.79658160749094
26460,-88.0,15.0,154.60873246846955
26461,-88.0,15.5,157.36605662655353
26462,-88.0,16.0,157.9861986454235
26463,-88.0,16.5,157.44414876225525
26464,-88.0,17.0,156.01528559743443
26465,-88.0,17.5,160.57066036926517
26466,-88.0,18.0,155.8969891823533
26467,-88.0,18.5,155.5450225711341
26468,-88.0,19.0,149.98380755080163
26469,-88.0,19.5,151.53120830000603
26470,-88.0,20.0,150.08721868345384
26471,-88.0,20.5,147.0618873331363
26472,-88.0,21.0,145.74171002879487
26473,-88.0,21.5,150.9407600910404
26474,-88.0,22.0,147.8307717810668
26475,-88.0,22.5,148.84322142978095
26476,-88.0,23.0,150.2294688367773
26477,-88.0,23.5,151.30122131121354
26478,-88.0,24.0,150.39038736308106
26479,-88.0,24.5,147.35909891328296
26480,-88.0,25.0,149.30144899644947
26481,-88.0,25.5,148.77226726153413
26482,-88.0,26.0,147.14356063209124
26483,-88.0,26.5,147.2683997291006
26484,-88.0,27.0,151.48377985974952
26485,-88.0,27.5,151.06122004330982
26486,-88.0,28.0,157.79309099699793
26487,-88.0,28.5,149.1151362924203
26488,-88.0,29.0,161.38535042205115
26489,-88.0,29.5,147.71253588171615
26490,-88.0,30.0,150.21232957730095
26491,-88.0,30.5,154.71097261478096
26492,-88.0,31.0,159.66406835106415
26493,-88.0,31.5,150.34746211978333
26494,-88.0,32.0,150.55270824633953
26495,-88.0,32.5,152.48126947563048
26496,-88.0,33.0,152.97962080045852
26497,-88.0,33.5,153.03238378207794
26498,-88.0,34.0,154.7633787634378
26499,-88.0,34.5,159.91433158078195
26500,-88.0,35.0,154.63360003369448
26501,-88.0,35.5,170.9554657254085
26502,-88.0,36.0,157.61460576400583
26503,-88.0,36.5,153.04051256533134
26504,-88.0,37.0,155.6999844695118
26505,-88.0,37.5,154.6650566440901
26506,-87.5,-37.5,151.78919149391712
26507,-87.5,-37.0,151.3641307606224
26508,-87.5,-36.5,154.7662225788787
26509,-87.5,-36.0,150.26196859838458
26510,-87.5,-35.5,149.21419519287306
26511,-87.5,-35.0,149.05454713615518
26512,-87.5,-34.5,149.11215068413864
26513,-87.5,-34.0,152.45214739092052
26514,-87.5,-33.5,147.69190312436277
26515,-87.5,-33.0,147.4747731141465
26516,-87.5,-32.5,147.4224710613414
26517,-87.5,-32.0,147.9538632023814
26518,-87.5,-31.5,148.71146070365037
26519,-87.5,-31.0,153.1594080404299
26520,-87.5,-30.5,152.0935410650288
26521,-87.5,-30.0,152.06282479476852
26522,-87.5,-29.5,156.11416613639778
26523,-87.5,-29.0,153.0148672672165
26524,-87.5,-28.5,149.47509276727553
26525,-87.5,-28.0,149.97837841798088
26526,-87.5,-27.5,149.93383080123476
26527,-87.5,-27.0,152.8314031451334
26528,-87.5,-26.5,155.14496264366278
26529,-87.5,-26.0,150.2197845752596
26530,-87.5,-25.5,149.6570885075562
26531,-87.5,-25.0,151.67785530902992
26532,-87.5,-24.5,150.91210886654866
26533,-87.5,-24.0,149.7393723139171
26534,-87.5,-23.5,152.0274768381482
26535,-87.5,-23.0,149.75940199009537
26536,-87.5,-22.5,148.44242400906415
26537,-87.5,-22.0,152.24256773129156
26538,-87.5,-21.5,153.79633702412917
26539,-87.5,-21.0,149.6113418235395
26540,-87.5,-20.5,148.87235981477022
26541,-87.5,-20.0,148.718869365738
26542,-87.5,-19.5,151.72872868864135
26543,-87.5,-19.0,155.73101513650454
26544,-87.5,-18.5,150.38618389306143
26545,-87.5,-18.0,149.59161788939372
26546,-87.5,-17.0,149.32345223003097
26547,-87.5,-16.5,149.4579268747821
26548,-87.5,-16.0,146.85878605313823
26549,-87.5,-15.0,158.95464999805407
26550,-87.5,-14.5,158.04440301829976
26551,-87.5,-14.0,154.63772821899138
26552,-87.5,-13.5,153.8452921235124
26553,-87.5,-13.0,150.10764545764548
26554,-87.5,-12.5,157.071402342551
26555,-87.5,-12.0,155.69331106257903
26556,-87.5,-11.5,149.15949333167487
26557,-87.5,-11.0,151.57605968623938
26558,-87.5,-10.5,156.32076510661054
26559,-87.5,-10.0,152.1700444539822
26560,-87.5,-9.5,149.5279286262276
26561,-87.5,-9.0,150.49980654570726
26562,-87.5,-8.5,147.08042419802857
26563,-87.5,-7.5,152.90427253929053
26564,-87.5,-7.0,149.89086405525586
26565,-87.5,-6.5,146.95104152973545
26566,-87.5,-6.0,146.73175511859645
26567,-87.5,-5.5,148.2840080283831
26568,-87.5,-5.0,148.94362395686954
26569,-87.5,-4.5,147.96899981023685
26570,-87.5,-4.0,148.0432896174832
26571,-87.5,-3.5,149.19435934157738
26572,-87.5,-3.0,148.97289453470233
26573,-87.5,-2.5,148.9465767230514
26574,-87.5,-2.0,148.46749085561893
26575,-87.5,-1.5,149.98265395418466
26576,-87.5,-1.0,150.2781205067599
26577,-87.5,-0.5,151.0354775595802
26578,-87.5,0.0,151.4022034932174
26579,-87.5,0.5,151.5337555915389
26580,-87.5,1.0,152.08792876184432
26581,-87.5,1.5,150.97554999994094
26582,-87.5,2.0,148.4510679970217
26583,-87.5,3.0,152.17655407467055
26584,-87.5,3.5,152.02696349805507
26585,-87.5,4.0,151.04672078009688
26586,-87.5,4.5,151.6913999493551
26587,-87.5,5.0,149.00655630839884
26588,-87.5,5.5,150.4211967829922
26589,-87.5,6.0,155.26810933972865
26590,-87.5,6.5,152.434115771481
26591,-87.5,7.0,151.41688118404997
26592,-87.5,7.5,150.69870214411222
26593,-87.5,8.0,150.46968231988893
26594,-87.5,8.5,152.69961237642988
26595,-87.5,9.0,152.34935256309228
26596,-87.5,9.5,152.7135315585978
26597,-87.5,10.5,153.6943978932373
26598,-87.5,11.0,154.74206127634199
26599,-87.5,11.5,155.73597748796442
26600,-87.5,12.0,153.65977880789916
26601,-87.5,12.5,153.30699875877633
26602,-87.5,13.0,158.10944134412682
26603,-87.5,13.5,156.1557753296617
26604,-87.5,14.0,148.0079953642034
26605,-87.5,14.5,154.504234182666
26606,-87.5,15.0,154.96127321255025
26607,-87.5,15.5,154.23725089617406
26608,-87.5,16.0,156.98227643622232
26609,-87.5,16.5,155.38661697336718
26610,-87.5,17.0,153.26748079233388
26611,-87.5,17.5,168.29553911284208
26612,-87.5,18.0,151.66981967528568
26613,-87.5,18.5,154.04458944500323
26614,-87.5,19.0,150.92701286338348
26615,-87.5,19.5,156.58539330570278
26616,-87.5,20.0,151.82784260458467
26617,-87.5,20.5,147.69563729169963
26618,-87.5,21.0,145.67967168661625
26619,-87.5,21.5,151.47572757380158
26620,-87.5,22.0,155.64881972460316
26621,-87.5,22.5,148.5197780683846
26622,-87.5,23.0,151.96496800022817
26623,-87.5,23.5,152.033182320816
26624,-87.5,24.0,148.19936341901592
26625,-87.5,24.5,150.19935934847905
26626,-87.5,25.0,149.24941048595903
26627,-87.5,25.5,150.48520316586809
26628,-87.5,26.0,147.18346695405359
26629,-87.5,26.5,147.48870145748816
26630,-87.5,27.0,147.8751442277054
26631,-87.5,27.5,153.43148945854625
26632,-87.5,28.0,155.15984824244225
26633,-87.5,28.5,152.26585317425187
26634,-87.5,29.0,154.6552535674562
26635,-87.5,29.5,150.64223087422857
26636,-87.5,30.0,150.16398338392446
26637,-87.5,30.5,150.71136505164284
26638,-87.5,31.0,158.81428173747457
26639,-87.5,31.5,149.67472078301918
26640,-87.5,32.0,151.688946680566
26641,-87.5,32.5,152.95072544421214
26642,-87.5,33.0,152.7888689213294
26643,-87.5,33.5,154.68378517298808
26644,-87.5,34.0,155.1049706537476
26645,-87.5,34.5,158.7627616534039
26646,-87.5,35.0,155.4028525041065
26647,-87.5,35.5,161.87485396298032
26648,-87.5,36.0,153.25777335530955
26649,-87.5,36.5,147.93476631269453
26650,-87.5,37.0,153.7457859799895
26651,-87.5,37.5,155.7233044868425
26652,-87.0,-37.5,151.32932881811504
26653,-87.0,-37.0,150.5172188008041
26654,-87.0,-36.5,155.1219182677563
26655,-87.0,-36.0,149.82629054920076
26656,-87.0,-35.5,148.85830634926324
26657,-87.0,-35.0,148.2787394582205
26658,-87.0,-34.5,148.97758244972897
26659,-87.0,-34.0,149.62948630540023
26660,-87.0,-33.5,150.0868518095217
26661,-87.0,-33.0,147.42981114883236
26662,-87.0,-32.5,147.44421800530895
26663,-87.0,-32.0,148.3976230018637
26664,-87.0,-31.5,148.03117905550872
26665,-87.0,-31.0,148.33832459642014
26666,-87.0,-30.5,154.00904003481702
26667,-87.0,-30.0,151.72955697422933
26668,-87.0,-29.5,153.6737227264098
26669,-87.0,-29.0,151.4970066197475
26670,-87.0,-28.5,150.41719346779914
26671,-87.0,-28.0,151.20168183501966
26672,-87.0,-27.5,148.72621532705412
26673,-87.0,-27.0,157.7016805290696
26674,-87.0,-26.5,155.73134628562622
26675,-87.0,-26.0,149.04402221044865
26676,-87.0,-25.5,149.5178125572564
26677,-87.0,-25.0,152.37249616991576
26678,-87.0,-24.5,150.4439433937668
26679,-87.0,-24.0,148.66795545762486
26680,-87.0,-23.5,151.73579784627023
26681,-87.0,-23.0,149.9695556736299
26682,-87.0,-22.5,153.35825774142856
26683,-87.0,-22.0,147.62827978143997
26684,-87.0,-21.5,149.6323241147224
26685,-87.0,-21.0,152.76816738018005
26686,-87.0,-20.5,148.81974735973543
26687,-87.0,-20.0,149.98001694598483
26688,-87.0,-19.5,155.58482090834462
26689,-87.0,-19.0,151.4627522223637
26690,-87.0,-18.5,149.9057606306128
26691,-87.0,-18.0,149.6323948290388
26692,-87.0,-17.5,149.6660805340715
26693,-87.0,-17.0,157.7452075999974
26694,-87.0,-16.5,153.60343991315037
26695,-87.0,-16.0,154.56796125700518
26696,-87.0,-15.5,151.9204226482924
26697,-87.0,-15.0,160.51155912515654
26698,-87.0,-14.5,157.38060254064615
26699,-87.0,-14.0,154.2809500363689
26700,-87.0,-13.5,154.31534504166885
26701,-87.0,-13.0,150.75196543219508
26702,-87.0,-12.5,146.7970484232164
26703,-87.0,-12.0,156.16986144504233
26704,-87.0,-11.5,147.6665820255983
26705,-87.0,-11.0,150.45886918604944
26706,-87.0,-10.5,156.27008100022707
26707,-87.0,-10.0,150.56523038988098
26708,-87.0,-9.5,153.86407295766918
26709,-87.0,-9.0,147.16276580126828
26710,-87.0,-8.0,152.26488763703182
26711,-87.0,-7.5,152.4459770444007
26712,-87.0,-7.0,149.3801281226125
26713,-87.0,-6.5,145.88813689260897
26714,-87.0,-6.0,147.17901879645967
26715,-87.0,-5.5,148.22330062308035
26716,-87.0,-5.0,148.3496424985852
26717,-87.0,-4.5,147.94380413857093
26718,-87.0,-4.0,147.58989246918668
26719,-87.0,-3.5,149.14476253902484
26720,-87.0,-2.5,148.89860177075326
26721,-87.0,-2.0,148.3104343811216
26722,-87.0,-1.0,150.45309692176207
26723,-87.0,-0.5,151.3169701446677
26724,-87.0,0.0,150.40224674700295
26725,-87.0,0.5,151.48307049709487
26726,-87.0,1.0,152.27869031095514
26727,-87.0,1.5,151.40366452924397
26728,-87.0,2.0,149.0337984142687
26729,-87.0,2.5,148.48088193199396
26730,-87.0,3.5,151.55875120725952
26731,-87.0,4.0,151.60740192272092
26732,-87.0,4.5,151.80173202123652
26733,-87.0,5.5,152.78795042423658
26734,-87.0,6.0,152.50184875723946
26735,-87.0,6.5,151.47640109081954
26736,-87.0,7.0,152.08339983215936
26737,-87.0,7.5,150.64803623739633
26738,-87.0,8.0,150.85254974512733
26739,-87.0,8.5,151.0832126187097
26740,-87.0,9.0,152.788703040005
26741,-87.0,9.5,153.4600555733218
26742,-87.0,10.0,153.89481427822858
26743,-87.0,10.5,156.8967796890566
26744,-87.0,11.0,152.40959913385402
26745,-87.0,11.5,154.51918151473933
26746,-87.0,12.5,151.2755558502349
26747,-87.0,13.0,156.127796874692
26748,-87.0,13.5,152.28281770416498
26749,-87.0,14.0,150.47738326791293
26750,-87.0,14.5,151.52717146297246
26751,-87.0,15.0,153.326299572418
26752,-87.0,15.5,153.10669401767427
26753,-87.0,16.0,160.67919757320118
26754,-87.0,16.5,155.75229288329805
26755,-87.0,17.0,156.57907530346938
26756,-87.0,17.5,150.6288934715868
26757,-87.0,18.0,157.45556124227937
26758,-87.0,18.5,151.2389094026627
26759,-87.0,19.0,150.08935180280562
26760,-87.0,19.5,153.45400622492724
26761,-87.0,20.0,147.6657550079521
26762,-87.0,20.5,150.05376305825382
26763,-87.0,21.0,150.46535597981176
26764,-87.0,21.5,150.5465492015879
26765,-87.0,22.0,164.35241047102147
26766,-87.0,22.5,156.52033831290294
26767,-87.0,23.0,155.5239548181169
26768,-87.0,23.5,151.23305242015923
26769,-87.0,24.0,147.0635064244345
26770,-87.0,24.5,151.13302277871975
26771,-87.0,25.0,149.0951074509307
26772,-87.0,25.5,149.4188166520878
26773,-87.0,26.0,148.01527534973775
26774,-87.0,26.5,147.26449552063676
26775,-87.0,27.0,148.0060831787569
26776,-87.0,27.5,152.66454920753844
26777,-87.0,28.0,150.6395295844422
26778,-87.0,28.5,153.73774010064463
26779,-87.0,29.0,148.67901367508694
26780,-87.0,29.5,154.34417005264547
26781,-87.0,30.0,149.550610360592
26782,-87.0,30.5,152.55405827637523
26783,-87.0,31.0,155.19826762033074
26784,-87.0,31.5,150.8263507346366
26785,-87.0,32.0,151.78947136290287
26786,-87.0,32.5,150.9838076954941
26787,-87.0,33.0,151.68451761760053
26788,-87.0,33.5,154.65428887581785
26789,-87.0,34.0,156.77724387862742
26790,-87.0,34.5,157.72481223783456
26791,-87.0,35.0,156.05672320055007
26792,-87.0,35.5,161.74773065563195
26793,-87.0,36.0,157.0110813965892
26794,-87.0,36.5,149.24804024506255
26795,-87.0,37.0,154.58365944331527
26796,-86.5,-37.5,151.15780294394847
26797,-86.5,-37.0,150.18785258364596
26798,-86.5,-36.5,155.44288898554848
26799,-86.5,-36.0,149.01935173717408
26800,-86.5,-35.5,147.83217760081075
26801,-86.5,-35.0,147.95656307275513
26802,-86.5,-34.5,148.55343276222519
26803,-86.5,-34.0,148.28083233293847
26804,-86.5,-33.5,152.49165786262816
26805,-86.5,-33.0,147.4228150630937
26806,-86.5,-32.5,147.16918861568394
26807,-86.5,-32.0,149.27100984128276
26808,-86.5,-31.5,148.05118909284155
26809,-86.5,-31.0,148.7699218029761
26810,-86.5,-30.5,151.69255319029412
26811,-86.5,-30.0,150.55030504071868
26812,-86.5,-29.5,154.34702119528973
26813,-86.5,-29.0,148.84978139843045
26814,-86.5,-28.5,151.81724728164772
26815,-86.5,-28.0,151.72850221704823
26816,-86.5,-27.5,149.94334928525484
26817,-86.5,-27.0,158.66880917077347
26818,-86.5,-26.5,155.4344076258128
26819,-86.5,-26.0,149.24987085979717
26820,-86.5,-25.5,150.9939076885814
26821,-86.5,-25.0,151.4045553783697
26822,-86.5,-24.5,150.73025424115423
26823,-86.5,-24.0,149.98422797228062
26824,-86.5,-23.5,152.06308172738844
26825,-86.5,-23.0,151.76070372182988
26826,-86.5,-22.5,152.17624188997155
26827,-86.5,-21.5,148.78664620376955
26828,-86.5,-21.0,153.44533527728996
26829,-86.5,-20.5,149.41888945576392
26830,-86.5,-20.0,152.66047911017614
26831,-86.5,-19.5,155.70931338503237
26832,-86.5,-19.0,147.91137410591233
26833,-86.5,-18.0,149.7636730921478
26834,-86.5,-17.5,149.25876893318085
26835,-86.5,-17.0,157.40468463664084
26836,-86.5,-16.5,168.78360229848894
26837,-86.5,-16.0,161.2782964263871
26838,-86.5,-15.5,153.85177363922378
26839,-86.5,-15.0,151.60989564004564
26840,-86.5,-14.5,156.46711413690815
26841,-86.5,-14.0,155.0755856970295
26842,-86.5,-13.5,153.93193724960346
26843,-86.5,-13.0,152.8117839972418
26844,-86.5,-12.5,149.79093309091135
26845,-86.5,-12.0,158.0691191974859
26846,-86.5,-11.5,157.01660359765617
26847,-86.5,-11.0,152.67972498092385
26848,-86.5,-10.5,150.12042467058893
26849,-86.5,-10.0,155.78544274586997
26850,-86.5,-9.5,147.95526937003643
26851,-86.5,-9.0,147.3708045027999
26852,-86.5,-8.5,147.90442256929518
26853,-86.5,-8.0,152.1717110485743
26854,-86.5,-7.5,145.41192072040604
26855,-86.5,-7.0,151.05202124204922
26856,-86.5,-6.5,147.56063287060152
26857,-86.5,-6.0,148.17578348071748
26858,-86.5,-5.5,147.85456914437887
26859,-86.5,-5.0,147.66630040436985
26860,-86.5,-4.5,148.11132190255248
26861,-86.5,-4.0,148.772494362557
26862,-86.5,-3.5,149.02692795999297
26863,-86.5,-3.0,149.3564301161314
26864,-86.5,-2.5,148.36061566696046
26865,-86.5,-2.0,148.87986140866602
26866,-86.5,-1.0,152.1829495833834
26867,-86.5,-0.5,150.07359487058466
26868,-86.5,0.0,150.22201025849645
26869,-86.5,0.5,151.39206109686313
26870,-86.5,1.0,151.22406487680377
26871,-86.5,1.5,151.1408346610524
26872,-86.5,2.0,151.07207822320882
26873,-86.5,2.5,148.95532302646424
26874,-86.5,3.0,148.71857575956258
26875,-86.5,3.5,151.50981612128288
26876,-86.5,4.0,151.62722839518923
26877,-86.5,4.5,151.57507708743577
26878,-86.5,5.0,157.76497483410918
26879,-86.5,5.5,154.44468594264703
26880,-86.5,6.0,150.3768695716755
26881,-86.5,6.5,152.28919442679808
26882,-86.5,7.5,151.75387051666866
26883,-86.5,8.0,150.48252111732546
26884,-86.5,8.5,151.09170397178283
26885,-86.5,9.0,152.9484630111022
26886,-86.5,9.5,153.9277168710007
26887,-86.5,10.0,156.07300211414682
26888,-86.5,10.5,154.97622820870887
26889,-86.5,11.0,154.92812781444812
26890,-86.5,11.5,152.61485356766372
26891,-86.5,12.0,152.09371310172412
26892,-86.5,12.5,150.3438152248762
26893,-86.5,13.0,152.09404132081167
26894,-86.5,13.5,150.1162209729557
26895,-86.5,14.0,153.64257316268527
26896,-86.5,14.5,148.63032035108927
26897,-86.5,15.0,150.36197097546219
26898,-86.5,15.5,154.62338982664153
26899,-86.5,16.0,160.6259383850548
26900,-86.5,16.5,158.05374386679173
26901,-86.5,17.0,153.50014484441638
26902,-86.5,17.5,152.46576271976753
26903,-86.5,18.0,151.48852244193492
26904,-86.5,18.5,150.53493696091022
26905,-86.5,19.0,153.8991464354189
26906,-86.5,19.5,149.29234896494242
26907,-86.5,20.0,148.75865769930778
26908,-86.5,20.5,148.65877741088636
26909,-86.5,21.0,149.81145272812446
26910,-86.5,21.5,148.36616583519626
26911,-86.5,22.0,154.13544084253667
26912,-86.5,22.5,169.57842011157155
26913,-86.5,23.0,156.04519273436281
26914,-86.5,23.5,148.48760672094417
26915,-86.5,24.0,148.08462868444255
26916,-86.5,24.5,148.80743793040972
26917,-86.5,25.0,150.51730321010183
26918,-86.5,25.5,147.42048346579145
26919,-86.5,26.0,148.6158161409613
26920,-86.5,26.5,147.39651639035455
26921,-86.5,27.0,148.66713832558048
26922,-86.5,27.5,150.34416301399816
26923,-86.5,28.0,152.18209257951
26924,-86.5,28.5,153.56115267057928
26925,-86.5,29.0,147.9958449128532
26926,-86.5,29.5,155.5992790393276
26927,-86.5,30.0,149.86423420336862
26928,-86.5,30.5,149.63663818602163
26929,-86.5,31.0,151.33292900767427
26930,-86.5,31.5,152.37787794578796
26931,-86.5,32.0,152.0876813340183
26932,-86.5,32.5,152.4490158809817
26933,-86.5,33.0,153.10161889479528
26934,-86.5,33.5,155.33127005381084
26935,-86.5,34.0,156.3771418625403
26936,-86.5,34.5,159.23674398943535
26937,-86.5,35.0,152.59988131630226
26938,-86.5,35.5,161.0600849699121
26939,-86.5,36.0,157.58846148251408
26940,-86.5,36.5,149.83865355208243
26941,-86.5,37.0,152.70260192278639
26942,-86.0,-37.5,150.6803415621737
26943,-86.0,-37.0,149.61715945623178
26944,-86.0,-36.5,155.7216365162458
26945,-86.0,-36.0,148.24426191021843
26946,-86.0,-35.5,147.49577401713722
26947,-86.0,-34.5,147.95926700761333
26948,-86.0,-34.0,148.40635771125767
26949,-86.0,-33.5,151.5430061496634
26950,-86.0,-33.0,147.25900516268132
26951,-86.0,-32.5,147.0239849270124
26952,-86.0,-32.0,149.02133143314575
26953,-86.0,-31.5,148.51403643196107
26954,-86.0,-31.0,150.72990322469448
26955,-86.0,-30.5,146.10109855902536
26956,-86.0,-30.0,150.4567965986129
26957,-86.0,-29.5,152.70081983430023
26958,-86.0,-29.0,152.9857218886807
26959,-86.0,-28.5,152.07707338927892
26960,-86.0,-28.0,150.80661647510144
26961,-86.0,-27.5,158.6415792883322
26962,-86.0,-27.0,156.44730886064866
26963,-86.0,-26.5,152.46797170692295
26964,-86.0,-26.0,150.6128556135152
26965,-86.0,-25.5,152.94702260148676
26966,-86.0,-25.0,150.5565549260518
26967,-86.0,-24.5,151.27938523595228
26968,-86.0,-24.0,149.07624697846705
26969,-86.0,-23.5,156.71937511261555
26970,-86.0,-23.0,154.76437006489144
26971,-86.0,-22.5,149.05343965663945
26972,-86.0,-22.0,152.3123600208212
26973,-86.0,-21.5,153.3370362016192
26974,-86.0,-21.0,150.04378691141886
26975,-86.0,-20.5,154.70620507033664
26976,-86.0,-20.0,151.668908144496
26977,-86.0,-19.5,148.99666422234156
26978,-86.0,-19.0,148.0117503708807
26979,-86.0,-18.5,147.91644885741084
26980,-86.0,-18.0,174.8238832924471
26981,-86.0,-17.5,151.27001761349774
26982,-86.0,-17.0,150.5755210018709
26983,-86.0,-16.5,166.6393927491545
26984,-86.0,-16.0,156.52181170653103
26985,-86.0,-15.5,160.3042870511458
26986,-86.0,-15.0,150.73924147424265
26987,-86.0,-14.5,153.90605508024177
26988,-86.0,-14.0,154.86827584646775
26989,-86.0,-13.5,154.94703021119034
26990,-86.0,-13.0,152.3738186880509
26991,-86.0,-12.5,151.91184480397675
26992,-86.0,-12.0,149.44503577776072
26993,-86.0,-11.5,158.45355138968426
26994,-86.0,-11.0,153.556838113581
26995,-86.0,-10.5,150.12676553255125
26996,-86.0,-10.0,150.5367458970132
26997,-86.0,-9.5,147.37675896408513
26998,-86.0,-8.5,149.00008167356492
26999,-86.0,-8.0,145.91953395441197
27000,-86.0,-7.5,145.4411741302762
27001,-86.0,-7.0,145.98451106311495
27002,-86.0,-6.5,150.49634896875213
27003,-86.0,-5.5,147.2622209851292
27004,-86.0,-5.0,147.14680559484415
27005,-86.0,-4.5,148.71116928174416
27006,-86.0,-4.0,149.01044102358722
27007,-86.0,-3.5,148.7595417632422
27008,-86.0,-3.0,148.33717077123097
27009,-86.0,-2.5,148.54650887469978
27010,-86.0,-2.0,149.1598941984306
27011,-86.0,-1.5,150.92950925118674
27012,-86.0,-1.0,150.1847523426163
27013,-86.0,-0.5,149.7044695275522
27014,-86.0,0.0,150.81481727717056
27015,-86.0,0.5,151.11429164578064
27016,-86.0,1.0,150.2451461310226
27017,-86.0,1.5,150.9795561661654
27018,-86.0,2.0,150.92088410769728
27019,-86.0,2.5,150.31667980071362
27020,-86.0,3.0,149.97713854242622
27021,-86.0,3.5,150.31508103587677
27022,-86.0,4.0,151.3298454682209
27023,-86.0,4.5,151.2629849402315
27024,-86.0,5.0,152.87197635412303
27025,-86.0,5.5,151.02164091920255
27026,-86.0,6.0,151.84381631798868
27027,-86.0,6.5,149.56947064914988
27028,-86.0,7.5,152.88438655439126
27029,-86.0,8.0,151.97966708719548
27030,-86.0,8.5,151.02046019026315
27031,-86.0,9.0,152.02009734998225
27032,-86.0,9.5,155.09545729220258
27033,-86.0,10.0,155.12239537887024
27034,-86.0,10.5,154.35259674667924
27035,-86.0,11.0,156.4502561195388
27036,-86.0,11.5,149.34002306974608
27037,-86.0,12.0,153.04348307537938
27038,-86.0,12.5,156.88603666039455
27039,-86.0,13.0,153.11927239861757
27040,-86.0,13.5,151.39819339344507
27041,-86.0,14.0,150.26896287971007
27042,-86.0,14.5,152.4939655955691
27043,-86.0,15.0,150.40678031737497
27044,-86.0,15.5,154.77626372173597
27045,-86.0,16.0,157.35576409335823
27046,-86.0,17.0,151.05173064836384
27047,-86.0,17.5,151.38877792268661
27048,-86.0,18.0,150.70533957747804
27049,-86.0,18.5,151.66066153461213
27050,-86.0,19.0,151.71064240251908
27051,-86.0,19.5,149.51929121587398
27052,-86.0,20.0,149.10956494281686
27053,-86.0,20.5,149.1677559707895
27054,-86.0,21.0,154.66601066310017
27055,-86.0,21.5,149.6068805233581
27056,-86.0,22.0,148.72943607163947
27057,-86.0,22.5,164.8522858545273
27058,-86.0,23.5,146.0946677157815
27059,-86.0,24.0,150.5507183831529
27060,-86.0,24.5,148.6746981853583
27061,-86.0,25.0,151.68409438162814
27062,-86.0,25.5,147.85364477741055
27063,-86.0,26.0,149.09340296217226
27064,-86.0,26.5,147.36349405707
27065,-86.0,27.0,149.57678750444157
27066,-86.0,27.5,148.1910455187833
27067,-86.0,28.0,151.7855553941414
27068,-86.0,28.5,151.57810077464384
27069,-86.0,29.0,150.47948314164853
27070,-86.0,29.5,154.50029519025998
27071,-86.0,30.0,150.80449709709006
27072,-86.0,30.5,150.19775444535003
27073,-86.0,31.0,150.9253730964866
27074,-86.0,31.5,157.22615107310233
27075,-86.0,32.0,150.92427625478695
27076,-86.0,32.5,153.23978699197139
27077,-86.0,33.0,151.95262736867556
27078,-86.0,33.5,155.07209848639346
27079,-86.0,34.0,158.22869238651333
27080,-86.0,34.5,161.9031321251118
27081,-86.0,35.0,151.07909128636842
27082,-86.0,35.5,161.82640839780805
27083,-86.0,36.0,155.8588334118455
27084,-86.0,36.5,148.42778265723538
27085,-86.0,37.0,151.79725869483133
27086,-85.5,-37.5,150.3003243094303
27087,-85.5,-37.0,148.89606183593108
27088,-85.5,-36.5,156.13686316142878
27089,-85.5,-36.0,147.77049512189524
27090,-85.5,-35.5,147.0289866763736
27091,-85.5,-35.0,146.46602750649612
27092,-85.5,-34.5,147.81385887665172
27093,-85.5,-34.0,150.16765188214615
27094,-85.5,-33.5,150.60801298875563
27095,-85.5,-33.0,147.4627947782745
27096,-85.5,-32.5,149.12708001644265
27097,-85.5,-32.0,148.56831626118546
27098,-85.5,-31.5,148.70888648657154
27099,-85.5,-31.0,149.97538397015413
27100,-85.5,-30.5,145.96445556671003
27101,-85.5,-30.0,148.09785285810852
27102,-85.5,-29.5,152.76845640513733
27103,-85.5,-29.0,151.8453216805844
27104,-85.5,-28.5,151.37953469145538
27105,-85.5,-28.0,153.15000313333667
27106,-85.5,-27.5,156.37648404981002
27107,-85.5,-27.0,156.0642707379231
27108,-85.5,-26.5,153.54756968443985
27109,-85.5,-26.0,153.50116758630293
27110,-85.5,-25.5,151.0877492316265
27111,-85.5,-25.0,150.032414117009
27112,-85.5,-24.5,151.23268244183603
27113,-85.5,-24.0,151.5206171393624
27114,-85.5,-23.5,152.21725547015063
27115,-85.5,-23.0,151.76052789636262
27116,-85.5,-22.5,151.09431799847266
27117,-85.5,-22.0,152.32221085198694
27118,-85.5,-21.5,158.41023858531887
27119,-85.5,-21.0,155.6081188847593
27120,-85.5,-20.5,155.10176505221136
27121,-85.5,-20.0,151.89266685232562
27122,-85.5,-19.5,149.1208002798758
27123,-85.5,-18.5,147.91005431130523
27124,-85.5,-18.0,159.71242889267555
27125,-85.5,-17.5,159.86959379023563
27126,-85.5,-17.0,149.28181974893184
27127,-85.5,-16.5,149.34480350273103
27128,-85.5,-16.0,163.34746516201173
27129,-85.5,-15.5,152.44127868224447
27130,-85.5,-15.0,153.58476251116915
27131,-85.5,-14.5,149.93569881891995
27132,-85.5,-14.0,155.78864882615827
27133,-85.5,-13.5,154.53076757024527
27134,-85.5,-13.0,151.57610862540153
27135,-85.5,-12.5,152.11279666861813
27136,-85.5,-12.0,151.75141662403283
27137,-85.5,-11.5,153.2091418620353
27138,-85.5,-11.0,152.9987497429056
27139,-85.5,-10.5,153.24644950773748
27140,-85.5,-10.0,148.69690637774502
27141,-85.5,-9.5,148.04318074314938
27142,-85.5,-9.0,152.10968323550858
27143,-85.5,-8.5,148.304447221576
27144,-85.5,-8.0,146.71791428773125
27145,-85.5,-7.5,145.9842664435083
27146,-85.5,-7.0,146.05111098916055
27147,-85.5,-6.0,148.59550941876083
27148,-85.5,-5.5,146.84796232254976
27149,-85.5,-5.0,148.04176730622726
27150,-85.5,-4.5,148.0140539619893
27151,-85.5,-4.0,148.89770328043653
27152,-85.5,-3.5,148.4786855941226
27153,-85.5,-3.0,148.40333224998568
27154,-85.5,-2.5,149.22889315822442
27155,-85.5,-2.0,152.5499595719181
27156,-85.5,-1.5,150.1402140167374
27157,-85.5,-1.0,148.736518890375
27158,-85.5,-0.5,154.84651636766188
27159,-85.5,0.0,150.46999389992615
27160,-85.5,0.5,150.52016289633008
27161,-85.5,1.0,150.4706836324549
27162,-85.5,1.5,150.64214112862044
27163,-85.5,2.0,150.9296833609542
27164,-85.5,2.5,151.097017349873
27165,-85.5,3.0,150.6792244664707
27166,-85.5,3.5,149.22108050693927
27167,-85.5,4.5,151.3141348671684
27168,-85.5,5.0,151.04346454094414
27169,-85.5,5.5,151.26325278464162
27170,-85.5,6.5,149.85802366276985
27171,-85.5,7.0,149.79545805813945
27172,-85.5,8.0,152.5672687526991
27173,-85.5,8.5,151.55353143476742
27174,-85.5,9.0,152.62046220608207
27175,-85.5,9.5,156.2330438635398
27176,-85.5,10.0,152.0424215206077
27177,-85.5,10.5,155.49010061713068
27178,-85.5,11.0,154.5257095949364
27179,-85.5,12.0,153.41344211388602
27180,-85.5,12.5,151.96276841268613
27181,-85.5,13.0,156.0391868565327
27182,-85.5,13.5,148.90136983666335
27183,-85.5,14.0,150.99444223725658
27184,-85.5,14.5,150.95353502522048
27185,-85.5,15.0,150.23224553817352
27186,-85.5,15.5,149.64190896734073
27187,-85.5,16.5,152.55725505473626
27188,-85.5,17.0,151.1123121351154
27189,-85.5,17.5,151.5166491076832
27190,-85.5,18.0,150.48313612929795
27191,-85.5,18.5,161.3053036925884
27192,-85.5,19.0,147.76827832496602
27193,-85.5,19.5,150.10966105128074
27194,-85.5,20.0,148.9243686040939
27195,-85.5,20.5,150.03939719727163
27196,-85.5,21.0,154.26006433044697
27197,-85.5,21.5,152.82529689179879
27198,-85.5,22.0,152.47270184497802
27199,-85.5,22.5,165.2131620372881
27200,-85.5,23.0,151.80051600882024
27201,-85.5,23.5,146.16111447834294
27202,-85.5,24.0,150.36756155667902
27203,-85.5,24.5,147.92868306009757
27204,-85.5,25.0,147.80146707292946
27205,-85.5,25.5,148.9993433597142
27206,-85.5,26.0,148.95742193186325
27207,-85.5,26.5,147.2270309625543
27208,-85.5,27.0,149.14402265405724
27209,-85.5,27.5,147.84167826701236
27210,-85.5,28.0,150.99337803840746
27211,-85.5,28.5,150.01299503432134
27212,-85.5,29.0,151.5274369862199
27213,-85.5,29.5,150.13201511710068
27214,-85.5,30.0,155.0652271676717
27215,-85.5,30.5,152.58717192890666
27216,-85.5,31.0,150.58529355360997
27217,-85.5,31.5,157.70771438694663
27218,-85.5,32.0,149.85512912070396
27219,-85.5,32.5,152.34053617840337
27220,-85.5,33.0,152.26075917258467
27221,-85.5,33.5,155.12256235223717
27222,-85.5,34.0,158.1519801115737
27223,-85.5,34.5,156.30266206788727
27224,-85.5,35.0,151.36838690597588
27225,-85.5,35.5,161.2794076387384
27226,-85.5,36.0,156.99603511803025
27227,-85.5,36.5,148.47693664078258
27228,-85.5,37.0,150.89015307763148
27229,-85.5,37.5,156.6548202426952
27230,-85.0,-37.5,149.80223132003482
27231,-85.0,-37.0,148.86384675708493
27232,-85.0,-36.5,156.5949770484012
27233,-85.0,-36.0,147.7685491712598
27234,-85.0,-35.5,147.38399531745745
27235,-85.0,-35.0,146.5181890336955
27236,-85.0,-34.5,147.58060402550626
27237,-85.0,-34.0,149.71235765432087
27238,-85.0,-33.5,151.5093231628195
27239,-85.0,-33.0,147.79981552809542
27240,-85.0,-32.5,149.10817142933206
27241,-85.0,-32.0,150.2051385911199
27242,-85.0,-31.5,149.93271827090726
27243,-85.0,-31.0,150.98941530693818
27244,-85.0,-30.5,147.20267102202666
27245,-85.0,-30.0,153.35044759689305
27246,-85.0,-29.5,149.67287808611854
27247,-85.0,-29.0,151.19732268238818
27248,-85.0,-28.5,150.0828899567016
27249,-85.0,-28.0,153.5042584585907
27250,-85.0,-27.5,156.69839654409557
27251,-85.0,-27.0,146.51218453298588
27252,-85.0,-26.5,152.96366379378026
27253,-85.0,-26.0,154.060432153477
27254,-85.0,-25.5,151.59813443305836
27255,-85.0,-25.0,150.08952540616116
27256,-85.0,-24.5,148.98455401529654
27257,-85.0,-24.0,153.85463002292698
27258,-85.0,-23.5,151.75999878134
27259,-85.0,-23.0,147.29671744052163
27260,-85.0,-22.5,151.74734020738182
27261,-85.0,-22.0,153.9628507353498
27262,-85.0,-21.5,155.22168188423703
27263,-85.0,-21.0,150.09426790134611
27264,-85.0,-20.5,153.87692579346069
27265,-85.0,-20.0,158.19243618345604
27266,-85.0,-19.5,148.686406017421
27267,-85.0,-19.0,149.1960839692899
27268,-85.0,-18.5,156.4424891648219
27269,-85.0,-18.0,153.22448018582523
27270,-85.0,-17.5,170.1439857686175
27271,-85.0,-17.0,153.3565226892087
27272,-85.0,-16.5,149.054707122748
27273,-85.0,-16.0,157.29011671396077
27274,-85.0,-15.5,156.7520101096468
27275,-85.0,-15.0,155.87027469168368
27276,-85.0,-14.5,151.87993086455168
27277,-85.0,-14.0,147.17882164549587
27278,-85.0,-13.5,151.765921645707
27279,-85.0,-13.0,153.4985381061374
27280,-85.0,-12.5,152.9132367410042
27281,-85.0,-12.0,151.41484630643598
27282,-85.0,-11.5,149.91395819438878
27283,-85.0,-11.0,152.8628171041187
27284,-85.0,-10.5,148.28583955186696
27285,-85.0,-10.0,147.23240086311776
27286,-85.0,-9.5,149.4307929993333
27287,-85.0,-9.0,152.29150754876935
27288,-85.0,-8.5,151.35067105321713
27289,-85.0,-8.0,150.37520208334766
27290,-85.0,-7.5,146.36830451644872
27291,-85.0,-6.5,146.90591937104466
27292,-85.0,-6.0,147.42579393443216
27293,-85.0,-5.5,148.51734419222166
27294,-85.0,-5.0,148.01608420300198
27295,-85.0,-4.5,148.06922346563937
27296,-85.0,-4.0,148.35765801151967
27297,-85.0,-3.5,148.79576547694523
27298,-85.0,-3.0,148.641510938151
27299,-85.0,-2.5,151.03571774803095
27300,-85.0,-2.0,150.49885353154335
27301,-85.0,-1.5,150.47976837432415
27302,-85.0,-1.0,149.21792563886413
27303,-85.0,-0.5,151.3140714864474
27304,-85.0,0.0,149.8093810699476
27305,-85.0,0.5,150.25181097829264
27306,-85.0,1.0,150.9809699700145
27307,-85.0,1.5,150.91487073239574
27308,-85.0,2.0,150.894527704985
27309,-85.0,2.5,151.26664831140985
27310,-85.0,3.0,150.24517627027706
27311,-85.0,3.5,149.6241315526478
27312,-85.0,4.0,150.4903225486131
27313,-85.0,4.5,151.5897405501271
27314,-85.0,5.0,150.92419447369744
27315,-85.0,5.5,151.10455179458788
27316,-85.0,7.0,150.48222026704698
27317,-85.0,7.5,151.14279197950074
27318,-85.0,8.5,151.7983735327584
27319,-85.0,9.0,157.97569813099796
27320,-85.0,9.5,154.75542565335377
27321,-85.0,10.0,161.08908987635257
27322,-85.0,10.5,153.6203199170547
27323,-85.0,11.0,151.39159079482764
27324,-85.0,11.5,155.20604321636324
27325,-85.0,12.0,159.62524590914
27326,-85.0,12.5,147.16139444551186
27327,-85.0,13.0,153.97029693700208
27328,-85.0,13.5,152.43154960096373
27329,-85.0,14.0,148.5313841630815
27330,-85.0,14.5,153.61268330172177
27331,-85.0,15.0,148.57492329007843
27332,-85.0,15.5,146.0219500249282
27333,-85.0,16.0,153.61908322933692
27334,-85.0,16.5,151.75658800038255
27335,-85.0,17.0,152.0277811645079
27336,-85.0,17.5,152.10898547516155
27337,-85.0,18.0,153.68198018531766
27338,-85.0,18.5,154.0494225220366
27339,-85.0,19.0,148.75962005981893
27340,-85.0,19.5,149.3528732848813
27341,-85.0,20.0,152.14847141134504
27342,-85.0,20.5,148.76178072629747
27343,-85.0,21.0,148.81283355183018
27344,-85.0,21.5,157.65060641348498
27345,-85.0,22.0,153.16564049243618
27346,-85.0,23.0,153.80826295541112
27347,-85.0,24.0,148.07049811215205
27348,-85.0,24.5,150.1738650837152
27349,-85.0,25.0,147.30476521113752
27350,-85.0,25.5,149.05062644282697
27351,-85.0,26.0,148.96758591330237
27352,-85.0,26.5,148.40955709141917
27353,-85.0,27.0,148.6153352300894
27354,-85.0,27.5,147.3383167713092
27355,-85.0,28.0,149.53832986009144
27356,-85.0,28.5,150.4261153730055
27357,-85.0,29.0,153.35311556694543
27358,-85.0,29.5,150.17956223455195
27359,-85.0,30.0,155.16539819893944
27360,-85.0,30.5,151.21664509096678
27361,-85.0,31.0,150.913808324531
27362,-85.0,31.5,154.20666660961317
27363,-85.0,32.0,150.09118334201673
27364,-85.0,32.5,152.74433700344252
27365,-85.0,33.0,154.42676587727092
27366,-85.0,33.5,155.1044931334901
27367,-85.0,34.0,156.5533810747313
27368,-85.0,34.5,153.0578980453879
27369,-85.0,35.0,152.61243556824263
27370,-85.0,35.5,165.1154939384032
27371,-85.0,36.0,149.7603472041977
27372,-85.0,36.5,147.40404761618112
27373,-85.0,37.0,153.81895798210275
27374,-85.0,37.5,153.45676767380647
27375,-84.5,-37.5,149.29364078195934
27376,-84.5,-37.0,151.2208384644931
27377,-84.5,-36.5,157.70166709796828
27378,-84.5,-36.0,147.71881843747394
27379,-84.5,-35.5,147.7976523164249
27380,-84.5,-35.0,146.79843956561825
27381,-84.5,-34.5,147.8238815822054
27382,-84.5,-34.0,149.27962067474218
27383,-84.5,-33.5,151.03969045861507
27384,-84.5,-33.0,147.9174744875865
27385,-84.5,-32.5,149.37244279785057
27386,-84.5,-32.0,148.1540490770551
27387,-84.5,-31.5,152.19516249560596
27388,-84.5,-31.0,149.69019726262894
27389,-84.5,-30.5,147.9742185440926
27390,-84.5,-30.0,157.14557614773165
27391,-84.5,-29.5,149.56794654859593
27392,-84.5,-29.0,150.1870016536534
27393,-84.5,-28.5,149.78727370344697
27394,-84.5,-28.0,157.02863427598405
27395,-84.5,-27.5,156.87493737367748
27396,-84.5,-27.0,146.6900826639503
27397,-84.5,-26.5,154.1731990108043
27398,-84.5,-26.0,154.77899268069925
27399,-84.5,-25.5,151.11296768120712
27400,-84.5,-25.0,150.40602562235375
27401,-84.5,-24.5,149.51009709133626
27402,-84.5,-24.0,153.12158756033435
27403,-84.5,-23.5,151.3102794259595
27404,-84.5,-23.0,147.86996713717005
27405,-84.5,-22.5,153.31834512342368
27406,-84.5,-22.0,152.39261854010803
27407,-84.5,-21.5,152.98727366820066
27408,-84.5,-21.0,155.3898098623384
27409,-84.5,-20.5,157.99477948984264
27410,-84.5,-20.0,154.38800307431353
27411,-84.5,-19.5,151.83826373117236
27412,-84.5,-19.0,149.34960931524304
27413,-84.5,-18.5,155.15722531860257
27414,-84.5,-18.0,153.42848959426672
27415,-84.5,-17.5,147.98920150676832
27416,-84.5,-17.0,160.56062369517124
27417,-84.5,-16.5,149.80068531935103
27418,-84.5,-16.0,150.68518746195898
27419,-84.5,-15.5,156.95469790363663
27420,-84.5,-15.0,153.6789469349324
27421,-84.5,-14.5,154.4732530206505
27422,-84.5,-14.0,148.11523462694927
27423,-84.5,-13.5,151.14143315781342
27424,-84.5,-13.0,153.1721967298176
27425,-84.5,-12.5,153.08031945752552
27426,-84.5,-12.0,151.50187933389122
27427,-84.5,-11.5,152.5325122806476
27428,-84.5,-11.0,149.4015952365151
27429,-84.5,-10.5,148.02379321463226
27430,-84.5,-10.0,152.73466998631594
27431,-84.5,-9.5,149.54157702885908
27432,-84.5,-9.0,149.41140223335472
27433,-84.5,-8.5,157.8975696564074
27434,-84.5,-8.0,146.221828368946
27435,-84.5,-7.5,147.13635875833765
27436,-84.5,-7.0,146.47466762180227
27437,-84.5,-6.5,146.57109479778245
27438,-84.5,-6.0,146.83950853464927
27439,-84.5,-5.5,148.90426222661418
27440,-84.5,-5.0,148.82802150105326
27441,-84.5,-4.5,148.03546437350144
27442,-84.5,-4.0,148.03757780654905
27443,-84.5,-3.5,148.63259633599304
27444,-84.5,-3.0,150.51812632665442
27445,-84.5,-2.5,150.2287067784014
27446,-84.5,-2.0,150.1221761351788
27447,-84.5,-1.5,149.37945967944896
27448,-84.5,-1.0,152.45193408050523
27449,-84.5,-0.5,147.93589962059463
27450,-84.5,0.5,149.90895780595423
27451,-84.5,1.0,150.9828352377681
27452,-84.5,1.5,150.99064305024874
27453,-84.5,2.0,151.1212908058991
27454,-84.5,2.5,150.85160642351556
27455,-84.5,3.0,152.18918901525836
27456,-84.5,3.5,151.74638965889562
27457,-84.5,4.0,152.10628364670583
27458,-84.5,4.5,150.54396562407518
27459,-84.5,5.0,151.56164970215096
27460,-84.5,5.5,150.50523264101776
27461,-84.5,6.0,150.88780801074708
27462,-84.5,7.5,152.2164859027286
27463,-84.5,8.5,168.75484800061187
27464,-84.5,9.0,155.52862858900357
27465,-84.5,9.5,156.72610243125817
27466,-84.5,10.0,154.5106018860431
27467,-84.5,10.5,149.91344759451363
27468,-84.5,11.0,151.44599180391916
27469,-84.5,11.5,154.58236318937196
27470,-84.5,12.0,148.82586300677292
27471,-84.5,12.5,146.83293196543852
27472,-84.5,13.0,150.08352101862852
27473,-84.5,13.5,155.17081699912703
27474,-84.5,14.0,151.51141425755347
27475,-84.5,14.5,150.3685235564117
27476,-84.5,15.0,151.29478519872717
27477,-84.5,15.5,152.81838256707456
27478,-84.5,16.0,152.2163780125253
27479,-84.5,16.5,152.14530921036516
27480,-84.5,17.0,154.0499506306158
27481,-84.5,17.5,150.88221960195256
27482,-84.5,18.0,156.17854086672725
27483,-84.5,18.5,149.5890990690858
27484,-84.5,19.0,149.4188898130963
27485,-84.5,19.5,148.36188381419677
27486,-84.5,20.0,150.00433449040764
27487,-84.5,20.5,148.27186042343502
27488,-84.5,21.0,148.62484374760842
27489,-84.5,21.5,155.14328779678902
27490,-84.5,22.0,153.82677519839717
27491,-84.5,22.5,149.73620344935904
27492,-84.5,23.0,152.49740377587517
27493,-84.5,23.5,170.78715355527396
27494,-84.5,24.0,146.9558350886386
27495,-84.5,24.5,149.80932512650796
27496,-84.5,25.0,147.36798534697152
27497,-84.5,25.5,148.55425389530504
27498,-84.5,26.0,148.73271136980574
27499,-84.5,26.5,149.18482947261919
27500,-84.5,27.0,149.23530536416123
27501,-84.5,27.5,148.14570381199732
27502,-84.5,28.0,149.1462975379312
27503,-84.5,28.5,148.75560744651452
27504,-84.5,29.0,150.44240908775936
27505,-84.5,29.5,150.5248068433217
27506,-84.5,30.0,153.21531878253595
27507,-84.5,30.5,151.819878604635
27508,-84.5,31.0,150.87620058002608
27509,-84.5,31.5,153.40094579930954
27510,-84.5,32.0,152.7103106458819
27511,-84.5,32.5,148.96609564692986
27512,-84.5,33.0,152.78037629635375
27513,-84.5,33.5,155.64777498361101
27514,-84.5,34.0,156.919889255436
27515,-84.5,34.5,154.4119765675437
27516,-84.5,35.0,151.3922990521224
27517,-84.5,35.5,157.55393140957767
27518,-84.5,36.0,149.9643156346205
27519,-84.5,36.5,147.2029116036333
27520,-84.5,37.0,150.58708335999498
27521,-84.5,37.5,153.83340375339066
27522,-84.0,-37.5,149.31107059483205
27523,-84.0,-37.0,150.7859877232668
27524,-84.0,-36.5,158.64818978143197
27525,-84.0,-35.5,147.80905959715764
27526,-84.0,-35.0,146.58990659316092
27527,-84.0,-34.5,150.10403281281882
27528,-84.0,-34.0,148.27080542407361
27529,-84.0,-33.5,150.4688963173401
27530,-84.0,-33.0,148.48460743219204
27531,-84.0,-32.5,149.0872177175917
27532,-84.0,-32.0,149.45879615437454
27533,-84.0,-31.5,150.84241588078692
27534,-84.0,-31.0,148.92679251848443
27535,-84.0,-30.5,150.22235057791738
27536,-84.0,-30.0,159.68770319035085
27537,-84.0,-29.5,147.61013764413823
27538,-84.0,-29.0,149.47530430423345
27539,-84.0,-28.5,151.3469737066373
27540,-84.0,-28.0,154.29170180340333
27541,-84.0,-27.5,154.40270289354996
27542,-84.0,-27.0,153.5138202690674
27543,-84.0,-26.5,155.55137077085644
27544,-84.0,-26.0,151.94060232391692
27545,-84.0,-25.5,152.6415905913522
27546,-84.0,-25.0,150.71235472020172
27547,-84.0,-24.5,150.90772855572675
27548,-84.0,-24.0,150.77640361502432
27549,-84.0,-23.5,153.6800609144294
27550,-84.0,-23.0,149.84055271170882
27551,-84.0,-22.5,157.69209461707652
27552,-84.0,-22.0,153.89141778501101
27553,-84.0,-21.5,151.45759751318963
27554,-84.0,-21.0,155.20717061907467
27555,-84.0,-20.5,160.5822498009017
27556,-84.0,-20.0,149.93794024580907
27557,-84.0,-19.5,154.6604594629367
27558,-84.0,-19.0,151.17004698262198
27559,-84.0,-18.5,154.02300493080378
27560,-84.0,-17.5,147.8233010478991
27561,-84.0,-17.0,166.1475986866581
27562,-84.0,-16.5,154.96240230673337
27563,-84.0,-16.0,149.17924298512813
27564,-84.0,-15.5,150.90588478662926
27565,-84.0,-15.0,158.53722255822083
27566,-84.0,-14.5,151.79843729860863
27567,-84.0,-14.0,151.79486238821568
27568,-84.0,-13.5,147.5283403196147
27569,-84.0,-13.0,152.87032474241911
27570,-84.0,-12.5,152.11065261350947
27571,-84.0,-12.0,151.17573013553587
27572,-84.0,-11.5,151.77655799049853
27573,-84.0,-11.0,148.17400957696375
27574,-84.0,-10.5,147.69412519508467
27575,-84.0,-10.0,156.1533836560755
27576,-84.0,-9.5,145.8233601578574
27577,-84.0,-9.0,150.44030154556975
27578,-84.0,-8.5,147.645914175017
27579,-84.0,-8.0,146.31044033527778
27580,-84.0,-7.5,146.9406483248348
27581,-84.0,-7.0,146.61972230730487
27582,-84.0,-6.5,146.8331685498503
27583,-84.0,-5.0,148.62153659727528
27584,-84.0,-4.5,148.10245236867073
27585,-84.0,-4.0,148.05214946519422
27586,-84.0,-3.0,150.18107171428963
27587,-84.0,-2.5,149.89107964708455
27588,-84.0,-2.0,149.2375256141237
27589,-84.0,-1.5,151.5045749033824
27590,-84.0,-1.0,149.0275262195431
27591,-84.0,0.0,148.10614665964937
27592,-84.0,1.0,150.03929107746077
27593,-84.0,1.5,152.28197140802965
27594,-84.0,2.0,151.41144076442703
27595,-84.0,2.5,151.06302190945033
27596,-84.0,3.0,151.6079517200369
27597,-84.0,3.5,152.71936037916913
27598,-84.0,4.0,150.49048204717835
27599,-84.0,4.5,150.27756980262134
27600,-84.0,5.0,149.89457215854839
27601,-84.0,5.5,150.23976726217265
27602,-84.0,6.0,150.61448148306172
27603,-84.0,6.5,150.78711373976748
27604,-84.0,7.5,154.31372504635803
27605,-84.0,8.0,156.24546051141093
27606,-84.0,8.5,166.66973082514895
27607,-84.0,9.0,156.24166885427823
27608,-84.0,9.5,152.3355091813452
27609,-84.0,10.0,154.67793939996997
27610,-84.0,10.5,149.75339414297733
27611,-84.0,11.0,152.10217503122215
27612,-84.0,11.5,153.25459085053313
27613,-84.0,12.0,151.0124717589974
27614,-84.0,12.5,151.06618379783546
27615,-84.0,13.0,153.21393233863543
27616,-84.0,13.5,159.8403636075346
27617,-84.0,14.0,157.79349611009997
27618,-84.0,14.5,148.71672093053198
27619,-84.0,15.0,155.73573572972717
27620,-84.0,15.5,155.11038637927413
27621,-84.0,16.0,150.77505052640777
27622,-84.0,16.5,152.67034558863966
27623,-84.0,17.0,152.261570902709
27624,-84.0,17.5,152.03901326234643
27625,-84.0,18.0,147.75387973974333
27626,-84.0,18.5,150.41233249718428
27627,-84.0,19.0,149.50696407179743
27628,-84.0,19.5,148.16943042192466
27629,-84.0,20.0,148.85165117628443
27630,-84.0,20.5,148.74055184584844
27631,-84.0,21.0,149.5175119115895
27632,-84.0,21.5,162.42934696104047
27633,-84.0,22.5,151.10228025621632
27634,-84.0,23.0,154.1149983727234
27635,-84.0,23.5,154.854608992262
27636,-84.0,24.0,146.98002167311242
27637,-84.0,24.5,147.55734879879446
27638,-84.0,25.0,149.27810435051583
27639,-84.0,25.5,148.01134371670625
27640,-84.0,26.0,148.52111119242366
27641,-84.0,26.5,149.35342298643496
27642,-84.0,27.0,148.61617219314775
27643,-84.0,27.5,148.4774197907114
27644,-84.0,28.0,149.1888578668581
27645,-84.0,28.5,149.97176049910098
27646,-84.0,29.0,148.61019112499304
27647,-84.0,29.5,151.0218329653751
27648,-84.0,30.0,153.53877766273027
27649,-84.0,30.5,152.13723426115493
27650,-84.0,31.0,152.37323749958628
27651,-84.0,31.5,152.49912222654547
27652,-84.0,32.0,153.5458436732047
27653,-84.0,32.5,150.08585537609468
27654,-84.0,33.0,153.41811357497662
27655,-84.0,33.5,156.30266841163012
27656,-84.0,34.0,156.14576494971865
27657,-84.0,34.5,153.00215085449548
27658,-84.0,35.0,160.74074610944552
27659,-84.0,35.5,150.0793829025177
27660,-84.0,36.0,152.1665036683195
27661,-84.0,36.5,148.13774112828665
27662,-84.0,37.0,150.8493073955345
27663,-84.0,37.5,154.0098054489741
27664,-83.5,-37.5,148.881292000218
27665,-83.5,-37.0,151.07003171252242
27666,-83.5,-36.5,160.22933052335722
27667,-83.5,-35.5,147.8941788357434
27668,-83.5,-35.0,146.38676062127055
27669,-83.5,-34.5,150.26784197309925
27670,-83.5,-34.0,148.09453289992737
27671,-83.5,-33.5,150.44413396682637
27672,-83.5,-33.0,151.58306500188021
27673,-83.5,-32.5,147.6426517775957
27674,-83.5,-32.0,149.74153699969963
27675,-83.5,-31.5,149.5694887596249
27676,-83.5,-31.0,151.24402922025507
27677,-83.5,-30.5,151.82543375284308
27678,-83.5,-30.0,155.7405497284834
27679,-83.5,-29.5,146.56628094504472
27680,-83.5,-29.0,148.92701241129083
27681,-83.5,-28.5,153.3084878810532
27682,-83.5,-28.0,150.8145261717185
27683,-83.5,-27.5,151.9826142343297
27684,-83.5,-27.0,154.6270980398377
27685,-83.5,-26.5,155.37736248018777
27686,-83.5,-26.0,149.79455617061075
27687,-83.5,-25.5,156.4562903670778
27688,-83.5,-25.0,151.55776646005873
27689,-83.5,-24.5,151.55487863533432
27690,-83.5,-24.0,151.4929609072873
27691,-83.5,-23.5,153.74976214826452
27692,-83.5,-23.0,153.9742729705376
27693,-83.5,-22.5,152.7171124961038
27694,-83.5,-22.0,152.52130260567938
27695,-83.5,-21.5,153.136944017993
27696,-83.5,-21.0,155.59554104234618
27697,-83.5,-20.5,155.22919543626247
27698,-83.5,-19.5,151.29920617599953
27699,-83.5,-19.0,153.00431280855148
27700,-83.5,-18.5,150.22311539547394
27701,-83.5,-18.0,148.92627807379296
27702,-83.5,-17.5,147.76058594426704
27703,-83.5,-17.0,148.79818931846742
27704,-83.5,-16.5,158.57193626642302
27705,-83.5,-16.0,152.07126022398356
27706,-83.5,-15.5,152.32436614673358
27707,-83.5,-15.0,157.81809667712722
27708,-83.5,-14.5,152.77472283084717
27709,-83.5,-14.0,152.5468547491512
27710,-83.5,-13.5,150.56445622751485
27711,-83.5,-13.0,147.92411990126888
27712,-83.5,-12.5,151.01161183617094
27713,-83.5,-12.0,153.14459496857492
27714,-83.5,-11.5,149.19754658012465
27715,-83.5,-11.0,150.2105527590612
27716,-83.5,-10.5,151.34007136086575
27717,-83.5,-10.0,150.00331152911207
27718,-83.5,-9.5,155.81177777242917
27719,-83.5,-9.0,147.10440199012953
27720,-83.5,-8.5,148.61231557577904
27721,-83.5,-7.5,146.5374113817367
27722,-83.5,-7.0,146.88334355566252
27723,-83.5,-6.5,146.72305579892324
27724,-83.5,-5.0,147.98261802287684
27725,-83.5,-4.5,148.18999637443318
27726,-83.5,-3.5,153.3234160427674
27727,-83.5,-3.0,150.21338911498344
27728,-83.5,-2.5,149.44231880252832
27729,-83.5,-2.0,149.8478125252433
27730,-83.5,-1.5,149.3931654755397
27731,-83.5,-1.0,149.0577076842218
27732,-83.5,0.0,148.2761441295725
27733,-83.5,0.5,148.91939030289024
27734,-83.5,1.0,152.2207265451415
27735,-83.5,1.5,150.955931359138
27736,-83.5,2.0,152.64877877406119
27737,-83.5,2.5,151.10356002903652
27738,-83.5,3.0,152.2733331769064
27739,-83.5,3.5,151.20059323665916
27740,-83.5,4.0,150.99216826866993
27741,-83.5,4.5,149.92408693418383
27742,-83.5,5.0,150.2525883017385
27743,-83.5,6.0,150.15123924041424
27744,-83.5,6.5,150.63959952950466
27745,-83.5,7.0,151.20558238595802
27746,-83.5,7.5,156.83806380816827
27747,-83.5,8.0,164.25466253583022
27748,-83.5,8.5,155.8593230890007
27749,-83.5,9.0,156.0227944124826
27750,-83.5,9.5,151.98457501389373
27751,-83.5,10.0,150.0293362870681
27752,-83.5,10.5,160.1660761904655
27753,-83.5,11.0,155.04071185394162
27754,-83.5,11.5,153.1805957570653
27755,-83.5,12.0,154.21835199490374
27756,-83.5,12.5,155.8769549538462
27757,-83.5,13.0,157.68272110436394
27758,-83.5,13.5,159.78196805557639
27759,-83.5,14.0,159.0212850258718
27760,-83.5,14.5,155.7549088422816
27761,-83.5,15.0,156.2967230168604
27762,-83.5,15.5,153.99172141975205
27763,-83.5,16.0,152.89250820029898
27764,-83.5,16.5,150.83279741718246
27765,-83.5,17.0,152.01888820804675
27766,-83.5,17.5,147.74195517474192
27767,-83.5,18.0,148.94065686339798
27768,-83.5,18.5,150.0655903955597
27769,-83.5,19.0,150.0630319752089
27770,-83.5,19.5,151.15349989111766
27771,-83.5,20.0,148.13537448317038
27772,-83.5,20.5,149.41828851520546
27773,-83.5,21.0,153.97881460313087
27774,-83.5,21.5,154.38094669718805
27775,-83.5,22.0,155.81427574358617
27776,-83.5,22.5,150.69336593631695
27777,-83.5,23.0,150.45072005112826
27778,-83.5,23.5,146.90754381221515
27779,-83.5,24.5,146.8855427343868
27780,-83.5,25.0,149.57623479013972
27781,-83.5,25.5,148.1032917667363
27782,-83.5,26.0,148.54447849388018
27783,-83.5,26.5,150.0097714662651
27784,-83.5,27.0,148.21510510885244
27785,-83.5,27.5,148.1706478104998
27786,-83.5,28.0,149.363159450201
27787,-83.5,28.5,149.22724883696463
27788,-83.5,29.0,149.8619123901378
27789,-83.5,29.5,154.06651307999365
27790,-83.5,30.0,154.22668221810346
27791,-83.5,30.5,152.90776413213658
27792,-83.5,31.0,152.43752202129494
27793,-83.5,31.5,153.50702238414064
27794,-83.5,32.0,153.78109588443516
27795,-83.5,32.5,151.95037336041332
27796,-83.5,33.0,154.1352791149607
27797,-83.5,33.5,155.86096753777414
27798,-83.5,34.0,155.33328916634827
27799,-83.5,34.5,155.21001764964487
27800,-83.5,35.5,149.66125470374567
27801,-83.5,36.0,151.2192654552513
27802,-83.5,36.5,150.63116004129384
27803,-83.5,37.0,147.43428438958014
27804,-83.5,37.5,154.5589671705376
27805,-83.0,-37.5,148.61575247149287
27806,-83.0,-37.0,150.75285472729527
27807,-83.0,-36.5,161.044760527782
27808,-83.0,-35.5,147.7161560812702
27809,-83.0,-35.0,146.93937247074356
27810,-83.0,-34.5,149.88011901957026
27811,-83.0,-34.0,147.97818732743056
27812,-83.0,-33.5,152.57520481046524
27813,-83.0,-33.0,153.50014165125043
27814,-83.0,-32.5,148.94259122616498
27815,-83.0,-32.0,147.61286739124245
27816,-83.0,-31.5,148.6561243028645
27817,-83.0,-31.0,152.13299826951453
27818,-83.0,-30.5,158.72530425620036
27819,-83.0,-30.0,148.91041262302485
27820,-83.0,-29.5,153.04488367762406
27821,-83.0,-29.0,148.41992608990512
27822,-83.0,-28.5,155.77697075971417
27823,-83.0,-28.0,148.23280197191525
27824,-83.0,-27.5,151.59084648433372
27825,-83.0,-27.0,155.24272015096344
27826,-83.0,-26.5,149.93994154396455
27827,-83.0,-26.0,149.8803363832274
27828,-83.0,-25.5,153.100740981765
27829,-83.0,-25.0,153.9781327141187
27830,-83.0,-24.5,151.40832290699763
27831,-83.0,-24.0,149.94163354692984
27832,-83.0,-23.5,151.46028137762258
27833,-83.0,-23.0,157.10044962666632
27834,-83.0,-22.5,151.21229795110378
27835,-83.0,-22.0,150.44710948961844
27836,-83.0,-21.5,152.76386535470553
27837,-83.0,-21.0,158.43901545465545
27838,-83.0,-20.5,154.05821441467967
27839,-83.0,-19.5,151.62959569934853
27840,-83.0,-19.0,151.7651916889876
27841,-83.0,-18.5,148.9184654529596
27842,-83.0,-18.0,148.85031784449245
27843,-83.0,-17.5,148.92548839503917
27844,-83.0,-17.0,149.96006555433843
27845,-83.0,-16.5,149.4898182426884
27846,-83.0,-16.0,156.35172472614818
27847,-83.0,-15.5,150.60247916333387
27848,-83.0,-15.0,149.2199496121224
27849,-83.0,-14.5,154.06696461839587
27850,-83.0,-14.0,151.08930870892345
27851,-83.0,-13.5,152.3485540009736
27852,-83.0,-13.0,150.0952201431212
27853,-83.0,-12.5,152.24133839732264
27854,-83.0,-12.0,150.8671704399455
27855,-83.0,-11.5,151.1952688557971
27856,-83.0,-11.0,150.9454839768929
27857,-83.0,-10.5,151.4246223810848
27858,-83.0,-10.0,150.68864343943582
27859,-83.0,-9.5,159.06545837160618
27860,-83.0,-9.0,151.59599220447907
27861,-83.0,-8.5,148.64133460449412
27862,-83.0,-8.0,149.00785985907683
27863,-83.0,-7.5,146.93525200388407
27864,-83.0,-7.0,146.92193430373263
27865,-83.0,-6.5,146.9765716468064
27866,-83.0,-6.0,146.86198312694592
27867,-83.0,-5.0,148.09698970247175
27868,-83.0,-4.5,148.4587207643471
27869,-83.0,-4.0,150.96153052272453
27870,-83.0,-3.5,152.93900507721975
27871,-83.0,-3.0,150.25114391165008
27872,-83.0,-2.5,150.0324225545397
27873,-83.0,-2.0,149.64091926704708
27874,-83.0,-1.5,148.3092544030853
27875,-83.0,-1.0,148.55243615558044
27876,-83.0,-0.5,149.30283185518962
27877,-83.0,0.5,151.37109498553662
27878,-83.0,1.0,151.4346684968406
27879,-83.0,1.5,150.07229996436072
27880,-83.0,2.0,151.7495763870796
27881,-83.0,2.5,152.35984847578436
27882,-83.0,3.0,151.4529141621305
27883,-83.0,3.5,150.91790622594112
27884,-83.0,4.0,150.9755453496566
27885,-83.0,4.5,149.97447548839617
27886,-83.0,5.0,150.2649009914472
27887,-83.0,5.5,150.67175420285227
27888,-83.0,6.5,150.42116046752398
27889,-83.0,7.0,152.0168118542405
27890,-83.0,7.5,167.1649528599754
27891,-83.0,8.0,164.58337581838927
27892,-83.0,8.5,155.23934325581124
27893,-83.0,9.0,152.27013696269185
27894,-83.0,10.0,156.6979518174564
27895,-83.0,10.5,159.13068287061319
27896,-83.0,11.0,158.48678211881372
27897,-83.0,11.5,159.22896005958268
27898,-83.0,12.0,156.00412957366996
27899,-83.0,12.5,157.1188220368698
27900,-83.0,13.0,154.2296083173079
27901,-83.0,13.5,153.98904692915056
27902,-83.0,14.0,154.4473504815467
27903,-83.0,15.0,152.0755285468366
27904,-83.0,15.5,153.96882251733427
27905,-83.0,16.0,155.03563828133926
27906,-83.0,16.5,151.3960846020304
27907,-83.0,17.0,151.3245893465056
27908,-83.0,17.5,148.89381846413542
27909,-83.0,18.0,149.99114550549888
27910,-83.0,18.5,148.71544636090488
27911,-83.0,19.0,150.36839139976146
27912,-83.0,19.5,149.69660853685772
27913,-83.0,20.0,148.11135404471364
27914,-83.0,20.5,150.373134254609
27915,-83.0,21.0,157.71584553765453
27916,-83.0,21.5,152.76456601458696
27917,-83.0,22.0,153.02809869604954
27918,-83.0,23.0,149.93079717227081
27919,-83.0,23.5,147.76798094859868
27920,-83.0,24.0,147.16914151419957
27921,-83.0,24.5,158.35577640603265
27922,-83.0,25.0,148.92186637821297
27923,-83.0,25.5,149.04893918216013
27924,-83.0,26.0,148.22519342917383
27925,-83.0,26.5,149.81601923548016
27926,-83.0,27.0,149.6344230260907
27927,-83.0,27.5,148.874034503042
27928,-83.0,28.0,151.5495172853294
27929,-83.0,28.5,150.02767501869812
27930,-83.0,29.0,151.961018322655
27931,-83.0,29.5,152.47468068989522
27932,-83.0,30.0,151.8377129316702
27933,-83.0,30.5,152.5412164735211
27934,-83.0,31.0,151.83701204518152
27935,-83.0,31.5,153.07369195249612
27936,-83.0,32.0,153.83382262688934
27937,-83.0,32.5,149.43461318327104
27938,-83.0,33.0,153.54623017150055
27939,-83.0,33.5,156.86542890767487
27940,-83.0,34.0,156.0465579404369
27941,-83.0,34.5,157.76299135135235
27942,-83.0,35.0,151.77428447522738
27943,-83.0,35.5,149.67717371453543
27944,-83.0,36.0,151.10290237694446
27945,-83.0,36.5,149.13338026226603
27946,-83.0,37.0,147.13034990909077
27947,-83.0,37.5,155.42316828273155
27948,-82.5,-39.0,162.65217908981492
27949,-82.5,-38.0,155.58199241131152
27950,-82.5,-37.5,148.31372454875228
27951,-82.5,-37.0,150.53933017358924
27952,-82.5,-36.5,158.89580773332221
27953,-82.5,-35.5,147.4430520960866
27954,-82.5,-35.0,147.3820102926665
27955,-82.5,-34.5,149.0601253680176
27956,-82.5,-34.0,148.47121569141925
27957,-82.5,-33.5,153.45488000672708
27958,-82.5,-33.0,153.6146991531119
27959,-82.5,-32.5,149.18844083071536
27960,-82.5,-32.0,147.5012175920007
27961,-82.5,-31.5,150.18137883563384
27962,-82.5,-31.0,152.23827647476568
27963,-82.5,-30.5,157.44209447587394
27964,-82.5,-30.0,148.7290203400131
27965,-82.5,-29.5,151.36442767871608
27966,-82.5,-29.0,148.97128946415555
27967,-82.5,-28.5,158.6461076230475
27968,-82.5,-28.0,151.43807502088993
27969,-82.5,-27.5,150.2801379870409
27970,-82.5,-27.0,158.3443751968772
27971,-82.5,-26.5,148.62467983705366
27972,-82.5,-26.0,150.7430576271649
27973,-82.5,-25.5,150.01967356562685
27974,-82.5,-25.0,157.4730311372677
27975,-82.5,-24.5,151.24524417593207
27976,-82.5,-24.0,151.6807759169665
27977,-82.5,-23.5,150.99865235638657
27978,-82.5,-23.0,154.10114956870797
27979,-82.5,-22.5,153.62852888430783
27980,-82.5,-22.0,155.16509003090158
27981,-82.5,-21.5,158.11144911504417
27982,-82.5,-21.0,151.06280825068373
27983,-82.5,-20.5,153.22527858283067
27984,-82.5,-20.0,155.13442813795825
27985,-82.5,-19.5,153.06047838005318
27986,-82.5,-19.0,151.8541130957058
27987,-82.5,-18.0,149.46661508215232
27988,-82.5,-17.5,150.92117673442053
27989,-82.5,-17.0,151.09979140642025
27990,-82.5,-16.5,149.6003874553246
27991,-82.5,-16.0,160.34972475497665
27992,-82.5,-15.5,152.69585029962593
27993,-82.5,-15.0,149.44198316902205
27994,-82.5,-14.5,149.16946336769524
27995,-82.5,-14.0,153.37151016173976
27996,-82.5,-13.5,152.10104507407664
27997,-82.5,-13.0,151.4262356149992
27998,-82.5,-12.5,150.56473145615914
27999,-82.5,-12.0,148.94387750871155
28000,-82.5,-11.5,151.28176104054674
28001,-82.5,-11.0,152.11002084003277
28002,-82.5,-10.5,150.20863661438787
28003,-82.5,-10.0,153.948136558759
28004,-82.5,-9.5,147.56220825524798
28005,-82.5,-9.0,159.9258611076466
28006,-82.5,-8.5,156.89908943652878
28007,-82.5,-8.0,148.19651951363466
28008,-82.5,-7.5,148.56177628258877
28009,-82.5,-6.0,146.96985687975868
28010,-82.5,-5.5,148.19709490491178
28011,-82.5,-5.0,148.3765456158287
28012,-82.5,-4.5,153.37739031578337
28013,-82.5,-4.0,151.5139913669242
28014,-82.5,-3.5,149.4726481681804
28015,-82.5,-3.0,149.74889743158406
28016,-82.5,-2.5,151.48415220694997
28017,-82.5,-2.0,148.49006251632645
28018,-82.5,-1.5,149.1213917234366
28019,-82.5,-1.0,148.48478275659414
28020,-82.5,-0.5,149.27375717562052
28021,-82.5,0.0,152.11596595530187
28022,-82.5,0.5,152.21826821391878
28023,-82.5,1.0,148.3747473174933
28024,-82.5,2.0,150.2702772297895
28025,-82.5,2.5,152.81688444736915
28026,-82.5,3.0,151.19369649950784
28027,-82.5,3.5,151.82228941495842
28028,-82.5,4.0,150.4043208248798
28029,-82.5,4.5,151.03032380125174
28030,-82.5,5.0,149.6003685247778
28031,-82.5,5.5,150.9247839785191
28032,-82.5,6.0,151.42928299974673
28033,-82.5,6.5,154.45916433213898
28034,-82.5,7.0,151.71196504996706
28035,-82.5,7.5,155.04115672975794
28036,-82.5,8.0,157.03053123849094
28037,-82.5,8.5,153.57010947614287
28038,-82.5,9.0,150.7996007592576
28039,-82.5,10.5,160.50134343765683
28040,-82.5,11.0,162.1237548962736
28041,-82.5,11.5,161.4188612088301
28042,-82.5,12.0,159.97812050412335
28043,-82.5,12.5,159.1831107277632
28044,-82.5,13.0,155.78105364566557
28045,-82.5,13.5,155.10121621093418
28046,-82.5,14.0,154.26689234361908
28047,-82.5,14.5,153.5332946728749
28048,-82.5,15.0,157.180194951721
28049,-82.5,15.5,153.58488562259046
28050,-82.5,16.0,153.07973458249455
28051,-82.5,16.5,153.44478808535152
28052,-82.5,17.0,149.686177537279
28053,-82.5,17.5,150.76874222524597
28054,-82.5,18.0,149.42550309942476
28055,-82.5,18.5,148.34079751311612
28056,-82.5,19.0,147.20538600616865
28057,-82.5,19.5,149.56642531184303
28058,-82.5,20.0,152.4736366375622
28059,-82.5,20.5,157.17994294209493
28060,-82.5,21.0,149.6242335301996
28061,-82.5,21.5,148.94882813949266
28062,-82.5,22.0,150.95926555320588
28063,-82.5,22.5,160.2500529526564
28064,-82.5,23.0,148.57386769571977
28065,-82.5,23.5,149.43596686481604
28066,-82.5,24.0,146.91514470490824
28067,-82.5,24.5,167.24670973880882
28068,-82.5,25.0,147.82022436869076
28069,-82.5,25.5,149.58218477474477
28070,-82.5,26.0,150.01971698499256
28071,-82.5,26.5,150.645952524491
28072,-82.5,27.0,153.6286014725228
28073,-82.5,27.5,155.07613701012085
28074,-82.5,28.0,155.60080738477302
28075,-82.5,28.5,152.8015008638456
28076,-82.5,29.0,153.67720331492973
28077,-82.5,29.5,153.723384440127
28078,-82.5,30.0,150.78000367586728
28079,-82.5,30.5,151.26900337045592
28080,-82.5,31.0,151.5800216902227
28081,-82.5,31.5,151.10759292516795
28082,-82.5,32.0,153.04330973085533
28083,-82.5,32.5,151.6640047371981
28084,-82.5,33.0,152.94976142044834
28085,-82.5,33.5,156.73489714481425
28086,-82.5,34.0,158.5584095299957
28087,-82.5,34.5,160.10225025874524
28088,-82.5,35.0,151.7055259403498
28089,-82.5,35.5,150.80617412381176
28090,-82.5,36.0,148.15665281152116
28091,-82.5,36.5,148.10534010685902
28092,-82.5,37.0,147.65000950934004
28093,-82.5,37.5,156.0619875504369
28094,-82.0,-39.0,162.54624834995747
28095,-82.0,-38.0,155.66873630254153
28096,-82.0,-37.5,148.41381637151733
28097,-82.0,-37.0,148.34239841454436
28098,-82.0,-36.5,159.7425477997194
28099,-82.0,-36.0,148.59104865752053
28100,-82.0,-35.5,147.26278161180093
28101,-82.0,-35.0,147.83106068869483
28102,-82.0,-34.5,148.4465492313752
28103,-82.0,-34.0,148.49324442351602
28104,-82.0,-33.5,152.7663174393959
28105,-82.0,-33.0,152.45992469909072
28106,-82.0,-32.5,150.09395174372935
28107,-82.0,-32.0,147.59590533915005
28108,-82.0,-31.5,151.0920287090534
28109,-82.0,-31.0,152.7017959774277
28110,-82.0,-30.5,156.83238085961324
28111,-82.0,-30.0,148.7188888550117
28112,-82.0,-29.5,156.21618392365184
28113,-82.0,-29.0,147.7228762299785
28114,-82.0,-28.5,145.8354036400551
28115,-82.0,-28.0,152.01117353903462
28116,-82.0,-27.5,153.2550156899791
28117,-82.0,-27.0,151.15957247116302
28118,-82.0,-26.5,150.94956125090766
28119,-82.0,-26.0,151.53775233790444
28120,-82.0,-25.5,151.6135473871959
28121,-82.0,-25.0,157.76210083252445
28122,-82.0,-24.5,152.16187547289735
28123,-82.0,-24.0,151.30410405847658
28124,-82.0,-23.5,150.09841613206302
28125,-82.0,-23.0,151.50288382467687
28126,-82.0,-22.5,157.25319972820836
28127,-82.0,-22.0,149.29442898014906
28128,-82.0,-21.5,157.50427442717435
28129,-82.0,-21.0,152.0497167078916
28130,-82.0,-20.5,151.26281938947903
28131,-82.0,-20.0,154.34023238449768
28132,-82.0,-19.0,154.24408833589177
28133,-82.0,-18.5,151.8390498187102
28134,-82.0,-18.0,149.82303519111022
28135,-82.0,-17.5,149.7381626843762
28136,-82.0,-17.0,150.1660629020346
28137,-82.0,-16.5,148.8746332828815
28138,-82.0,-16.0,147.8166092680292
28139,-82.0,-15.5,153.19727547288
28140,-82.0,-15.0,150.492402265715
28141,-82.0,-14.5,149.9174412262792
28142,-82.0,-14.0,153.98274380362176
28143,-82.0,-13.5,152.33805896171552
28144,-82.0,-13.0,151.9734953913679
28145,-82.0,-12.5,149.75877222004
28146,-82.0,-12.0,149.17188546184477
28147,-82.0,-11.5,152.49437644814375
28148,-82.0,-11.0,150.0854201899094
28149,-82.0,-10.5,152.85656307323833
28150,-82.0,-10.0,148.8273713171183
28151,-82.0,-9.5,147.65540468025054
28152,-82.0,-9.0,150.66494601557633
28153,-82.0,-8.5,152.23612645392257
28154,-82.0,-8.0,147.5237665675681
28155,-82.0,-7.5,148.96760888046597
28156,-82.0,-7.0,149.9938337102816
28157,-82.0,-6.0,149.42688755116276
28158,-82.0,-5.5,147.699615527095
28159,-82.0,-5.0,153.26104111594495
28160,-82.0,-4.5,153.1954689289955
28161,-82.0,-4.0,151.65811776554304
28162,-82.0,-3.5,149.0467347683583
28163,-82.0,-3.0,151.6761882751975
28164,-82.0,-2.5,148.18461964143455
28165,-82.0,-2.0,148.27215250869995
28166,-82.0,-1.5,149.00785137207004
28167,-82.0,-1.0,148.48234659458447
28168,-82.0,-0.5,150.9902179148087
28169,-82.0,0.0,151.37102916875926
28170,-82.0,0.5,150.8192853627209
28171,-82.0,1.0,148.53943316151444
28172,-82.0,1.5,148.69239769188732
28173,-82.0,2.0,151.77020258140976
28174,-82.0,2.5,150.6757151254522
28175,-82.0,3.0,153.8137865889544
28176,-82.0,3.5,151.89249641601396
28177,-82.0,4.0,152.7615574950898
28178,-82.0,4.5,150.47438712945527
28179,-82.0,5.0,150.82842769860721
28180,-82.0,5.5,149.77405357740705
28181,-82.0,6.0,151.65828507736384
28182,-82.0,6.5,153.7693309130113
28183,-82.0,7.0,153.0274873215669
28184,-82.0,7.5,152.61982080264195
28185,-82.0,8.0,155.10568603058093
28186,-82.0,8.5,159.58833782532778
28187,-82.0,9.0,160.27188779073052
28188,-82.0,9.5,157.80078097333944
28189,-82.0,10.5,162.62707251664133
28190,-82.0,11.0,162.34715788368501
28191,-82.0,11.5,161.3802708996474
28192,-82.0,12.0,162.88504889609874
28193,-82.0,12.5,158.22001796264976
28194,-82.0,13.0,158.3516493812813
28195,-82.0,13.5,154.86657898648753
28196,-82.0,14.0,152.81649474840415
28197,-82.0,14.5,155.09393046270614
28198,-82.0,15.0,156.34571258099035
28199,-82.0,15.5,154.6452729795988
28200,-82.0,16.0,153.31143858066716
28201,-82.0,16.5,153.2017629555188
28202,-82.0,17.0,149.60284985284318
28203,-82.0,17.5,151.1205593606477
28204,-82.0,18.0,149.62231874270066
28205,-82.0,18.5,148.43158152757036
28206,-82.0,19.0,147.89119692287994
28207,-82.0,19.5,149.64685364083857
28208,-82.0,20.0,150.62736689165052
28209,-82.0,20.5,150.8237220045124
28210,-82.0,21.0,148.57742904927443
28211,-82.0,21.5,149.62304466344497
28212,-82.0,22.0,152.80158099905069
28213,-82.0,22.5,159.8318487586983
28214,-82.0,23.0,146.36972013324572
28215,-82.0,23.5,148.28812043660943
28216,-82.0,24.0,147.95637941960817
28217,-82.0,24.5,155.16145423087718
28218,-82.0,25.0,155.3128736101625
28219,-82.0,25.5,149.204114609361
28220,-82.0,26.0,150.98435428034165
28221,-82.0,26.5,158.38295756177578
28222,-82.0,27.0,157.75083233625418
28223,-82.0,27.5,155.3867887833683
28224,-82.0,28.0,155.91971691176533
28225,-82.0,28.5,155.1797625063325
28226,-82.0,29.0,153.11052212242748
28227,-82.0,29.5,154.3193359022301
28228,-82.0,30.0,151.22950521659453
28229,-82.0,30.5,150.38147082404925
28230,-82.0,31.0,152.94281812812
28231,-82.0,31.5,150.95999985596876
28232,-82.0,32.0,150.5194314956464
28233,-82.0,32.5,154.26560440617013
28234,-82.0,33.0,153.57901167543926
28235,-82.0,33.5,157.38774012362575
28236,-82.0,34.0,157.27071694071202
28237,-82.0,34.5,159.0657286463021
28238,-82.0,35.0,151.71405773374792
28239,-82.0,35.5,149.71505689367464
28240,-82.0,36.0,147.917479114345
28241,-82.0,36.5,150.37279931786824
28242,-82.0,37.0,147.68945503782047
28243,-82.0,37.5,156.75530640510559
28244,-81.5,-39.0,162.16589152104933
28245,-81.5,-38.5,155.6254052163655
28246,-81.5,-38.0,155.63235170931975
28247,-81.5,-37.5,148.24128046300416
28248,-81.5,-37.0,148.06818756178947
28249,-81.5,-36.5,161.36342185366203
28250,-81.5,-36.0,148.74233638592932
28251,-81.5,-35.5,147.4222974659193
28252,-81.5,-35.0,148.16727027120575
28253,-81.5,-34.5,148.5205743937172
28254,-81.5,-34.0,147.74453525216387
28255,-81.5,-33.5,152.73416895344698
28256,-81.5,-33.0,152.03683141279947
28257,-81.5,-32.5,149.91566740467246
28258,-81.5,-32.0,153.31976337876563
28259,-81.5,-31.5,151.2779326556694
28260,-81.5,-31.0,154.98915513085373
28261,-81.5,-30.5,155.81150918776845
28262,-81.5,-30.0,148.88315539530691
28263,-81.5,-29.5,151.6309737195919
28264,-81.5,-29.0,156.05310914840118
28265,-81.5,-28.5,146.3854586349001
28266,-81.5,-28.0,150.65491170649992
28267,-81.5,-27.5,158.7426676213666
28268,-81.5,-27.0,148.0438958436493
28269,-81.5,-26.5,152.06852181506895
28270,-81.5,-26.0,151.83638153354306
28271,-81.5,-25.5,151.51929286147964
28272,-81.5,-25.0,153.60508302105484
28273,-81.5,-24.5,155.38355586419314
28274,-81.5,-24.0,151.36808819380985
28275,-81.5,-23.5,151.98967826332932
28276,-81.5,-23.0,150.55774308839167
28277,-81.5,-22.5,155.41934997439867
28278,-81.5,-22.0,155.01708659516396
28279,-81.5,-21.5,148.2089965268369
28280,-81.5,-20.5,151.4202436939558
28281,-81.5,-20.0,152.9742854333035
28282,-81.5,-19.5,158.67339075121657
28283,-81.5,-18.5,149.42838207993023
28284,-81.5,-18.0,151.82852053173795
28285,-81.5,-17.5,149.62729923678376
28286,-81.5,-17.0,149.4727775492805
28287,-81.5,-16.0,148.4545300680738
28288,-81.5,-15.5,149.6866167496519
28289,-81.5,-15.0,152.6029689335166
28290,-81.5,-14.5,154.05215669004272
28291,-81.5,-14.0,150.2809981471599
28292,-81.5,-13.5,153.0554749458132
28293,-81.5,-13.0,150.9767897889746
28294,-81.5,-12.5,152.02048460219777
28295,-81.5,-12.0,150.0687811994691
28296,-81.5,-11.5,151.75599055367584
28297,-81.5,-11.0,151.80007214392114
28298,-81.5,-10.5,150.00702187372625
28299,-81.5,-10.0,147.3073095817365
28300,-81.5,-9.5,149.27815570090874
28301,-81.5,-9.0,149.1568528812766
28302,-81.5,-8.5,150.3189582358071
28303,-81.5,-8.0,158.2938727688198
28304,-81.5,-7.5,148.82149936370462
28305,-81.5,-7.0,149.26549145249973
28306,-81.5,-6.5,150.96325338637445
28307,-81.5,-6.0,149.88523906672745
28308,-81.5,-5.5,147.71426352865208
28309,-81.5,-5.0,150.15455616303603
28310,-81.5,-4.5,151.75469689268533
28311,-81.5,-4.0,152.5210402864421
28312,-81.5,-3.5,152.36089349217448
28313,-81.5,-3.0,147.92442361894152
28314,-81.5,-2.0,148.41677791262305
28315,-81.5,-1.5,149.10315322238228
28316,-81.5,-1.0,150.46898869225888
28317,-81.5,-0.5,151.15594335376127
28318,-81.5,0.0,150.4200229038179
28319,-81.5,0.5,156.03280677461206
28320,-81.5,1.0,157.21495979429463
28321,-81.5,1.5,150.93013082117608
28322,-81.5,2.0,150.7279918567487
28323,-81.5,2.5,150.91884442547308
28324,-81.5,3.0,150.2682710992009
28325,-81.5,3.5,160.85574167610724
28326,-81.5,4.0,158.68047720126071
28327,-81.5,4.5,152.561523803965
28328,-81.5,5.0,150.74615097017525
28329,-81.5,5.5,150.46353858980905
28330,-81.5,6.0,151.98339107199413
28331,-81.5,6.5,152.63007627923622
28332,-81.5,7.0,153.57870205499012
28333,-81.5,7.5,155.6002795202439
28334,-81.5,8.0,153.4152487804697
28335,-81.5,8.5,150.3279143416826
28336,-81.5,9.5,157.35256541774658
28337,-81.5,10.0,157.71299329150366
28338,-81.5,10.5,159.13257756054676
28339,-81.5,11.0,161.16569442737114
28340,-81.5,11.5,161.23922100196162
28341,-81.5,12.0,163.32775996389398
28342,-81.5,12.5,161.6075816237618
28343,-81.5,13.0,158.09362859957108
28344,-81.5,13.5,156.35399032045825
28345,-81.5,14.0,153.43714547150506
28346,-81.5,14.5,153.7931060307499
28347,-81.5,15.0,155.6493088329669
28348,-81.5,15.5,156.72060902379678
28349,-81.5,16.0,152.17486602807378
28350,-81.5,16.5,152.1636503965322
28351,-81.5,17.0,152.452427236267
28352,-81.5,17.5,152.1326989446893
28353,-81.5,18.0,149.76102169751496
28354,-81.5,18.5,148.26182777547137
28355,-81.5,19.0,148.3168306644039
28356,-81.5,20.0,150.66076755810906
28357,-81.5,20.5,153.05624617404393
28358,-81.5,21.0,146.11137897070554
28359,-81.5,21.5,148.6519676181604
28360,-81.5,22.0,150.54972820343932
28361,-81.5,22.5,157.72921019358492
28362,-81.5,23.0,157.6600254015546
28363,-81.5,23.5,147.66506511851966
28364,-81.5,24.0,149.4712488077134
28365,-81.5,24.5,151.32748652215173
28366,-81.5,25.0,163.57641027554655
28367,-81.5,25.5,149.75896940043634
28368,-81.5,26.0,157.9981811829067
28369,-81.5,26.5,154.2262473015885
28370,-81.5,27.0,155.6837714551732
28371,-81.5,27.5,154.05185108125877
28372,-81.5,28.0,156.6110242203853
28373,-81.5,28.5,156.24359409492533
28374,-81.5,29.0,154.2454650007083
28375,-81.5,29.5,153.89691227490295
28376,-81.5,30.0,153.84656376548762
28377,-81.5,30.5,156.39979394546785
28378,-81.5,31.0,155.421896034033
28379,-81.5,31.5,155.01942134133466
28380,-81.5,32.0,152.48559430958534
28381,-81.5,32.5,153.6685629831175
28382,-81.5,33.0,153.69723198602503
28383,-81.5,33.5,155.47527338392212
28384,-81.5,34.0,159.308735282727
28385,-81.5,34.5,155.34365730869294
28386,-81.5,35.0,164.6402433985077
28387,-81.5,35.5,150.22264117469064
28388,-81.5,36.0,149.0991706876483
28389,-81.5,36.5,147.25002165130286
28390,-81.5,37.0,147.4935998088279
28391,-81.5,37.5,157.26151171742404
28392,-81.5,38.0,157.93946050893186
28393,-81.0,-39.0,162.02047426806368
28394,-81.0,-38.5,157.9300878843064
28395,-81.0,-37.5,148.24449067895034
28396,-81.0,-37.0,147.90923839142752
28397,-81.0,-36.5,162.24906422201295
28398,-81.0,-36.0,148.81951363315778
28399,-81.0,-35.0,147.90630845539553
28400,-81.0,-34.5,148.32672961293827
28401,-81.0,-34.0,150.1260547891921
28402,-81.0,-33.5,153.27472971545265
28403,-81.0,-33.0,152.62255401267387
28404,-81.0,-32.5,149.0951280921566
28405,-81.0,-32.0,155.63297462385287
28406,-81.0,-31.5,150.95761499075303
28407,-81.0,-31.0,157.32554892442738
28408,-81.0,-30.5,148.6012813912711
28409,-81.0,-30.0,148.92031863948492
28410,-81.0,-29.5,148.45131715355626
28411,-81.0,-29.0,158.33601044311504
28412,-81.0,-28.5,146.75621856388668
28413,-81.0,-28.0,152.08806523532255
28414,-81.0,-27.5,157.9076049021209
28415,-81.0,-27.0,148.61142628461326
28416,-81.0,-26.5,150.1189528471578
28417,-81.0,-26.0,152.16093638169593
28418,-81.0,-25.5,152.73752582382465
28419,-81.0,-25.0,151.28228016154614
28420,-81.0,-24.5,157.27627676518284
28421,-81.0,-24.0,151.54973970808024
28422,-81.0,-23.5,152.59730411341783
28423,-81.0,-23.0,148.9896617967151
28424,-81.0,-22.5,151.50736842362747
28425,-81.0,-22.0,160.44340371582018
28426,-81.0,-21.5,148.23053500709727
28427,-81.0,-21.0,151.33170201129474
28428,-81.0,-20.5,151.25563064051656
28429,-81.0,-20.0,151.020189000503
28430,-81.0,-19.5,156.71001530714196
28431,-81.0,-19.0,163.40843366744693
28432,-81.0,-18.5,150.21022822866016
28433,-81.0,-18.0,151.90247268771526
28434,-81.0,-17.5,150.44670894919562
28435,-81.0,-17.0,149.4565934947483
28436,-81.0,-16.5,148.47932690775195
28437,-81.0,-16.0,149.6921706567605
28438,-81.0,-15.5,148.1558443115314
28439,-81.0,-15.0,151.76596645286287
28440,-81.0,-14.5,152.6875602940975
28441,-81.0,-14.0,154.43997842398957
28442,-81.0,-13.5,150.95822163527794
28443,-81.0,-13.0,151.965085416654
28444,-81.0,-12.5,151.205477764948
28445,-81.0,-12.0,151.5275454742479
28446,-81.0,-11.5,149.77122466073558
28447,-81.0,-11.0,154.3181380551068
28448,-81.0,-10.5,148.22539996966188
28449,-81.0,-10.0,150.05152370737852
28450,-81.0,-9.5,148.5996266284461
28451,-81.0,-9.0,147.862938738177
28452,-81.0,-8.5,150.2149463981067
28453,-81.0,-8.0,159.01203390598013
28454,-81.0,-7.5,159.27729060345942
28455,-81.0,-7.0,149.3327735107924
28456,-81.0,-6.5,150.42140004391467
28457,-81.0,-6.0,151.28728790819076
28458,-81.0,-5.5,154.2668262793305
28459,-81.0,-5.0,152.1472627584834
28460,-81.0,-4.5,147.2960205307894
28461,-81.0,-4.0,154.59193000945078
28462,-81.0,-3.5,153.48429964723263
28463,-81.0,-3.0,147.53008291434827
28464,-81.0,-2.5,147.66211004775633
28465,-81.0,-2.0,148.8096476761937
28466,-81.0,-1.5,150.9700323175796
28467,-81.0,-1.0,152.1481278491358
28468,-81.0,-0.5,150.4704476613547
28469,-81.0,0.0,149.51209404393654
28470,-81.0,0.5,157.42403132581796
28471,-81.0,1.0,151.36126741571067
28472,-81.0,1.5,151.34826360833387
28473,-81.0,2.0,150.01299727818636
28474,-81.0,3.0,152.14626727610712
28475,-81.0,3.5,160.89499816419652
28476,-81.0,4.0,156.83118871051897
28477,-81.0,4.5,152.85306317484307
28478,-81.0,5.0,158.1416218407627
28479,-81.0,5.5,151.61057065026017
28480,-81.0,6.0,150.91368513887667
28481,-81.0,6.5,152.67361619631063
28482,-81.0,7.0,152.88930102019242
28483,-81.0,7.5,153.6809489239506
28484,-81.0,8.0,151.02307443201224
28485,-81.0,8.5,149.42140718848077
28486,-81.0,10.0,156.12514804055246
28487,-81.0,10.5,156.18344083015975
28488,-81.0,11.0,158.83815450485977
28489,-81.0,11.5,158.4744460560084
28490,-81.0,12.0,160.12761857640126
28491,-81.0,12.5,162.38124876275756
28492,-81.0,13.0,159.00224654445265
28493,-81.0,13.5,153.00706264736348
28494,-81.0,14.0,153.85817233516738
28495,-81.0,14.5,155.64258763290303
28496,-81.0,15.0,158.4627443489894
28497,-81.0,15.5,158.92673985643904
28498,-81.0,16.0,152.5231221409368
28499,-81.0,16.5,152.84910614094676
28500,-81.0,17.0,153.32115051925066
28501,-81.0,17.5,153.24168705548502
28502,-81.0,18.0,149.18441617689825
28503,-81.0,18.5,149.09793286349048
28504,-81.0,19.0,148.82629495551032
28505,-81.0,19.5,149.90610298898943
28506,-81.0,20.0,149.64935420126858
28507,-81.0,20.5,151.76306863028046
28508,-81.0,21.0,148.21456197231183
28509,-81.0,21.5,148.6047443012978
28510,-81.0,22.0,151.06778938465294
28511,-81.0,22.5,154.0579008382191
28512,-81.0,23.0,155.874235445167
28513,-81.0,23.5,148.6893976404287
28514,-81.0,24.0,148.8694849682272
28515,-81.0,24.5,149.15683966787321
28516,-81.0,25.0,162.85796388077853
28517,-81.0,25.5,161.41889341380258
28518,-81.0,26.0,161.0191111603662
28519,-81.0,26.5,155.2974854123719
28520,-81.0,27.0,155.92761054569095
28521,-81.0,27.5,155.82937624145256
28522,-81.0,28.0,154.73210132257654
28523,-81.0,28.5,156.00504639481048
28524,-81.0,29.0,153.8368998209284
28525,-81.0,29.5,150.5671775435303
28526,-81.0,30.0,149.2621090077424
28527,-81.0,30.5,152.20389115394423
28528,-81.0,31.0,150.213033713346
28529,-81.0,31.5,152.29620467626034
28530,-81.0,32.0,158.76740573321442
28531,-81.0,32.5,156.08910947647672
28532,-81.0,33.0,154.08851622634782
28533,-81.0,33.5,155.54444624131443
28534,-81.0,34.0,156.82399389632508
28535,-81.0,34.5,149.7032070884007
28536,-81.0,35.0,166.08854265765436
28537,-81.0,35.5,152.8230774119159
28538,-81.0,36.0,149.25029341657876
28539,-81.0,36.5,149.13073583102866
28540,-81.0,37.0,147.98201676739112
28541,-81.0,38.0,158.56624574493654
28542,-80.5,-38.5,158.76739653192368
28543,-80.5,-37.5,147.79432224909812
28544,-80.5,-37.0,148.14302781166552
28545,-80.5,-36.5,163.39345310470407
28546,-80.5,-36.0,148.67040675788738
28547,-80.5,-35.0,147.80945843330068
28548,-80.5,-34.5,148.80945748575132
28549,-80.5,-34.0,148.93964959080628
28550,-80.5,-33.5,154.26466577353406
28551,-80.5,-33.0,152.9230207974594
28552,-80.5,-32.5,148.8675498589524
28553,-80.5,-32.0,156.08332637013544
28554,-80.5,-31.5,151.72316268830124
28555,-80.5,-31.0,153.3006766495982
28556,-80.5,-30.5,147.31882393550998
28557,-80.5,-30.0,150.28105668376384
28558,-80.5,-29.5,147.84978562258496
28559,-80.5,-29.0,165.9287309939119
28560,-80.5,-28.5,147.04318569643996
28561,-80.5,-28.0,153.8094986715574
28562,-80.5,-27.5,151.41451974819142
28563,-80.5,-27.0,149.8988040952248
28564,-80.5,-26.5,149.7582340764111
28565,-80.5,-26.0,152.04405339125043
28566,-80.5,-25.5,152.25590448509493
28567,-80.5,-25.0,148.22457734911126
28568,-80.5,-24.5,153.60105425821303
28569,-80.5,-24.0,158.01175222327396
28570,-80.5,-23.5,151.0185201621471
28571,-80.5,-23.0,153.9407429949441
28572,-80.5,-22.5,153.44410053354176
28573,-80.5,-22.0,156.2926504641088
28574,-80.5,-21.5,159.7227120542032
28575,-80.5,-21.0,150.64280488422642
28576,-80.5,-20.0,151.0437304176033
28577,-80.5,-19.5,152.1458239407063
28578,-80.5,-19.0,162.44404182144896
28579,-80.5,-18.5,149.88372147143463
28580,-80.5,-18.0,149.55158731358398
28581,-80.5,-17.5,153.27714532742792
28582,-80.5,-17.0,149.35738977230045
28583,-80.5,-16.5,149.27136350139685
28584,-80.5,-16.0,148.96180776422926
28585,-80.5,-15.5,149.9064020874996
28586,-80.5,-15.0,148.63253201004025
28587,-80.5,-14.5,153.16517649079054
28588,-80.5,-14.0,153.28411119314072
28589,-80.5,-13.5,151.506172992345
28590,-80.5,-13.0,151.07834621346618
28591,-80.5,-12.5,152.55540206951073
28592,-80.5,-12.0,151.29800691504548
28593,-80.5,-11.5,151.72063221097596
28594,-80.5,-11.0,148.87720025996845
28595,-80.5,-10.0,150.24754655513314
28596,-80.5,-9.5,148.0492682737753
28597,-80.5,-9.0,148.16983160482224
28598,-80.5,-8.5,148.182483406933
28599,-80.5,-8.0,152.03855008360242
28600,-80.5,-7.5,159.2055673017862
28601,-80.5,-7.0,150.5992941262224
28602,-80.5,-6.5,155.06566307037178
28603,-80.5,-6.0,154.34727375372412
28604,-80.5,-5.5,152.66656837104674
28605,-80.5,-5.0,150.00919993155117
28606,-80.5,-4.5,147.15429344777286
28607,-80.5,-4.0,148.8023147081614
28608,-80.5,-2.5,149.31215153973562
28609,-80.5,-2.0,146.27734460357868
28610,-80.5,-1.5,151.13698670445692
28611,-80.5,-1.0,150.133757642307
28612,-80.5,-0.5,149.32987797355756
28613,-80.5,0.0,156.89576213569325
28614,-80.5,0.5,150.8929892209269
28615,-80.5,1.0,150.6595530644172
28616,-80.5,1.5,150.92215982504084
28617,-80.5,2.0,148.49373687621895
28618,-80.5,2.5,148.5326998222162
28619,-80.5,3.0,163.98983276902493
28620,-80.5,3.5,150.42361229990294
28621,-80.5,4.0,157.58171200654124
28622,-80.5,4.5,158.07812544790565
28623,-80.5,5.0,161.5869487995603
28624,-80.5,5.5,151.88919510798053
28625,-80.5,6.0,152.40146578949393
28626,-80.5,6.5,151.357907842114
28627,-80.5,7.0,152.5728017237692
28628,-80.5,7.5,156.36731934666363
28629,-80.5,8.5,148.900955924698
28630,-80.5,9.0,151.03600874646042
28631,-80.5,10.0,152.57041792893972
28632,-80.5,10.5,153.57033504354976
28633,-80.5,11.0,156.5951366234459
28634,-80.5,11.5,158.0288456892575
28635,-80.5,12.0,157.11996393455593
28636,-80.5,12.5,161.56404888799867
28637,-80.5,13.0,158.52482143623413
28638,-80.5,13.5,154.2016119870403
28639,-80.5,14.0,154.48987033883807
28640,-80.5,14.5,155.91200112997944
28641,-80.5,15.0,171.07678162569812
28642,-80.5,15.5,161.3970730521543
28643,-80.5,16.0,153.86917649403108
28644,-80.5,16.5,154.60117229824965
28645,-80.5,17.0,153.41637442658956
28646,-80.5,17.5,152.10907949725217
28647,-80.5,18.0,149.03544280060783
28648,-80.5,18.5,149.18630740004133
28649,-80.5,19.0,149.8916142588278
28650,-80.5,19.5,150.05650036051017
28651,-80.5,20.5,148.68869185589352
28652,-80.5,21.0,149.6354286972043
28653,-80.5,21.5,152.05618972670817
28654,-80.5,22.0,152.1024258871333
28655,-80.5,22.5,151.29998502191123
28656,-80.5,23.0,151.7934789226046
28657,-80.5,23.5,155.79394147867848
28658,-80.5,24.0,153.03504050922956
28659,-80.5,24.5,149.35180264203248
28660,-80.5,25.0,156.54024097745162
28661,-80.5,25.5,162.89956014164113
28662,-80.5,26.0,163.46319484765945
28663,-80.5,26.5,158.71846303161695
28664,-80.5,27.0,157.0504607328373
28665,-80.5,27.5,154.0538006219947
28666,-80.5,28.0,152.39908661372152
28667,-80.5,28.5,151.33942458600592
28668,-80.5,29.0,148.29610722060283
28669,-80.5,29.5,149.2789372309785
28670,-80.5,30.0,149.43496188209687
28671,-80.5,30.5,151.3009754529839
28672,-80.5,31.0,149.95835992742
28673,-80.5,31.5,150.78462624316785
28674,-80.5,32.0,151.73041367041105
28675,-80.5,32.5,160.8669050990034
28676,-80.5,33.0,154.0247976035143
28677,-80.5,33.5,156.3590167064657
28678,-80.5,34.0,156.71867848082104
28679,-80.5,34.5,152.0052765988365
28680,-80.5,35.0,162.06147325586585
28681,-80.5,35.5,151.83280502161122
28682,-80.5,36.0,150.98689308047017
28683,-80.5,36.5,148.75711069906086
28684,-80.5,37.0,149.26809892576856
28685,-80.5,38.0,159.16554579773222
28686,-80.0,-38.5,158.94293636103072
28687,-80.0,-37.5,147.58418614226204
28688,-80.0,-37.0,148.01047904966285
28689,-80.0,-36.5,160.67454935295947
28690,-80.0,-36.0,148.7670976557639
28691,-80.0,-35.5,147.25780036062406
28692,-80.0,-35.0,147.64327215032822
28693,-80.0,-34.5,149.58215227357232
28694,-80.0,-34.0,148.62803104349507
28695,-80.0,-33.5,154.838751323931
28696,-80.0,-33.0,152.53817949976087
28697,-80.0,-32.5,152.11429402266322
28698,-80.0,-32.0,154.409823960352
28699,-80.0,-31.5,151.45368138978301
28700,-80.0,-31.0,152.50814472172175
28701,-80.0,-30.5,147.8846837882301
28702,-80.0,-30.0,149.78275694784267
28703,-80.0,-29.5,148.06196786865937
28704,-80.0,-29.0,153.33819523116833
28705,-80.0,-28.5,154.49401882627902
28706,-80.0,-28.0,156.0945718705839
28707,-80.0,-27.5,146.0849332397496
28708,-80.0,-27.0,151.64252788415624
28709,-80.0,-26.5,153.4148608776947
28710,-80.0,-26.0,150.52538426378325
28711,-80.0,-25.5,151.62707462850966
28712,-80.0,-25.0,148.72005569190387
28713,-80.0,-24.5,154.0199125507973
28714,-80.0,-24.0,154.97904691137649
28715,-80.0,-23.5,151.09071168411512
28716,-80.0,-23.0,154.90742972281993
28717,-80.0,-22.5,150.2631761353312
28718,-80.0,-22.0,148.87953558600725
28719,-80.0,-21.5,166.6799602997906
28720,-80.0,-21.0,149.266739762275
28721,-80.0,-20.0,151.06633402975086
28722,-80.0,-19.5,150.94475941271543
28723,-80.0,-19.0,154.6279329952536
28724,-80.0,-18.5,163.40415819810366
28725,-80.0,-18.0,150.03821477516647
28726,-80.0,-17.5,152.05941781064368
28727,-80.0,-17.0,155.58320452548884
28728,-80.0,-16.5,149.42741077156415
28729,-80.0,-16.0,149.07522324169165
28730,-80.0,-15.5,150.59942390062187
28731,-80.0,-15.0,149.95948386056224
28732,-80.0,-14.5,150.74458115925148
28733,-80.0,-14.0,151.98422750852953
28734,-80.0,-13.5,154.1189470666747
28735,-80.0,-13.0,150.84857162561636
28736,-80.0,-12.5,151.4554555694499
28737,-80.0,-12.0,152.0574064441038
28738,-80.0,-11.5,150.8432314352333
28739,-80.0,-11.0,151.26189750818176
28740,-80.0,-10.5,151.7709193211038
28741,-80.0,-10.0,147.59158766492953
28742,-80.0,-9.5,149.1567802153636
28743,-80.0,-8.5,148.42860602316838
28744,-80.0,-8.0,152.15478638317418
28745,-80.0,-7.5,152.46968087366957
28746,-80.0,-7.0,154.88676234454942
28747,-80.0,-6.5,155.3048859789762
28748,-80.0,-6.0,149.7365619121247
28749,-80.0,-5.5,148.6399550450507
28750,-80.0,-5.0,148.4399399415121
28751,-80.0,-4.5,148.27938347177854
28752,-80.0,-4.0,142.50182749915328
28753,-80.0,-2.5,166.65608925938844
28754,-80.0,-2.0,157.32477732565104
28755,-80.0,-1.5,155.2886602172001
28756,-80.0,-1.0,146.63190655528365
28757,-80.0,-0.5,162.1786248452162
28758,-80.0,0.0,152.65966422090992
28759,-80.0,0.5,152.57332022107997
28760,-80.0,1.0,151.06801851118277
28761,-80.0,1.5,149.90872699361518
28762,-80.0,2.5,155.85595098462676
28763,-80.0,3.0,152.3039011539365
28764,-80.0,3.5,150.5922095002513
28765,-80.0,4.0,150.81099925035116
28766,-80.0,4.5,162.40461006359942
28767,-80.0,5.0,155.29611158302848
28768,-80.0,5.5,154.34707864958133
28769,-80.0,6.0,151.66692917397617
28770,-80.0,6.5,151.4964327622257
28771,-80.0,7.0,150.88721694068457
28772,-80.0,7.5,154.50839351185738
28773,-80.0,8.0,155.68474324094464
28774,-80.0,8.5,147.79367925111615
28775,-80.0,9.0,150.77255415127127
28776,-80.0,9.5,155.0210877135755
28777,-80.0,10.0,152.01618313020722
28778,-80.0,10.5,154.4800127308659
28779,-80.0,11.0,154.1337612041316
28780,-80.0,11.5,154.42951273274554
28781,-80.0,12.0,157.36802787423267
28782,-80.0,12.5,155.0930188520006
28783,-80.0,13.0,159.67564430834358
28784,-80.0,13.5,157.255781712546
28785,-80.0,14.0,155.5554012471792
28786,-80.0,14.5,157.6625678033015
28787,-80.0,15.0,176.90312094808988
28788,-80.0,15.5,155.22189839914526
28789,-80.0,16.0,155.77718458958987
28790,-80.0,16.5,152.40216858182913
28791,-80.0,17.0,155.1898298553598
28792,-80.0,17.5,154.44899671958092
28793,-80.0,18.0,150.27740320034516
28794,-80.0,18.5,150.52546476341212
28795,-80.0,19.0,150.0985518449935
28796,-80.0,19.5,150.45931677482264
28797,-80.0,20.5,146.49873894923093
28798,-80.0,21.0,151.00848843724552
28799,-80.0,21.5,155.09013501749115
28800,-80.0,22.0,147.86654153258573
28801,-80.0,22.5,150.30852886278723
28802,-80.0,23.0,152.33489739725223
28803,-80.0,23.5,152.0148360792926
28804,-80.0,24.0,150.49512933144166
28805,-80.0,24.5,154.453153294804
28806,-80.0,25.0,149.20129876185558
28807,-80.0,25.5,154.01915973546537
28808,-80.0,26.0,153.2089188603543
28809,-80.0,26.5,153.1050945368281
28810,-80.0,27.0,153.03273222073838
28811,-80.0,27.5,149.0379370958805
28812,-80.0,28.0,150.35054830319638
28813,-80.0,28.5,148.186150170334
28814,-80.0,29.0,147.12338085751523
28815,-80.0,29.5,148.88865963165648
28816,-80.0,30.0,150.85836233825606
28817,-80.0,30.5,150.27711977750087
28818,-80.0,31.0,149.6112696368585
28819,-80.0,31.5,150.6848418157883
28820,-80.0,32.0,151.3768949594996
28821,-80.0,32.5,155.95913534274231
28822,-80.0,33.0,157.6150986987847
28823,-80.0,33.5,155.81157857243412
28824,-80.0,34.0,153.56910017421808
28825,-80.0,34.5,151.89163122426987
28826,-80.0,35.0,163.84402100068556
28827,-80.0,35.5,151.2835827927575
28828,-80.0,36.0,151.32475623848924
28829,-80.0,36.5,149.17422748881782
28830,-80.0,37.0,149.6953115819599
28831,-79.5,-38.5,158.48579183078016
28832,-79.5,-38.0,161.4447706527997
28833,-79.5,-37.5,149.1399534247971
28834,-79.5,-37.0,147.7972112944533
28835,-79.5,-36.5,159.2834699801237
28836,-79.5,-36.0,148.8123165575516
28837,-79.5,-35.5,147.4435152929828
28838,-79.5,-35.0,147.59437759405654
28839,-79.5,-34.5,149.4802797039676
28840,-79.5,-34.0,149.63300781822912
28841,-79.5,-33.5,154.69873353801606
28842,-79.5,-33.0,151.80858683107252
28843,-79.5,-32.5,152.9442475468617
28844,-79.5,-32.0,148.25726157367131
28845,-79.5,-31.5,149.54129527081335
28846,-79.5,-31.0,151.11185088550044
28847,-79.5,-30.5,148.45467804281486
28848,-79.5,-30.0,147.6790876575028
28849,-79.5,-29.5,149.31118790726143
28850,-79.5,-29.0,147.09280516913648
28851,-79.5,-28.5,157.34412442688796
28852,-79.5,-28.0,146.917846519978
28853,-79.5,-27.5,147.707488671117
28854,-79.5,-27.0,152.78065808184084
28855,-79.5,-26.5,152.0625072382707
28856,-79.5,-26.0,149.8873612701389
28857,-79.5,-25.5,152.0685881688517
28858,-79.5,-25.0,154.42141032435035
28859,-79.5,-24.5,150.57726430675214
28860,-79.5,-24.0,152.03693147672774
28861,-79.5,-23.5,154.47878002141175
28862,-79.5,-23.0,152.21294162546937
28863,-79.5,-22.5,163.06349237414233
28864,-79.5,-22.0,152.71826851464883
28865,-79.5,-21.5,153.4090340643956
28866,-79.5,-21.0,165.62866700289192
28867,-79.5,-20.5,148.23445949555892
28868,-79.5,-19.5,150.74911936417826
28869,-79.5,-19.0,150.4051392515078
28870,-79.5,-18.5,159.73831451127433
28871,-79.5,-17.5,149.0030805666389
28872,-79.5,-17.0,152.04258069597236
28873,-79.5,-16.5,149.21810037363736
28874,-79.5,-16.0,149.8423088730053
28875,-79.5,-15.5,149.45915578421315
28876,-79.5,-15.0,151.34644022231564
28877,-79.5,-14.5,150.6617707153877
28878,-79.5,-14.0,151.77766273679964
28879,-79.5,-13.5,152.62242750162372
28880,-79.5,-13.0,162.4704719554947
28881,-79.5,-12.5,150.72650230148577
28882,-79.5,-12.0,152.2193010395454
28883,-79.5,-11.5,148.87053563923618
28884,-79.5,-11.0,151.83765879631594
28885,-79.5,-10.5,150.53333093517628
28886,-79.5,-10.0,148.22836927316283
28887,-79.5,-9.5,148.83673278626182
28888,-79.5,-9.0,150.03155221307338
28889,-79.5,-8.5,148.39261936958053
28890,-79.5,-8.0,148.95667070269647
28891,-79.5,-7.5,151.75657666293645
28892,-79.5,-7.0,155.64093392236353
28893,-79.5,-6.5,153.8731328666819
28894,-79.5,-6.0,149.77593386898675
28895,-79.5,-5.5,147.2646365240177
28896,-79.5,-5.0,149.04202019581334
28897,-79.5,-4.5,148.97549774130815
28898,-79.5,-4.0,142.42522551621147
28899,-79.5,-3.5,141.5582260158985
28900,-79.5,-2.5,154.55730783729695
28901,-79.5,-2.0,157.5902430812948
28902,-79.5,-1.5,153.82753626027605
28903,-79.5,-1.0,166.7508815299705
28904,-79.5,-0.5,153.9842593600604
28905,-79.5,0.0,148.29015108695128
28906,-79.5,0.5,148.70890312142774
28907,-79.5,1.0,150.24645791141302
28908,-79.5,1.5,148.88866721752908
28909,-79.5,2.0,152.22025542974336
28910,-79.5,2.5,161.8228783964963
28911,-79.5,3.0,148.76288033039341
28912,-79.5,4.0,153.4017577728197
28913,-79.5,4.5,158.63988614630674
28914,-79.5,5.0,158.3193039612228
28915,-79.5,5.5,154.02466908293925
28916,-79.5,6.0,153.41410806297827
28917,-79.5,6.5,151.94386169372078
28918,-79.5,7.0,152.00068220227166
28919,-79.5,7.5,153.12521167467563
28920,-79.5,8.0,155.916152994857
28921,-79.5,9.0,151.9161206875242
28922,-79.5,9.5,153.32658251603533
28923,-79.5,10.0,156.13637002838854
28924,-79.5,10.5,155.70191815713736
28925,-79.5,11.0,154.00861810743882
28926,-79.5,11.5,154.38791954262956
28927,-79.5,12.0,154.2005715008922
28928,-79.5,12.5,154.9825872223389
28929,-79.5,13.0,157.17176464772544
28930,-79.5,13.5,160.01469904236927
28931,-79.5,14.0,155.9468362204126
28932,-79.5,14.5,180.59782934988863
28933,-79.5,15.0,154.802656444002
28934,-79.5,15.5,154.04740686712324
28935,-79.5,16.0,155.90246806698448
28936,-79.5,16.5,155.3816065080212
28937,-79.5,17.0,153.90555143611152
28938,-79.5,17.5,152.59398369116906
28939,-79.5,18.0,152.63768232574765
28940,-79.5,18.5,152.48666340248963
28941,-79.5,19.0,150.7568192997128
28942,-79.5,19.5,149.54911138555764
28943,-79.5,20.0,146.64887374784328
28944,-79.5,20.5,150.94035045701347
28945,-79.5,21.0,150.89078643314323
28946,-79.5,21.5,155.38884849837936
28947,-79.5,22.0,151.10508219835222
28948,-79.5,22.5,151.70739153057767
28949,-79.5,23.0,151.70640706199012
28950,-79.5,23.5,148.99793777255218
28951,-79.5,24.0,154.02219422072403
28952,-79.5,24.5,159.27613928875337
28953,-79.5,25.0,149.47490702752495
28954,-79.5,25.5,149.7385682141186
28955,-79.5,26.0,153.03220423615085
28956,-79.5,26.5,148.8665507257536
28957,-79.5,27.0,149.67562778052954
28958,-79.5,27.5,149.6784528040458
28959,-79.5,28.0,149.93781411124147
28960,-79.5,28.5,148.30755534338294
28961,-79.5,29.0,147.52331113748136
28962,-79.5,29.5,149.0061292920385
28963,-79.5,30.0,151.58039148549767
28964,-79.5,30.5,147.50483182644035
28965,-79.5,31.0,150.09370692034162
28966,-79.5,31.5,150.69615698462644
28967,-79.5,32.0,151.67474553668163
28968,-79.5,32.5,153.84554696032535
28969,-79.5,33.0,156.07738336097643
28970,-79.5,33.5,154.95706322081756
28971,-79.5,34.0,153.15146051358207
28972,-79.5,35.0,161.4015961670353
28973,-79.5,35.5,151.6085330060961
28974,-79.5,36.0,152.37536115689505
28975,-79.5,36.5,150.16936791620927
28976,-79.5,37.0,150.15347099472916
28977,-79.0,-38.5,155.97819736577355
28978,-79.0,-38.0,161.19168532143422
28979,-79.0,-37.5,152.54962265085567
28980,-79.0,-37.0,147.7627762570115
28981,-79.0,-36.5,162.4829220131125
28982,-79.0,-36.0,148.79346527937457
28983,-79.0,-35.5,148.50616446903388
28984,-79.0,-35.0,149.47968235578048
28985,-79.0,-34.5,148.14885580214184
28986,-79.0,-34.0,151.70546292977807
28987,-79.0,-33.5,154.97574411709974
28988,-79.0,-33.0,151.99701978162784
28989,-79.0,-32.5,155.12908744075656
28990,-79.0,-32.0,147.94774310814518
28991,-79.0,-31.5,149.73605923369257
28992,-79.0,-31.0,151.05308385166333
28993,-79.0,-30.5,148.55639450524924
28994,-79.0,-30.0,147.61195930172735
28995,-79.0,-29.5,150.57797778699137
28996,-79.0,-29.0,147.22378498499356
28997,-79.0,-28.5,153.66588054215669
28998,-79.0,-28.0,146.52704716268576
28999,-79.0,-27.5,148.7844490550958
29000,-79.0,-27.0,153.19174625603847
29001,-79.0,-26.5,152.06851867061386
29002,-79.0,-26.0,150.24482330213758
29003,-79.0,-25.5,152.07477473412803
29004,-79.0,-25.0,152.84122622107824
29005,-79.0,-24.5,152.87567726583
29006,-79.0,-24.0,151.55323191941432
29007,-79.0,-23.5,156.09299034163595
29008,-79.0,-23.0,151.33656836961924
29009,-79.0,-22.5,159.68748070513197
29010,-79.0,-22.0,148.40342215938216
29011,-79.0,-21.5,153.00741620423835
29012,-79.0,-21.0,170.91903126006008
29013,-79.0,-20.5,153.87626744585276
29014,-79.0,-19.5,149.68043645925556
29015,-79.0,-19.0,150.4280428836562
29016,-79.0,-18.5,152.971739772805
29017,-79.0,-18.0,181.25693519328638
29018,-79.0,-17.5,149.08853902390163
29019,-79.0,-17.0,150.87815785690876
29020,-79.0,-16.5,154.56436952259816
29021,-79.0,-16.0,149.53638503256894
29022,-79.0,-15.5,150.09586436419627
29023,-79.0,-15.0,150.880679145676
29024,-79.0,-14.5,151.79284217185736
29025,-79.0,-14.0,148.93621545613001
29026,-79.0,-13.5,153.49509428813928
29027,-79.0,-13.0,155.94154959338863
29028,-79.0,-12.5,158.49714675053954
29029,-79.0,-12.0,149.13617510572863
29030,-79.0,-11.5,150.91070740096742
29031,-79.0,-11.0,151.08540370113718
29032,-79.0,-10.5,149.385033833608
29033,-79.0,-10.0,152.24486036906197
29034,-79.0,-9.0,149.03487319918025
29035,-79.0,-8.5,149.38141366265447
29036,-79.0,-8.0,146.12266670384727
29037,-79.0,-7.5,144.8523125695713
29038,-79.0,-7.0,150.4759742602972
29039,-79.0,-6.5,155.46385108915246
29040,-79.0,-6.0,148.75312702513685
29041,-79.0,-5.5,148.24014320714468
29042,-79.0,-5.0,148.7836342843558
29043,-79.0,-4.5,148.65722129971851
29044,-79.0,-3.5,142.57904123751388
29045,-79.0,-3.0,146.93211155972932
29046,-79.0,-2.5,154.41586642611892
29047,-79.0,-2.0,153.53491487609733
29048,-79.0,-1.5,142.2180495486068
29049,-79.0,-1.0,154.1191776168869
29050,-79.0,-0.5,148.32909389864383
29051,-79.0,0.0,145.56250149246657
29052,-79.0,0.5,147.4891446782403
29053,-79.0,1.0,150.13210327909673
29054,-79.0,1.5,149.84622478859598
29055,-79.0,2.0,151.86757639069702
29056,-79.0,2.5,150.03605309211198
29057,-79.0,3.0,148.89077852367046
29058,-79.0,3.5,148.88978613141447
29059,-79.0,4.0,158.70786200127893
29060,-79.0,4.5,151.3327137428898
29061,-79.0,5.0,155.9844392617025
29062,-79.0,5.5,151.68748698899392
29063,-79.0,6.0,155.0085517731477
29064,-79.0,6.5,157.1225042294494
29065,-79.0,7.0,156.67073901734796
29066,-79.0,7.5,150.89666683018038
29067,-79.0,8.0,154.1374143661291
29068,-79.0,8.5,158.58625112768559
29069,-79.0,9.0,153.4890758108353
29070,-79.0,9.5,152.61851721849823
29071,-79.0,10.0,152.37419649509835
29072,-79.0,10.5,152.80496289180954
29073,-79.0,11.0,154.53856927144173
29074,-79.0,11.5,154.36914748068318
29075,-79.0,12.0,154.43290570992107
29076,-79.0,12.5,156.2554017407992
29077,-79.0,13.0,155.46081377107984
29078,-79.0,13.5,161.44297382751145
29079,-79.0,14.0,166.15394472974256
29080,-79.0,14.5,160.5966380404993
29081,-79.0,15.0,154.75518282812058
29082,-79.0,15.5,156.44840980680104
29083,-79.0,16.0,154.69775083198215
29084,-79.0,16.5,156.8919122218812
29085,-79.0,17.0,155.03617200601437
29086,-79.0,17.5,152.07397964077592
29087,-79.0,18.0,153.38751305252836
29088,-79.0,18.5,153.3173217091823
29089,-79.0,19.0,153.10205631636688
29090,-79.0,19.5,149.38849406252012
29091,-79.0,20.0,147.33375509212453
29092,-79.0,20.5,158.16089932658198
29093,-79.0,21.0,149.37614299551328
29094,-79.0,21.5,150.7850299803542
29095,-79.0,22.0,150.41584180092744
29096,-79.0,22.5,157.17195940464825
29097,-79.0,23.0,149.75698971154628
29098,-79.0,23.5,149.03475085437006
29099,-79.0,24.0,152.44584713094943
29100,-79.0,24.5,149.98134524514725
29101,-79.0,25.0,149.48225256508405
29102,-79.0,25.5,148.68139663072762
29103,-79.0,26.0,157.4340175678059
29104,-79.0,26.5,150.48435185548985
29105,-79.0,27.0,149.7681002292783
29106,-79.0,27.5,150.69825095468164
29107,-79.0,28.0,149.36025106705358
29108,-79.0,28.5,148.0568519947083
29109,-79.0,29.0,148.34947859799328
29110,-79.0,29.5,148.3587887741322
29111,-79.0,30.0,152.3533076864856
29112,-79.0,30.5,146.99387219864497
29113,-79.0,31.0,148.56448886051834
29114,-79.0,31.5,150.6729454105608
29115,-79.0,32.0,152.894367522729
29116,-79.0,32.5,153.6775063778074
29117,-79.0,33.0,155.27440685433487
29118,-79.0,33.5,153.74549441361083
29119,-79.0,34.0,152.99493435216252
29120,-79.0,35.0,151.86877737853015
29121,-79.0,35.5,153.2534666142523
29122,-79.0,36.0,153.27037757842763
29123,-79.0,36.5,151.97619256067608
29124,-79.0,37.0,149.87513326929553
29125,-78.5,-38.5,156.02241333023562
29126,-78.5,-38.0,160.02867123487187
29127,-78.5,-37.5,154.9105650304105
29128,-78.5,-37.0,147.64394792407552
29129,-78.5,-36.5,163.94308281999693
29130,-78.5,-36.0,148.85635661373988
29131,-78.5,-35.5,150.40351337026198
29132,-78.5,-35.0,149.887073015751
29133,-78.5,-34.5,147.9518288100005
29134,-78.5,-34.0,153.26311559446762
29135,-78.5,-33.5,151.85655902833264
29136,-78.5,-33.0,154.98678263480457
29137,-78.5,-32.5,155.59727451964608
29138,-78.5,-32.0,148.98578886265008
29139,-78.5,-31.5,150.31300056542494
29140,-78.5,-31.0,150.38908313013982
29141,-78.5,-30.5,149.54890088193102
29142,-78.5,-30.0,149.05499279358298
29143,-78.5,-29.5,148.354580424481
29144,-78.5,-29.0,152.13070056648857
29145,-78.5,-28.5,150.5996366523351
29146,-78.5,-28.0,146.37048646596256
29147,-78.5,-27.5,150.50581314449514
29148,-78.5,-27.0,149.012474344749
29149,-78.5,-26.5,152.24359100555677
29150,-78.5,-26.0,149.19226360859452
29151,-78.5,-25.5,152.22010788314478
29152,-78.5,-25.0,153.5777609468559
29153,-78.5,-24.5,153.33384667428422
29154,-78.5,-24.0,152.30115223698246
29155,-78.5,-23.5,154.430501727671
29156,-78.5,-23.0,151.42582036920876
29157,-78.5,-22.5,149.6104334646181
29158,-78.5,-22.0,155.32294956681332
29159,-78.5,-21.5,152.14670031402986
29160,-78.5,-21.0,153.76244455964445
29161,-78.5,-20.5,169.48224293596738
29162,-78.5,-20.0,148.90081945726664
29163,-78.5,-19.5,149.04349743447926
29164,-78.5,-19.0,150.2617860775434
29165,-78.5,-18.5,152.67579496198834
29166,-78.5,-18.0,160.98702475727768
29167,-78.5,-17.5,154.62550125835867
29168,-78.5,-17.0,149.8897754188146
29169,-78.5,-16.5,153.13327470892114
29170,-78.5,-16.0,154.15722906050175
29171,-78.5,-15.5,150.00019414259444
29172,-78.5,-15.0,151.46698775434362
29173,-78.5,-14.0,151.32993861755224
29174,-78.5,-13.5,148.26941340404713
29175,-78.5,-13.0,152.1591305957915
29176,-78.5,-12.5,158.87780497668498
29177,-78.5,-12.0,151.33440374047822
29178,-78.5,-11.5,151.0686872424041
29179,-78.5,-11.0,148.90546161557364
29180,-78.5,-10.5,150.80385448378212
29181,-78.5,-10.0,157.67607682853483
29182,-78.5,-9.5,157.1475188930725
29183,-78.5,-8.5,144.50887045242132
29184,-78.5,-8.0,144.09522954080313
29185,-78.5,-7.5,145.7403438325482
29186,-78.5,-7.0,148.62575221371486
29187,-78.5,-6.5,149.30431167348917
29188,-78.5,-6.0,154.40135637128327
29189,-78.5,-5.5,152.62524543430294
29190,-78.5,-5.0,148.1302882309027
29191,-78.5,-4.5,149.85497168284294
29192,-78.5,-4.0,148.2400373009712
29193,-78.5,-3.5,147.7981547712979
29194,-78.5,-3.0,147.96936542228357
29195,-78.5,-2.5,152.24899987660862
29196,-78.5,-1.5,162.86754787394284
29197,-78.5,-1.0,150.2434681663646
29198,-78.5,-0.5,145.60599806977814
29199,-78.5,0.0,146.4681681637402
29200,-78.5,0.5,142.87941331747913
29201,-78.5,1.0,147.9254119634266
29202,-78.5,1.5,150.816981389673
29203,-78.5,2.0,149.53909117394608
29204,-78.5,2.5,151.13930455955114
29205,-78.5,3.5,157.90064212243135
29206,-78.5,4.0,153.2407366616308
29207,-78.5,4.5,154.471501615818
29208,-78.5,5.0,152.28904594950671
29209,-78.5,5.5,151.7034727949101
29210,-78.5,6.5,160.09527959849842
29211,-78.5,7.0,158.50300918697428
29212,-78.5,7.5,156.15901195331253
29213,-78.5,8.0,151.50494102560708
29214,-78.5,8.5,157.64340358605205
29215,-78.5,9.0,153.1615920661054
29216,-78.5,9.5,158.35553147066517
29217,-78.5,10.0,151.1027273812236
29218,-78.5,10.5,151.7569664072236
29219,-78.5,11.0,153.65788463392164
29220,-78.5,11.5,153.82262295852976
29221,-78.5,12.0,154.5805040573387
29222,-78.5,12.5,155.45910365701567
29223,-78.5,13.0,159.36133009854217
29224,-78.5,13.5,156.37083993323157
29225,-78.5,14.0,187.91218432721283
29226,-78.5,14.5,155.52623322569679
29227,-78.5,15.0,155.6750406247829
29228,-78.5,15.5,158.0930277444309
29229,-78.5,16.0,158.32026351279345
29230,-78.5,16.5,157.57906202547326
29231,-78.5,17.0,153.56445237305925
29232,-78.5,17.5,153.4175090199843
29233,-78.5,18.0,151.89437033628195
29234,-78.5,18.5,154.92991172296712
29235,-78.5,19.0,154.6027640222298
29236,-78.5,19.5,152.10620637245052
29237,-78.5,20.0,148.4243961836052
29238,-78.5,21.0,156.02043919248
29239,-78.5,21.5,152.1446305468796
29240,-78.5,22.0,151.71441383962747
29241,-78.5,22.5,154.5145585553635
29242,-78.5,23.0,152.1677204473449
29243,-78.5,23.5,150.65710809518058
29244,-78.5,24.0,151.4971769885193
29245,-78.5,24.5,152.22974018393708
29246,-78.5,25.0,149.38762947805128
29247,-78.5,25.5,149.4057159971032
29248,-78.5,26.0,148.48732714198445
29249,-78.5,26.5,152.35885757317797
29250,-78.5,27.0,150.74554266280492
29251,-78.5,27.5,150.6209823077106
29252,-78.5,28.0,148.86826001204167
29253,-78.5,28.5,148.6319095165171
29254,-78.5,29.0,147.89069420828156
29255,-78.5,29.5,149.37276909072077
29256,-78.5,30.0,152.2723978824581
29257,-78.5,30.5,147.6623594343823
29258,-78.5,31.0,149.10197721900244
29259,-78.5,31.5,150.16441976012558
29260,-78.5,32.0,153.48381851324066
29261,-78.5,32.5,153.43764979471393
29262,-78.5,33.0,155.04056318736414
29263,-78.5,33.5,151.72532726475606
29264,-78.5,34.0,152.936155605164
29265,-78.5,35.0,152.24511400663198
29266,-78.5,35.5,153.14252209432334
29267,-78.5,36.0,151.4813396004026
29268,-78.5,36.5,154.53668120437055
29269,-78.5,37.0,151.1657236592358
29270,-78.0,-38.5,156.04066864174834
29271,-78.0,-38.0,159.8544362060229
29272,-78.0,-37.5,157.51986120485506
29273,-78.0,-37.0,149.25097185182082
29274,-78.0,-36.5,165.2248811514387
29275,-78.0,-36.0,156.50331196531968
29276,-78.0,-35.5,150.32856877038708
29277,-78.0,-35.0,149.45359703114593
29278,-78.0,-34.5,147.9028121232804
29279,-78.0,-34.0,153.69121402766905
29280,-78.0,-33.5,151.13017924376982
29281,-78.0,-33.0,156.58993819129276
29282,-78.0,-32.5,154.2702323038933
29283,-78.0,-32.0,149.6520255374156
29284,-78.0,-31.5,150.05336253765702
29285,-78.0,-31.0,151.74366118677614
29286,-78.0,-30.5,149.1143745584239
29287,-78.0,-30.0,149.67398165214522
29288,-78.0,-29.5,147.25442107811102
29289,-78.0,-29.0,155.22437164326635
29290,-78.0,-28.5,146.65353615148126
29291,-78.0,-28.0,146.733589368244
29292,-78.0,-27.5,149.9515096314232
29293,-78.0,-27.0,149.58684441104862
29294,-78.0,-26.5,151.0385661884989
29295,-78.0,-26.0,153.84687432293444
29296,-78.0,-25.5,154.52465017905422
29297,-78.0,-25.0,152.87452402992
29298,-78.0,-24.5,153.14800751281777
29299,-78.0,-24.0,152.49783302759633
29300,-78.0,-23.5,152.78813897664313
29301,-78.0,-23.0,150.4272622687714
29302,-78.0,-22.5,149.97508005423367
29303,-78.0,-22.0,162.8206014893053
29304,-78.0,-21.5,151.05841606034915
29305,-78.0,-21.0,149.2325389284256
29306,-78.0,-20.5,174.55552342267123
29307,-78.0,-20.0,153.20731551866578
29308,-78.0,-19.5,149.43698245500562
29309,-78.0,-19.0,149.71920384358154
29310,-78.0,-18.5,151.01941384274932
29311,-78.0,-18.0,150.63800220426637
29312,-78.0,-17.5,168.19391811392794
29313,-78.0,-17.0,149.79971707394756
29314,-78.0,-16.5,150.3554052885319
29315,-78.0,-16.0,156.81086157465472
29316,-78.0,-15.5,151.2229688693074
29317,-78.0,-15.0,151.1186857354585
29318,-78.0,-14.5,152.51709309434116
29319,-78.0,-14.0,152.55349306679202
29320,-78.0,-13.5,150.30183036546825
29321,-78.0,-13.0,149.7322379322273
29322,-78.0,-12.5,152.48435588025268
29323,-78.0,-12.0,163.38356526064243
29324,-78.0,-11.5,148.03009633053415
29325,-78.0,-11.0,149.81666185262296
29326,-78.0,-10.5,152.37601593826614
29327,-78.0,-10.0,152.80490450999076
29328,-78.0,-9.5,157.63685099421357
29329,-78.0,-9.0,151.10715614507788
29330,-78.0,-8.5,142.57527362516478
29331,-78.0,-8.0,145.993323301207
29332,-78.0,-7.5,149.50547046148657
29333,-78.0,-7.0,144.42730796048664
29334,-78.0,-6.5,145.9612051011182
29335,-78.0,-6.0,150.64429565175678
29336,-78.0,-5.5,158.66057273823367
29337,-78.0,-5.0,151.99981508697604
29338,-78.0,-4.5,149.84790850361273
29339,-78.0,-4.0,148.44513985536048
29340,-78.0,-3.5,152.25108163349825
29341,-78.0,-3.0,153.7820108929289
29342,-78.0,-2.5,144.1953740550214
29343,-78.0,-2.0,157.5938699614835
29344,-78.0,-1.5,157.97675102959244
29345,-78.0,-1.0,147.82751254760987
29346,-78.0,-0.5,146.17509684593514
29347,-78.0,0.0,147.67643318254548
29348,-78.0,0.5,142.91436410834893
29349,-78.0,1.0,143.6215717773735
29350,-78.0,1.5,148.2211000959853
29351,-78.0,2.0,146.2188760280988
29352,-78.0,2.5,148.85426427683856
29353,-78.0,3.0,154.0580879898556
29354,-78.0,3.5,158.36091023093283
29355,-78.0,4.0,151.64142055884932
29356,-78.0,4.5,153.92619596998586
29357,-78.0,5.0,152.0202242122573
29358,-78.0,6.5,159.9144444310997
29359,-78.0,7.0,160.25599711459714
29360,-78.0,7.5,153.111348143025
29361,-78.0,8.0,152.01322000134587
29362,-78.0,8.5,153.2849671735541
29363,-78.0,9.0,159.23336625691636
29364,-78.0,9.5,159.19163411432075
29365,-78.0,10.0,151.50539251236864
29366,-78.0,10.5,152.23101901109578
29367,-78.0,11.0,150.59446029853126
29368,-78.0,11.5,153.54123261301223
29369,-78.0,12.0,156.14080539464302
29370,-78.0,12.5,156.63458168505122
29371,-78.0,13.0,158.3162518605986
29372,-78.0,13.5,166.45881102373227
29373,-78.0,14.0,163.93795700411053
29374,-78.0,14.5,157.05254520777078
29375,-78.0,15.0,158.6607359430662
29376,-78.0,15.5,156.4163493682599
29377,-78.0,16.0,158.03759884307462
29378,-78.0,16.5,157.60984766057092
29379,-78.0,17.0,157.59147732647588
29380,-78.0,17.5,154.43654999221945
29381,-78.0,18.0,153.0654368872708
29382,-78.0,18.5,153.81945242746238
29383,-78.0,19.0,156.15681802416228
29384,-78.0,19.5,151.6691011764547
29385,-78.0,20.0,149.59576808213032
29386,-78.0,20.5,149.75262507716292
29387,-78.0,21.0,151.67395177652656
29388,-78.0,21.5,150.6578839890383
29389,-78.0,22.0,151.2865332607648
29390,-78.0,22.5,153.25809922392122
29391,-78.0,23.0,151.03605063514507
29392,-78.0,23.5,151.00507375972558
29393,-78.0,24.0,156.08525767645688
29394,-78.0,24.5,157.83767929901938
29395,-78.0,25.0,154.58218426375703
29396,-78.0,25.5,150.14362162216497
29397,-78.0,26.0,149.4669201383467
29398,-78.0,26.5,152.755293052064
29399,-78.0,27.0,151.90844125708858
29400,-78.0,27.5,149.69050748806964
29401,-78.0,28.0,148.23795800769344
29402,-78.0,28.5,149.2041941472115
29403,-78.0,29.0,147.08870072957893
29404,-78.0,29.5,148.66016821147548
29405,-78.0,30.0,148.80775273123015
29406,-78.0,30.5,147.6882498220205
29407,-78.0,31.0,148.89127129954488
29408,-78.0,31.5,150.42473297285895
29409,-78.0,32.0,154.02932786537258
29410,-78.0,32.5,154.09299368334197
29411,-78.0,33.0,154.30737003770872
29412,-78.0,33.5,150.52624483155438
29413,-78.0,34.0,153.81274433790358
29414,-78.0,35.0,152.49603436563163
29415,-78.0,35.5,152.96200185217037
29416,-78.0,36.0,151.69226112255052
29417,-78.0,36.5,150.91596687910612
29418,-78.0,37.0,150.00209494966722
29419,-77.5,-38.5,156.22258321488778
29420,-77.5,-37.5,160.2258540110515
29421,-77.5,-37.0,150.54256427632995
29422,-77.5,-36.5,166.41479198088922
29423,-77.5,-36.0,156.5796449952264
29424,-77.5,-35.5,150.64607321275594
29425,-77.5,-35.0,150.2402682713201
29426,-77.5,-34.5,148.86131718287007
29427,-77.5,-34.0,154.62871949803653
29428,-77.5,-33.5,149.67906824896585
29429,-77.5,-33.0,155.07957938576848
29430,-77.5,-32.5,147.2954345443977
29431,-77.5,-32.0,150.43818488350743
29432,-77.5,-31.5,148.74617297905655
29433,-77.5,-31.0,151.26701408395857
29434,-77.5,-30.5,149.21321023097846
29435,-77.5,-30.0,148.9497448348005
29436,-77.5,-29.5,147.99255744890942
29437,-77.5,-29.0,154.2069624312415
29438,-77.5,-28.5,146.75827965524672
29439,-77.5,-28.0,149.85117129871367
29440,-77.5,-27.5,149.77698613118108
29441,-77.5,-27.0,149.79161756901118
29442,-77.5,-26.5,149.730157088623
29443,-77.5,-26.0,153.25775267583862
29444,-77.5,-25.5,169.22947251836572
29445,-77.5,-25.0,156.34325854941295
29446,-77.5,-24.5,151.86459456154617
29447,-77.5,-24.0,153.88948689814342
29448,-77.5,-23.5,151.46599434311543
29449,-77.5,-23.0,150.6769310428124
29450,-77.5,-22.5,149.8978323654314
29451,-77.5,-22.0,150.0837712712092
29452,-77.5,-21.5,165.8205001464014
29453,-77.5,-21.0,147.50340238237592
29454,-77.5,-20.5,149.06790024112968
29455,-77.5,-20.0,166.97028657524868
29456,-77.5,-19.5,148.9969438755267
29457,-77.5,-18.5,150.31133714606514
29458,-77.5,-18.0,149.5100300471692
29459,-77.5,-17.5,156.7368369416815
29460,-77.5,-17.0,160.88212038484497
29461,-77.5,-16.5,151.21211635932985
29462,-77.5,-16.0,152.63628846391725
29463,-77.5,-15.5,161.70163617755355
29464,-77.5,-15.0,150.31386742697111
29465,-77.5,-14.5,151.93246308220864
29466,-77.5,-14.0,151.30872007803035
29467,-77.5,-13.5,151.6983242961461
29468,-77.5,-13.0,149.74199186068523
29469,-77.5,-12.5,153.26081788267916
29470,-77.5,-12.0,155.43093098153514
29471,-77.5,-11.5,151.0875977089003
29472,-77.5,-11.0,151.146645894424
29473,-77.5,-10.5,144.95333411058184
29474,-77.5,-10.0,148.61199227864574
29475,-77.5,-9.5,153.82731744092618
29476,-77.5,-9.0,146.91952568540438
29477,-77.5,-8.0,149.7062927860968
29478,-77.5,-7.5,146.85473267781674
29479,-77.5,-7.0,145.1862648423926
29480,-77.5,-6.5,145.9929274087399
29481,-77.5,-6.0,151.0167928878828
29482,-77.5,-5.5,155.94206448040313
29483,-77.5,-5.0,158.2301013541597
29484,-77.5,-4.5,151.43625849445655
29485,-77.5,-4.0,149.0877586677276
29486,-77.5,-3.5,154.58781764617694
29487,-77.5,-3.0,153.49067022084307
29488,-77.5,-2.5,146.8559679770359
29489,-77.5,-2.0,154.29521755743116
29490,-77.5,-1.5,147.87341131675487
29491,-77.5,-1.0,148.64438764600794
29492,-77.5,-0.5,147.78363921608147
29493,-77.5,0.0,144.18625394502638
29494,-77.5,1.0,142.87060813990857
29495,-77.5,1.5,147.88941101551475
29496,-77.5,2.0,147.9970558151464
29497,-77.5,2.5,148.62258772600327
29498,-77.5,3.0,154.37900743200447
29499,-77.5,3.5,152.55971712819544
29500,-77.5,4.0,156.5180353021893
29501,-77.5,4.5,153.7499169793612
29502,-77.5,5.0,151.7835667366013
29503,-77.5,5.5,154.7186760821694
29504,-77.5,7.5,149.13791920304226
29505,-77.5,8.0,148.11932370991886
29506,-77.5,8.5,150.090784722882
29507,-77.5,9.0,155.5099558217382
29508,-77.5,9.5,152.6359620662145
29509,-77.5,10.0,154.30769287046715
29510,-77.5,10.5,150.77377759415708
29511,-77.5,11.0,151.56226759206666
29512,-77.5,11.5,156.10219332884924
29513,-77.5,12.0,155.99942211459282
29514,-77.5,12.5,156.45591074702068
29515,-77.5,13.0,160.83725917332686
29516,-77.5,13.5,188.21475649203578
29517,-77.5,14.0,154.46713323729628
29518,-77.5,14.5,157.01707920075864
29519,-77.5,15.0,155.2660935488286
29520,-77.5,15.5,157.14299860675945
29521,-77.5,16.0,156.9505105498832
29522,-77.5,16.5,156.6152230357184
29523,-77.5,17.0,156.85203368471116
29524,-77.5,17.5,154.75748493417996
29525,-77.5,18.0,152.6231187047757
29526,-77.5,18.5,154.42263241753557
29527,-77.5,19.0,149.07243065915034
29528,-77.5,19.5,153.52280655575967
29529,-77.5,20.0,157.06065965618723
29530,-77.5,20.5,152.19770105995815
29531,-77.5,21.0,148.4544725233616
29532,-77.5,21.5,156.18207135695656
29533,-77.5,22.0,152.55347464520875
29534,-77.5,22.5,149.17120549834294
29535,-77.5,23.0,151.25134924685267
29536,-77.5,23.5,154.54896018547564
29537,-77.5,24.0,154.4057664387792
29538,-77.5,24.5,150.75559392294085
29539,-77.5,25.0,150.08578602317485
29540,-77.5,25.5,148.58512435973932
29541,-77.5,26.0,151.00186620414934
29542,-77.5,26.5,153.35123794210966
29543,-77.5,27.0,151.1805990961014
29544,-77.5,27.5,148.18911116552562
29545,-77.5,28.0,148.8828488568078
29546,-77.5,28.5,148.47630469550603
29547,-77.5,29.0,148.7814531888715
29548,-77.5,29.5,148.5598088766086
29549,-77.5,30.0,147.35677829653235
29550,-77.5,30.5,148.39602421735546
29551,-77.5,31.0,148.18279008769062
29552,-77.5,31.5,152.32379793799686
29553,-77.5,32.0,153.2233793861386
29554,-77.5,32.5,155.054078462921
29555,-77.5,33.0,153.31566259620718
29556,-77.5,33.5,147.327652320683
29557,-77.5,34.0,152.3585756289633
29558,-77.5,35.0,150.912328809973
29559,-77.5,35.5,153.06957169978332
29560,-77.5,36.0,152.70286680982107
29561,-77.5,36.5,150.9731235715046
29562,-77.5,37.0,151.22020635760137
29563,-77.0,-38.5,156.29292083890303
29564,-77.0,-37.5,159.12814369129396
29565,-77.0,-37.0,150.95100767879572
29566,-77.0,-36.5,167.42995181334655
29567,-77.0,-36.0,158.37728400148296
29568,-77.0,-35.5,150.28802398520486
29569,-77.0,-35.0,150.29477735865746
29570,-77.0,-34.5,151.48742780732104
29571,-77.0,-34.0,153.34406060004562
29572,-77.0,-33.5,147.32337110829783
29573,-77.0,-33.0,151.66823519161866
29574,-77.0,-32.5,151.89104673562156
29575,-77.0,-32.0,149.67418633747107
29576,-77.0,-31.5,148.67003644182458
29577,-77.0,-31.0,151.79970138465836
29578,-77.0,-30.5,148.3560442619682
29579,-77.0,-30.0,149.00315291635624
29580,-77.0,-29.5,154.47944918219807
29581,-77.0,-29.0,147.48469049329537
29582,-77.0,-28.5,149.5453772542535
29583,-77.0,-28.0,151.03369889313544
29584,-77.0,-27.5,148.56961997194213
29585,-77.0,-27.0,149.74871578648444
29586,-77.0,-26.5,150.39312722699336
29587,-77.0,-26.0,150.55656658910172
29588,-77.0,-25.5,157.86104210392335
29589,-77.0,-25.0,172.1348815721816
29590,-77.0,-24.5,149.63662838099353
29591,-77.0,-24.0,152.09459833384875
29592,-77.0,-23.5,151.8521614188273
29593,-77.0,-23.0,150.25133988172314
29594,-77.0,-22.5,150.1310432982668
29595,-77.0,-22.0,150.47730896995986
29596,-77.0,-21.5,160.11764063967357
29597,-77.0,-21.0,152.41893083730582
29598,-77.0,-20.5,148.59231721765536
29599,-77.0,-20.0,159.43035337831233
29600,-77.0,-19.5,157.91990239003
29601,-77.0,-18.5,148.90161450409207
29602,-77.0,-18.0,151.0672896804156
29603,-77.0,-17.5,150.3876912914173
29604,-77.0,-17.0,153.54387271620118
29605,-77.0,-16.5,151.33717518111527
29606,-77.0,-16.0,153.8313012918472
29607,-77.0,-15.5,177.27317003498317
29608,-77.0,-15.0,157.2733149920523
29609,-77.0,-14.5,150.12466804779245
29610,-77.0,-14.0,151.83859460710016
29611,-77.0,-13.5,150.8977068023792
29612,-77.0,-13.0,150.18774719137986
29613,-77.0,-12.5,147.45307701746114
29614,-77.0,-12.0,151.56794527686128
29615,-77.0,-11.5,153.72704288937376
29616,-77.0,-11.0,158.44337758361934
29617,-77.0,-10.5,144.3849345710737
29618,-77.0,-10.0,144.40227416215765
29619,-77.0,-9.5,151.13235281233824
29620,-77.0,-9.0,149.86113276029718
29621,-77.0,-8.5,155.43315678835143
29622,-77.0,-8.0,149.40776199077226
29623,-77.0,-7.5,145.74453401540953
29624,-77.0,-7.0,148.23944697546665
29625,-77.0,-6.5,146.34429759926076
29626,-77.0,-6.0,145.61672774509304
29627,-77.0,-5.5,152.54293379087906
29628,-77.0,-5.0,153.28670786758505
29629,-77.0,-4.5,150.72720902220584
29630,-77.0,-4.0,152.94707805245278
29631,-77.0,-3.5,149.70538557703193
29632,-77.0,-3.0,148.1049658905667
29633,-77.0,-2.5,159.65727160954623
29634,-77.0,-2.0,147.8992122736652
29635,-77.0,-1.5,145.06113430312865
29636,-77.0,-1.0,148.3671900381869
29637,-77.0,0.0,152.62575880627514
29638,-77.0,0.5,149.55566252532756
29639,-77.0,1.0,143.75680012318728
29640,-77.0,1.5,142.14259013691694
29641,-77.0,2.0,148.47393811788734
29642,-77.0,2.5,148.57905868834976
29643,-77.0,3.0,145.23546860268274
29644,-77.0,3.5,152.22126013151785
29645,-77.0,4.0,153.17263857980626
29646,-77.0,4.5,151.43628659154263
29647,-77.0,5.0,148.4161623473681
29648,-77.0,5.5,151.95847118393667
29649,-77.0,7.5,155.46405302832824
29650,-77.0,8.0,154.1245872821961
29651,-77.0,8.5,155.28796849333182
29652,-77.0,9.0,151.08196610034207
29653,-77.0,9.5,151.9687482569158
29654,-77.0,10.0,154.2753043382202
29655,-77.0,10.5,152.09240449844089
29656,-77.0,11.0,150.60708948566815
29657,-77.0,11.5,153.94242709157155
29658,-77.0,12.0,156.2492814532131
29659,-77.0,12.5,156.19082428900273
29660,-77.0,13.0,183.34770468572657
29661,-77.0,14.0,154.1400354111506
29662,-77.0,14.5,154.33256469987268
29663,-77.0,15.0,155.64499194883567
29664,-77.0,15.5,157.1237579291741
29665,-77.0,16.0,157.37732876620868
29666,-77.0,16.5,157.2643520205522
29667,-77.0,17.0,157.84683834071504
29668,-77.0,17.5,155.6512564341359
29669,-77.0,18.0,152.1356030124357
29670,-77.0,18.5,155.89361264947854
29671,-77.0,19.0,151.1395204957831
29672,-77.0,19.5,158.04007797021384
29673,-77.0,20.0,155.3538821351974
29674,-77.0,20.5,152.58476921420532
29675,-77.0,21.0,150.08660219229475
29676,-77.0,21.5,154.58716363075328
29677,-77.0,22.0,151.48298888702132
29678,-77.0,22.5,148.95780045224822
29679,-77.0,23.5,151.10220283693474
29680,-77.0,24.0,149.93209615277436
29681,-77.0,24.5,150.72130189097487
29682,-77.0,25.0,150.64578398183758
29683,-77.0,25.5,148.9485275798239
29684,-77.0,26.0,149.95688182881221
29685,-77.0,26.5,154.2841814468265
29686,-77.0,27.0,149.91802129612265
29687,-77.0,27.5,146.82719892672088
29688,-77.0,28.0,149.37699539604827
29689,-77.0,28.5,147.59021563093182
29690,-77.0,29.0,149.28389207628695
29691,-77.0,29.5,146.8144084406989
29692,-77.0,30.0,147.55013650042335
29693,-77.0,30.5,147.90215338036455
29694,-77.0,31.0,148.5778569436816
29695,-77.0,31.5,151.24837133417023
29696,-77.0,32.0,152.87989036046648
29697,-77.0,32.5,155.1871950902177
29698,-77.0,33.0,153.28904710363904
29699,-77.0,33.5,150.17602407879306
29700,-77.0,34.0,152.3372363339315
29701,-77.0,35.0,152.69701486684843
29702,-77.0,35.5,153.08464420715737
29703,-77.0,36.0,153.19724890562378
29704,-77.0,36.5,151.47246321826154
29705,-77.0,37.0,154.6147101093712
29706,-76.5,-38.5,156.37481097493233
29707,-76.5,-37.0,151.96493834570256
29708,-76.5,-36.0,160.34041693422628
29709,-76.5,-35.5,150.30707357730466
29710,-76.5,-35.0,150.22299659454026
29711,-76.5,-34.5,154.76313437092233
29712,-76.5,-34.0,150.2680736680438
29713,-76.5,-33.5,148.5136600902857
29714,-76.5,-33.0,150.47635329788207
29715,-76.5,-32.5,153.1868214864606
29716,-76.5,-32.0,149.32232163575824
29717,-76.5,-31.5,149.86563167945033
29718,-76.5,-31.0,151.73194835088128
29719,-76.5,-30.5,149.10051989744997
29720,-76.5,-30.0,147.81213643113603
29721,-76.5,-29.5,157.6779781239842
29722,-76.5,-29.0,146.29185787798772
29723,-76.5,-28.5,150.7487493714792
29724,-76.5,-28.0,150.35310815806807
29725,-76.5,-27.5,148.29693997076575
29726,-76.5,-27.0,150.96802696182309
29727,-76.5,-26.5,149.3725329249059
29728,-76.5,-26.0,149.37602222263087
29729,-76.5,-25.5,162.9531390932894
29730,-76.5,-25.0,177.3155931115656
29731,-76.5,-24.5,156.72933788592223
29732,-76.5,-24.0,148.39848946321135
29733,-76.5,-23.0,150.33498817634506
29734,-76.5,-22.5,150.66627846214766
29735,-76.5,-22.0,149.78421492446952
29736,-76.5,-21.5,150.05115171133045
29737,-76.5,-21.0,155.85373692739537
29738,-76.5,-20.5,148.56705367863185
29739,-76.5,-20.0,149.27445307964845
29740,-76.5,-19.5,163.2450943379409
29741,-76.5,-19.0,148.82653716565594
29742,-76.5,-18.5,148.79213806421285
29743,-76.5,-18.0,150.07689696013955
29744,-76.5,-17.5,151.35246400532623
29745,-76.5,-17.0,152.6356082088488
29746,-76.5,-16.5,151.25159233722903
29747,-76.5,-15.5,152.48832762448575
29748,-76.5,-15.0,175.53419609968958
29749,-76.5,-14.5,152.34028536002106
29750,-76.5,-14.0,152.7119406092786
29751,-76.5,-13.5,153.3452414574081
29752,-76.5,-12.5,146.29129383550244
29753,-76.5,-12.0,148.32319317097077
29754,-76.5,-11.5,156.15382345986222
29755,-76.5,-11.0,157.45722895616152
29756,-76.5,-10.0,144.40871170978696
29757,-76.5,-9.5,144.7559679400565
29758,-76.5,-9.0,152.64749240116666
29759,-76.5,-8.5,150.6191217080667
29760,-76.5,-8.0,148.94082337370608
29761,-76.5,-7.5,146.80866944497936
29762,-76.5,-7.0,150.1270727082323
29763,-76.5,-6.5,150.37448370139245
29764,-76.5,-6.0,145.47028934633104
29765,-76.5,-5.5,148.6415692124634
29766,-76.5,-5.0,152.89903670319302
29767,-76.5,-4.5,157.5586223721896
29768,-76.5,-4.0,153.7502033461005
29769,-76.5,-3.5,150.1182082966815
29770,-76.5,-3.0,153.37321982893306
29771,-76.5,-2.5,153.6125379037292
29772,-76.5,-2.0,147.0030149393015
29773,-76.5,-1.5,146.08641693642295
29774,-76.5,-1.0,143.11710442892183
29775,-76.5,0.5,150.0553517354393
29776,-76.5,1.0,145.4622781614422
29777,-76.5,1.5,141.8917652519951
29778,-76.5,2.0,145.54431102789232
29779,-76.5,2.5,147.78119741143112
29780,-76.5,3.0,150.76671179949844
29781,-76.5,3.5,149.38277812902905
29782,-76.5,4.0,149.63949652249775
29783,-76.5,5.0,147.93123923928283
29784,-76.5,6.0,151.30456995789174
29785,-76.5,7.0,147.20811829649466
29786,-76.5,7.5,150.92622490314932
29787,-76.5,8.0,148.9383872959643
29788,-76.5,8.5,153.28153249445998
29789,-76.5,9.0,152.2336781529635
29790,-76.5,9.5,153.13736040608717
29791,-76.5,10.0,151.07015636989684
29792,-76.5,10.5,152.15778813543218
29793,-76.5,11.0,157.7764802299908
29794,-76.5,11.5,153.3671251115442
29795,-76.5,12.0,152.97261928516244
29796,-76.5,12.5,160.99937796934304
29797,-76.5,13.0,186.04668545838723
29798,-76.5,13.5,153.09955294590583
29799,-76.5,14.0,156.47118419721178
29800,-76.5,14.5,151.39115449137842
29801,-76.5,15.0,155.6049186585902
29802,-76.5,15.5,157.053862860022
29803,-76.5,16.0,158.73187938303724
29804,-76.5,16.5,160.1180608335206
29805,-76.5,17.0,158.77208595281965
29806,-76.5,17.5,158.33648395459113
29807,-76.5,18.0,158.81848730034483
29808,-76.5,18.5,153.7833151560057
29809,-76.5,19.0,155.89712266118582
29810,-76.5,19.5,156.49348316548685
29811,-76.5,20.0,151.9588122694432
29812,-76.5,20.5,153.12726169615135
29813,-76.5,21.0,148.55752452067898
29814,-76.5,21.5,149.43644000847885
29815,-76.5,22.0,153.8546288920665
29816,-76.5,22.5,148.63050663693417
29817,-76.5,23.5,148.89873585678677
29818,-76.5,24.0,152.29094595984634
29819,-76.5,24.5,151.18391456560312
29820,-76.5,25.0,150.10451718794124
29821,-76.5,25.5,149.89263652297387
29822,-76.5,26.0,150.66881260004922
29823,-76.5,26.5,149.90856301168768
29824,-76.5,27.0,149.58610113925008
29825,-76.5,27.5,148.140123670902
29826,-76.5,28.0,149.44370976768934
29827,-76.5,28.5,148.33683162504198
29828,-76.5,29.0,149.78524709127072
29829,-76.5,29.5,147.6877141906865
29830,-76.5,30.0,147.49888901242628
29831,-76.5,30.5,147.8700443159755
29832,-76.5,31.0,149.03505274001435
29833,-76.5,31.5,151.5906374080011
29834,-76.5,32.0,151.1714328780299
29835,-76.5,32.5,154.66416197677225
29836,-76.5,33.0,157.40332355549901
29837,-76.5,33.5,149.74622675284044
29838,-76.5,34.0,153.49208656427663
29839,-76.5,35.0,156.90415383196822
29840,-76.5,35.5,157.5848455382552
29841,-76.5,36.0,156.86537026262758
29842,-76.5,36.5,152.95054014770332
29843,-76.5,37.0,158.4164462779064
29844,-76.0,-38.5,156.40543260096032
29845,-76.0,-37.0,151.36190468709023
29846,-76.0,-36.5,161.04571387951623
29847,-76.0,-36.0,160.13659068411468
29848,-76.0,-35.5,149.64680887472164
29849,-76.0,-35.0,152.06801840136671
29850,-76.0,-34.5,156.22540119437156
29851,-76.0,-34.0,150.93287805321842
29852,-76.0,-33.5,150.05704235475207
29853,-76.0,-33.0,149.3434670515024
29854,-76.0,-32.5,153.6953606600965
29855,-76.0,-32.0,150.3968612790106
29856,-76.0,-31.5,151.33769254922254
29857,-76.0,-31.0,152.0939380841421
29858,-76.0,-30.5,149.0104621759675
29859,-76.0,-30.0,149.6865631636072
29860,-76.0,-29.5,153.77277866833694
29861,-76.0,-29.0,146.36971318601184
29862,-76.0,-28.5,150.84402642847203
29863,-76.0,-28.0,149.10585612673006
29864,-76.0,-27.5,149.51093524615442
29865,-76.0,-27.0,151.6902049325897
29866,-76.0,-26.5,150.04092615559986
29867,-76.0,-26.0,150.466392820828
29868,-76.0,-25.5,149.38247495524803
29869,-76.0,-25.0,177.3054256297444
29870,-76.0,-24.5,162.18500754386724
29871,-76.0,-24.0,148.33749209209722
29872,-76.0,-23.5,148.70837308398097
29873,-76.0,-23.0,151.0158036215281
29874,-76.0,-22.5,150.73162550138395
29875,-76.0,-22.0,150.1089993690234
29876,-76.0,-21.5,149.34855138783362
29877,-76.0,-21.0,153.09739103216216
29878,-76.0,-20.5,150.93035372965718
29879,-76.0,-20.0,149.40637014784687
29880,-76.0,-19.5,150.8626841969153
29881,-76.0,-19.0,154.5282373197618
29882,-76.0,-18.5,149.48217965650215
29883,-76.0,-18.0,149.62053691593147
29884,-76.0,-17.5,151.49168130189724
29885,-76.0,-17.0,151.37476318608998
29886,-76.0,-16.5,153.24746039499624
29887,-76.0,-16.0,152.41370653686508
29888,-76.0,-15.5,152.43631898608726
29889,-76.0,-15.0,157.96357802131453
29890,-76.0,-14.5,162.467746866956
29891,-76.0,-14.0,151.42142202735081
29892,-76.0,-13.5,150.92351066034055
29893,-76.0,-13.0,146.4677298196565
29894,-76.0,-12.5,147.46371196853912
29895,-76.0,-12.0,148.49527764086776
29896,-76.0,-11.0,151.78870939444354
29897,-76.0,-10.5,155.9218741575378
29898,-76.0,-9.5,145.38989037898193
29899,-76.0,-9.0,153.7014628376167
29900,-76.0,-8.5,149.12364376162537
29901,-76.0,-8.0,146.007128960732
29902,-76.0,-7.5,148.5201172851818
29903,-76.0,-7.0,148.47486910890376
29904,-76.0,-6.5,148.39087134024888
29905,-76.0,-6.0,161.52115705597816
29906,-76.0,-5.5,149.20940466174622
29907,-76.0,-5.0,150.11651508755574
29908,-76.0,-4.5,153.94544022977846
29909,-76.0,-4.0,157.05736016425232
29910,-76.0,-3.5,151.6082408170758
29911,-76.0,-3.0,152.16097277830738
29912,-76.0,-2.5,148.48770119814753
29913,-76.0,-2.0,147.82998539199636
29914,-76.0,-1.5,146.65127554600843
29915,-76.0,-1.0,142.64623541872047
29916,-76.0,1.0,152.45014642966424
29917,-76.0,1.5,150.07088912797693
29918,-76.0,2.0,145.37031666575996
29919,-76.0,2.5,146.5902528150769
29920,-76.0,3.0,148.82545216587616
29921,-76.0,3.5,147.38332289404318
29922,-76.0,4.0,144.80513429492146
29923,-76.0,4.5,148.07578685680846
29924,-76.0,5.5,146.29945897924952
29925,-76.0,6.5,148.8053010765733
29926,-76.0,7.0,147.68412295260615
29927,-76.0,7.5,150.63454431405444
29928,-76.0,8.0,150.89489236362226
29929,-76.0,8.5,152.13229100229637
29930,-76.0,9.0,154.4320903192353
29931,-76.0,9.5,157.3544621946076
29932,-76.0,10.0,153.6697373198224
29933,-76.0,11.0,159.2106474935089
29934,-76.0,11.5,156.92784616556736
29935,-76.0,12.0,153.17243257112423
29936,-76.0,12.5,179.29616411638668
29937,-76.0,13.0,153.426234611163
29938,-76.0,13.5,156.13999905137223
29939,-76.0,14.0,150.72637095517737
29940,-76.0,14.5,157.51615477699264
29941,-76.0,15.0,153.0890981632118
29942,-76.0,15.5,154.0316421792993
29943,-76.0,16.5,158.1628187935005
29944,-76.0,17.5,160.32480407186722
29945,-76.0,18.0,156.0638145290909
29946,-76.0,18.5,151.7221296374886
29947,-76.0,19.0,157.02480843064606
29948,-76.0,19.5,156.2386854194464
29949,-76.0,20.0,153.13620672636904
29950,-76.0,20.5,150.78282505003227
29951,-76.0,21.0,145.6105414610029
29952,-76.0,21.5,149.3145301861849
29953,-76.0,22.0,155.4623363412634
29954,-76.0,22.5,150.8996305555779
29955,-76.0,23.0,149.02552002672306
29956,-76.0,23.5,149.4749823790217
29957,-76.0,24.0,149.999193930007
29958,-76.0,24.5,153.11477302773105
29959,-76.0,25.0,149.92263457100518
29960,-76.0,25.5,149.8199010906607
29961,-76.0,26.0,151.17222103317837
29962,-76.0,26.5,149.2002131248882
29963,-76.0,27.0,148.36838756794617
29964,-76.0,27.5,149.96951187862132
29965,-76.0,28.0,146.5486881811549
29966,-76.0,28.5,149.62114973746654
29967,-76.0,29.0,149.65350180085503
29968,-76.0,29.5,147.66864657804547
29969,-76.0,30.0,147.57625366672366
29970,-76.0,30.5,147.98634362248282
29971,-76.0,31.0,148.6918849585599
29972,-76.0,31.5,152.22132239514806
29973,-76.0,32.0,151.53164838474743
29974,-76.0,32.5,153.89191443475403
29975,-76.0,33.0,157.7390654628435
29976,-76.0,33.5,149.5089339819942
29977,-76.0,34.0,154.15035494998668
29978,-76.0,35.0,152.0246517604826
29979,-76.0,35.5,156.53424521609264
29980,-76.0,36.0,156.68738379185453
29981,-76.0,36.5,155.81090600020102
29982,-76.0,37.0,157.63451527122447
29983,-75.5,-38.5,156.45349893231761
29984,-75.5,-37.0,150.49409920774167
29985,-75.5,-36.5,158.09347145737428
29986,-75.5,-36.0,154.9473315712186
29987,-75.5,-35.5,149.900677151853
29988,-75.5,-35.0,151.47987100578118
29989,-75.5,-34.5,155.35714892033656
29990,-75.5,-34.0,154.26647453005606
29991,-75.5,-33.5,148.94564227273915
29992,-75.5,-33.0,149.64177170462554
29993,-75.5,-32.5,153.16626067374705
29994,-75.5,-32.0,154.5821457936589
29995,-75.5,-31.5,150.22575718182782
29996,-75.5,-31.0,152.43266163959044
29997,-75.5,-30.5,149.06971423951384
29998,-75.5,-30.0,151.8200315181723
29999,-75.5,-29.5,146.81993985033884
30000,-75.5,-29.0,147.21815196034814
30001,-75.5,-28.5,150.93545248521238
30002,-75.5,-28.0,148.93024683164143
30003,-75.5,-27.5,150.1226420632918
30004,-75.5,-27.0,151.2244944334753
30005,-75.5,-26.5,151.5799578608516
30006,-75.5,-26.0,149.53661042458594
30007,-75.5,-25.5,145.71357763505893
30008,-75.5,-25.0,164.96246638492687
30009,-75.5,-24.5,169.2592539036949
30010,-75.5,-24.0,165.38516381260675
30011,-75.5,-23.5,148.60712123982609
30012,-75.5,-23.0,162.27534324138753
30013,-75.5,-22.5,151.34934332689807
30014,-75.5,-22.0,150.80611743621012
30015,-75.5,-21.5,148.58785458893044
30016,-75.5,-21.0,149.71594644227696
30017,-75.5,-20.5,154.89900301535104
30018,-75.5,-20.0,147.97702553632587
30019,-75.5,-19.5,149.25545214857289
30020,-75.5,-19.0,160.89155387644445
30021,-75.5,-18.5,150.22327885429195
30022,-75.5,-18.0,151.62497647416808
30023,-75.5,-17.5,151.4786925624232
30024,-75.5,-17.0,151.51533957742754
30025,-75.5,-16.5,154.34648498150023
30026,-75.5,-16.0,152.96578697902262
30027,-75.5,-15.0,153.34927417559032
30028,-75.5,-14.5,157.3330065781871
30029,-75.5,-14.0,151.33918279880996
30030,-75.5,-13.5,147.98835944993175
30031,-75.5,-13.0,148.14020971247044
30032,-75.5,-12.5,149.77946934929253
30033,-75.5,-11.0,145.57766048893987
30034,-75.5,-10.5,151.1352901578121
30035,-75.5,-10.0,154.79308062851098
30036,-75.5,-9.5,149.67684897820482
30037,-75.5,-9.0,146.77349388791853
30038,-75.5,-8.5,152.29743490930161
30039,-75.5,-8.0,147.58343595124046
30040,-75.5,-7.5,148.03374353677435
30041,-75.5,-7.0,168.64466503465147
30042,-75.5,-6.5,160.60350505518272
30043,-75.5,-6.0,147.35995707299458
30044,-75.5,-5.5,148.78403996511622
30045,-75.5,-5.0,154.2307159555252
30046,-75.5,-4.5,151.40246995415265
30047,-75.5,-4.0,154.10194549879637
30048,-75.5,-3.5,159.3329067066152
30049,-75.5,-3.0,148.573398977218
30050,-75.5,-2.5,148.84536014790453
30051,-75.5,-2.0,148.21892266296283
30052,-75.5,-1.0,145.46478674957243
30053,-75.5,-0.5,148.13261844719645
30054,-75.5,1.0,150.29934216539968
30055,-75.5,1.5,151.09874494708663
30056,-75.5,2.5,152.14955053008364
30057,-75.5,3.0,148.59305124364866
30058,-75.5,3.5,150.18646214943578
30059,-75.5,4.0,144.28013777497281
30060,-75.5,4.5,146.40505170191747
30061,-75.5,5.5,147.06432718365753
30062,-75.5,6.0,147.32040968115075
30063,-75.5,6.5,147.0799569500005
30064,-75.5,7.0,147.5132634005093
30065,-75.5,7.5,148.96678531805648
30066,-75.5,8.0,154.23986081497296
30067,-75.5,8.5,151.8435469121598
30068,-75.5,9.0,154.24410780650206
30069,-75.5,9.5,154.55581805642942
30070,-75.5,10.0,155.702021781125
30071,-75.5,10.5,156.57840034478608
30072,-75.5,11.0,159.6548743229248
30073,-75.5,11.5,160.3826033510622
30074,-75.5,12.0,164.80071028990307
30075,-75.5,12.5,151.85636489189858
30076,-75.5,13.0,153.0622007489872
30077,-75.5,13.5,153.13864831165336
30078,-75.5,14.0,151.18571313556154
30079,-75.5,14.5,157.2529908660878
30080,-75.5,15.0,150.9260221355626
30081,-75.5,15.5,151.6525898187204
30082,-75.5,16.5,157.157358364684
30083,-75.5,17.0,157.57379094659422
30084,-75.5,17.5,156.7054240356019
30085,-75.5,18.0,155.4425618499853
30086,-75.5,18.5,159.72097431517824
30087,-75.5,19.0,155.44910948500313
30088,-75.5,19.5,152.6792182086199
30089,-75.5,20.0,154.67677252492754
30090,-75.5,20.5,149.86258295821804
30091,-75.5,21.0,154.8519020347758
30092,-75.5,21.5,149.44878013177868
30093,-75.5,22.0,148.68706476763614
30094,-75.5,22.5,154.74046812207143
30095,-75.5,23.0,148.82088400771113
30096,-75.5,23.5,150.46065370678338
30097,-75.5,24.0,148.4627934640855
30098,-75.5,24.5,155.09925394784653
30099,-75.5,25.0,149.79165211356315
30100,-75.5,25.5,150.74312912044982
30101,-75.5,26.0,150.25001780171795
30102,-75.5,26.5,149.2466190135038
30103,-75.5,27.0,148.00280899446466
30104,-75.5,27.5,150.09832897790912
30105,-75.5,28.0,146.91772421373844
30106,-75.5,28.5,149.5013149886896
30107,-75.5,29.0,149.4616332997046
30108,-75.5,29.5,147.22230004699847
30109,-75.5,30.0,148.10178481282753
30110,-75.5,30.5,148.3213537556232
30111,-75.5,31.0,149.39877956790332
30112,-75.5,31.5,152.08611270338602
30113,-75.5,32.0,151.56191468337542
30114,-75.5,32.5,152.79700846495084
30115,-75.5,33.0,158.66557597880805
30116,-75.5,33.5,149.86081836205554
30117,-75.5,34.0,153.66258460469692
30118,-75.5,35.0,151.2061424242097
30119,-75.5,35.5,153.82119583225278
30120,-75.5,36.0,155.26416530412178
30121,-75.5,36.5,152.018476285629
30122,-75.5,37.0,153.9833908525894
30123,-75.0,-38.5,156.54009764515746
30124,-75.0,-37.5,156.42608346514285
30125,-75.0,-37.0,149.51643784571021
30126,-75.0,-36.5,157.2018907635365
30127,-75.0,-36.0,152.35922386725076
30128,-75.0,-35.5,151.34238556856573
30129,-75.0,-35.0,152.72943191869987
30130,-75.0,-34.5,155.97694984848582
30131,-75.0,-34.0,151.8340091095237
30132,-75.0,-33.5,148.17443462376355
30133,-75.0,-33.0,151.75359117230224
30134,-75.0,-32.5,149.53658577827352
30135,-75.0,-32.0,154.57799665649972
30136,-75.0,-31.5,151.7792205897541
30137,-75.0,-31.0,152.94150266339153
30138,-75.0,-30.5,149.36372984203882
30139,-75.0,-30.0,154.0782059132287
30140,-75.0,-29.5,147.37955954990522
30141,-75.0,-29.0,150.95455763242887
30142,-75.0,-28.5,149.2991149259508
30143,-75.0,-28.0,148.8241200039888
30144,-75.0,-27.5,150.60815467875238
30145,-75.0,-27.0,150.57018405948224
30146,-75.0,-26.5,148.64817720797572
30147,-75.0,-26.0,149.45003760606843
30148,-75.0,-25.5,145.82587620865002
30149,-75.0,-25.0,149.85631155811086
30150,-75.0,-24.0,156.55154467207015
30151,-75.0,-23.5,174.69008238853192
30152,-75.0,-23.0,161.07525696913459
30153,-75.0,-22.5,151.1319321424405
30154,-75.0,-22.0,150.07839426878817
30155,-75.0,-21.5,149.34290006688656
30156,-75.0,-21.0,148.91371572133528
30157,-75.0,-20.5,151.51838570533656
30158,-75.0,-20.0,153.99223281427336
30159,-75.0,-19.5,149.3121583704685
30160,-75.0,-19.0,149.6549814469351
30161,-75.0,-18.5,148.7593452157656
30162,-75.0,-18.0,148.57600743256353
30163,-75.0,-17.5,151.3644166736564
30164,-75.0,-17.0,151.91503006879904
30165,-75.0,-16.5,152.6044801488842
30166,-75.0,-16.0,154.0071254619103
30167,-75.0,-15.5,152.7981256773802
30168,-75.0,-15.0,153.80100654762896
30169,-75.0,-14.5,152.80198849382208
30170,-75.0,-14.0,151.30446693032025
30171,-75.0,-13.5,147.1851447621004
30172,-75.0,-13.0,149.935661852906
30173,-75.0,-12.5,150.33248829985416
30174,-75.0,-10.5,147.86657349505316
30175,-75.0,-10.0,154.6033445859911
30176,-75.0,-9.5,150.6190347655546
30177,-75.0,-9.0,147.01457601796187
30178,-75.0,-8.5,152.8359622687708
30179,-75.0,-8.0,153.89271838447942
30180,-75.0,-7.5,152.10192464827605
30181,-75.0,-7.0,167.29553267277643
30182,-75.0,-6.5,165.5713438614175
30183,-75.0,-6.0,150.32638604636972
30184,-75.0,-5.5,155.45037106468376
30185,-75.0,-5.0,152.75221582515684
30186,-75.0,-4.5,153.80334033890355
30187,-75.0,-4.0,153.93126516086625
30188,-75.0,-3.5,155.407179019101
30189,-75.0,-3.0,152.27450996481775
30190,-75.0,-2.5,149.22631349582517
30191,-75.0,-2.0,149.9779136115762
30192,-75.0,-1.5,148.28671675811404
30193,-75.0,-0.5,144.45591405342472
30194,-75.0,0.0,146.63918740372708
30195,-75.0,1.0,150.01253955931813
30196,-75.0,1.5,150.67692428020908
30197,-75.0,2.0,150.6948920476909
30198,-75.0,2.5,147.3350701020708
30199,-75.0,3.0,145.20801229295006
30200,-75.0,3.5,150.20028205267616
30201,-75.0,4.0,154.97082491161498
30202,-75.0,4.5,149.2486649284011
30203,-75.0,5.0,149.3873299658039
30204,-75.0,6.0,146.71383099568996
30205,-75.0,6.5,148.20461201598235
30206,-75.0,7.0,148.78682150343724
30207,-75.0,7.5,152.89455423451201
30208,-75.0,8.0,154.85610515725418
30209,-75.0,8.5,161.92374109937833
30210,-75.0,9.0,154.78512123257696
30211,-75.0,9.5,150.43661081641017
30212,-75.0,10.0,156.09776072342504
30213,-75.0,10.5,151.48289441752124
30214,-75.0,11.0,156.18813865195025
30215,-75.0,11.5,169.21129335188908
30216,-75.0,12.0,183.5142053961729
30217,-75.0,12.5,150.0847155033478
30218,-75.0,13.0,152.9506286152186
30219,-75.0,13.5,149.65236953986002
30220,-75.0,14.5,155.70656977778955
30221,-75.0,15.0,149.88963413359642
30222,-75.0,15.5,151.1414357117896
30223,-75.0,16.0,150.79247517270937
30224,-75.0,17.0,156.18237399013182
30225,-75.0,17.5,155.5782855382834
30226,-75.0,18.0,155.33623441405885
30227,-75.0,18.5,157.17154391681805
30228,-75.0,19.0,154.0484689638085
30229,-75.0,19.5,151.19432009226142
30230,-75.0,20.0,152.91073046397025
30231,-75.0,20.5,151.41210359520863
30232,-75.0,21.0,152.1566739746967
30233,-75.0,22.0,148.16281668309372
30234,-75.0,22.5,154.42925835494486
30235,-75.0,23.0,151.54121884475623
30236,-75.0,23.5,151.33906012914917
30237,-75.0,24.0,147.5430804710183
30238,-75.0,24.5,150.0497061313136
30239,-75.0,25.0,151.62643368000553
30240,-75.0,25.5,151.12555550128386
30241,-75.0,26.0,149.40665575990397
30242,-75.0,26.5,149.99049239697086
30243,-75.0,27.0,148.2677800622839
30244,-75.0,27.5,150.17795194123622
30245,-75.0,28.0,147.73637044560866
30246,-75.0,28.5,149.08540689554047
30247,-75.0,29.0,149.41380114467916
30248,-75.0,29.5,146.85072013456636
30249,-75.0,30.0,148.12649422258642
30250,-75.0,30.5,148.80682010774797
30251,-75.0,31.0,148.92513834555317
30252,-75.0,31.5,152.42292669939064
30253,-75.0,32.0,150.0916550108793
30254,-75.0,32.5,152.14303503375518
30255,-75.0,33.0,157.8054523537654
30256,-75.0,33.5,149.43626105977577
30257,-75.0,34.0,153.45014233889
30258,-75.0,35.0,153.46758305878225
30259,-75.0,35.5,150.9061869082845
30260,-75.0,36.0,154.12153164907363
30261,-75.0,36.5,152.29619466050895
30262,-75.0,37.0,153.90262320810862
30263,-74.5,-38.5,156.59778097574008
30264,-74.5,-37.5,156.48158697807062
30265,-74.5,-37.0,149.3303875461028
30266,-74.5,-36.5,154.6076348064837
30267,-74.5,-36.0,152.1686232805241
30268,-74.5,-35.5,152.25329026511892
30269,-74.5,-35.0,154.0660397930241
30270,-74.5,-34.5,151.76548571420614
30271,-74.5,-33.5,149.70521610315103
30272,-74.5,-33.0,149.19325416625816
30273,-74.5,-32.5,148.63916538135462
30274,-74.5,-32.0,152.91530254015774
30275,-74.5,-31.5,151.8670418720672
30276,-74.5,-31.0,153.82794197894762
30277,-74.5,-30.5,151.23068819380225
30278,-74.5,-30.0,154.24708630214855
30279,-74.5,-29.5,147.51901927896745
30280,-74.5,-29.0,153.38789792568397
30281,-74.5,-28.5,148.44695422044305
30282,-74.5,-28.0,149.1380544878471
30283,-74.5,-27.5,150.2052927838057
30284,-74.5,-27.0,150.9197329516415
30285,-74.5,-26.5,149.19082284947388
30286,-74.5,-26.0,149.90762976048538
30287,-74.5,-25.5,149.4703593575131
30288,-74.5,-25.0,146.73232259401598
30289,-74.5,-24.0,153.0200938750893
30290,-74.5,-23.5,164.77654842490503
30291,-74.5,-23.0,150.4932652339102
30292,-74.5,-22.5,150.5748876446768
30293,-74.5,-22.0,149.1464673802136
30294,-74.5,-21.5,156.978977340879
30295,-74.5,-21.0,148.46913198100296
30296,-74.5,-20.5,149.96115706173745
30297,-74.5,-20.0,153.8862521312999
30298,-74.5,-19.5,150.14466145963212
30299,-74.5,-19.0,149.7023004595417
30300,-74.5,-18.5,149.8722775736701
30301,-74.5,-18.0,149.68266797709026
30302,-74.5,-17.5,151.55926292785688
30303,-74.5,-17.0,152.886828782112
30304,-74.5,-16.5,152.42643710564664
30305,-74.5,-16.0,153.44068724543573
30306,-74.5,-15.5,153.22652065128023
30307,-74.5,-15.0,154.6897421034773
30308,-74.5,-14.0,149.62949764024827
30309,-74.5,-13.5,150.931243866287
30310,-74.5,-13.0,149.43775747678413
30311,-74.5,-12.5,150.43358599345277
30312,-74.5,-12.0,150.5594684452754
30313,-74.5,-11.5,151.97163426546567
30314,-74.5,-11.0,152.1678551334823
30315,-74.5,-10.0,147.5673989476219
30316,-74.5,-9.5,154.34098296191578
30317,-74.5,-9.0,149.8816137276387
30318,-74.5,-8.5,153.38345493867584
30319,-74.5,-8.0,152.67556135622027
30320,-74.5,-7.5,145.1867315615562
30321,-74.5,-7.0,146.21073839450563
30322,-74.5,-6.5,154.66820193011523
30323,-74.5,-6.0,155.64839240890643
30324,-74.5,-5.5,155.39699009705163
30325,-74.5,-5.0,159.6579264239418
30326,-74.5,-4.5,152.1334098277053
30327,-74.5,-4.0,156.10550673665867
30328,-74.5,-3.5,154.30819837948727
30329,-74.5,-3.0,155.17187909904806
30330,-74.5,-2.5,151.28369248060068
30331,-74.5,-2.0,151.17908918797212
30332,-74.5,-1.5,150.2716239855465
30333,-74.5,-1.0,149.66711603758213
30334,-74.5,-0.5,151.79690361439785
30335,-74.5,0.0,146.8430222183289
30336,-74.5,0.5,147.50122958637533
30337,-74.5,1.0,148.4795245967058
30338,-74.5,1.5,152.1286214203668
30339,-74.5,2.0,149.39334465091912
30340,-74.5,2.5,147.51168973959597
30341,-74.5,3.0,142.02006756298462
30342,-74.5,3.5,144.63302944864918
30343,-74.5,4.0,149.9142054512526
30344,-74.5,4.5,148.96969645732972
30345,-74.5,5.0,146.33221836429112
30346,-74.5,5.5,148.56436203474956
30347,-74.5,6.0,150.78021297999973
30348,-74.5,6.5,151.17111506887792
30349,-74.5,7.0,149.06669335199496
30350,-74.5,7.5,148.53002104291912
30351,-74.5,8.0,151.56318844481868
30352,-74.5,8.5,159.84854220782125
30353,-74.5,9.0,161.79437512923903
30354,-74.5,10.0,155.9111206785573
30355,-74.5,10.5,151.7198298189892
30356,-74.5,11.0,159.9020989291287
30357,-74.5,11.5,182.86762146110152
30358,-74.5,12.5,152.85313669571417
30359,-74.5,13.0,150.1406673280855
30360,-74.5,13.5,149.76532550925893
30361,-74.5,14.0,151.56759392836773
30362,-74.5,14.5,156.3836395375809
30363,-74.5,15.0,153.48285651141248
30364,-74.5,16.0,150.86663133388677
30365,-74.5,17.5,155.72359797346618
30366,-74.5,18.0,159.01301852201297
30367,-74.5,18.5,156.0395312462207
30368,-74.5,19.0,154.6970452940786
30369,-74.5,19.5,152.2454058773
30370,-74.5,20.0,150.49990874225776
30371,-74.5,20.5,151.70194195256545
30372,-74.5,21.0,150.64694127195028
30373,-74.5,21.5,152.826734935199
30374,-74.5,22.0,150.01256668942753
30375,-74.5,22.5,151.05833775960002
30376,-74.5,23.0,152.26355585972235
30377,-74.5,23.5,148.641353581632
30378,-74.5,24.5,148.87122418856805
30379,-74.5,25.0,151.8036455833486
30380,-74.5,25.5,150.9846084916915
30381,-74.5,26.0,149.15250346229584
30382,-74.5,26.5,148.3035183423589
30383,-74.5,27.0,148.8467157540013
30384,-74.5,27.5,149.11003659383908
30385,-74.5,28.0,148.92433457520775
30386,-74.5,28.5,149.41575417869254
30387,-74.5,29.0,149.0098255102257
30388,-74.5,29.5,149.32005170751097
30389,-74.5,30.0,150.70350034968652
30390,-74.5,30.5,148.54728552652577
30391,-74.5,31.0,148.42678713539837
30392,-74.5,31.5,151.47539931694791
30393,-74.5,32.0,149.80499535658856
30394,-74.5,32.5,151.98670568855582
30395,-74.5,33.0,157.4269086705182
30396,-74.5,33.5,149.5963538698699
30397,-74.5,34.0,153.08730867032855
30398,-74.5,34.5,152.9751098863203
30399,-74.5,35.0,152.31877896264453
30400,-74.5,35.5,149.56286265565313
30401,-74.5,36.0,156.51884216946408
30402,-74.5,36.5,151.92585530716343
30403,-74.0,-38.5,156.95870474200674
30404,-74.0,-37.5,156.52740445101045
30405,-74.0,-37.0,149.86638551721038
30406,-74.0,-36.5,149.33747909262897
30407,-74.0,-36.0,152.8734028519357
30408,-74.0,-35.5,151.04946900113825
30409,-74.0,-35.0,154.4727637861225
30410,-74.0,-34.5,148.7698424355019
30411,-74.0,-33.5,150.01767441465574
30412,-74.0,-33.0,150.49536307342848
30413,-74.0,-32.5,149.51103250282617
30414,-74.0,-31.5,152.92040836795314
30415,-74.0,-31.0,153.346934926635
30416,-74.0,-30.5,151.63142847239757
30417,-74.0,-30.0,154.4102875372117
30418,-74.0,-29.5,148.91488945739468
30419,-74.0,-29.0,153.30135090154812
30420,-74.0,-28.5,149.05852685536246
30421,-74.0,-28.0,148.71323155068964
30422,-74.0,-27.5,150.48493211586478
30423,-74.0,-27.0,151.6705958873592
30424,-74.0,-26.5,149.0791862337782
30425,-74.0,-26.0,146.35365331786997
30426,-74.0,-25.5,151.35127674440972
30427,-74.0,-25.0,146.30455930034063
30428,-74.0,-24.5,147.1888232548681
30429,-74.0,-24.0,172.787982376206
30430,-74.0,-23.5,163.49107747324737
30431,-74.0,-23.0,149.76563687908873
30432,-74.0,-22.5,149.6993505650821
30433,-74.0,-22.0,150.05587072965292
30434,-74.0,-21.5,151.20246046485053
30435,-74.0,-21.0,159.9586495506627
30436,-74.0,-20.5,149.30508747849612
30437,-74.0,-20.0,150.26876156224924
30438,-74.0,-19.5,154.36855644589457
30439,-74.0,-19.0,151.7871075982089
30440,-74.0,-18.5,149.88927042817727
30441,-74.0,-18.0,150.51338141545375
30442,-74.0,-17.5,151.06337747735344
30443,-74.0,-17.0,152.94026319865452
30444,-74.0,-16.5,152.53867987593924
30445,-74.0,-16.0,152.53964933879573
30446,-74.0,-15.5,154.66687832046478
30447,-74.0,-15.0,154.8726786416194
30448,-74.0,-14.5,147.6058329650218
30449,-74.0,-14.0,147.21808015808818
30450,-74.0,-13.5,151.3145394853795
30451,-74.0,-13.0,148.9641688865685
30452,-74.0,-12.5,150.7135714765923
30453,-74.0,-12.0,151.59102547372862
30454,-74.0,-11.5,151.93609496774042
30455,-74.0,-11.0,151.24314947935292
30456,-74.0,-10.5,152.25720637103137
30457,-74.0,-10.0,152.54980400924947
30458,-74.0,-9.5,149.6731212715047
30459,-74.0,-9.0,150.89929953972458
30460,-74.0,-8.5,151.27759684303277
30461,-74.0,-8.0,145.00969142608068
30462,-74.0,-7.5,144.06816631191546
30463,-74.0,-7.0,146.16193600767366
30464,-74.0,-6.5,150.5459570628603
30465,-74.0,-6.0,156.02691469011484
30466,-74.0,-5.5,153.56671994611165
30467,-74.0,-5.0,152.22763389763557
30468,-74.0,-4.5,158.1751746918795
30469,-74.0,-4.0,147.46195742734318
30470,-74.0,-3.5,150.77450493513777
30471,-74.0,-3.0,152.61749618569803
30472,-74.0,-2.5,159.7322553052447
30473,-74.0,-2.0,151.86371782793185
30474,-74.0,-1.5,149.0170293421807
30475,-74.0,-1.0,149.7043909385486
30476,-74.0,-0.5,145.46579441258635
30477,-74.0,0.0,148.05480640779425
30478,-74.0,0.5,146.32840176604716
30479,-74.0,1.0,146.86879553194385
30480,-74.0,1.5,151.0259524119728
30481,-74.0,2.0,151.02513721185704
30482,-74.0,2.5,147.59785087800896
30483,-74.0,3.0,144.4637792821917
30484,-74.0,3.5,143.30008800010245
30485,-74.0,4.0,146.92637435701454
30486,-74.0,4.5,150.9514488309012
30487,-74.0,5.0,146.86353592911843
30488,-74.0,5.5,146.9703903742911
30489,-74.0,6.5,151.05852896066037
30490,-74.0,7.0,152.68348501364463
30491,-74.0,7.5,152.2355442729211
30492,-74.0,8.0,156.74072853564167
30493,-74.0,8.5,148.49048263492406
30494,-74.0,10.5,150.35571764982046
30495,-74.0,11.0,168.68440541561304
30496,-74.0,11.5,160.60855295358934
30497,-74.0,12.0,151.956146767491
30498,-74.0,12.5,151.9318158828129
30499,-74.0,13.0,149.46233632658127
30500,-74.0,13.5,150.0098027167663
30501,-74.0,14.0,149.59882521553624
30502,-74.0,14.5,151.9906329193582
30503,-74.0,15.0,153.97506561967745
30504,-74.0,15.5,152.86541173128342
30505,-74.0,16.0,158.75956687633024
30506,-74.0,16.5,157.07645205636473
30507,-74.0,17.0,147.7556525944967
30508,-74.0,17.5,152.29200279538026
30509,-74.0,18.0,157.69228427421743
30510,-74.0,18.5,153.90957040329405
30511,-74.0,19.0,155.07968394185565
30512,-74.0,19.5,153.75165169335617
30513,-74.0,20.0,150.05253476995247
30514,-74.0,20.5,151.98190178521892
30515,-74.0,21.0,150.47045310987346
30516,-74.0,21.5,152.04437035809252
30517,-74.0,22.5,152.87610819349285
30518,-74.0,23.0,152.20892173697212
30519,-74.0,23.5,148.34526146356905
30520,-74.0,24.0,149.5304116315583
30521,-74.0,24.5,150.16699649300475
30522,-74.0,25.0,152.5505351640519
30523,-74.0,25.5,150.19215300464754
30524,-74.0,26.0,149.31648751024326
30525,-74.0,26.5,148.39197743728434
30526,-74.0,27.0,148.11656233614164
30527,-74.0,27.5,149.2847358862233
30528,-74.0,28.0,148.8191274507509
30529,-74.0,28.5,149.14281049990635
30530,-74.0,29.0,148.12047736129185
30531,-74.0,29.5,154.2875531141603
30532,-74.0,30.0,150.7348930252243
30533,-74.0,30.5,147.59962282344705
30534,-74.0,31.0,149.0334143761719
30535,-74.0,31.5,150.84501978812023
30536,-74.0,32.0,149.9339606884895
30537,-74.0,32.5,150.6923203434407
30538,-74.0,33.0,156.3607440803682
30539,-74.0,33.5,149.29387459754886
30540,-74.0,34.0,151.68146617934536
30541,-74.0,34.5,152.85046190887164
30542,-74.0,35.0,151.58910019653732
30543,-74.0,35.5,149.7174928452661
30544,-74.0,36.0,155.03544605470128
30545,-74.0,36.5,156.00867890698095
30546,-73.5,-37.5,156.37092260756162
30547,-73.5,-37.0,150.95259944227237
30548,-73.5,-36.5,147.2288453244985
30549,-73.5,-36.0,153.23593812810057
30550,-73.5,-35.5,151.79557786553565
30551,-73.5,-35.0,155.16716394423696
30552,-73.5,-34.5,148.61155296287032
30553,-73.5,-33.5,150.92740962223206
30554,-73.5,-33.0,147.312885477691
30555,-73.5,-32.5,150.56244115935334
30556,-73.5,-32.0,144.63090324208338
30557,-73.5,-31.5,152.55741885781492
30558,-73.5,-31.0,153.05797694807308
30559,-73.5,-30.5,154.20124494366706
30560,-73.5,-30.0,153.30389913666593
30561,-73.5,-29.5,151.85180003769187
30562,-73.5,-29.0,148.20746805953658
30563,-73.5,-28.5,149.30675878478974
30564,-73.5,-28.0,150.81471695085733
30565,-73.5,-27.5,150.4949452088481
30566,-73.5,-27.0,150.38500467853024
30567,-73.5,-26.5,148.92000883687206
30568,-73.5,-26.0,148.61997152006117
30569,-73.5,-25.5,154.31012503511215
30570,-73.5,-25.0,150.06871116140618
30571,-73.5,-24.5,146.85288246554012
30572,-73.5,-24.0,169.2059661204535
30573,-73.5,-23.5,159.72137783082988
30574,-73.5,-23.0,152.41275915692395
30575,-73.5,-22.5,150.1647434912194
30576,-73.5,-22.0,149.76212574105497
30577,-73.5,-21.5,150.97928882528902
30578,-73.5,-21.0,155.6130734415889
30579,-73.5,-20.5,153.48497515916935
30580,-73.5,-20.0,149.89489620805074
30581,-73.5,-19.5,153.53314364245824
30582,-73.5,-19.0,153.62843059738063
30583,-73.5,-18.5,150.85553561675277
30584,-73.5,-18.0,150.44368853512043
30585,-73.5,-17.5,150.85644156889998
30586,-73.5,-16.5,152.6802570503257
30587,-73.5,-16.0,152.81086676757795
30588,-73.5,-15.0,155.11144809601703
30589,-73.5,-14.5,148.04821196238248
30590,-73.5,-13.5,151.25560965387515
30591,-73.5,-13.0,151.69787732889841
30592,-73.5,-12.5,149.90748787811103
30593,-73.5,-12.0,150.924953547932
30594,-73.5,-11.5,150.99567937668837
30595,-73.5,-11.0,155.65879692590562
30596,-73.5,-10.5,151.7985749460468
30597,-73.5,-10.0,145.2175002718182
30598,-73.5,-9.5,146.7904664441455
30599,-73.5,-9.0,150.66369688435023
30600,-73.5,-8.5,151.47495603861782
30601,-73.5,-7.5,145.52127521484243
30602,-73.5,-7.0,147.12068220320194
30603,-73.5,-6.5,151.1225925340922
30604,-73.5,-6.0,152.01877232936297
30605,-73.5,-5.5,148.22624440962463
30606,-73.5,-5.0,155.83545822093333
30607,-73.5,-4.5,153.35626785464257
30608,-73.5,-4.0,147.58581566068904
30609,-73.5,-3.5,148.10729282853046
30610,-73.5,-3.0,156.90838620433667
30611,-73.5,-2.5,159.00338218979294
30612,-73.5,-2.0,155.26142850113982
30613,-73.5,-1.5,151.68821329229033
30614,-73.5,-1.0,147.2468376404791
30615,-73.5,-0.5,148.310463274047
30616,-73.5,0.0,149.42255241205152
30617,-73.5,0.5,144.45186184242576
30618,-73.5,1.0,145.69966398601122
30619,-73.5,1.5,148.78712602538036
30620,-73.5,3.0,149.65556925823515
30621,-73.5,4.0,153.40538762999594
30622,-73.5,4.5,149.82226931106177
30623,-73.5,5.0,147.92918373117624
30624,-73.5,5.5,147.55495914216127
30625,-73.5,6.0,147.59836904436384
30626,-73.5,6.5,145.76967267097075
30627,-73.5,7.0,149.98621172630374
30628,-73.5,7.5,154.7069695644534
30629,-73.5,8.0,152.84779544462475
30630,-73.5,8.5,156.39296018131395
30631,-73.5,9.5,158.5068729584133
30632,-73.5,10.0,157.55070151612563
30633,-73.5,10.5,157.331630155821
30634,-73.5,11.0,156.5676206205645
30635,-73.5,11.5,150.730152635451
30636,-73.5,12.0,153.41349168841572
30637,-73.5,12.5,148.8984204589238
30638,-73.5,13.5,149.80091701235673
30639,-73.5,14.0,151.00646483435565
30640,-73.5,15.5,152.5134213491811
30641,-73.5,16.5,155.75273783441662
30642,-73.5,17.0,149.07400433919122
30643,-73.5,18.0,156.58973412080223
30644,-73.5,18.5,154.78267656996883
30645,-73.5,19.0,156.10703806791906
30646,-73.5,19.5,153.90529802191253
30647,-73.5,20.0,155.757654280608
30648,-73.5,20.5,150.30017422487185
30649,-73.5,21.0,152.95906305224656
30650,-73.5,21.5,149.53649417203147
30651,-73.5,22.0,149.78415603496526
30652,-73.5,22.5,150.46021738992883
30653,-73.5,23.0,151.43553323948254
30654,-73.5,23.5,150.4973815963297
30655,-73.5,24.0,150.46644355004173
30656,-73.5,24.5,152.19175247544675
30657,-73.5,25.0,148.1253165442418
30658,-73.5,25.5,150.08916400089373
30659,-73.5,26.0,149.60696977026006
30660,-73.5,26.5,148.49638670511686
30661,-73.5,27.0,147.71830862368918
30662,-73.5,27.5,149.07132663294428
30663,-73.5,28.0,149.55055568902472
30664,-73.5,28.5,148.47020739637833
30665,-73.5,29.0,149.8284192428745
30666,-73.5,29.5,155.78627371440373
30667,-73.5,30.0,148.16729008728137
30668,-73.5,30.5,147.9052925292669
30669,-73.5,31.0,149.46535211160736
30670,-73.5,31.5,150.832501591229
30671,-73.5,32.0,149.3372911303757
30672,-73.5,32.5,149.5462791044153
30673,-73.5,33.0,154.00017334451653
30674,-73.5,33.5,147.38427858605732
30675,-73.5,34.0,150.27909821112834
30676,-73.5,34.5,153.83143466664276
30677,-73.5,35.0,151.49251891809436
30678,-73.5,35.5,149.94391011862672
30679,-73.5,36.0,154.39879752521458
30680,-73.5,36.5,152.37615175014182
30681,-73.0,-37.5,156.275155356922
30682,-73.0,-37.0,150.69738385753237
30683,-73.0,-36.5,148.0964609054057
30684,-73.0,-36.0,151.07235107837272
30685,-73.0,-35.5,153.6600158308795
30686,-73.0,-35.0,155.25608831667014
30687,-73.0,-34.5,148.43314063470785
30688,-73.0,-34.0,148.38226668655486
30689,-73.0,-33.5,151.33437729152436
30690,-73.0,-33.0,149.70837427507234
30691,-73.0,-32.5,151.12110480775996
30692,-73.0,-32.0,149.59913288274075
30693,-73.0,-31.5,151.6668822786247
30694,-73.0,-31.0,154.413122133748
30695,-73.0,-30.5,152.24044373583206
30696,-73.0,-30.0,149.90445924845514
30697,-73.0,-29.5,156.57979794714865
30698,-73.0,-29.0,148.73140172253784
30699,-73.0,-28.5,149.80325781907243
30700,-73.0,-27.5,150.5211301852518
30701,-73.0,-27.0,150.90247222013394
30702,-73.0,-26.5,147.72413277123735
30703,-73.0,-26.0,149.65356919089854
30704,-73.0,-25.5,146.5661860213813
30705,-73.0,-25.0,150.67971477536008
30706,-73.0,-24.5,146.91097143508009
30707,-73.0,-24.0,159.09547467603036
30708,-73.0,-23.0,152.88111293285428
30709,-73.0,-22.5,149.77364291728864
30710,-73.0,-22.0,150.07643840907141
30711,-73.0,-21.5,149.12519464091577
30712,-73.0,-21.0,150.63382487917985
30713,-73.0,-20.5,157.43780142608634
30714,-73.0,-20.0,149.9466300553829
30715,-73.0,-19.5,151.72523869779192
30716,-73.0,-19.0,154.71716269922138
30717,-73.0,-18.5,151.58346779117394
30718,-73.0,-18.0,151.9588424488012
30719,-73.0,-17.5,149.28435358698883
30720,-73.0,-17.0,149.71320850529884
30721,-73.0,-16.5,153.36187468659702
30722,-73.0,-15.5,153.4097032986951
30723,-73.0,-15.0,150.82760194153684
30724,-73.0,-14.5,154.62274806949588
30725,-73.0,-13.0,151.3730542924699
30726,-73.0,-12.5,150.94922432398846
30727,-73.0,-12.0,151.78318495748826
30728,-73.0,-11.5,152.07194728446117
30729,-73.0,-11.0,150.5276196297856
30730,-73.0,-10.5,148.09111771340568
30731,-73.0,-10.0,147.85388750699533
30732,-73.0,-9.5,148.60064786150767
30733,-73.0,-9.0,147.08437400638326
30734,-73.0,-8.5,151.60994391980495
30735,-73.0,-7.5,147.77010747256065
30736,-73.0,-7.0,148.60963537814817
30737,-73.0,-6.5,149.4641005703656
30738,-73.0,-6.0,145.87519393444902
30739,-73.0,-5.5,154.33638071933228
30740,-73.0,-5.0,152.57313500255646
30741,-73.0,-4.5,145.98268558597667
30742,-73.0,-4.0,148.00751467264095
30743,-73.0,-3.5,151.49375454500344
30744,-73.0,-3.0,146.05661555562557
30745,-73.0,-2.5,153.93501575403914
30746,-73.0,-2.0,157.63966426602013
30747,-73.0,-1.5,156.8444361942087
30748,-73.0,-1.0,147.27777113206335
30749,-73.0,-0.5,150.38834114297262
30750,-73.0,0.0,150.26636814156038
30751,-73.0,0.5,149.54199314187514
30752,-73.0,1.0,146.70698877502022
30753,-73.0,1.5,143.48837251348283
30754,-73.0,3.0,147.82098356933844
30755,-73.0,3.5,150.5522746181676
30756,-73.0,4.0,154.06286768305375
30757,-73.0,4.5,153.29278288405365
30758,-73.0,5.0,150.0697556457467
30759,-73.0,5.5,150.50432822056496
30760,-73.0,6.0,146.31155788659643
30761,-73.0,6.5,145.87185299099195
30762,-73.0,7.0,150.9428925483734
30763,-73.0,7.5,148.65242753064626
30764,-73.0,8.0,151.1984056391037
30765,-73.0,8.5,154.4896582986506
30766,-73.0,9.0,156.96710893479906
30767,-73.0,9.5,152.48382039683102
30768,-73.0,10.0,152.3389254526385
30769,-73.0,10.5,181.7213676662869
30770,-73.0,11.0,150.17871893915003
30771,-73.0,11.5,153.10230993099768
30772,-73.0,12.0,149.9200889631908
30773,-73.0,12.5,149.46669013990555
30774,-73.0,13.0,149.10484070377325
30775,-73.0,13.5,149.48044176161523
30776,-73.0,14.0,150.17225551464455
30777,-73.0,14.5,150.68296367411133
30778,-73.0,15.5,152.12342771954664
30779,-73.0,16.0,152.13584771150383
30780,-73.0,16.5,147.8267044343646
30781,-73.0,17.0,150.8125189322503
30782,-73.0,18.0,148.10429021328693
30783,-73.0,18.5,152.55902151958506
30784,-73.0,19.0,153.75022190398272
30785,-73.0,19.5,151.53278163484447
30786,-73.0,20.0,153.74898070905294
30787,-73.0,20.5,153.9216571687588
30788,-73.0,21.0,153.8894918859776
30789,-73.0,21.5,150.44457468928718
30790,-73.0,22.0,149.54339573737113
30791,-73.0,22.5,151.88694758145297
30792,-73.0,23.0,149.62635270794812
30793,-73.0,23.5,152.4576734264551
30794,-73.0,24.0,150.90959264023647
30795,-73.0,24.5,153.43738674938731
30796,-73.0,25.0,148.83931065324214
30797,-73.0,25.5,151.2536544010984
30798,-73.0,26.0,148.8006048318132
30799,-73.0,26.5,149.4958946230295
30800,-73.0,27.0,147.82341995344078
30801,-73.0,27.5,149.2804558852269
30802,-73.0,28.0,149.86446579007034
30803,-73.0,28.5,147.43240840332433
30804,-73.0,29.0,149.7698490365322
30805,-73.0,29.5,151.55022071732787
30806,-73.0,30.0,149.8021153771624
30807,-73.0,30.5,149.44000258098907
30808,-73.0,31.0,149.47284228250348
30809,-73.0,31.5,150.66662176003325
30810,-73.0,32.0,149.31618545013595
30811,-73.0,32.5,150.08912886973064
30812,-73.0,33.0,153.5539393995787
30813,-73.0,33.5,155.4071665649224
30814,-73.0,34.0,149.14560664787248
30815,-73.0,34.5,153.90435045504148
30816,-73.0,35.0,150.7597616673763
30817,-73.0,35.5,149.8033214360035
30818,-73.0,36.0,154.79394318967041
30819,-73.0,36.5,152.35907950920017
30820,-72.5,-38.5,157.85669857442542
30821,-72.5,-37.5,157.36204891731606
30822,-72.5,-37.0,151.68802352307463
30823,-72.5,-36.5,146.84656287231462
30824,-72.5,-36.0,149.223915703906
30825,-72.5,-35.5,154.96534606289828
30826,-72.5,-35.0,155.7968976247986
30827,-72.5,-34.5,155.08560099792135
30828,-72.5,-34.0,154.040526935205
30829,-72.5,-33.5,148.62670437294298
30830,-72.5,-33.0,150.7406974907916
30831,-72.5,-32.5,149.62743106253495
30832,-72.5,-32.0,149.95791337088204
30833,-72.5,-31.5,151.06132442481322
30834,-72.5,-31.0,154.65072937130677
30835,-72.5,-30.5,154.25257840185103
30836,-72.5,-30.0,151.14605868632435
30837,-72.5,-29.5,154.4353090379651
30838,-72.5,-29.0,149.34255051047316
30839,-72.5,-28.5,149.78290587609789
30840,-72.5,-28.0,152.20338442322495
30841,-72.5,-27.5,150.9602619738439
30842,-72.5,-27.0,150.55434946421752
30843,-72.5,-26.5,148.43549901830173
30844,-72.5,-26.0,150.84194220551123
30845,-72.5,-25.5,149.622800280489
30846,-72.5,-25.0,151.05925692953136
30847,-72.5,-24.5,154.4650153989782
30848,-72.5,-24.0,148.39011090242926
30849,-72.5,-23.5,149.86586505036206
30850,-72.5,-23.0,157.03720962532745
30851,-72.5,-22.5,151.51077953596794
30852,-72.5,-22.0,151.04339405848245
30853,-72.5,-21.5,149.4065287602104
30854,-72.5,-21.0,150.96356891337555
30855,-72.5,-20.5,152.68064419987655
30856,-72.5,-20.0,155.19245375918618
30857,-72.5,-19.5,152.27593344778757
30858,-72.5,-19.0,152.88065714385868
30859,-72.5,-18.5,153.1422910228639
30860,-72.5,-18.0,152.4757754606408
30861,-72.5,-17.5,150.91565117146072
30862,-72.5,-17.0,152.1352151327259
30863,-72.5,-16.5,149.2023896056889
30864,-72.5,-16.0,156.9366581931027
30865,-72.5,-15.5,152.02598133605886
30866,-72.5,-15.0,151.32711003657198
30867,-72.5,-14.5,155.90698927894866
30868,-72.5,-12.5,151.08476274643613
30869,-72.5,-12.0,150.66421677942142
30870,-72.5,-11.5,151.1702534416215
30871,-72.5,-11.0,150.23199225017296
30872,-72.5,-10.5,145.2566847855902
30873,-72.5,-10.0,149.72003937678892
30874,-72.5,-9.5,149.39934168106782
30875,-72.5,-9.0,145.59752090989994
30876,-72.5,-8.5,146.68157269599416
30877,-72.5,-8.0,148.73842465008954
30878,-72.5,-7.5,153.22478930210445
30879,-72.5,-7.0,152.0886675387658
30880,-72.5,-6.5,152.27632282210564
30881,-72.5,-6.0,146.81582220303395
30882,-72.5,-5.5,150.14937171240365
30883,-72.5,-5.0,147.85987267101243
30884,-72.5,-4.0,147.84529835048096
30885,-72.5,-3.5,145.9556495277547
30886,-72.5,-3.0,146.0270748399767
30887,-72.5,-2.5,150.9245126836939
30888,-72.5,-1.5,160.15286186766997
30889,-72.5,-1.0,150.78946589513006
30890,-72.5,-0.5,153.06660239867318
30891,-72.5,0.0,149.73457462648224
30892,-72.5,0.5,149.25120307903643
30893,-72.5,1.0,149.38898893588023
30894,-72.5,1.5,144.46232165864996
30895,-72.5,2.0,144.6273510670993
30896,-72.5,3.5,151.46174338700524
30897,-72.5,4.0,151.56393222393416
30898,-72.5,4.5,155.80184223101705
30899,-72.5,5.0,154.95354186804767
30900,-72.5,5.5,151.02521880984196
30901,-72.5,6.0,147.64519470571577
30902,-72.5,6.5,147.99358204613
30903,-72.5,7.0,146.12556426831225
30904,-72.5,7.5,146.60998420720517
30905,-72.5,8.0,154.38847125576402
30906,-72.5,8.5,152.60607283416346
30907,-72.5,9.0,157.59562158513228
30908,-72.5,9.5,156.36996536548673
30909,-72.5,11.0,152.96262838931403
30910,-72.5,11.5,153.5838970642591
30911,-72.5,12.0,152.73302305423456
30912,-72.5,12.5,149.55747619026644
30913,-72.5,13.0,149.240478354282
30914,-72.5,13.5,149.27202944424744
30915,-72.5,14.0,149.5875438520493
30916,-72.5,14.5,150.63433327444804
30917,-72.5,16.0,149.16969602803974
30918,-72.5,16.5,147.9913321574025
30919,-72.5,17.0,150.0457458079832
30920,-72.5,17.5,150.0813336813621
30921,-72.5,18.0,149.24807347973982
30922,-72.5,18.5,151.82783476834297
30923,-72.5,19.0,152.8655115718241
30924,-72.5,19.5,149.7952104009741
30925,-72.5,20.5,156.80295051098057
30926,-72.5,21.0,152.81157148269511
30927,-72.5,21.5,150.5959976655177
30928,-72.5,22.0,150.01344963919576
30929,-72.5,22.5,151.06283916562256
30930,-72.5,23.0,150.8292764061557
30931,-72.5,23.5,151.36197094594917
30932,-72.5,24.0,152.04758345933453
30933,-72.5,24.5,150.0712060968865
30934,-72.5,25.0,148.73687619183636
30935,-72.5,25.5,150.9393988221581
30936,-72.5,26.0,149.12275343734467
30937,-72.5,26.5,151.0480889245566
30938,-72.5,27.0,148.20581195804553
30939,-72.5,27.5,149.62269226152594
30940,-72.5,28.0,149.3260962900312
30941,-72.5,28.5,145.7766957222682
30942,-72.5,29.0,150.00575808654014
30943,-72.5,29.5,151.56145096818648
30944,-72.5,30.0,150.92190285790392
30945,-72.5,30.5,149.6737059350621
30946,-72.5,31.0,149.73730360107734
30947,-72.5,31.5,150.78143748326002
30948,-72.5,32.0,147.47264151960093
30949,-72.5,32.5,149.99269431094984
30950,-72.5,33.0,154.42501373179866
30951,-72.5,33.5,148.54522054108986
30952,-72.5,34.0,148.8430991433573
30953,-72.5,34.5,153.21147927661457
30954,-72.5,35.0,150.5146296835322
30955,-72.5,35.5,150.15227993601536
30956,-72.5,36.0,154.08316583625736
30957,-72.5,36.5,152.67735591401785
30958,-72.5,37.5,155.87290976584555
30959,-72.0,-37.5,156.52030214284153
30960,-72.0,-37.0,151.85377267858078
30961,-72.0,-36.5,153.00452242048803
30962,-72.0,-36.0,153.80788869157305
30963,-72.0,-35.5,153.82229695974334
30964,-72.0,-35.0,152.3562143080781
30965,-72.0,-34.5,155.28536741794673
30966,-72.0,-34.0,154.54925852786303
30967,-72.0,-33.5,148.52629447624489
30968,-72.0,-33.0,151.25540279293332
30969,-72.0,-32.5,148.81960601191915
30970,-72.0,-32.0,150.838297133597
30971,-72.0,-31.5,150.36076509683153
30972,-72.0,-31.0,155.06190078447338
30973,-72.0,-30.5,156.24731801870968
30974,-72.0,-30.0,154.15277163701626
30975,-72.0,-29.5,150.7332518567214
30976,-72.0,-29.0,150.3053800327467
30977,-72.0,-28.5,149.84081314315108
30978,-72.0,-28.0,151.74779799799074
30979,-72.0,-27.5,151.83352211588166
30980,-72.0,-27.0,147.78209965173346
30981,-72.0,-26.5,149.93231372116287
30982,-72.0,-26.0,147.6446556658205
30983,-72.0,-25.5,148.0548942350175
30984,-72.0,-25.0,148.26357481127502
30985,-72.0,-24.5,157.8575378391834
30986,-72.0,-23.5,152.01354136042357
30987,-72.0,-23.0,148.84589044772227
30988,-72.0,-22.5,154.93346747310574
30989,-72.0,-22.0,150.62175282889112
30990,-72.0,-21.5,150.44548119881463
30991,-72.0,-21.0,150.39475463591637
30992,-72.0,-20.5,150.67759636334583
30993,-72.0,-20.0,153.82327251794078
30994,-72.0,-19.5,153.65760448924297
30995,-72.0,-19.0,152.03589936548155
30996,-72.0,-18.5,155.57138633715078
30997,-72.0,-18.0,153.2410775220373
30998,-72.0,-17.5,152.7906756413906
30999,-72.0,-17.0,154.55665299043312
31000,-72.0,-16.5,151.67112597757108
31001,-72.0,-16.0,156.5403873732952
31002,-72.0,-15.5,150.27328168944513
31003,-72.0,-15.0,154.24295668082016
31004,-72.0,-14.0,156.41857202317107
31005,-72.0,-13.0,150.2093463430298
31006,-72.0,-12.5,151.24831445552024
31007,-72.0,-12.0,156.74622798553884
31008,-72.0,-11.5,156.88630039517673
31009,-72.0,-11.0,150.31329152374713
31010,-72.0,-10.5,151.13444909878368
31011,-72.0,-10.0,148.23212347744203
31012,-72.0,-9.5,152.35695804237105
31013,-72.0,-8.5,146.447187236924
31014,-72.0,-8.0,147.46574984000705
31015,-72.0,-7.5,153.84431030909667
31016,-72.0,-7.0,149.48592689981055
31017,-72.0,-6.5,150.3998331312262
31018,-72.0,-6.0,156.20587901857556
31019,-72.0,-5.5,147.84785234876634
31020,-72.0,-5.0,147.24533745049396
31021,-72.0,-4.5,148.84134649302734
31022,-72.0,-3.5,153.12642487241115
31023,-72.0,-3.0,149.73146778767008
31024,-72.0,-2.5,149.8184338043856
31025,-72.0,-1.5,148.256352027198
31026,-72.0,-1.0,158.17011851154848
31027,-72.0,-0.5,153.96084440327377
31028,-72.0,0.0,146.35163251824005
31029,-72.0,0.5,148.7196277179798
31030,-72.0,1.0,147.03956936370386
31031,-72.0,1.5,142.28065198587046
31032,-72.0,2.0,143.61041490058508
31033,-72.0,2.5,143.1934455289608
31034,-72.0,3.5,153.09051456545197
31035,-72.0,4.0,152.30947752710796
31036,-72.0,5.0,156.20191134663327
31037,-72.0,5.5,156.06630929134914
31038,-72.0,6.0,150.66678968513293
31039,-72.0,6.5,149.2253755148912
31040,-72.0,7.0,149.56343766569339
31041,-72.0,8.0,148.19595125380926
31042,-72.0,8.5,153.3130855159368
31043,-72.0,9.0,155.5691665400341
31044,-72.0,9.5,156.57170503026143
31045,-72.0,11.0,155.37133244378057
31046,-72.0,11.5,157.52094151946406
31047,-72.0,12.0,154.35287766012792
31048,-72.0,12.5,150.91209998929625
31049,-72.0,13.0,149.52759058614993
31050,-72.0,14.5,151.43045825501957
31051,-72.0,15.0,152.30570170095416
31052,-72.0,15.5,146.572272809003
31053,-72.0,16.0,146.7792096257592
31054,-72.0,16.5,151.35786982431594
31055,-72.0,17.5,149.06889347477545
31056,-72.0,18.0,150.2639440366772
31057,-72.0,18.5,151.28813848395643
31058,-72.0,19.0,150.2374254278402
31059,-72.0,19.5,155.82717723302963
31060,-72.0,20.5,155.5629294656606
31061,-72.0,21.0,152.8641633753238
31062,-72.0,21.5,150.72327576017972
31063,-72.0,22.0,151.387403734398
31064,-72.0,22.5,150.53058050964356
31065,-72.0,23.0,151.051952458549
31066,-72.0,23.5,150.83703560892954
31067,-72.0,24.0,151.57456737641934
31068,-72.0,24.5,149.14134294034912
31069,-72.0,25.0,151.32371898626144
31070,-72.0,25.5,148.3493375264425
31071,-72.0,26.0,149.62327802137006
31072,-72.0,26.5,150.44209393362374
31073,-72.0,27.0,148.42132163694995
31074,-72.0,27.5,149.25184674861333
31075,-72.0,28.0,149.07966097668373
31076,-72.0,28.5,147.46745971053775
31077,-72.0,29.0,148.37517107012596
31078,-72.0,29.5,151.57127596167675
31079,-72.0,30.0,150.28851672344393
31080,-72.0,30.5,149.63931256041545
31081,-72.0,31.0,149.91130936574024
31082,-72.0,31.5,151.48161812443135
31083,-72.0,32.0,147.5369898208426
31084,-72.0,32.5,149.80289635211602
31085,-72.0,33.0,153.79704164321248
31086,-72.0,33.5,149.06023965689775
31087,-72.0,34.0,150.58782018752748
31088,-72.0,34.5,151.95261914750708
31089,-72.0,35.0,149.8524833558734
31090,-72.0,35.5,150.67420107375267
31091,-72.0,36.0,153.45030638177374
31092,-72.0,36.5,153.19419718958116
31093,-72.0,37.5,155.57052368822332
31094,-71.5,-38.5,156.25937926899368
31095,-71.5,-37.5,157.08128848468408
31096,-71.5,-37.0,146.3661151285249
31097,-71.5,-36.5,144.002101004169
31098,-71.5,-36.0,150.12291697412826
31099,-71.5,-35.5,153.231321799427
31100,-71.5,-35.0,154.9740048420245
31101,-71.5,-34.5,156.296761903157
31102,-71.5,-34.0,153.75175692786857
31103,-71.5,-33.5,148.05661737264396
31104,-71.5,-33.0,152.79373401594734
31105,-71.5,-32.5,147.83118080943646
31106,-71.5,-32.0,151.64269430242354
31107,-71.5,-31.5,150.11396808194652
31108,-71.5,-31.0,154.952283857885
31109,-71.5,-30.5,157.55708554831833
31110,-71.5,-30.0,152.2577946416793
31111,-71.5,-29.5,151.3331149344385
31112,-71.5,-29.0,150.5862751373614
31113,-71.5,-28.5,150.24011892210086
31114,-71.5,-28.0,152.25852374543004
31115,-71.5,-27.5,151.9497314202541
31116,-71.5,-27.0,147.81760822187948
31117,-71.5,-26.5,151.17062787020146
31118,-71.5,-26.0,147.78699741263117
31119,-71.5,-25.5,149.50276557208403
31120,-71.5,-25.0,155.43624939593508
31121,-71.5,-24.5,157.7199452737707
31122,-71.5,-24.0,150.71823332495657
31123,-71.5,-23.5,156.5069931545346
31124,-71.5,-23.0,148.26249376746415
31125,-71.5,-22.0,152.1142079136431
31126,-71.5,-21.5,150.56890505268632
31127,-71.5,-21.0,149.7120182747147
31128,-71.5,-20.5,152.36172398888252
31129,-71.5,-20.0,150.2524299961479
31130,-71.5,-19.5,155.2982908739014
31131,-71.5,-19.0,157.10145138142894
31132,-71.5,-18.5,151.9302298537055
31133,-71.5,-18.0,156.2752772657792
31134,-71.5,-17.5,154.30609576597644
31135,-71.5,-17.0,150.73584430323046
31136,-71.5,-16.5,152.96423211250408
31137,-71.5,-16.0,150.5304930713726
31138,-71.5,-15.0,154.54143110722228
31139,-71.5,-14.5,154.7853157904153
31140,-71.5,-14.0,156.76432089837385
31141,-71.5,-13.5,151.59879358455785
31142,-71.5,-13.0,150.06446637941028
31143,-71.5,-12.0,150.6584113361502
31144,-71.5,-11.5,164.32428114174843
31145,-71.5,-11.0,151.01745940290124
31146,-71.5,-10.5,150.94102169777503
31147,-71.5,-10.0,153.70484156298028
31148,-71.5,-9.5,152.61319646221872
31149,-71.5,-9.0,151.92913491586347
31150,-71.5,-8.5,146.62963455974767
31151,-71.5,-8.0,153.74635936987835
31152,-71.5,-7.5,149.8373809110104
31153,-71.5,-7.0,148.99960217937627
31154,-71.5,-6.5,153.2850224167065
31155,-71.5,-6.0,149.9308944062043
31156,-71.5,-5.5,145.87611976689223
31157,-71.5,-5.0,146.31256233463037
31158,-71.5,-4.5,150.3997356868246
31159,-71.5,-3.5,148.79117508000255
31160,-71.5,-3.0,147.9177629475577
31161,-71.5,-2.5,148.37319173744888
31162,-71.5,-2.0,147.47341082060996
31163,-71.5,-1.5,150.2588720389071
31164,-71.5,-1.0,155.58005650055634
31165,-71.5,-0.5,153.39436328505704
31166,-71.5,0.0,148.54520298525586
31167,-71.5,0.5,145.62216303475682
31168,-71.5,1.0,148.85306792255358
31169,-71.5,2.0,146.09230874194043
31170,-71.5,2.5,143.37314847911756
31171,-71.5,3.0,147.2371590989513
31172,-71.5,3.5,152.36275312175997
31173,-71.5,4.0,153.73028744789892
31174,-71.5,4.5,158.37923043595322
31175,-71.5,5.0,157.39560393554368
31176,-71.5,5.5,159.13969473903478
31177,-71.5,6.0,158.06524026759098
31178,-71.5,6.5,155.56831630721874
31179,-71.5,7.0,154.90252773980825
31180,-71.5,7.5,154.96149339227648
31181,-71.5,8.0,148.21098983351433
31182,-71.5,8.5,151.81754671122926
31183,-71.5,9.0,156.55155966644222
31184,-71.5,9.5,157.5646697458819
31185,-71.5,10.5,158.41019821830648
31186,-71.5,11.0,153.75368351139966
31187,-71.5,11.5,155.96661978282742
31188,-71.5,12.0,150.17326797208673
31189,-71.5,12.5,151.62728381866503
31190,-71.5,13.0,149.4787045667409
31191,-71.5,13.5,149.76659191071735
31192,-71.5,14.0,154.5140541488325
31193,-71.5,15.0,151.97500659717997
31194,-71.5,15.5,147.96520358538393
31195,-71.5,16.0,147.64023321949674
31196,-71.5,16.5,150.03254649310801
31197,-71.5,17.0,149.44430990767037
31198,-71.5,17.5,149.41318616612602
31199,-71.5,18.0,148.67347112253555
31200,-71.5,18.5,149.13316637968535
31201,-71.5,19.0,149.69291210486855
31202,-71.5,19.5,148.55240138469227
31203,-71.5,20.0,155.56255949023046
31204,-71.5,20.5,155.4957396437703
31205,-71.5,21.0,150.34352689733024
31206,-71.5,21.5,155.39867183757084
31207,-71.5,22.0,150.41846847499895
31208,-71.5,22.5,149.40441589195663
31209,-71.5,23.0,151.9325434560933
31210,-71.5,23.5,151.16480752088523
31211,-71.5,24.0,150.59925827077828
31212,-71.5,24.5,148.7505479830177
31213,-71.5,25.0,150.88229990058343
31214,-71.5,25.5,147.56469435064798
31215,-71.5,26.0,150.7188232188983
31216,-71.5,26.5,148.90324109901448
31217,-71.5,27.0,149.00964841684907
31218,-71.5,27.5,149.10401845304764
31219,-71.5,28.0,150.15234179879997
31220,-71.5,28.5,147.58252296378828
31221,-71.5,29.0,147.42451122924726
31222,-71.5,29.5,151.79943956367615
31223,-71.5,30.0,149.52097080753052
31224,-71.5,30.5,149.19297961786003
31225,-71.5,31.0,149.81970830140466
31226,-71.5,31.5,152.77542212652617
31227,-71.5,32.0,147.53736096915395
31228,-71.5,32.5,152.2613705866535
31229,-71.5,33.0,153.42060409419847
31230,-71.5,33.5,148.60834157358903
31231,-71.5,34.0,150.96626015975204
31232,-71.5,34.5,151.1638096468565
31233,-71.5,35.0,149.74708170555968
31234,-71.5,35.5,151.12153616426207
31235,-71.5,36.0,152.49359739128377
31236,-71.5,36.5,154.78072307331166
31237,-71.5,37.5,154.788044755068
31238,-71.5,38.0,162.4312605070653
31239,-71.0,-38.5,156.29653537930545
31240,-71.0,-37.5,156.76599421163033
31241,-71.0,-37.0,145.207169924842
31242,-71.0,-36.5,147.11605688705743
31243,-71.0,-36.0,147.18610162757454
31244,-71.0,-35.5,149.3903498206848
31245,-71.0,-35.0,154.06176378184128
31246,-71.0,-34.5,157.33546046855145
31247,-71.0,-34.0,153.82588251982125
31248,-71.0,-33.5,153.20000990914122
31249,-71.0,-33.0,149.4667280380728
31250,-71.0,-32.5,147.16299132885118
31251,-71.0,-32.0,151.94485511478607
31252,-71.0,-31.5,148.26475873885747
31253,-71.0,-31.0,152.17815203700175
31254,-71.0,-30.5,159.40197117095565
31255,-71.0,-30.0,149.0056586070109
31256,-71.0,-29.5,151.14428249094266
31257,-71.0,-29.0,146.72296490351258
31258,-71.0,-28.5,151.37076735791558
31259,-71.0,-28.0,152.2618272478181
31260,-71.0,-27.5,153.16113023723315
31261,-71.0,-27.0,153.2079693416578
31262,-71.0,-26.5,149.5811494863175
31263,-71.0,-26.0,149.02920093612514
31264,-71.0,-25.5,148.7240125197679
31265,-71.0,-25.0,154.39971988177368
31266,-71.0,-24.0,157.02295560867762
31267,-71.0,-23.5,148.49200386916635
31268,-71.0,-23.0,146.32202197137312
31269,-71.0,-22.5,150.32818553783906
31270,-71.0,-22.0,152.43082773781083
31271,-71.0,-21.5,150.48340117539323
31272,-71.0,-21.0,151.95333876258667
31273,-71.0,-20.5,151.70361942222743
31274,-71.0,-20.0,152.92099551726804
31275,-71.0,-19.5,153.92833560487995
31276,-71.0,-19.0,157.94692685774245
31277,-71.0,-18.5,152.82203462438343
31278,-71.0,-18.0,153.37232024060106
31279,-71.0,-17.5,149.56882635878472
31280,-71.0,-17.0,152.83872014379097
31281,-71.0,-16.5,152.8288148230882
31282,-71.0,-16.0,149.87624952031445
31283,-71.0,-14.5,155.2182142202506
31284,-71.0,-14.0,150.9449163711021
31285,-71.0,-13.5,152.5324478246272
31286,-71.0,-12.5,150.1481034732922
31287,-71.0,-12.0,147.9310561214201
31288,-71.0,-11.5,150.228310860816
31289,-71.0,-11.0,157.83885562465917
31290,-71.0,-10.5,152.911093670345
31291,-71.0,-10.0,152.87972673008943
31292,-71.0,-9.0,148.92237532326556
31293,-71.0,-8.5,153.42899269164826
31294,-71.0,-8.0,152.1086172662686
31295,-71.0,-7.5,150.4447365510437
31296,-71.0,-7.0,150.02427445201639
31297,-71.0,-6.5,152.59953161159572
31298,-71.0,-6.0,149.17219234508173
31299,-71.0,-5.5,146.7116822795473
31300,-71.0,-5.0,146.98163416216016
31301,-71.0,-4.5,145.41487410609534
31302,-71.0,-4.0,149.69737973523547
31303,-71.0,-3.5,151.94585701149572
31304,-71.0,-3.0,148.89232598401114
31305,-71.0,-2.5,147.27783029888838
31306,-71.0,-2.0,147.2481672211409
31307,-71.0,-1.5,149.69958794089044
31308,-71.0,-1.0,148.42384063334336
31309,-71.0,-0.5,147.5113663560492
31310,-71.0,0.0,160.05878949498907
31311,-71.0,0.5,147.6787055112719
31312,-71.0,1.0,149.4782799911192
31313,-71.0,1.5,145.54485024866705
31314,-71.0,2.5,144.76422966947578
31315,-71.0,3.0,149.23436153778792
31316,-71.0,3.5,147.27673664255482
31317,-71.0,4.0,154.81858211982492
31318,-71.0,4.5,156.84365263277718
31319,-71.0,5.0,160.92298414236222
31320,-71.0,5.5,162.04401467979548
31321,-71.0,6.0,161.25317604014853
31322,-71.0,6.5,159.51303096871465
31323,-71.0,7.0,157.75099248064518
31324,-71.0,7.5,154.1206666984386
31325,-71.0,8.0,154.2034467527821
31326,-71.0,8.5,149.63213580515014
31327,-71.0,9.0,155.4652958893099
31328,-71.0,9.5,156.78540759311517
31329,-71.0,10.0,155.94239691318003
31330,-71.0,10.5,151.80314994014282
31331,-71.0,11.0,157.06292129355646
31332,-71.0,11.5,152.6249639490951
31333,-71.0,12.0,153.1997891966523
31334,-71.0,12.5,150.85959175867217
31335,-71.0,13.0,149.90278117211872
31336,-71.0,13.5,151.46844455195193
31337,-71.0,15.0,148.40545823733635
31338,-71.0,15.5,149.17461611656424
31339,-71.0,16.0,149.78039106090188
31340,-71.0,17.0,149.44064271042004
31341,-71.0,17.5,150.22167368156627
31342,-71.0,18.0,148.5617982378786
31343,-71.0,18.5,150.65924961409252
31344,-71.0,19.5,152.07432107084057
31345,-71.0,20.0,156.1342873198367
31346,-71.0,21.0,150.4154160154469
31347,-71.0,21.5,151.4615391217291
31348,-71.0,22.0,151.005286415226
31349,-71.0,22.5,149.26558048683466
31350,-71.0,23.0,151.57781710594045
31351,-71.0,23.5,150.9923777284392
31352,-71.0,24.0,149.96579500057734
31353,-71.0,24.5,148.9877406949499
31354,-71.0,25.0,149.90035307569514
31355,-71.0,25.5,147.26031521696623
31356,-71.0,26.0,151.7170021679135
31357,-71.0,26.5,147.49086749457598
31358,-71.0,27.0,152.21784909273336
31359,-71.0,27.5,149.1866832480556
31360,-71.0,28.0,148.39785523255534
31361,-71.0,28.5,150.93199090951802
31362,-71.0,29.0,147.4530580712056
31363,-71.0,29.5,151.59001365308276
31364,-71.0,30.0,149.5607887171464
31365,-71.0,30.5,150.0340285804699
31366,-71.0,31.0,149.994846554647
31367,-71.0,31.5,151.96761269579764
31368,-71.0,32.0,150.8906769538436
31369,-71.0,32.5,152.01259517703602
31370,-71.0,33.0,155.43360148560092
31371,-71.0,33.5,149.03075051936344
31372,-71.0,34.0,151.22412299911676
31373,-71.0,34.5,151.30415146871152
31374,-71.0,35.0,149.80733363464066
31375,-71.0,35.5,150.41385644911142
31376,-71.0,36.0,155.02268271230366
31377,-71.0,36.5,153.89499573318966
31378,-71.0,37.0,172.48266031418888
31379,-71.0,37.5,154.10404408551236
31380,-71.0,38.0,161.36663009817195
31381,-70.5,-38.5,156.4291555934223
31382,-70.5,-37.5,156.86322559092287
31383,-70.5,-37.0,143.7010523377629
31384,-70.5,-36.5,147.9472205142331
31385,-70.5,-36.0,148.7126292866166
31386,-70.5,-35.5,158.89793763575074
31387,-70.5,-35.0,153.29624351561745
31388,-70.5,-34.5,156.49667625076654
31389,-70.5,-34.0,148.0168919679412
31390,-70.5,-33.5,153.08015855750537
31391,-70.5,-33.0,146.50465067006408
31392,-70.5,-32.5,148.31683149040873
31393,-70.5,-32.0,150.27214479175078
31394,-70.5,-31.5,148.65278109963893
31395,-70.5,-31.0,148.86882581291553
31396,-70.5,-30.5,160.98742260537082
31397,-70.5,-30.0,151.93188847168986
31398,-70.5,-29.5,147.4499007353114
31399,-70.5,-29.0,148.59006699198926
31400,-70.5,-28.5,151.45660150092138
31401,-70.5,-28.0,150.47956402768125
31402,-70.5,-27.5,151.4298116523439
31403,-70.5,-27.0,151.2773918295876
31404,-70.5,-26.5,148.00789335257255
31405,-70.5,-26.0,148.25835830038076
31406,-70.5,-25.5,150.36878859842278
31407,-70.5,-25.0,155.88323674025958
31408,-70.5,-24.5,147.81356949907658
31409,-70.5,-24.0,159.23086864270547
31410,-70.5,-23.5,151.3203694437112
31411,-70.5,-23.0,146.58506769748482
31412,-70.5,-22.5,150.69985017756647
31413,-70.5,-21.5,153.08401138193068
31414,-70.5,-21.0,152.28084311072982
31415,-70.5,-20.5,151.1127306469206
31416,-70.5,-20.0,152.49414062590304
31417,-70.5,-19.5,154.2876229435973
31418,-70.5,-19.0,156.38384597031208
31419,-70.5,-18.0,154.1598617242917
31420,-70.5,-17.5,147.89462095759
31421,-70.5,-17.0,152.4730584900417
31422,-70.5,-16.5,150.93062718766666
31423,-70.5,-16.0,153.1806873681046
31424,-70.5,-15.5,149.09453380359895
31425,-70.5,-14.5,154.37805661885255
31426,-70.5,-14.0,150.20292267320036
31427,-70.5,-13.5,149.51397153091133
31428,-70.5,-13.0,158.23826101304542
31429,-70.5,-12.5,150.91773480366913
31430,-70.5,-12.0,145.54733739139112
31431,-70.5,-11.5,149.75383800152986
31432,-70.5,-11.0,155.35333195665402
31433,-70.5,-10.5,161.46884102830126
31434,-70.5,-10.0,153.95626129185413
31435,-70.5,-9.5,149.4298337844199
31436,-70.5,-9.0,147.2599574866007
31437,-70.5,-8.5,153.1677277351787
31438,-70.5,-8.0,149.41173786472302
31439,-70.5,-7.5,152.85160243012652
31440,-70.5,-7.0,152.17418397946423
31441,-70.5,-6.5,147.67151003145747
31442,-70.5,-6.0,144.71222980504285
31443,-70.5,-5.5,150.60675980167798
31444,-70.5,-5.0,144.1171207981035
31445,-70.5,-4.5,145.92178496752146
31446,-70.5,-4.0,152.98519367911783
31447,-70.5,-3.5,150.76943375152058
31448,-70.5,-2.5,152.20492212274522
31449,-70.5,-2.0,151.61959301987403
31450,-70.5,-1.5,147.38828995715056
31451,-70.5,-1.0,148.2730890337069
31452,-70.5,-0.5,146.78894204410625
31453,-70.5,0.0,161.23831457342942
31454,-70.5,0.5,155.17492749361548
31455,-70.5,1.0,150.46062296561513
31456,-70.5,1.5,147.30138333747365
31457,-70.5,2.0,143.84607042602013
31458,-70.5,2.5,147.2045761830127
31459,-70.5,3.0,147.73002148531043
31460,-70.5,3.5,143.59973157401618
31461,-70.5,4.0,154.10897560718638
31462,-70.5,4.5,154.9109395904116
31463,-70.5,5.0,160.5815341197837
31464,-70.5,5.5,162.21713534129705
31465,-70.5,6.0,161.99635951092716
31466,-70.5,6.5,161.97826889395338
31467,-70.5,7.0,161.98049758387083
31468,-70.5,7.5,157.00676773332134
31469,-70.5,8.0,156.95474735438918
31470,-70.5,8.5,150.63459002461528
31471,-70.5,9.0,148.7252407990285
31472,-70.5,9.5,152.66467558818715
31473,-70.5,10.0,155.30768228551
31474,-70.5,10.5,149.8568294196562
31475,-70.5,11.5,153.93412441494903
31476,-70.5,12.0,153.46763646111305
31477,-70.5,13.0,151.68251971583328
31478,-70.5,13.5,152.46015116497318
31479,-70.5,14.0,151.32825593980257
31480,-70.5,15.0,146.84076917063712
31481,-70.5,15.5,150.50494929201233
31482,-70.5,16.0,151.11337517918605
31483,-70.5,16.5,148.82948680800814
31484,-70.5,17.0,150.00664500204914
31485,-70.5,17.5,148.99072076410755
31486,-70.5,18.0,152.60139310649004
31487,-70.5,18.5,150.30327079731794
31488,-70.5,20.0,149.63744836648047
31489,-70.5,20.5,149.13169109417098
31490,-70.5,21.0,150.75693912148313
31491,-70.5,21.5,156.13441570165745
31492,-70.5,22.0,150.6632322986618
31493,-70.5,22.5,151.76012077097812
31494,-70.5,23.0,152.06666621507878
31495,-70.5,23.5,151.2709655482753
31496,-70.5,24.0,150.542781396084
31497,-70.5,24.5,150.52292943504565
31498,-70.5,25.0,148.8437783749252
31499,-70.5,25.5,150.65430996297673
31500,-70.5,26.0,150.52628011209708
31501,-70.5,26.5,148.3343549701829
31502,-70.5,27.0,152.4395966706701
31503,-70.5,27.5,149.98730556126344
31504,-70.5,28.0,148.86687325303367
31505,-70.5,28.5,149.6840372194036
31506,-70.5,29.0,150.27926649401442
31507,-70.5,29.5,150.05971627478698
31508,-70.5,30.0,149.84408850800992
31509,-70.5,30.5,149.87658361124383
31510,-70.5,31.0,150.8274380386998
31511,-70.5,31.5,151.4335494614024
31512,-70.5,32.0,150.9366462373764
31513,-70.5,32.5,149.8280803878182
31514,-70.5,33.0,149.73695412823238
31515,-70.5,33.5,151.69940977884852
31516,-70.5,34.0,149.1337613103495
31517,-70.5,34.5,151.0296901265813
31518,-70.5,35.0,149.48214491629287
31519,-70.5,35.5,150.37487021062697
31520,-70.5,36.0,157.14932186518018
31521,-70.5,36.5,160.97846285733763
31522,-70.5,37.5,153.24264139994662
31523,-70.5,38.0,160.27253305315267
31524,-70.0,-38.5,156.5931323319407
31525,-70.0,-37.0,148.6805457497999
31526,-70.0,-36.5,147.40525551499442
31527,-70.0,-36.0,147.46283076146022
31528,-70.0,-35.5,158.45325666158186
31529,-70.0,-35.0,158.1161970043848
31530,-70.0,-34.5,155.36863845649356
31531,-70.0,-34.0,149.26967228947137
31532,-70.0,-33.5,150.38510153691738
31533,-70.0,-33.0,145.60463766189216
31534,-70.0,-32.5,150.0318068861321
31535,-70.0,-32.0,150.4624925141085
31536,-70.0,-31.5,149.93688503532
31537,-70.0,-31.0,146.70478084007453
31538,-70.0,-30.5,159.24137309180796
31539,-70.0,-30.0,154.223182826886
31540,-70.0,-29.5,147.33100851438496
31541,-70.0,-29.0,148.65368660911636
31542,-70.0,-28.5,150.57815510559595
31543,-70.0,-28.0,149.39376231112146
31544,-70.0,-27.5,151.00474806695854
31545,-70.0,-27.0,151.08524221700725
31546,-70.0,-26.5,147.56261592189836
31547,-70.0,-26.0,151.01286203011432
31548,-70.0,-25.5,153.82503881065185
31549,-70.0,-25.0,147.51501221462746
31550,-70.0,-24.5,154.19380477846963
31551,-70.0,-24.0,150.85764185708155
31552,-70.0,-23.5,150.29248063322103
31553,-70.0,-23.0,146.33082126725634
31554,-70.0,-22.5,146.97846165517316
31555,-70.0,-22.0,150.87412465458635
31556,-70.0,-21.5,153.57838573518399
31557,-70.0,-21.0,151.37002379113824
31558,-70.0,-20.5,151.9938880813252
31559,-70.0,-20.0,152.53252716610055
31560,-70.0,-19.5,150.0359756910086
31561,-70.0,-19.0,146.0603243283786
31562,-70.0,-18.5,153.94944782343424
31563,-70.0,-18.0,153.96812737674026
31564,-70.0,-17.5,152.80539900341458
31565,-70.0,-17.0,150.22757315331154
31566,-70.0,-16.5,149.35877128325748
31567,-70.0,-16.0,156.8338373029719
31568,-70.0,-15.5,153.6289215318167
31569,-70.0,-15.0,152.133375590229
31570,-70.0,-14.5,149.26033427504498
31571,-70.0,-14.0,156.35997277594947
31572,-70.0,-13.5,156.79622059479829
31573,-70.0,-13.0,154.8645473489523
31574,-70.0,-12.5,151.38654797314078
31575,-70.0,-12.0,145.94879663117453
31576,-70.0,-11.5,148.04972969087427
31577,-70.0,-11.0,152.53721493594216
31578,-70.0,-10.5,163.5841134864343
31579,-70.0,-10.0,145.55041976320817
31580,-70.0,-9.5,148.4008740571057
31581,-70.0,-9.0,154.40885347228416
31582,-70.0,-8.5,149.3386209934655
31583,-70.0,-8.0,150.40932065581
31584,-70.0,-7.5,153.4817971320853
31585,-70.0,-7.0,152.71984929258528
31586,-70.0,-6.5,150.6044939550742
31587,-70.0,-6.0,150.77446523582265
31588,-70.0,-5.5,154.73297782630436
31589,-70.0,-5.0,148.80998026559487
31590,-70.0,-4.5,150.5039407200918
31591,-70.0,-4.0,150.4172780711541
31592,-70.0,-3.5,145.49861358615078
31593,-70.0,-3.0,148.5815420749153
31594,-70.0,-2.5,153.7835515205621
31595,-70.0,-2.0,148.19204535920593
31596,-70.0,-1.5,149.69823169154836
31597,-70.0,-1.0,149.5152880428166
31598,-70.0,0.5,161.6194190013248
31599,-70.0,1.0,153.63687175161806
31600,-70.0,1.5,147.46441561477658
31601,-70.0,2.0,147.5153612535589
31602,-70.0,2.5,149.1986829986802
31603,-70.0,3.5,152.21692271451712
31604,-70.0,4.0,147.01807695267243
31605,-70.0,4.5,155.6318438427909
31606,-70.0,5.0,158.97583709735883
31607,-70.0,5.5,159.29215695419663
31608,-70.0,6.5,161.57801194329483
31609,-70.0,7.0,161.7038029197775
31610,-70.0,7.5,159.29226821900662
31611,-70.0,8.0,156.8930795140982
31612,-70.0,8.5,152.7131829158777
31613,-70.0,9.0,149.06400459057636
31614,-70.0,9.5,153.44346297515202
31615,-70.0,10.0,152.5934526522472
31616,-70.0,10.5,154.6267955200944
31617,-70.0,11.0,151.2397129222962
31618,-70.0,11.5,156.97862678858706
31619,-70.0,12.0,156.6541165282064
31620,-70.0,12.5,154.71061274779356
31621,-70.0,13.0,154.44625974557982
31622,-70.0,13.5,153.87573171767184
31623,-70.0,14.0,152.86825821105933
31624,-70.0,14.5,147.77459773512993
31625,-70.0,15.0,147.07411602348745
31626,-70.0,15.5,149.4287670641258
31627,-70.0,16.0,151.05465629117924
31628,-70.0,16.5,149.95644304078968
31629,-70.0,17.0,148.19992362407626
31630,-70.0,17.5,149.0474722799069
31631,-70.0,18.0,151.08616909465385
31632,-70.0,18.5,149.42076133730583
31633,-70.0,19.0,149.3363414983148
31634,-70.0,20.0,153.41316626038622
31635,-70.0,20.5,149.5971232708832
31636,-70.0,21.0,151.64941119683215
31637,-70.0,22.0,154.58017716164974
31638,-70.0,22.5,151.4355030244341
31639,-70.0,23.0,150.09282542076602
31640,-70.0,23.5,154.36004992881246
31641,-70.0,24.0,150.41176990457421
31642,-70.0,24.5,150.34607550804824
31643,-70.0,25.0,148.80446602555298
31644,-70.0,25.5,152.17208472657063
31645,-70.0,26.0,149.7678410369201
31646,-70.0,26.5,159.5054368034031
31647,-70.0,27.0,147.61467619435334
31648,-70.0,27.5,151.60566929025788
31649,-70.0,28.0,149.11245897980106
31650,-70.0,28.5,148.1919504492972
31651,-70.0,29.0,150.71775796645022
31652,-70.0,29.5,149.67418549429664
31653,-70.0,30.0,149.74334496413059
31654,-70.0,30.5,150.10162671585744
31655,-70.0,31.0,149.79875141004436
31656,-70.0,31.5,151.5219524470318
31657,-70.0,32.0,151.6530329456055
31658,-70.0,32.5,150.02667348134173
31659,-70.0,33.0,151.8669428694238
31660,-70.0,33.5,148.76687394945137
31661,-70.0,34.0,148.8880007982382
31662,-70.0,34.5,150.15991137548392
31663,-70.0,35.0,149.23456331300994
31664,-70.0,35.5,151.45569370081685
31665,-70.0,36.0,158.0133920934145
31666,-70.0,36.5,161.58352517159568
31667,-70.0,37.5,153.07031140638264
31668,-70.0,38.0,159.20594328779254
31669,-69.5,-38.5,156.72353309306106
31670,-69.5,-37.0,148.91772924715727
31671,-69.5,-36.5,147.86300513390879
31672,-69.5,-36.0,144.7022948298838
31673,-69.5,-35.5,158.39950987758527
31674,-69.5,-35.0,158.10989192632206
31675,-69.5,-34.5,154.66568982297738
31676,-69.5,-34.0,153.57328606364388
31677,-69.5,-33.5,145.1621965194228
31678,-69.5,-33.0,145.41004920566274
31679,-69.5,-32.5,152.27582809490158
31680,-69.5,-32.0,151.00566771405
31681,-69.5,-31.5,151.9835945555441
31682,-69.5,-31.0,146.74501231860987
31683,-69.5,-30.5,154.72315880404625
31684,-69.5,-30.0,158.43927576230496
31685,-69.5,-29.5,147.90489716206991
31686,-69.5,-29.0,150.013182822564
31687,-69.5,-28.5,142.93207093450707
31688,-69.5,-28.0,149.57079200777937
31689,-69.5,-27.5,151.0397487880765
31690,-69.5,-26.5,144.2426376089512
31691,-69.5,-26.0,152.1400273847891
31692,-69.5,-25.5,156.15179741056951
31693,-69.5,-25.0,144.9187735068622
31694,-69.5,-24.5,157.07066331563115
31695,-69.5,-24.0,147.08412593934324
31696,-69.5,-23.0,148.38043110307282
31697,-69.5,-22.5,146.8534061793166
31698,-69.5,-22.0,149.46851427768172
31699,-69.5,-21.5,152.94472379018228
31700,-69.5,-21.0,152.28431633657868
31701,-69.5,-20.5,152.30834840594517
31702,-69.5,-20.0,153.43993292409283
31703,-69.5,-19.5,146.43733733186156
31704,-69.5,-19.0,143.6760474092891
31705,-69.5,-18.5,152.64572068815602
31706,-69.5,-18.0,153.61571590892208
31707,-69.5,-17.5,153.48747728784133
31708,-69.5,-17.0,147.39269039789804
31709,-69.5,-16.5,149.05520425246323
31710,-69.5,-16.0,153.59168545947833
31711,-69.5,-15.5,158.88030853519183
31712,-69.5,-15.0,150.62571320427773
31713,-69.5,-14.5,147.80627180003827
31714,-69.5,-13.5,154.88486497886967
31715,-69.5,-13.0,150.2360106748995
31716,-69.5,-12.5,156.6661957345352
31717,-69.5,-12.0,149.41144213424283
31718,-69.5,-11.5,148.00285294816948
31719,-69.5,-10.5,156.15025627002998
31720,-69.5,-10.0,149.74965925555236
31721,-69.5,-9.5,152.72463702787792
31722,-69.5,-9.0,152.0283656026505
31723,-69.5,-8.5,146.23810300576852
31724,-69.5,-8.0,151.75645139658496
31725,-69.5,-7.5,149.50525435545634
31726,-69.5,-7.0,147.43394670086033
31727,-69.5,-6.5,149.91870823001068
31728,-69.5,-6.0,148.115489531678
31729,-69.5,-5.0,152.2045033760278
31730,-69.5,-4.5,149.1680299839735
31731,-69.5,-3.5,147.81946044924922
31732,-69.5,-3.0,149.17925462098134
31733,-69.5,-2.5,152.83481547909867
31734,-69.5,-2.0,146.80165893820853
31735,-69.5,-1.5,147.12326749839738
31736,-69.5,-1.0,145.13560844660094
31737,-69.5,-0.5,145.94508816941914
31738,-69.5,1.0,162.22363646333233
31739,-69.5,1.5,149.092551315782
31740,-69.5,2.0,146.5105018528935
31741,-69.5,2.5,145.30850248801502
31742,-69.5,3.0,151.8028634424902
31743,-69.5,3.5,153.67533810905374
31744,-69.5,4.0,145.4661652333698
31745,-69.5,4.5,155.55037786185915
31746,-69.5,5.0,155.6893605201142
31747,-69.5,5.5,159.83506844280464
31748,-69.5,6.0,160.06090637872686
31749,-69.5,6.5,159.16823772394946
31750,-69.5,7.0,159.26424660035445
31751,-69.5,7.5,163.2959306945692
31752,-69.5,8.0,155.47843389872412
31753,-69.5,8.5,153.45907190819065
31754,-69.5,9.0,154.41584442257002
31755,-69.5,9.5,149.5039265306925
31756,-69.5,10.0,151.98003561406236
31757,-69.5,10.5,154.32654188745153
31758,-69.5,11.0,151.91115837997705
31759,-69.5,11.5,151.74457354139275
31760,-69.5,12.5,155.62482175724574
31761,-69.5,13.5,154.1079508675528
31762,-69.5,14.0,151.76122827896546
31763,-69.5,14.5,148.63780112589217
31764,-69.5,15.0,149.249873589251
31765,-69.5,15.5,149.38278341114446
31766,-69.5,16.0,149.69446733137067
31767,-69.5,16.5,150.87949089712157
31768,-69.5,17.0,148.35591744079863
31769,-69.5,17.5,152.41565973046121
31770,-69.5,18.0,149.0232616687848
31771,-69.5,18.5,154.62963207667812
31772,-69.5,19.0,153.94788378670063
31773,-69.5,19.5,150.80143644268034
31774,-69.5,20.0,156.62920222788028
31775,-69.5,20.5,150.515544990302
31776,-69.5,21.0,151.78356723699224
31777,-69.5,21.5,151.97750069666253
31778,-69.5,22.0,153.3779914882902
31779,-69.5,22.5,151.7721528660096
31780,-69.5,23.0,149.3920956893609
31781,-69.5,23.5,153.99294255847929
31782,-69.5,24.0,151.6530998771304
31783,-69.5,24.5,149.1258130859127
31784,-69.5,25.0,149.71410506846692
31785,-69.5,25.5,151.95226990366297
31786,-69.5,26.0,148.64795129651128
31787,-69.5,26.5,156.96830711147084
31788,-69.5,27.0,148.08288808659205
31789,-69.5,27.5,150.12952790073027
31790,-69.5,28.0,150.8082833501993
31791,-69.5,28.5,147.68890879781662
31792,-69.5,29.0,150.90706056265998
31793,-69.5,29.5,149.88672760589074
31794,-69.5,30.0,149.52063653268354
31795,-69.5,30.5,150.00300889114962
31796,-69.5,31.0,150.09513953881498
31797,-69.5,31.5,150.96291329783128
31798,-69.5,32.0,151.886911130075
31799,-69.5,32.5,149.98484328431041
31800,-69.5,33.0,152.60893217456004
31801,-69.5,33.5,148.89670039728995
31802,-69.5,34.0,151.30421889755354
31803,-69.5,34.5,150.19399373721282
31804,-69.5,35.0,149.48059742265335
31805,-69.5,35.5,151.21187498550637
31806,-69.5,36.0,154.87988929865327
31807,-69.5,36.5,160.813967755564
31808,-69.5,37.0,171.64639578953003
31809,-69.5,37.5,153.26611925505463
31810,-69.5,38.0,158.73620516892942
31811,-69.0,-38.5,156.78599249267205
31812,-69.0,-37.0,150.3853572895922
31813,-69.0,-36.5,148.82563941993715
31814,-69.0,-36.0,146.123392667009
31815,-69.0,-35.5,142.780653149354
31816,-69.0,-35.0,158.00043362676962
31817,-69.0,-34.5,153.32819022370433
31818,-69.0,-34.0,154.69283152045267
31819,-69.0,-33.5,147.0244547108872
31820,-69.0,-33.0,146.92796236048386
31821,-69.0,-32.5,153.6857662714431
31822,-69.0,-32.0,149.38236755214217
31823,-69.0,-31.5,152.24584605633362
31824,-69.0,-31.0,148.00163798675396
31825,-69.0,-30.5,153.48352811365777
31826,-69.0,-30.0,156.6241250247124
31827,-69.0,-29.5,151.44701386424322
31828,-69.0,-29.0,149.59970502708381
31829,-69.0,-28.5,145.28230761562088
31830,-69.0,-28.0,150.52947035342012
31831,-69.0,-27.5,151.4905821599976
31832,-69.0,-27.0,143.99705923574575
31833,-69.0,-26.5,143.97905293929108
31834,-69.0,-26.0,158.20219766677053
31835,-69.0,-25.5,146.46680038455344
31836,-69.0,-25.0,151.51902453766922
31837,-69.0,-24.5,152.2490675689353
31838,-69.0,-24.0,147.04138394115455
31839,-69.0,-23.5,149.0404020577254
31840,-69.0,-23.0,146.21660451801202
31841,-69.0,-22.5,149.7163270849122
31842,-69.0,-22.0,145.81923644759212
31843,-69.0,-21.5,145.71478974730897
31844,-69.0,-21.0,150.2838815006404
31845,-69.0,-20.5,151.36881100371812
31846,-69.0,-20.0,153.0893605874391
31847,-69.0,-19.5,148.6934136318375
31848,-69.0,-19.0,148.48673612101317
31849,-69.0,-18.5,148.3274160432702
31850,-69.0,-18.0,155.2349649004656
31851,-69.0,-17.5,156.81152271994063
31852,-69.0,-17.0,151.67491892878306
31853,-69.0,-16.5,149.16944881154708
31854,-69.0,-16.0,153.68686294270827
31855,-69.0,-15.5,153.21037706367224
31856,-69.0,-15.0,151.2398398213378
31857,-69.0,-14.5,150.66387825092406
31858,-69.0,-13.5,148.44501538024014
31859,-69.0,-13.0,151.68458411375315
31860,-69.0,-12.5,146.04256745671685
31861,-69.0,-12.0,152.76849053409714
31862,-69.0,-10.5,146.94440533378338
31863,-69.0,-10.0,156.00283272595337
31864,-69.0,-9.5,152.06090157347472
31865,-69.0,-9.0,149.67175553063845
31866,-69.0,-8.5,149.57472577520264
31867,-69.0,-8.0,152.3355822766514
31868,-69.0,-7.5,150.07488035095778
31869,-69.0,-6.5,153.96926009551865
31870,-69.0,-6.0,148.60497757983362
31871,-69.0,-5.5,149.33073751875224
31872,-69.0,-5.0,151.3833247012994
31873,-69.0,-4.5,151.95806752373696
31874,-69.0,-4.0,146.03520837742542
31875,-69.0,-3.5,151.3962946736262
31876,-69.0,-3.0,150.67084047955262
31877,-69.0,-2.5,146.57683177616835
31878,-69.0,-2.0,147.8021715583998
31879,-69.0,-1.5,145.24132095486553
31880,-69.0,-1.0,146.8280060393925
31881,-69.0,-0.5,145.87272420033594
31882,-69.0,0.0,144.65436140749506
31883,-69.0,1.0,148.01796480715927
31884,-69.0,1.5,153.6233033722193
31885,-69.0,2.0,148.7132787592254
31886,-69.0,2.5,146.73716447881952
31887,-69.0,3.0,152.47712589832312
31888,-69.0,3.5,149.16402669394753
31889,-69.0,4.0,150.44836704411645
31890,-69.0,4.5,153.0221644909435
31891,-69.0,5.0,154.69545197595818
31892,-69.0,6.0,158.73364563948635
31893,-69.0,6.5,161.15410479794116
31894,-69.0,7.0,160.94402286817868
31895,-69.0,7.5,160.93344114548557
31896,-69.0,8.0,158.2321173905712
31897,-69.0,8.5,155.46144256852892
31898,-69.0,9.0,154.65293796296487
31899,-69.0,9.5,154.03344265422484
31900,-69.0,10.0,149.88383945431445
31901,-69.0,10.5,151.51883892067707
31902,-69.0,11.0,150.58568605270594
31903,-69.0,11.5,155.3773635092991
31904,-69.0,12.0,154.63706965000867
31905,-69.0,12.5,156.79609800187163
31906,-69.0,14.0,149.9683845311825
31907,-69.0,14.5,150.03838036117116
31908,-69.0,15.0,149.8654798403019
31909,-69.0,15.5,149.68232843524186
31910,-69.0,16.0,150.1800285275812
31911,-69.0,16.5,150.50862308904829
31912,-69.0,17.0,151.30303700779663
31913,-69.0,17.5,152.71607714342076
31914,-69.0,18.0,153.21594653569446
31915,-69.0,18.5,151.8202249549515
31916,-69.0,19.0,155.7966538806968
31917,-69.0,19.5,151.32465763573927
31918,-69.0,20.0,152.07322253506052
31919,-69.0,20.5,154.5127241092947
31920,-69.0,21.0,150.76552705643329
31921,-69.0,21.5,152.52696298086062
31922,-69.0,22.0,151.70384237792197
31923,-69.0,22.5,153.5871680508775
31924,-69.0,23.0,149.6558944843202
31925,-69.0,23.5,150.061026727294
31926,-69.0,24.0,151.12167295933529
31927,-69.0,24.5,148.4002732616643
31928,-69.0,25.0,150.95962985390324
31929,-69.0,25.5,149.56951533502584
31930,-69.0,26.0,152.33309385372732
31931,-69.0,26.5,149.16458595694792
31932,-69.0,27.0,150.50251000388207
31933,-69.0,27.5,150.11303907282124
31934,-69.0,28.0,150.18928714842966
31935,-69.0,28.5,148.55848388792572
31936,-69.0,29.0,150.08937688227195
31937,-69.0,29.5,150.25647659880775
31938,-69.0,30.0,150.3088390662264
31939,-69.0,30.5,149.32690024542018
31940,-69.0,31.0,150.22748779140792
31941,-69.0,31.5,153.76227085310495
31942,-69.0,32.0,150.09535205227866
31943,-69.0,32.5,148.6562153796331
31944,-69.0,33.0,151.67991165659865
31945,-69.0,33.5,148.62429851378445
31946,-69.0,34.0,151.0279705303558
31947,-69.0,34.5,152.40672393468586
31948,-69.0,35.0,149.76606735853375
31949,-69.0,35.5,148.74074070813867
31950,-69.0,36.0,153.66716067892725
31951,-69.0,36.5,155.77255694475485
31952,-69.0,37.0,169.37230623840617
31953,-69.0,37.5,152.85013661583423
31954,-68.5,-38.5,156.79406528064803
31955,-68.5,-37.0,150.6696834433981
31956,-68.5,-36.5,149.01675352510264
31957,-68.5,-36.0,144.05728840089697
31958,-68.5,-35.5,148.2642810839702
31959,-68.5,-35.0,157.38261044998185
31960,-68.5,-34.5,152.99168279660293
31961,-68.5,-34.0,154.19338570218855
31962,-68.5,-33.5,149.41710878614379
31963,-68.5,-33.0,150.69542132915493
31964,-68.5,-32.5,154.3505147451637
31965,-68.5,-32.0,152.49070841522624
31966,-68.5,-31.5,153.27897291807133
31967,-68.5,-31.0,150.5494677107997
31968,-68.5,-30.5,152.5693691638678
31969,-68.5,-30.0,157.7459585738646
31970,-68.5,-29.5,148.9588192076646
31971,-68.5,-29.0,149.93590100640495
31972,-68.5,-28.5,151.27644476627
31973,-68.5,-28.0,147.18174341185312
31974,-68.5,-27.5,153.99939745483
31975,-68.5,-27.0,149.0137443313059
31976,-68.5,-26.0,156.8094284006506
31977,-68.5,-25.5,145.40022199805966
31978,-68.5,-25.0,155.32772799317618
31979,-68.5,-24.5,146.32266347193618
31980,-68.5,-24.0,153.2243760457469
31981,-68.5,-23.5,148.34464331354323
31982,-68.5,-23.0,148.473662379993
31983,-68.5,-22.5,149.39584755826007
31984,-68.5,-22.0,147.83678588890092
31985,-68.5,-21.5,148.24882523305473
31986,-68.5,-21.0,152.9796513289576
31987,-68.5,-20.5,154.68138167567642
31988,-68.5,-20.0,148.50066602188204
31989,-68.5,-19.5,156.89676863210815
31990,-68.5,-19.0,152.0942844308067
31991,-68.5,-18.5,151.64102648829274
31992,-68.5,-18.0,153.98266815246458
31993,-68.5,-17.5,153.65404771070547
31994,-68.5,-17.0,152.21401897537567
31995,-68.5,-16.5,152.56425381891327
31996,-68.5,-16.0,149.011771690449
31997,-68.5,-15.5,150.1453499879782
31998,-68.5,-15.0,152.9309743946163
31999,-68.5,-14.5,152.45730960936248
32000,-68.5,-14.0,149.53177751167294
32001,-68.5,-13.5,148.84743996776822
32002,-68.5,-13.0,152.69043204843322
32003,-68.5,-12.5,153.42857161069327
32004,-68.5,-12.0,147.98239999637195
32005,-68.5,-11.0,146.40073080523334
32006,-68.5,-10.5,148.37401844105514
32007,-68.5,-10.0,153.3559150975421
32008,-68.5,-9.5,151.30400059490114
32009,-68.5,-9.0,150.41021533119772
32010,-68.5,-8.5,152.80139157736878
32011,-68.5,-8.0,148.20798399843446
32012,-68.5,-6.0,153.4155275461326
32013,-68.5,-5.5,148.6365863214989
32014,-68.5,-5.0,148.97062585789345
32015,-68.5,-4.5,156.0479274114071
32016,-68.5,-4.0,147.35002010143876
32017,-68.5,-3.5,151.53762546452597
32018,-68.5,-3.0,149.4917107625857
32019,-68.5,-2.5,147.2963360027705
32020,-68.5,-2.0,147.61353385583155
32021,-68.5,-1.0,146.20541355590785
32022,-68.5,-0.5,148.9838253495366
32023,-68.5,0.0,148.75515663750127
32024,-68.5,0.5,146.5410783464194
32025,-68.5,1.0,146.51260600563543
32026,-68.5,1.5,154.06891168921416
32027,-68.5,2.0,157.6852832936221
32028,-68.5,2.5,149.70831159610051
32029,-68.5,3.0,148.13369811550186
32030,-68.5,3.5,147.8623056809006
32031,-68.5,4.0,152.38197188577806
32032,-68.5,4.5,153.34513373641857
32033,-68.5,5.0,157.34744013740215
32034,-68.5,6.5,161.16163066416138
32035,-68.5,7.0,166.38833666036962
32036,-68.5,7.5,157.02700077742566
32037,-68.5,8.0,157.47842455382153
32038,-68.5,8.5,154.57659087300024
32039,-68.5,9.0,154.66784166829433
32040,-68.5,9.5,152.1480909146484
32041,-68.5,10.0,147.51558886231157
32042,-68.5,10.5,151.94001095792927
32043,-68.5,11.0,155.514252719387
32044,-68.5,11.5,156.4506196316171
32045,-68.5,12.0,153.4119091415822
32046,-68.5,13.0,159.12980322018166
32047,-68.5,13.5,149.58012553426377
32048,-68.5,14.0,149.35793884503755
32049,-68.5,14.5,150.76993626420875
32050,-68.5,15.0,150.27986318498333
32051,-68.5,15.5,150.16207526167287
32052,-68.5,16.5,148.8755259028573
32053,-68.5,17.0,151.61270917400475
32054,-68.5,17.5,151.82524818618276
32055,-68.5,18.5,150.00967498986648
32056,-68.5,19.0,151.28131538890725
32057,-68.5,19.5,152.53926339436703
32058,-68.5,20.0,154.17304474776662
32059,-68.5,20.5,158.41422808856566
32060,-68.5,21.0,150.62705320879653
32061,-68.5,21.5,152.43305394745119
32062,-68.5,22.0,151.46914992362653
32063,-68.5,22.5,152.27196543361256
32064,-68.5,23.0,150.0388117582974
32065,-68.5,23.5,150.173534198689
32066,-68.5,24.0,149.6570420128374
32067,-68.5,24.5,150.03439844080603
32068,-68.5,25.0,150.82131240606427
32069,-68.5,25.5,150.18309896650825
32070,-68.5,26.0,152.47082977480233
32071,-68.5,26.5,148.79205745646448
32072,-68.5,27.0,149.04499402063098
32073,-68.5,27.5,150.85623707281496
32074,-68.5,28.0,150.87541998285627
32075,-68.5,28.5,150.24383390323106
32076,-68.5,29.0,149.84978917820894
32077,-68.5,29.5,150.27976360126746
32078,-68.5,30.0,150.8389859793996
32079,-68.5,30.5,148.81485235719717
32080,-68.5,31.0,151.27072066513145
32081,-68.5,31.5,153.31377061394457
32082,-68.5,32.0,150.15976634199947
32083,-68.5,32.5,147.44894524925218
32084,-68.5,33.0,149.07930253959523
32085,-68.5,33.5,148.3231965407319
32086,-68.5,34.0,149.06887389271117
32087,-68.5,34.5,150.2986354715247
32088,-68.5,35.0,149.25489265021764
32089,-68.5,35.5,148.7043800491395
32090,-68.5,36.0,152.78422244479816
32091,-68.5,36.5,153.28453429832618
32092,-68.5,37.0,162.5748100218285
32093,-68.5,37.5,161.4724061013936
32094,-68.5,38.0,156.18582133244178
32095,-68.0,-38.5,156.91277701213932
32096,-68.0,-37.0,153.02236467524122
32097,-68.0,-36.5,148.66641010135737
32098,-68.0,-36.0,145.2821624533507
32099,-68.0,-35.5,143.14654764479914
32100,-68.0,-35.0,157.92391689297838
32101,-68.0,-34.5,156.4733303875022
32102,-68.0,-34.0,154.51137358666367
32103,-68.0,-33.5,154.71236606829683
32104,-68.0,-33.0,148.76239687505776
32105,-68.0,-32.5,153.19964846848953
32106,-68.0,-32.0,152.7999071037191
32107,-68.0,-31.5,151.21777069343113
32108,-68.0,-31.0,158.1871343073569
32109,-68.0,-30.5,151.95306470433266
32110,-68.0,-30.0,156.19658401249177
32111,-68.0,-29.5,150.81572829431678
32112,-68.0,-29.0,151.6790635312354
32113,-68.0,-28.5,149.02170356834174
32114,-68.0,-28.0,147.52537703270454
32115,-68.0,-27.5,153.9527294655088
32116,-68.0,-27.0,149.227670239794
32117,-68.0,-26.5,156.24047465071283
32118,-68.0,-26.0,155.38111135325596
32119,-68.0,-25.5,152.63602388214508
32120,-68.0,-25.0,150.96008777063682
32121,-68.0,-24.5,144.12930888651044
32122,-68.0,-24.0,145.34732899316705
32123,-68.0,-23.5,148.51604071445232
32124,-68.0,-23.0,145.92359523134112
32125,-68.0,-22.5,148.8469019944724
32126,-68.0,-22.0,144.88091090879485
32127,-68.0,-21.5,150.53786531194282
32128,-68.0,-21.0,152.96303785451641
32129,-68.0,-20.5,154.7449209631049
32130,-68.0,-20.0,155.69921803966017
32131,-68.0,-19.5,160.7306541676186
32132,-68.0,-19.0,158.1926122258459
32133,-68.0,-18.5,152.41899388851087
32134,-68.0,-18.0,149.3763109535185
32135,-68.0,-17.5,155.56612169401453
32136,-68.0,-17.0,153.38373550592758
32137,-68.0,-16.5,153.3622123299594
32138,-68.0,-16.0,148.8261889082274
32139,-68.0,-15.5,148.10374418543697
32140,-68.0,-15.0,150.76821960453788
32141,-68.0,-14.5,156.696781794291
32142,-68.0,-14.0,148.6959378786889
32143,-68.0,-13.5,146.52136121941027
32144,-68.0,-13.0,157.7487043967546
32145,-68.0,-12.5,153.1905285301176
32146,-68.0,-11.5,156.7138048289657
32147,-68.0,-11.0,146.27778154088128
32148,-68.0,-10.5,152.45080513694214
32149,-68.0,-10.0,151.56278671592455
32150,-68.0,-9.5,152.54046319711273
32151,-68.0,-9.0,151.96645880819423
32152,-68.0,-8.5,154.71461710109017
32153,-68.0,-8.0,150.88677045410705
32154,-68.0,-6.0,148.5995900220615
32155,-68.0,-5.5,151.32006075543381
32156,-68.0,-5.0,147.70544461975993
32157,-68.0,-4.5,148.1939056834149
32158,-68.0,-4.0,156.69621637813884
32159,-68.0,-3.5,146.5942333993016
32160,-68.0,-3.0,151.18219012617837
32161,-68.0,-2.5,147.24131040731712
32162,-68.0,-2.0,147.5553674286961
32163,-68.0,-1.5,146.30109831056606
32164,-68.0,-0.5,146.68470515000405
32165,-68.0,0.5,148.5097576805338
32166,-68.0,1.0,147.09676467455503
32167,-68.0,2.0,158.7312034975215
32168,-68.0,2.5,152.3722927894585
32169,-68.0,3.0,147.16511289312407
32170,-68.0,3.5,154.13712488854975
32171,-68.0,4.0,155.01064240349308
32172,-68.0,5.0,160.0669522532707
32173,-68.0,5.5,160.13340477077986
32174,-68.0,6.5,163.26208768918124
32175,-68.0,7.0,162.78009183241113
32176,-68.0,8.0,156.79656681137936
32177,-68.0,8.5,156.92553585670552
32178,-68.0,9.0,153.80403629022484
32179,-68.0,9.5,151.54986058962217
32180,-68.0,10.0,150.5194515611516
32181,-68.0,10.5,151.179151939904
32182,-68.0,11.0,156.37933127502254
32183,-68.0,11.5,154.4869908877012
32184,-68.0,12.0,155.69614318259949
32185,-68.0,12.5,157.4057415264519
32186,-68.0,13.0,152.31105799937242
32187,-68.0,13.5,149.32524587876637
32188,-68.0,14.0,149.88800581748345
32189,-68.0,14.5,151.06937595013682
32190,-68.0,15.0,150.21456101967215
32191,-68.0,15.5,150.61876933927672
32192,-68.0,16.0,148.9314396531325
32193,-68.0,16.5,153.8323800495316
32194,-68.0,17.0,150.03438038148525
32195,-68.0,17.5,156.33085488803746
32196,-68.0,18.0,157.31900962589756
32197,-68.0,18.5,157.69718422184422
32198,-68.0,19.0,150.94796635102423
32199,-68.0,19.5,152.251173548054
32200,-68.0,20.0,155.00097112133963
32201,-68.0,20.5,159.82337649539485
32202,-68.0,21.0,154.1378391410614
32203,-68.0,21.5,151.43294058030708
32204,-68.0,22.0,149.5451761758425
32205,-68.0,22.5,149.54899830033085
32206,-68.0,23.0,152.6354874358932
32207,-68.0,23.5,149.26047198347115
32208,-68.0,24.0,150.10099813390343
32209,-68.0,24.5,151.2351292530054
32210,-68.0,25.0,149.25841818683605
32211,-68.0,25.5,151.34655781198515
32212,-68.0,26.0,150.543934995326
32213,-68.0,26.5,150.324319846593
32214,-68.0,27.0,149.41157028427455
32215,-68.0,27.5,150.77045800598174
32216,-68.0,28.0,150.2565640574458
32217,-68.0,28.5,151.8092154348749
32218,-68.0,29.0,149.5927342972723
32219,-68.0,29.5,150.1976540155447
32220,-68.0,30.0,150.82301600689223
32221,-68.0,30.5,149.31065918631896
32222,-68.0,31.0,151.00100818150526
32223,-68.0,31.5,150.88671578439622
32224,-68.0,32.0,150.35667912862536
32225,-68.0,32.5,147.4737226510293
32226,-68.0,33.0,150.45863654531087
32227,-68.0,33.5,148.48343735951053
32228,-68.0,34.0,148.3782319092243
32229,-68.0,34.5,148.8713692464727
32230,-68.0,35.0,150.58856545002254
32231,-68.0,36.0,150.32214252435912
32232,-68.0,36.5,153.23166709321356
32233,-68.0,37.0,161.8076518910586
32234,-68.0,37.5,164.35788744472126
32235,-68.0,38.0,156.24200911944035
32236,-67.5,-37.0,157.37039858747022
32237,-67.5,-36.5,147.5304004618292
32238,-67.5,-36.0,146.44198436146175
32239,-67.5,-35.5,147.45070480013857
32240,-67.5,-35.0,157.72271284314064
32241,-67.5,-34.5,154.95706942072283
32242,-67.5,-34.0,150.7128826416289
32243,-67.5,-33.5,154.4870430536299
32244,-67.5,-33.0,152.03710342795063
32245,-67.5,-32.5,156.34260127641954
32246,-67.5,-32.0,154.05951247653383
32247,-67.5,-31.5,152.97976842021507
32248,-67.5,-31.0,151.55859859863403
32249,-67.5,-30.5,147.65393535231107
32250,-67.5,-30.0,151.39383740800085
32251,-67.5,-29.5,156.25718513276232
32252,-67.5,-29.0,152.90907863271724
32253,-67.5,-28.5,149.91017012427216
32254,-67.5,-28.0,151.6767347413339
32255,-67.5,-27.5,152.85869677486846
32256,-67.5,-27.0,162.38366069700905
32257,-67.5,-26.5,156.2788542304553
32258,-67.5,-26.0,143.86638333054705
32259,-67.5,-25.5,154.009552773046
32260,-67.5,-25.0,147.7939140898709
32261,-67.5,-24.5,149.51638100609128
32262,-67.5,-24.0,145.25407503438842
32263,-67.5,-23.5,145.57297296398593
32264,-67.5,-23.0,147.0510973807475
32265,-67.5,-22.5,145.61771690645247
32266,-67.5,-22.0,147.97591777931584
32267,-67.5,-21.5,150.49853544155772
32268,-67.5,-21.0,154.34766677355452
32269,-67.5,-20.5,159.71711219886197
32270,-67.5,-20.0,162.49042510417752
32271,-67.5,-19.5,154.07867989616756
32272,-67.5,-19.0,153.21417165198545
32273,-67.5,-18.5,154.79341376894217
32274,-67.5,-18.0,152.06489796940917
32275,-67.5,-17.5,148.98046383828583
32276,-67.5,-17.0,153.40845948933182
32277,-67.5,-16.5,150.83670665544594
32278,-67.5,-16.0,149.95336928479793
32279,-67.5,-15.5,149.78533665311477
32280,-67.5,-15.0,151.98010302393513
32281,-67.5,-14.5,152.35305653562625
32282,-67.5,-14.0,151.7927393377988
32283,-67.5,-13.5,150.8812337858253
32284,-67.5,-13.0,150.51689794723814
32285,-67.5,-12.5,160.7139235846263
32286,-67.5,-12.0,159.62991171116832
32287,-67.5,-11.5,151.8137080885834
32288,-67.5,-11.0,153.63533738899642
32289,-67.5,-10.5,151.93691359148153
32290,-67.5,-10.0,150.5004501314098
32291,-67.5,-9.5,151.16500427886166
32292,-67.5,-9.0,154.76187698439458
32293,-67.5,-8.5,149.98147704243084
32294,-67.5,-8.0,155.4337150642288
32295,-67.5,-7.5,154.5189098510322
32296,-67.5,-6.5,146.09470654193035
32297,-67.5,-6.0,149.15083527334895
32298,-67.5,-5.5,155.00699197892305
32299,-67.5,-5.0,149.22838398271705
32300,-67.5,-4.5,147.4862758645511
32301,-67.5,-4.0,156.28376670990835
32302,-67.5,-3.5,150.32751801916905
32303,-67.5,-3.0,148.45927392504018
32304,-67.5,-2.0,148.884511023404
32305,-67.5,-1.5,146.99482240124254
32306,-67.5,-0.5,149.41749524466277
32307,-67.5,0.0,148.74861779839514
32308,-67.5,0.5,148.24231359776115
32309,-67.5,1.0,148.04817408865478
32310,-67.5,2.0,150.78586576207695
32311,-67.5,2.5,152.07424716931448
32312,-67.5,3.0,153.41363090839428
32313,-67.5,3.5,154.8925493073411
32314,-67.5,4.0,155.92709430053944
32315,-67.5,5.0,150.74669044858152
32316,-67.5,5.5,149.91608765063756
32317,-67.5,6.0,157.53298424256565
32318,-67.5,6.5,163.7190362050626
32319,-67.5,7.0,164.61000364257737
32320,-67.5,7.5,165.78689928802328
32321,-67.5,8.0,155.31020883311498
32322,-67.5,8.5,155.37585025813925
32323,-67.5,9.0,154.8097463640485
32324,-67.5,9.5,152.87992154201766
32325,-67.5,10.0,150.77616647634417
32326,-67.5,10.5,152.40648205263636
32327,-67.5,11.0,157.97945271872777
32328,-67.5,11.5,154.2711813077048
32329,-67.5,12.0,156.0083927252187
32330,-67.5,12.5,156.47275764243088
32331,-67.5,13.0,152.16992680379926
32332,-67.5,14.0,150.08949833991096
32333,-67.5,14.5,150.7882346406925
32334,-67.5,15.0,151.52159064842758
32335,-67.5,15.5,148.6812627101913
32336,-67.5,16.0,151.24776768924
32337,-67.5,16.5,154.33731208890285
32338,-67.5,17.5,154.22667842029045
32339,-67.5,18.0,153.0885427680142
32340,-67.5,18.5,157.2947068010383
32341,-67.5,19.0,151.29078144637958
32342,-67.5,19.5,151.3035643892148
32343,-67.5,20.0,152.30145065969126
32344,-67.5,20.5,153.91031766933838
32345,-67.5,21.0,155.2149695850668
32346,-67.5,21.5,150.41125249431886
32347,-67.5,22.0,150.36057297199318
32348,-67.5,23.0,151.4687590067982
32349,-67.5,23.5,149.68138404091644
32350,-67.5,24.0,150.60113378719146
32351,-67.5,24.5,150.39729446755874
32352,-67.5,25.0,149.99371083501995
32353,-67.5,25.5,152.36917034535537
32354,-67.5,26.0,149.84296658932942
32355,-67.5,26.5,151.80551527893132
32356,-67.5,27.0,149.80648555750162
32357,-67.5,27.5,151.04558107032716
32358,-67.5,28.0,149.86229174145313
32359,-67.5,28.5,151.56088805842927
32360,-67.5,29.0,150.60901874196358
32361,-67.5,29.5,150.04098606887763
32362,-67.5,30.0,150.07030984475813
32363,-67.5,30.5,150.58607231405148
32364,-67.5,31.0,149.6046121950186
32365,-67.5,31.5,150.6586986626354
32366,-67.5,32.0,150.37876858435013
32367,-67.5,32.5,148.78479257218513
32368,-67.5,33.0,150.30556283904477
32369,-67.5,33.5,148.97755637315478
32370,-67.5,34.0,147.83235935962605
32371,-67.5,34.5,148.77170990397718
32372,-67.5,35.0,148.75873226452117
32373,-67.5,36.0,149.53050199513976
32374,-67.5,36.5,152.87937197670803
32375,-67.5,37.0,158.7037641445733
32376,-67.5,37.5,164.90520763340666
32377,-67.5,38.0,155.6534306586681
32378,-67.0,-37.0,158.1665179897817
32379,-67.0,-36.5,154.25571092537217
32380,-67.0,-36.0,151.77680931773753
32381,-67.0,-35.5,144.1457287192917
32382,-67.0,-35.0,157.09380179237527
32383,-67.0,-34.5,156.68798942744056
32384,-67.0,-34.0,150.91339036792283
32385,-67.0,-33.5,154.45339269247265
32386,-67.0,-33.0,152.8756695261936
32387,-67.0,-32.5,153.8941021765418
32388,-67.0,-32.0,152.82216386777253
32389,-67.0,-31.5,155.56204526681734
32390,-67.0,-31.0,148.85394827905452
32391,-67.0,-30.5,147.80996908128432
32392,-67.0,-30.0,150.77366326609345
32393,-67.0,-29.5,157.86599098048094
32394,-67.0,-29.0,148.20712680413394
32395,-67.0,-28.5,152.13100479594755
32396,-67.0,-28.0,151.78181887693773
32397,-67.0,-27.5,155.68262873526308
32398,-67.0,-27.0,157.95581493160597
32399,-67.0,-26.5,154.65409063252787
32400,-67.0,-26.0,144.96667304961852
32401,-67.0,-25.5,149.29651163924186
32402,-67.0,-25.0,149.15394896741464
32403,-67.0,-24.5,148.99035075270476
32404,-67.0,-24.0,143.08552547379477
32405,-67.0,-23.5,146.26099180969945
32406,-67.0,-23.0,150.15969384124992
32407,-67.0,-22.5,144.94587574853963
32408,-67.0,-22.0,152.25804616067146
32409,-67.0,-21.5,153.51181387071085
32410,-67.0,-21.0,153.73940625062494
32411,-67.0,-20.5,157.93191647537205
32412,-67.0,-20.0,154.6649932798463
32413,-67.0,-19.5,151.206977380999
32414,-67.0,-19.0,155.8712077485655
32415,-67.0,-18.5,156.72738862611615
32416,-67.0,-18.0,151.8774484778596
32417,-67.0,-17.5,149.01760001312496
32418,-67.0,-17.0,152.77202609513927
32419,-67.0,-16.5,150.16569023670888
32420,-67.0,-16.0,150.3843910743856
32421,-67.0,-15.5,151.1221887099935
32422,-67.0,-15.0,151.66818856032413
32423,-67.0,-14.5,150.2608688128394
32424,-67.0,-14.0,153.79994472358277
32425,-67.0,-13.5,154.15800812233687
32426,-67.0,-13.0,154.14475122891687
32427,-67.0,-12.5,158.5686275754354
32428,-67.0,-12.0,154.96671537240508
32429,-67.0,-11.5,151.6242375808438
32430,-67.0,-11.0,156.26410844892422
32431,-67.0,-10.5,148.27618187362458
32432,-67.0,-10.0,148.85178337850644
32433,-67.0,-9.5,150.68965445026555
32434,-67.0,-9.0,150.8590717079957
32435,-67.0,-8.5,155.69386330525882
32436,-67.0,-8.0,157.48591887046422
32437,-67.0,-7.5,156.91170695262295
32438,-67.0,-7.0,150.80332280016526
32439,-67.0,-6.5,147.01211459404402
32440,-67.0,-6.0,149.72854601632085
32441,-67.0,-5.5,147.49211577189436
32442,-67.0,-5.0,152.63894588456276
32443,-67.0,-4.5,148.07423156056768
32444,-67.0,-4.0,146.96954319923657
32445,-67.0,-3.5,149.30920115078897
32446,-67.0,-3.0,151.04620918809317
32447,-67.0,-2.5,155.48621469065867
32448,-67.0,-2.0,149.50943584579753
32449,-67.0,-1.5,147.39870352061956
32450,-67.0,-1.0,143.49648030730387
32451,-67.0,-0.5,146.21408453322917
32452,-67.0,0.0,147.16521030046803
32453,-67.0,0.5,145.21774598225883
32454,-67.0,1.0,146.21253235116905
32455,-67.0,1.5,152.97355975975495
32456,-67.0,2.0,148.70747536561421
32457,-67.0,2.5,151.7155361468058
32458,-67.0,3.0,154.94742602619755
32459,-67.0,3.5,153.62615052167652
32460,-67.0,4.0,158.2493322209572
32461,-67.0,4.5,144.00503418909392
32462,-67.0,5.5,143.3449413723608
32463,-67.0,6.0,149.99915943548757
32464,-67.0,6.5,151.3158131205921
32465,-67.0,7.5,163.3642185615903
32466,-67.0,8.0,157.61433640315332
32467,-67.0,8.5,158.2513111969247
32468,-67.0,9.0,154.86411621327713
32469,-67.0,9.5,150.7977412287999
32470,-67.0,10.0,152.5279317880036
32471,-67.0,10.5,155.23158486408073
32472,-67.0,11.0,153.51394702580583
32473,-67.0,11.5,155.28353006824372
32474,-67.0,12.0,156.9180785265553
32475,-67.0,12.5,153.97479462885016
32476,-67.0,13.0,151.50029636393424
32477,-67.0,13.5,150.27681579271538
32478,-67.0,14.0,150.36130400900842
32479,-67.0,14.5,151.36682975291
32480,-67.0,15.5,150.4287861318848
32481,-67.0,16.0,153.16084099437256
32482,-67.0,16.5,153.01468887990504
32483,-67.0,17.0,154.1946067933179
32484,-67.0,17.5,150.7600311730143
32485,-67.0,18.0,155.17705241508037
32486,-67.0,18.5,156.29142641125603
32487,-67.0,19.0,152.2304882505299
32488,-67.0,19.5,148.3522888444702
32489,-67.0,20.0,152.64208849662134
32490,-67.0,20.5,154.34889888645483
32491,-67.0,21.0,153.31141537719276
32492,-67.0,21.5,152.96826383574586
32493,-67.0,22.0,150.0660623486945
32494,-67.0,22.5,151.2184742531834
32495,-67.0,23.0,149.70258748215042
32496,-67.0,23.5,150.91459482309938
32497,-67.0,24.0,150.7965098240606
32498,-67.0,24.5,149.39337340947816
32499,-67.0,25.0,151.8979982353805
32500,-67.0,25.5,149.66416879873665
32501,-67.0,26.0,150.3440658247988
32502,-67.0,26.5,150.94632087841728
32503,-67.0,27.0,150.28451003588086
32504,-67.0,27.5,151.2352268937274
32505,-67.0,28.0,151.20778989503174
32506,-67.0,28.5,151.47132917840838
32507,-67.0,29.0,150.5655914800491
32508,-67.0,29.5,150.40175494301513
32509,-67.0,30.0,149.723826440967
32510,-67.0,30.5,151.16434649866224
32511,-67.0,31.0,149.64525874828286
32512,-67.0,31.5,151.3170517248795
32513,-67.0,32.0,149.043095831598
32514,-67.0,32.5,150.0235054390659
32515,-67.0,33.0,150.05425145242015
32516,-67.0,33.5,148.0587692283249
32517,-67.0,34.0,148.88621585149656
32518,-67.0,34.5,148.59366825861315
32519,-67.0,35.0,148.93191733597686
32520,-67.0,36.0,149.19927735818393
32521,-67.0,36.5,158.41094722140897
32522,-67.0,37.0,151.71297279115828
32523,-67.0,37.5,164.62660477682465
32524,-66.5,-37.0,157.1120213449952
32525,-66.5,-36.5,146.62621111189338
32526,-66.5,-36.0,143.68834966189928
32527,-66.5,-35.5,144.5440968248922
32528,-66.5,-35.0,156.3649713500659
32529,-66.5,-34.5,156.45817769381134
32530,-66.5,-34.0,153.81267892138092
32531,-66.5,-33.5,152.3661543672193
32532,-66.5,-33.0,152.88934278489356
32533,-66.5,-32.5,155.2816386457669
32534,-66.5,-32.0,157.59570277136882
32535,-66.5,-31.5,154.48766000453494
32536,-66.5,-31.0,147.9020775274535
32537,-66.5,-30.5,147.93201397950753
32538,-66.5,-30.0,152.435777620643
32539,-66.5,-29.5,158.13775797425507
32540,-66.5,-29.0,151.22561067330722
32541,-66.5,-28.5,155.50833839248938
32542,-66.5,-28.0,151.80923202614224
32543,-66.5,-27.5,158.69838513666423
32544,-66.5,-27.0,154.2860537522149
32545,-66.5,-26.5,145.5452343677886
32546,-66.5,-26.0,149.27266361390727
32547,-66.5,-25.5,144.43009485343836
32548,-66.5,-25.0,146.06974534551995
32549,-66.5,-24.5,147.35693955885375
32550,-66.5,-24.0,146.91484709400166
32551,-66.5,-23.5,151.30896123210036
32552,-66.5,-23.0,147.01327145445853
32553,-66.5,-22.5,147.88443806653657
32554,-66.5,-22.0,148.3889760866516
32555,-66.5,-21.5,152.64632461254553
32556,-66.5,-21.0,143.7397972259749
32557,-66.5,-20.5,146.83123352139762
32558,-66.5,-20.0,148.47968727509
32559,-66.5,-19.5,151.24349865934263
32560,-66.5,-19.0,150.2663194275467
32561,-66.5,-18.5,149.27613564177219
32562,-66.5,-18.0,151.92251545621963
32563,-66.5,-17.5,147.69746965147598
32564,-66.5,-17.0,148.03648318679953
32565,-66.5,-16.5,151.10182956230497
32566,-66.5,-16.0,149.67979167002872
32567,-66.5,-15.5,154.8287697396467
32568,-66.5,-15.0,150.7858432971664
32569,-66.5,-14.5,151.97796142710388
32570,-66.5,-14.0,152.79682119076563
32571,-66.5,-13.5,156.52654467267715
32572,-66.5,-13.0,153.78606938221364
32573,-66.5,-12.5,149.7429415145718
32574,-66.5,-12.0,150.386286171073
32575,-66.5,-11.5,154.01626949521503
32576,-66.5,-11.0,153.34863826225185
32577,-66.5,-10.5,150.4217509843249
32578,-66.5,-10.0,149.94297168039003
32579,-66.5,-9.5,147.0278374234812
32580,-66.5,-9.0,147.08688759959475
32581,-66.5,-8.5,155.1943250674338
32582,-66.5,-8.0,155.11268840564983
32583,-66.5,-7.5,159.73430678788216
32584,-66.5,-7.0,150.89064672230612
32585,-66.5,-6.5,150.0606444215764
32586,-66.5,-6.0,152.52147504766947
32587,-66.5,-5.5,148.2747313714697
32588,-66.5,-5.0,150.15511876380185
32589,-66.5,-4.5,153.30396355111225
32590,-66.5,-4.0,150.69880421632556
32591,-66.5,-3.5,150.3447637426316
32592,-66.5,-3.0,153.75417505901254
32593,-66.5,-2.5,156.49775229361285
32594,-66.5,-2.0,150.4633715752059
32595,-66.5,-1.5,145.39025871869254
32596,-66.5,-1.0,146.02983109651964
32597,-66.5,-0.5,148.00759380246367
32598,-66.5,0.0,147.04571492811897
32599,-66.5,0.5,145.2919447861081
32600,-66.5,1.0,150.15131652648452
32601,-66.5,1.5,148.32068521485652
32602,-66.5,2.0,153.5998131736934
32603,-66.5,2.5,149.1226194083269
32604,-66.5,3.0,154.58429386261753
32605,-66.5,3.5,159.53853334423522
32606,-66.5,4.0,152.87816211885936
32607,-66.5,4.5,153.46443874969813
32608,-66.5,5.0,148.1212923804047
32609,-66.5,5.5,159.35679645808307
32610,-66.5,6.0,147.82813770511478
32611,-66.5,6.5,146.13904643732113
32612,-66.5,7.0,146.23180795409598
32613,-66.5,7.5,161.7203668459246
32614,-66.5,8.0,163.93141681486094
32615,-66.5,8.5,156.24451150500968
32616,-66.5,9.0,152.75101045172445
32617,-66.5,9.5,151.36878487110212
32618,-66.5,10.0,151.34455758747922
32619,-66.5,10.5,153.11006907668516
32620,-66.5,11.0,151.4372488716462
32621,-66.5,11.5,156.7241420234164
32622,-66.5,12.0,155.3230206740977
32623,-66.5,12.5,152.14585835065978
32624,-66.5,13.0,154.1555093363946
32625,-66.5,13.5,150.65297839399085
32626,-66.5,14.0,152.18103072589994
32627,-66.5,14.5,149.27716769330792
32628,-66.5,15.0,151.66572108317564
32629,-66.5,15.5,154.05513328894017
32630,-66.5,16.0,151.18625700926685
32631,-66.5,16.5,151.72111989531433
32632,-66.5,17.5,160.92642230272497
32633,-66.5,18.0,152.9968329931895
32634,-66.5,18.5,153.97644186187847
32635,-66.5,19.0,154.9449073980453
32636,-66.5,19.5,153.62863236628755
32637,-66.5,20.0,152.0560163606422
32638,-66.5,20.5,153.11223098916773
32639,-66.5,21.0,154.0875907211716
32640,-66.5,21.5,153.40090563731871
32641,-66.5,22.0,150.48468142286075
32642,-66.5,22.5,150.73224885207892
32643,-66.5,23.0,148.2694140887253
32644,-66.5,23.5,151.14171003138682
32645,-66.5,24.0,151.10043070345506
32646,-66.5,24.5,151.15301369442835
32647,-66.5,25.0,151.89580053108213
32648,-66.5,25.5,149.90521542550044
32649,-66.5,26.0,150.34624716570607
32650,-66.5,26.5,150.39237800546684
32651,-66.5,27.0,150.30825660524124
32652,-66.5,27.5,151.31233117686685
32653,-66.5,28.0,152.20655243490594
32654,-66.5,28.5,151.2954331387765
32655,-66.5,29.0,151.66102564964262
32656,-66.5,29.5,150.68973185806837
32657,-66.5,30.0,149.680674655372
32658,-66.5,30.5,149.464707005391
32659,-66.5,31.0,149.30489600581964
32660,-66.5,31.5,151.9041720708744
32661,-66.5,32.0,149.89313351503856
32662,-66.5,32.5,149.84029902161282
32663,-66.5,33.0,149.6721160166388
32664,-66.5,33.5,148.3653983020957
32665,-66.5,34.0,148.82774029409242
32666,-66.5,34.5,148.57746079192287
32667,-66.5,35.0,150.00853633794455
32668,-66.5,36.0,149.18657016315248
32669,-66.5,36.5,151.82213915829624
32670,-66.5,37.0,151.39238787550772
32671,-66.5,37.5,161.98626234427644
32672,-66.0,-37.0,154.4315167198159
32673,-66.0,-36.5,146.4669253426063
32674,-66.0,-36.0,149.4679397200937
32675,-66.0,-35.5,152.3554593728284
32676,-66.0,-35.0,147.49919594274326
32677,-66.0,-34.5,156.85789788361848
32678,-66.0,-34.0,154.36157553854088
32679,-66.0,-33.5,153.17040327667934
32680,-66.0,-33.0,152.69512073503512
32681,-66.0,-32.5,151.2598500748007
32682,-66.0,-32.0,158.72764865008176
32683,-66.0,-31.5,157.240434758308
32684,-66.0,-31.0,148.6558520846731
32685,-66.0,-30.5,150.7642267705119
32686,-66.0,-30.0,154.52910947586437
32687,-66.0,-29.5,153.6270974466412
32688,-66.0,-29.0,154.14074705936358
32689,-66.0,-28.5,151.51256139740187
32690,-66.0,-28.0,152.0539163738019
32691,-66.0,-27.5,150.43788964065882
32692,-66.0,-27.0,149.66789303251446
32693,-66.0,-26.5,152.1466016855879
32694,-66.0,-26.0,149.84586665680004
32695,-66.0,-25.0,145.51268294455528
32696,-66.0,-24.5,145.71781937919434
32697,-66.0,-24.0,148.83421749069413
32698,-66.0,-23.5,154.6548354330223
32699,-66.0,-23.0,148.35158193998276
32700,-66.0,-22.5,151.89868114199
32701,-66.0,-22.0,146.70135767319013
32702,-66.0,-21.5,146.31571588433206
32703,-66.0,-21.0,143.50741736399996
32704,-66.0,-20.5,148.22998003343082
32705,-66.0,-20.0,148.28843139859393
32706,-66.0,-19.5,151.8372376066242
32707,-66.0,-19.0,148.56474526313758
32708,-66.0,-18.5,147.4598165914945
32709,-66.0,-18.0,150.19823718248995
32710,-66.0,-17.5,149.72696087227686
32711,-66.0,-17.0,147.09631989178226
32712,-66.0,-16.5,149.09226023273314
32713,-66.0,-16.0,153.21571747895814
32714,-66.0,-15.5,152.2605382069826
32715,-66.0,-15.0,150.19510331314132
32716,-66.0,-14.5,150.644165407053
32717,-66.0,-14.0,153.98818719311285
32718,-66.0,-13.5,153.0834242378969
32719,-66.0,-13.0,159.2462619608977
32720,-66.0,-12.5,150.39841164563725
32721,-66.0,-12.0,149.61986069628486
32722,-66.0,-11.5,151.42019940174873
32723,-66.0,-11.0,150.83000972480716
32724,-66.0,-10.5,151.54025304105332
32725,-66.0,-10.0,150.09389460327085
32726,-66.0,-9.5,147.82874526741804
32727,-66.0,-8.5,155.08247778290337
32728,-66.0,-8.0,155.6643362779293
32729,-66.0,-7.5,147.5825633696471
32730,-66.0,-7.0,151.16595850888555
32731,-66.0,-6.5,155.70723743774815
32732,-66.0,-6.0,147.5561011399972
32733,-66.0,-5.5,149.6487389112649
32734,-66.0,-5.0,150.4448736327827
32735,-66.0,-4.5,146.26279063781092
32736,-66.0,-4.0,149.43060742758806
32737,-66.0,-3.5,153.39182856767462
32738,-66.0,-3.0,153.3929930102777
32739,-66.0,-2.5,163.92406980673064
32740,-66.0,-2.0,153.26666999478212
32741,-66.0,-1.0,145.7162737486549
32742,-66.0,-0.5,146.7124923751799
32743,-66.0,0.0,165.17324307186107
32744,-66.0,1.0,146.9408693532265
32745,-66.0,1.5,147.6171235065717
32746,-66.0,2.0,148.50167451596823
32747,-66.0,2.5,151.29631907676696
32748,-66.0,3.5,164.54585955114746
32749,-66.0,4.0,153.91796033724208
32750,-66.0,4.5,148.3779436550057
32751,-66.0,5.0,151.3697356365784
32752,-66.0,5.5,151.412646207379
32753,-66.0,6.0,151.23295376592827
32754,-66.0,6.5,148.04037466517065
32755,-66.0,7.0,150.82732202650038
32756,-66.0,7.5,153.6082528485587
32757,-66.0,8.0,155.8795071293036
32758,-66.0,8.5,153.0639228364484
32759,-66.0,9.0,152.85372825052633
32760,-66.0,9.5,151.73090824390087
32761,-66.0,10.0,150.86094604763767
32762,-66.0,10.5,152.07709477362454
32763,-66.0,11.0,154.71715832594666
32764,-66.0,11.5,152.52393387323565
32765,-66.0,12.0,150.84670385097695
32766,-66.0,12.5,154.0406942240166
32767,-66.0,13.0,151.9689016008042
32768,-66.0,13.5,152.8728763246148
32769,-66.0,14.0,152.33921229749606
32770,-66.0,14.5,151.38590293111628
32771,-66.0,15.0,151.87545538777346
32772,-66.0,15.5,153.4862382181608
32773,-66.0,16.0,153.28349520520726
32774,-66.0,16.5,148.70530681833043
32775,-66.0,17.0,151.69040630912687
32776,-66.0,17.5,161.12682867691552
32777,-66.0,18.0,153.3233632570607
32778,-66.0,18.5,153.96064663775633
32779,-66.0,19.0,155.3522313881454
32780,-66.0,19.5,154.2120303925916
32781,-66.0,20.0,153.65253047476097
32782,-66.0,20.5,150.61769693829908
32783,-66.0,21.0,152.40755730673152
32784,-66.0,21.5,153.0833974093052
32785,-66.0,22.0,153.09990499705012
32786,-66.0,22.5,150.29533303607445
32787,-66.0,23.0,149.79103761336293
32788,-66.0,23.5,151.54036228783545
32789,-66.0,24.0,150.80213112460487
32790,-66.0,24.5,153.03770612547268
32791,-66.0,25.0,152.2018438475441
32792,-66.0,25.5,149.89430874450682
32793,-66.0,26.0,150.61630258355405
32794,-66.0,26.5,150.26620871605948
32795,-66.0,27.0,151.25047238379628
32796,-66.0,27.5,151.747179754015
32797,-66.0,28.0,151.71449264734827
32798,-66.0,28.5,151.80781671533362
32799,-66.0,29.0,152.70930205139607
32800,-66.0,29.5,150.68404538095064
32801,-66.0,30.0,149.43059066696506
32802,-66.0,30.5,149.57752955566397
32803,-66.0,31.0,149.92243268704308
32804,-66.0,31.5,150.74826318273495
32805,-66.0,32.0,149.85776585877923
32806,-66.0,32.5,150.2020354235468
32807,-66.0,33.0,150.20424956900246
32808,-66.0,33.5,149.075888265027
32809,-66.0,34.0,148.35850935335333
32810,-66.0,34.5,148.61943744958515
32811,-66.0,35.0,149.4419178006193
32812,-66.0,36.0,149.71729545106203
32813,-66.0,36.5,150.50062201839563
32814,-66.0,37.0,150.88178414939085
32815,-66.0,37.5,161.54902442869246
32816,-65.5,-37.0,153.54873985109268
32817,-65.5,-36.5,146.66937013604243
32818,-65.5,-36.0,152.36074403151912
32819,-65.5,-35.5,147.33971760734718
32820,-65.5,-35.0,150.56434047319595
32821,-65.5,-34.5,157.79298028660995
32822,-65.5,-34.0,156.6478700033049
32823,-65.5,-33.5,153.86150585513002
32824,-65.5,-33.0,155.30482015232332
32825,-65.5,-32.5,152.75370041858142
32826,-65.5,-32.0,155.54357506811942
32827,-65.5,-31.5,156.21534006473078
32828,-65.5,-31.0,149.17022782252127
32829,-65.5,-30.5,152.2124280509804
32830,-65.5,-30.0,163.92651261113437
32831,-65.5,-29.5,151.93802815225266
32832,-65.5,-29.0,152.15766908129854
32833,-65.5,-28.5,147.5342315646195
32834,-65.5,-28.0,154.89466387554668
32835,-65.5,-27.5,154.63793576969158
32836,-65.5,-27.0,148.29610259148018
32837,-65.5,-26.5,146.92993883577395
32838,-65.5,-26.0,149.95820707920734
32839,-65.5,-25.5,150.74126179833263
32840,-65.5,-25.0,145.709131056642
32841,-65.5,-24.5,145.11878228029576
32842,-65.5,-24.0,150.0231491810927
32843,-65.5,-23.5,147.35056607454212
32844,-65.5,-23.0,147.78448013962506
32845,-65.5,-22.5,151.17305845644316
32846,-65.5,-22.0,146.8053778062697
32847,-65.5,-21.5,145.3961042366267
32848,-65.5,-21.0,148.14067812006545
32849,-65.5,-20.5,146.99166921874115
32850,-65.5,-20.0,149.7285811352668
32851,-65.5,-19.5,143.96913885161322
32852,-65.5,-18.5,150.7609429495884
32853,-65.5,-18.0,148.40570768270018
32854,-65.5,-17.5,152.12916045816706
32855,-65.5,-17.0,147.21716688519942
32856,-65.5,-16.5,151.49065571640853
32857,-65.5,-16.0,154.83147918627006
32858,-65.5,-15.5,152.90206041240532
32859,-65.5,-15.0,153.5282989419922
32860,-65.5,-14.5,154.39805208891298
32861,-65.5,-14.0,154.3986656972786
32862,-65.5,-13.5,155.19465548954028
32863,-65.5,-13.0,154.43251574828312
32864,-65.5,-12.5,155.9008954672241
32865,-65.5,-12.0,153.45287770545667
32866,-65.5,-11.5,152.82410018453925
32867,-65.5,-11.0,149.54056660583277
32868,-65.5,-10.5,154.9187961250304
32869,-65.5,-10.0,154.48746747234551
32870,-65.5,-9.5,149.5093304753434
32871,-65.5,-9.0,155.55215244558573
32872,-65.5,-8.0,151.18744719981055
32873,-65.5,-7.5,153.64944322272828
32874,-65.5,-7.0,152.23345447152408
32875,-65.5,-6.5,153.1532818940967
32876,-65.5,-6.0,150.57824913310256
32877,-65.5,-5.5,149.4551932846451
32878,-65.5,-5.0,146.30736456298237
32879,-65.5,-4.5,148.56600914229304
32880,-65.5,-4.0,153.23047935844198
32881,-65.5,-3.5,148.10562920190887
32882,-65.5,-3.0,151.18059050587527
32883,-65.5,-2.5,159.92101139378804
32884,-65.5,-2.0,153.7798031636564
32885,-65.5,-1.5,145.57932375682526
32886,-65.5,-1.0,147.3969711305317
32887,-65.5,-0.5,148.95180294579671
32888,-65.5,0.0,145.17900648775583
32889,-65.5,0.5,147.21066529780904
32890,-65.5,1.0,146.42737047475845
32891,-65.5,1.5,148.8003841841793
32892,-65.5,2.0,150.38457203246293
32893,-65.5,2.5,145.06271394781558
32894,-65.5,4.0,164.73718162806742
32895,-65.5,4.5,155.48177528386316
32896,-65.5,5.0,147.0103685963631
32897,-65.5,5.5,147.22438362400922
32898,-65.5,6.0,151.0343456496848
32899,-65.5,6.5,144.37183731091977
32900,-65.5,7.0,152.1699612098498
32901,-65.5,7.5,156.16260966263468
32902,-65.5,8.0,160.1536141322959
32903,-65.5,8.5,153.2405671971883
32904,-65.5,9.0,154.2540873879847
32905,-65.5,9.5,153.01775106368066
32906,-65.5,10.0,150.2658478317278
32907,-65.5,10.5,153.53541436469587
32908,-65.5,11.0,158.59444106850628
32909,-65.5,11.5,151.83904764842598
32910,-65.5,12.0,149.3335276765612
32911,-65.5,12.5,152.05729495626738
32912,-65.5,13.0,152.14516032525933
32913,-65.5,13.5,152.8715530659229
32914,-65.5,14.5,151.360145941372
32915,-65.5,15.0,157.75283961671693
32916,-65.5,16.0,152.66780816464967
32917,-65.5,16.5,151.7402689958263
32918,-65.5,17.0,151.1154527834156
32919,-65.5,17.5,159.92313737490235
32920,-65.5,18.0,155.72942659615205
32921,-65.5,18.5,153.31236912317098
32922,-65.5,19.0,154.74350590890552
32923,-65.5,19.5,153.77187272041883
32924,-65.5,20.0,153.75518711889762
32925,-65.5,20.5,148.6229436961194
32926,-65.5,21.0,150.99323427275036
32927,-65.5,21.5,153.9390857502742
32928,-65.5,22.0,151.7465190193532
32929,-65.5,22.5,149.47168636627615
32930,-65.5,23.0,150.70912247392005
32931,-65.5,23.5,149.8969628372027
32932,-65.5,24.0,150.61034023508125
32933,-65.5,24.5,153.058527737769
32934,-65.5,25.0,152.62832604385662
32935,-65.5,25.5,149.88872553288857
32936,-65.5,26.0,150.7499920062854
32937,-65.5,26.5,150.3011391396495
32938,-65.5,27.0,151.03729716973652
32939,-65.5,27.5,152.58316715705234
32940,-65.5,28.0,152.27867736158646
32941,-65.5,28.5,151.30408196881476
32942,-65.5,29.0,153.47892516148497
32943,-65.5,29.5,151.20818486712955
32944,-65.5,30.0,149.0975373511236
32945,-65.5,30.5,150.09433146618017
32946,-65.5,31.0,152.19232763744134
32947,-65.5,31.5,150.0617845927782
32948,-65.5,32.0,151.11444447455798
32949,-65.5,32.5,149.8921878133097
32950,-65.5,33.0,149.9317813571391
32951,-65.5,33.5,149.7989466521383
32952,-65.5,34.0,147.58889668704515
32953,-65.5,34.5,148.81849352577362
32954,-65.5,35.0,149.3868122784304
32955,-65.5,35.5,154.74907693707195
32956,-65.5,36.0,149.53474410606424
32957,-65.5,36.5,150.20088124930925
32958,-65.5,37.0,150.57240683733016
32959,-65.5,37.5,159.15797911473962
32960,-65.0,-37.5,160.36391105073955
32961,-65.0,-37.0,153.90289898540343
32962,-65.0,-36.5,147.87633989952985
32963,-65.0,-36.0,148.24126024651198
32964,-65.0,-35.5,151.51376940224102
32965,-65.0,-35.0,150.5621119709563
32966,-65.0,-34.5,158.09801016247158
32967,-65.0,-34.0,157.99306657897918
32968,-65.0,-33.5,155.04213608189664
32969,-65.0,-33.0,152.8487440684819
32970,-65.0,-32.5,152.0638706544754
32971,-65.0,-32.0,151.89875597263426
32972,-65.0,-31.5,156.31317995295913
32973,-65.0,-31.0,148.87984527228417
32974,-65.0,-30.5,149.25470685268135
32975,-65.0,-30.0,165.9515155161626
32976,-65.0,-29.5,158.07047821094446
32977,-65.0,-29.0,153.77132429397807
32978,-65.0,-28.5,151.73962369614614
32979,-65.0,-28.0,158.2238687397183
32980,-65.0,-27.5,155.43889352216488
32981,-65.0,-27.0,150.5110882330482
32982,-65.0,-26.5,147.74510461207117
32983,-65.0,-26.0,157.26728072665108
32984,-65.0,-25.5,146.94064121903443
32985,-65.0,-25.0,145.74460956346374
32986,-65.0,-24.5,151.22225803337932
32987,-65.0,-24.0,151.24064530682065
32988,-65.0,-23.5,149.0017312277591
32989,-65.0,-23.0,151.46966469814603
32990,-65.0,-22.5,142.39889421944488
32991,-65.0,-21.5,145.25065768988588
32992,-65.0,-21.0,147.45418886538465
32993,-65.0,-20.5,150.12504101831027
32994,-65.0,-20.0,145.6544937434851
32995,-65.0,-19.5,146.72068161948383
32996,-65.0,-19.0,150.6816841965905
32997,-65.0,-18.5,152.355210693131
32998,-65.0,-18.0,149.0095530933271
32999,-65.0,-17.5,148.97548724192498
33000,-65.0,-17.0,152.2885069199612
33001,-65.0,-16.5,149.62885663662607
33002,-65.0,-16.0,154.20987700552666
33003,-65.0,-15.5,156.83963563014942
33004,-65.0,-15.0,157.39793851180855
33005,-65.0,-14.5,156.83727761161768
33006,-65.0,-14.0,156.29555892166064
33007,-65.0,-13.0,156.1078056552339
33008,-65.0,-12.5,157.59403456932463
33009,-65.0,-12.0,152.33556485723275
33010,-65.0,-11.5,150.23431471543827
33011,-65.0,-11.0,151.2846155661862
33012,-65.0,-10.5,153.00933910283985
33013,-65.0,-10.0,151.08397057215365
33014,-65.0,-9.5,157.06989427019576
33015,-65.0,-9.0,153.41874729034626
33016,-65.0,-8.5,152.9673449461002
33017,-65.0,-8.0,148.14413149334175
33018,-65.0,-7.5,155.62148204454672
33019,-65.0,-7.0,152.64832678775946
33020,-65.0,-6.5,154.21324518328726
33021,-65.0,-6.0,155.18812554150676
33022,-65.0,-5.5,145.64630043375175
33023,-65.0,-5.0,146.9340957994995
33024,-65.0,-4.5,147.44278174762024
33025,-65.0,-3.5,152.9015635258649
33026,-65.0,-3.0,157.63706686548483
33027,-65.0,-2.5,155.73207582239985
33028,-65.0,-2.0,147.54059329754296
33029,-65.0,-1.5,146.88260880209143
33030,-65.0,-1.0,145.89845150021145
33031,-65.0,-0.5,149.4513401959033
33032,-65.0,0.0,145.00781053914642
33033,-65.0,0.5,146.02898274227266
33034,-65.0,1.5,150.5546016363708
33035,-65.0,2.0,145.96906398999832
33036,-65.0,2.5,146.88399173543905
33037,-65.0,3.0,149.6210128348613
33038,-65.0,4.5,156.92133939805336
33039,-65.0,5.0,153.80068567597564
33040,-65.0,5.5,144.72257578486196
33041,-65.0,6.0,145.64315928245185
33042,-65.0,6.5,147.7245790305269
33043,-65.0,7.0,148.75683852367075
33044,-65.0,7.5,156.693861539782
33045,-65.0,8.0,154.3617320212758
33046,-65.0,9.0,151.87036693956298
33047,-65.0,9.5,150.4498943363357
33048,-65.0,10.0,149.7043351808711
33049,-65.0,10.5,155.0210597244317
33050,-65.0,11.0,152.87870766419533
33051,-65.0,11.5,151.8169459750256
33052,-65.0,12.0,150.30981178326357
33053,-65.0,12.5,149.2675269190615
33054,-65.0,13.0,153.14261406421582
33055,-65.0,13.5,154.11754812668502
33056,-65.0,14.0,152.1363566035319
33057,-65.0,14.5,151.29090735402522
33058,-65.0,15.0,153.796216140084
33059,-65.0,16.0,152.2145435317252
33060,-65.0,16.5,152.01026505616787
33061,-65.0,17.0,148.24874426224002
33062,-65.0,17.5,152.36868052098137
33063,-65.0,18.0,158.2259368049819
33064,-65.0,18.5,153.14418516161055
33065,-65.0,19.0,153.80260640443828
33066,-65.0,19.5,154.1952694804652
33067,-65.0,20.0,152.6338615859056
33068,-65.0,20.5,151.20757846606708
33069,-65.0,21.0,149.60056407494136
33070,-65.0,21.5,151.57738806603632
33071,-65.0,22.0,151.32014358228375
33072,-65.0,22.5,150.97751794852317
33073,-65.0,23.0,150.30103629553633
33074,-65.0,23.5,147.72735185481446
33075,-65.0,24.0,151.45273749937968
33076,-65.0,24.5,151.98911355628715
33077,-65.0,25.0,153.00266854820458
33078,-65.0,25.5,152.66219245717102
33079,-65.0,26.0,150.7328992538512
33080,-65.0,26.5,150.07452881246547
33081,-65.0,27.0,150.88786036287541
33082,-65.0,27.5,152.74321548787344
33083,-65.0,28.0,152.56520567508812
33084,-65.0,28.5,151.1613713161097
33085,-65.0,29.0,152.30254372710175
33086,-65.0,29.5,151.58628155073228
33087,-65.0,30.0,149.57083572846298
33088,-65.0,30.5,150.4614356647743
33089,-65.0,31.0,152.00598609915528
33090,-65.0,31.5,150.973859065481
33091,-65.0,32.0,151.77162531631143
33092,-65.0,32.5,151.87576552416837
33093,-65.0,33.0,149.54926561539716
33094,-65.0,33.5,149.72225495892138
33095,-65.0,34.0,147.78201166438595
33096,-65.0,34.5,148.84328210950605
33097,-65.0,35.0,149.1437766667545
33098,-65.0,35.5,155.1360227665735
33099,-65.0,36.0,149.4502200897749
33100,-65.0,36.5,150.4792591621529
33101,-65.0,37.0,150.2831803859278
33102,-65.0,37.5,161.75184113351406
33103,-64.5,-37.5,160.58713745411632
33104,-64.5,-37.0,149.2717770472528
33105,-64.5,-36.5,149.69815594863587
33106,-64.5,-36.0,150.63039364238884
33107,-64.5,-35.5,153.2159686682668
33108,-64.5,-35.0,155.17926564989972
33109,-64.5,-34.0,158.2662258888472
33110,-64.5,-33.5,155.95942126245671
33111,-64.5,-33.0,156.08670238720882
33112,-64.5,-32.5,152.04816609844113
33113,-64.5,-32.0,154.9275234783009
33114,-64.5,-31.5,155.87591729658914
33115,-64.5,-31.0,147.65346859348543
33116,-64.5,-30.5,148.43402268901738
33117,-64.5,-30.0,152.894879741037
33118,-64.5,-29.5,158.38102252131313
33119,-64.5,-29.0,162.0698718836465
33120,-64.5,-28.5,150.81298769973853
33121,-64.5,-28.0,154.53597928150887
33122,-64.5,-27.5,152.1494002089793
33123,-64.5,-27.0,148.84428713118038
33124,-64.5,-26.5,152.4474516139615
33125,-64.5,-26.0,148.73092724278004
33126,-64.5,-25.5,149.02633223670696
33127,-64.5,-25.0,146.8356254006514
33128,-64.5,-24.5,150.41815265679503
33129,-64.5,-24.0,149.06610416806774
33130,-64.5,-23.5,151.17859566758145
33131,-64.5,-23.0,151.54183752521988
33132,-64.5,-22.5,143.79876784303698
33133,-64.5,-22.0,142.96213552008788
33134,-64.5,-21.5,145.25613246509886
33135,-64.5,-21.0,147.7036736917404
33136,-64.5,-20.5,150.58684259804218
33137,-64.5,-19.5,149.84254892045462
33138,-64.5,-19.0,147.1895956981291
33139,-64.5,-18.5,150.12521170424958
33140,-64.5,-18.0,150.02430702442285
33141,-64.5,-17.5,148.01549694720435
33142,-64.5,-17.0,153.67693708916528
33143,-64.5,-16.5,147.76221623604275
33144,-64.5,-16.0,152.66856030461918
33145,-64.5,-15.5,155.25055611025843
33146,-64.5,-15.0,152.55912387698461
33147,-64.5,-14.5,152.43781485657533
33148,-64.5,-14.0,155.4973534516501
33149,-64.5,-13.5,155.48186392620758
33150,-64.5,-13.0,154.2063053841609
33151,-64.5,-12.5,152.3916108402338
33152,-64.5,-12.0,149.49878045039287
33153,-64.5,-11.5,147.27523287988532
33154,-64.5,-11.0,154.37167086261806
33155,-64.5,-10.5,148.4917843097167
33156,-64.5,-10.0,156.47957792483155
33157,-64.5,-9.5,155.43320510646598
33158,-64.5,-9.0,155.9805519333006
33159,-64.5,-8.5,150.4410496526242
33160,-64.5,-8.0,147.9659595141216
33161,-64.5,-7.5,155.6082233473051
33162,-64.5,-7.0,154.48233098264936
33163,-64.5,-6.5,151.78239236921166
33164,-64.5,-6.0,153.81242209991208
33165,-64.5,-5.5,151.36192064513287
33166,-64.5,-5.0,147.7415130494084
33167,-64.5,-3.0,155.11145170982635
33168,-64.5,-2.5,150.18619385627508
33169,-64.5,-2.0,147.84826150121253
33170,-64.5,-1.5,148.59968017619025
33171,-64.5,-1.0,144.91484768899295
33172,-64.5,-0.5,143.97027162483377
33173,-64.5,0.0,145.96210227836062
33174,-64.5,0.5,145.84056780802666
33175,-64.5,1.0,149.77696658373472
33176,-64.5,1.5,157.47692979680465
33177,-64.5,2.0,145.81318362437588
33178,-64.5,2.5,149.7098101575313
33179,-64.5,3.0,145.84834105553526
33180,-64.5,3.5,145.5257007734072
33181,-64.5,4.5,149.45806783037082
33182,-64.5,5.0,155.12706180555486
33183,-64.5,5.5,156.04111515737748
33184,-64.5,6.0,146.5106719044551
33185,-64.5,6.5,148.8935197294258
33186,-64.5,7.0,149.25336718081638
33187,-64.5,7.5,152.47320509043897
33188,-64.5,8.0,154.36225108781431
33189,-64.5,8.5,150.9765654937064
33190,-64.5,9.0,148.781406655804
33191,-64.5,9.5,149.86853972149157
33192,-64.5,10.0,154.1000206365783
33193,-64.5,10.5,157.70044927520098
33194,-64.5,11.0,154.1742783135224
33195,-64.5,11.5,149.61079780443927
33196,-64.5,12.0,151.4427646133764
33197,-64.5,12.5,151.06683703381583
33198,-64.5,13.0,153.32525232373192
33199,-64.5,13.5,153.06129731841983
33200,-64.5,14.0,152.37943554790382
33201,-64.5,14.5,152.58203746372848
33202,-64.5,15.0,154.59552418833792
33203,-64.5,16.5,152.14486799227546
33204,-64.5,17.0,154.3779895623422
33205,-64.5,17.5,150.78382094233442
33206,-64.5,18.0,158.2829419974739
33207,-64.5,18.5,155.50631600147528
33208,-64.5,19.0,153.32125268934732
33209,-64.5,19.5,153.51073485193422
33210,-64.5,20.0,153.06429662044513
33211,-64.5,20.5,153.03334647194202
33212,-64.5,21.0,149.26701201358654
33213,-64.5,21.5,149.8188785584293
33214,-64.5,22.0,152.59278610466998
33215,-64.5,22.5,151.0986750321437
33216,-64.5,23.0,149.64392163641918
33217,-64.5,23.5,149.09943900397332
33218,-64.5,24.0,151.54850744079405
33219,-64.5,24.5,151.52067750956581
33220,-64.5,25.0,151.09939834175825
33221,-64.5,25.5,152.6859884527624
33222,-64.5,26.0,150.54842935261794
33223,-64.5,26.5,150.2626078138054
33224,-64.5,27.0,151.61228367408322
33225,-64.5,27.5,151.6361236533184
33226,-64.5,28.0,151.9885215372238
33227,-64.5,28.5,151.45975307713863
33228,-64.5,29.0,151.09690318225367
33229,-64.5,29.5,150.90824597576773
33230,-64.5,30.0,150.30174717712356
33231,-64.5,30.5,150.4361877736556
33232,-64.5,31.0,151.09166576893264
33233,-64.5,31.5,151.5582398285309
33234,-64.5,32.0,149.8514800428197
33235,-64.5,32.5,150.9449992288664
33236,-64.5,33.0,149.95290426811204
33237,-64.5,33.5,149.55317378419468
33238,-64.5,34.0,148.07190993280412
33239,-64.5,34.5,149.27151173775263
33240,-64.5,35.0,149.20948633453847
33241,-64.5,35.5,155.5995388520022
33242,-64.5,36.0,149.4157677959597
33243,-64.5,36.5,149.76297085939902
33244,-64.5,37.0,149.9931271626083
33245,-64.5,37.5,161.01330209220419
33246,-64.0,-37.5,161.52649962319438
33247,-64.0,-37.0,150.65859187612057
33248,-64.0,-36.5,153.421346453713
33249,-64.0,-36.0,155.98654094257003
33250,-64.0,-35.0,157.17909966837973
33251,-64.0,-34.5,159.07234859168602
33252,-64.0,-33.5,157.1148446969887
33253,-64.0,-33.0,156.94331161382894
33254,-64.0,-32.5,155.67118833519706
33255,-64.0,-32.0,156.4005515081457
33256,-64.0,-31.5,161.38241161876817
33257,-64.0,-31.0,152.34537872465614
33258,-64.0,-30.5,152.87292570076102
33259,-64.0,-30.0,147.08086943573892
33260,-64.0,-29.5,152.8802008663802
33261,-64.0,-29.0,156.5523046081416
33262,-64.0,-28.5,151.96123030921567
33263,-64.0,-28.0,153.74187856095415
33264,-64.0,-27.5,155.46936442029602
33265,-64.0,-27.0,155.6389709118123
33266,-64.0,-26.5,158.13727221972394
33267,-64.0,-26.0,149.33094441440005
33268,-64.0,-25.5,152.93913727230307
33269,-64.0,-25.0,154.14966451691942
33270,-64.0,-24.5,153.57940463024815
33271,-64.0,-24.0,151.89822766720675
33272,-64.0,-23.5,151.78581546282638
33273,-64.0,-23.0,154.79531747132748
33274,-64.0,-22.0,145.27717542663336
33275,-64.0,-21.5,147.63309908348793
33276,-64.0,-21.0,149.32114167344778
33277,-64.0,-20.5,151.21586695703888
33278,-64.0,-19.5,148.0232411270026
33279,-64.0,-19.0,147.93625876300763
33280,-64.0,-18.5,149.72726077371632
33281,-64.0,-18.0,146.45850125728796
33282,-64.0,-17.5,150.87756638377095
33283,-64.0,-17.0,154.28059783448472
33284,-64.0,-16.5,152.90496384028623
33285,-64.0,-16.0,150.51664811857648
33286,-64.0,-15.5,150.90713754148507
33287,-64.0,-15.0,149.63929268231607
33288,-64.0,-14.5,149.93723153386807
33289,-64.0,-14.0,152.52778337297556
33290,-64.0,-13.5,153.7510732787004
33291,-64.0,-13.0,154.84352300408838
33292,-64.0,-12.5,149.0190157891211
33293,-64.0,-12.0,149.04781761779645
33294,-64.0,-11.5,150.47343913878558
33295,-64.0,-11.0,146.27249942106943
33296,-64.0,-10.5,153.18411829767038
33297,-64.0,-10.0,155.8458698021971
33298,-64.0,-9.5,153.4344368259883
33299,-64.0,-9.0,154.2056265072483
33300,-64.0,-8.5,150.71328218042902
33301,-64.0,-8.0,156.70592910238804
33302,-64.0,-7.5,149.58521925187577
33303,-64.0,-7.0,154.0959079850074
33304,-64.0,-6.5,150.05577358531912
33305,-64.0,-6.0,148.51427810202557
33306,-64.0,-5.5,152.65254125352783
33307,-64.0,-5.0,157.40744901636612
33308,-64.0,-3.0,146.2475654331811
33309,-64.0,-2.5,147.39416390227692
33310,-64.0,-2.0,148.6277287715227
33311,-64.0,-1.5,151.42699066985932
33312,-64.0,-0.5,156.42527308216506
33313,-64.0,0.0,152.87439420680218
33314,-64.0,0.5,147.97819845355792
33315,-64.0,1.0,150.75108799735287
33316,-64.0,1.5,143.24736157534434
33317,-64.0,2.5,145.19146093468024
33318,-64.0,3.0,144.4302791648869
33319,-64.0,3.5,146.45881313725477
33320,-64.0,4.0,152.86130814273827
33321,-64.0,4.5,149.1052732816589
33322,-64.0,5.0,149.9047520029112
33323,-64.0,5.5,154.2578480472544
33324,-64.0,6.0,147.1475103123977
33325,-64.0,6.5,148.95739102330063
33326,-64.0,7.0,149.99118757261087
33327,-64.0,7.5,150.51883209939498
33328,-64.0,8.0,158.4283749105172
33329,-64.0,8.5,152.247015671613
33330,-64.0,9.0,152.1856414615613
33331,-64.0,9.5,151.7368075803412
33332,-64.0,10.0,152.35500113575978
33333,-64.0,10.5,155.03713501762383
33334,-64.0,11.0,155.5203437528896
33335,-64.0,11.5,152.03398340402313
33336,-64.0,12.0,150.38273207245336
33337,-64.0,12.5,152.93204740513326
33338,-64.0,13.0,148.60412659687967
33339,-64.0,13.5,152.87921014600948
33340,-64.0,14.0,153.29559773658966
33341,-64.0,14.5,153.13838472410788
33342,-64.0,16.5,152.06540537546067
33343,-64.0,17.0,150.80955766548
33344,-64.0,17.5,152.12279095694896
33345,-64.0,18.0,154.0670345335072
33346,-64.0,18.5,156.72014390251562
33347,-64.0,19.0,153.0363611375768
33348,-64.0,19.5,152.19683457299234
33349,-64.0,20.0,153.0804814402025
33350,-64.0,20.5,151.42154032836953
33351,-64.0,21.0,150.8194269179585
33352,-64.0,21.5,149.03620422738163
33353,-64.0,22.0,150.7563123760628
33354,-64.0,22.5,151.56201503870392
33355,-64.0,23.0,150.7772297006252
33356,-64.0,23.5,150.00528036985634
33357,-64.0,24.0,147.49214105814062
33358,-64.0,24.5,150.8978562260143
33359,-64.0,25.0,151.95105824516966
33360,-64.0,25.5,150.90872217043238
33361,-64.0,26.0,152.86575915765394
33362,-64.0,26.5,150.54450014608514
33363,-64.0,27.0,151.36599722876005
33364,-64.0,27.5,151.11086478734404
33365,-64.0,28.0,151.15484574929567
33366,-64.0,28.5,152.26057684680822
33367,-64.0,29.0,150.47111268043952
33368,-64.0,29.5,150.46344192550035
33369,-64.0,30.0,150.52517729263704
33370,-64.0,30.5,151.24374123054278
33371,-64.0,31.0,150.9760467909047
33372,-64.0,31.5,152.21043791363286
33373,-64.0,32.0,148.83244883330488
33374,-64.0,32.5,149.97747216949142
33375,-64.0,33.0,149.50286147085245
33376,-64.0,33.5,148.77912152089712
33377,-64.0,34.0,148.1391972986414
33378,-64.0,34.5,149.63487624904326
33379,-64.0,35.0,149.12202805580634
33380,-64.0,35.5,156.0545539673622
33381,-64.0,36.0,151.44784921268325
33382,-64.0,36.5,149.60048859328907
33383,-64.0,37.0,150.08778775619982
33384,-64.0,37.5,162.52001176714984
33385,-63.5,-37.5,162.7573202413946
33386,-63.5,-37.0,152.27515085790137
33387,-63.5,-36.5,153.73488637288148
33388,-63.5,-36.0,154.89653701769663
33389,-63.5,-35.0,159.41949857705828
33390,-63.5,-34.5,157.6579250712137
33391,-63.5,-34.0,164.01788453933523
33392,-63.5,-33.5,157.67109876627518
33393,-63.5,-33.0,159.23368176534618
33394,-63.5,-32.5,159.3614243766034
33395,-63.5,-32.0,157.5352624971874
33396,-63.5,-31.5,161.3551278377985
33397,-63.5,-31.0,155.28056837691508
33398,-63.5,-30.5,156.1596897250767
33399,-63.5,-30.0,151.42834011274041
33400,-63.5,-29.5,152.8616010617629
33401,-63.5,-29.0,149.93318207975406
33402,-63.5,-28.5,155.26148629965718
33403,-63.5,-28.0,150.93284618459919
33404,-63.5,-27.5,151.04808912238948
33405,-63.5,-27.0,149.97995769227984
33406,-63.5,-26.5,151.8570642976649
33407,-63.5,-26.0,147.4393333416595
33408,-63.5,-25.5,149.24744426735745
33409,-63.5,-25.0,152.4855124613193
33410,-63.5,-24.5,151.92078071102466
33411,-63.5,-24.0,152.44947972041226
33412,-63.5,-23.5,150.75394928228172
33413,-63.5,-23.0,154.21094475479646
33414,-63.5,-22.0,145.27067909342702
33415,-63.5,-21.5,148.74006685573008
33416,-63.5,-21.0,149.6591725745763
33417,-63.5,-20.5,143.96260245777486
33418,-63.5,-19.5,149.78485106733163
33419,-63.5,-19.0,150.33634239832233
33420,-63.5,-18.5,145.9529685139747
33421,-63.5,-18.0,146.69521875177685
33422,-63.5,-17.5,153.66320724357072
33423,-63.5,-17.0,152.98801028381698
33424,-63.5,-16.5,153.50627379400868
33425,-63.5,-16.0,154.5699781945547
33426,-63.5,-15.5,147.2604124846506
33427,-63.5,-15.0,149.22773785089032
33428,-63.5,-14.5,153.1681501997806
33429,-63.5,-14.0,148.4878627926786
33430,-63.5,-13.5,154.70858539771575
33431,-63.5,-13.0,153.71415105565072
33432,-63.5,-12.5,151.51705308892755
33433,-63.5,-12.0,149.04250600635524
33434,-63.5,-11.5,148.29455354071553
33435,-63.5,-11.0,148.12473947211384
33436,-63.5,-10.5,155.16144818091382
33437,-63.5,-10.0,154.85508324533345
33438,-63.5,-9.5,154.31959631087483
33439,-63.5,-9.0,155.75936032545798
33440,-63.5,-8.5,155.00977425867734
33441,-63.5,-8.0,152.07708961229417
33442,-63.5,-7.5,151.24774205360285
33443,-63.5,-7.0,149.0212841027441
33444,-63.5,-6.5,149.76314787384172
33445,-63.5,-6.0,149.36312386202252
33446,-63.5,-5.5,153.2725711645332
33447,-63.5,-5.0,157.7498469373168
33448,-63.5,-3.0,146.8367555460403
33449,-63.5,-2.5,147.707867990397
33450,-63.5,-2.0,148.17225367314325
33451,-63.5,-1.5,149.04142177063136
33452,-63.5,-1.0,151.0587541289489
33453,-63.5,-0.5,152.80263445566948
33454,-63.5,0.0,154.3515853486151
33455,-63.5,0.5,157.8086930684217
33456,-63.5,1.0,147.48875226371524
33457,-63.5,1.5,146.27437777078248
33458,-63.5,2.5,144.83281251738055
33459,-63.5,3.0,145.6723021678548
33460,-63.5,3.5,147.60558427556947
33461,-63.5,4.0,147.27775968267835
33462,-63.5,5.0,146.88945326726946
33463,-63.5,5.5,148.1017363266653
33464,-63.5,6.0,156.7622228075564
33465,-63.5,6.5,153.99076898137136
33466,-63.5,7.0,153.1112687469106
33467,-63.5,7.5,151.40357239338942
33468,-63.5,8.0,153.52084230380078
33469,-63.5,8.5,151.52429594577876
33470,-63.5,9.0,153.2814471610622
33471,-63.5,9.5,156.5742004591809
33472,-63.5,10.0,148.77450859808235
33473,-63.5,10.5,151.70303410041748
33474,-63.5,11.0,155.19335587244046
33475,-63.5,11.5,151.93410682796775
33476,-63.5,12.0,153.5956771772168
33477,-63.5,12.5,152.2057125711605
33478,-63.5,13.0,152.45427663860795
33479,-63.5,13.5,149.0883450397563
33480,-63.5,14.0,154.29730131748886
33481,-63.5,14.5,152.66466004792898
33482,-63.5,15.0,152.7352797858486
33483,-63.5,16.5,149.87904249357487
33484,-63.5,17.0,150.63633605515565
33485,-63.5,17.5,154.0339817893247
33486,-63.5,18.0,149.64769577036154
33487,-63.5,18.5,155.70940684198172
33488,-63.5,19.0,153.42967600883838
33489,-63.5,19.5,150.55673423013832
33490,-63.5,20.0,153.12481352976368
33491,-63.5,20.5,152.18950068597883
33492,-63.5,21.0,150.17390980467985
33493,-63.5,21.5,149.09964404407216
33494,-63.5,22.0,150.05867735008675
33495,-63.5,22.5,152.21777081826065
33496,-63.5,23.0,150.4692115449794
33497,-63.5,23.5,150.27143195297333
33498,-63.5,24.0,149.32257815389562
33499,-63.5,24.5,150.589277622438
33500,-63.5,25.0,151.06667609419026
33501,-63.5,25.5,150.32598898992592
33502,-63.5,26.0,151.31847579776584
33503,-63.5,26.5,150.6156344245653
33504,-63.5,27.0,151.48474460251128
33505,-63.5,27.5,150.87154298782104
33506,-63.5,28.0,150.3753770461399
33507,-63.5,28.5,152.16976910605345
33508,-63.5,29.0,150.23811234249476
33509,-63.5,29.5,150.4307717863619
33510,-63.5,30.0,151.7660458913367
33511,-63.5,30.5,152.13222487925586
33512,-63.5,31.0,149.25104634068052
33513,-63.5,31.5,152.55636287137722
33514,-63.5,32.0,148.71142438175804
33515,-63.5,32.5,150.4115146746528
33516,-63.5,33.0,148.4677116727261
33517,-63.5,33.5,149.15038209913573
33518,-63.5,34.0,148.11478447860145
33519,-63.5,34.5,149.61124798126434
33520,-63.5,35.0,149.02200234558057
33521,-63.5,35.5,154.99723136728045
33522,-63.5,36.0,150.63671157054947
33523,-63.5,36.5,149.6136734202181
33524,-63.5,37.0,150.1759480586652
33525,-63.5,37.5,160.47532323194739
33526,-63.0,-38.0,160.7471494979027
33527,-63.0,-37.5,167.11604758867406
33528,-63.0,-37.0,154.46754505636218
33529,-63.0,-36.5,155.96882687313916
33530,-63.0,-36.0,154.93703826530137
33531,-63.0,-35.5,159.04720078988282
33532,-63.0,-35.0,159.5732575290718
33533,-63.0,-34.5,157.47543716439486
33534,-63.0,-34.0,163.55695073672925
33535,-63.0,-33.5,160.63130178673518
33536,-63.0,-33.0,160.05935033760116
33537,-63.0,-32.5,159.50137199158212
33538,-63.0,-32.0,157.0416357749431
33539,-63.0,-31.5,159.72093567226418
33540,-63.0,-31.0,156.1532590806075
33541,-63.0,-30.5,164.19050478424538
33542,-63.0,-30.0,157.41142136548063
33543,-63.0,-29.5,157.96370494671245
33544,-63.0,-29.0,160.32976553702457
33545,-63.0,-28.5,152.07387522265896
33546,-63.0,-28.0,151.34321844953664
33547,-63.0,-27.5,152.23773357089163
33548,-63.0,-27.0,150.6774732366311
33549,-63.0,-26.5,150.76103256087498
33550,-63.0,-26.0,149.48431388925925
33551,-63.0,-25.5,148.96609172958185
33552,-63.0,-25.0,152.27844776563416
33553,-63.0,-24.5,150.46996048851042
33554,-63.0,-24.0,154.06872174682752
33555,-63.0,-22.0,152.45480191544655
33556,-63.0,-21.5,149.81858669334383
33557,-63.0,-20.5,144.86970055552987
33558,-63.0,-20.0,150.1843427850524
33559,-63.0,-19.5,150.8839072124185
33560,-63.0,-19.0,149.55379080673654
33561,-63.0,-18.5,147.34742000127574
33562,-63.0,-18.0,148.96316460209502
33563,-63.0,-17.5,155.05241135209272
33564,-63.0,-17.0,154.4508291343229
33565,-63.0,-16.5,149.8842623797339
33566,-63.0,-16.0,148.2902072703583
33567,-63.0,-15.5,147.127078038101
33568,-63.0,-15.0,145.7307649636695
33569,-63.0,-14.5,145.47179472233495
33570,-63.0,-14.0,150.5198439496976
33571,-63.0,-13.5,151.72430658554063
33572,-63.0,-13.0,153.15926895009278
33573,-63.0,-12.5,151.86344170030225
33574,-63.0,-12.0,150.20268487983344
33575,-63.0,-11.5,147.3847178883425
33576,-63.0,-11.0,150.46737808061292
33577,-63.0,-10.5,151.77446542427074
33578,-63.0,-10.0,155.11706844785664
33579,-63.0,-9.5,152.77139246025715
33580,-63.0,-9.0,153.1595761166381
33581,-63.0,-8.5,151.35125727912148
33582,-63.0,-8.0,153.21310486698633
33583,-63.0,-7.5,154.76970571559096
33584,-63.0,-7.0,146.03423368443345
33585,-63.0,-6.5,147.71413363806815
33586,-63.0,-6.0,149.17097204155888
33587,-63.0,-5.5,155.72993381318543
33588,-63.0,-5.0,159.16784195450558
33589,-63.0,-4.5,158.69203443270766
33590,-63.0,-3.5,154.51011633442175
33591,-63.0,-3.0,148.63109578156727
33592,-63.0,-2.0,158.1324331169302
33593,-63.0,-1.5,150.07121105667832
33594,-63.0,-1.0,154.05026710286506
33595,-63.0,-0.5,158.71679849074232
33596,-63.0,0.0,153.00233951769354
33597,-63.0,0.5,159.48552722964456
33598,-63.0,1.0,145.9205599327573
33599,-63.0,1.5,147.2760345851205
33600,-63.0,2.0,143.27899076910444
33601,-63.0,3.0,146.15380779704284
33602,-63.0,3.5,148.22407795918141
33603,-63.0,4.0,148.09020829826977
33604,-63.0,4.5,146.30166813342032
33605,-63.0,5.0,145.93652295150895
33606,-63.0,5.5,148.6577590004993
33607,-63.0,6.0,153.49340586991835
33608,-63.0,6.5,157.02255685755605
33609,-63.0,7.0,162.5372294159711
33610,-63.0,7.5,160.02537920466173
33611,-63.0,8.0,155.80534326118612
33612,-63.0,8.5,154.87182842406708
33613,-63.0,9.0,155.2758692798416
33614,-63.0,9.5,153.5345531485616
33615,-63.0,10.0,149.66419824421942
33616,-63.0,10.5,155.9349468410821
33617,-63.0,11.0,151.13909189860445
33618,-63.0,11.5,152.89263191749882
33619,-63.0,12.0,153.49855090138118
33620,-63.0,12.5,151.45033787133215
33621,-63.0,13.0,153.08783667380754
33622,-63.0,13.5,152.71548403077364
33623,-63.0,14.0,153.05707222746085
33624,-63.0,14.5,153.55574507055147
33625,-63.0,15.0,153.091774593739
33626,-63.0,15.5,154.49364928592726
33627,-63.0,16.5,151.0945918153239
33628,-63.0,17.5,151.161057560192
33629,-63.0,18.0,155.05434823965493
33630,-63.0,18.5,151.83408871170553
33631,-63.0,19.0,152.78203634893057
33632,-63.0,19.5,151.39842656609673
33633,-63.0,20.0,151.4256219985373
33634,-63.0,20.5,152.17791704264553
33635,-63.0,21.0,150.51049011147632
33636,-63.0,21.5,150.11328476612942
33637,-63.0,22.0,149.6826352777441
33638,-63.0,22.5,149.47247907842748
33639,-63.0,23.0,151.83675264499408
33640,-63.0,23.5,151.4493338816155
33641,-63.0,24.0,150.16338006956718
33642,-63.0,24.5,149.9787268073152
33643,-63.0,25.0,150.39487079322146
33644,-63.0,25.5,150.36325479899938
33645,-63.0,26.0,150.76255332843243
33646,-63.0,26.5,150.84748349137473
33647,-63.0,27.0,151.67002942778188
33648,-63.0,27.5,151.31669411397397
33649,-63.0,28.0,149.54132061098542
33650,-63.0,28.5,150.4514138797913
33651,-63.0,29.0,150.85288275655722
33652,-63.0,29.5,150.29036518748543
33653,-63.0,30.0,152.50607645086149
33654,-63.0,30.5,153.32900932447956
33655,-63.0,31.0,148.1985847574767
33656,-63.0,31.5,152.10879665688344
33657,-63.0,32.0,149.00472901634342
33658,-63.0,32.5,149.5334885043494
33659,-63.0,33.0,149.84415707762994
33660,-63.0,33.5,148.74603932761835
33661,-63.0,34.0,148.67920218513407
33662,-63.0,34.5,148.86866762203945
33663,-63.0,35.0,150.0040453942342
33664,-63.0,35.5,148.1690904488724
33665,-63.0,36.0,149.09690467525746
33666,-63.0,36.5,149.09713772759204
33667,-63.0,37.0,150.5269158331704
33668,-63.0,37.5,158.80636904497584
33669,-62.5,-38.0,160.44651966043602
33670,-62.5,-37.5,169.004393936159
33671,-62.5,-37.0,156.09474616834737
33672,-62.5,-36.5,157.77010913185543
33673,-62.5,-36.0,158.295308534834
33674,-62.5,-35.5,160.05447833814637
33675,-62.5,-35.0,158.72690873503407
33676,-62.5,-34.5,157.99382553472216
33677,-62.5,-34.0,165.25229470270335
33678,-62.5,-33.5,164.6258192537058
33679,-62.5,-33.0,159.19492391121008
33680,-62.5,-32.5,158.68005763927638
33681,-62.5,-32.0,158.8484373526936
33682,-62.5,-31.5,159.33648905272585
33683,-62.5,-31.0,158.71917921593163
33684,-62.5,-30.5,166.91630148410252
33685,-62.5,-30.0,163.16806713088243
33686,-62.5,-29.5,158.95688331996158
33687,-62.5,-29.0,162.69736223601274
33688,-62.5,-28.5,154.8347681244745
33689,-62.5,-28.0,155.19199571826448
33690,-62.5,-27.5,155.8482516885794
33691,-62.5,-27.0,151.76818689740676
33692,-62.5,-26.5,153.15439397220413
33693,-62.5,-26.0,149.36137083704804
33694,-62.5,-25.5,149.141231340613
33695,-62.5,-25.0,149.6763005122675
33696,-62.5,-24.5,153.71738079297216
33697,-62.5,-24.0,153.37446761354977
33698,-62.5,-23.5,148.3450701279196
33699,-62.5,-22.5,154.99406112724117
33700,-62.5,-22.0,151.07972524809446
33701,-62.5,-21.5,149.36884627121543
33702,-62.5,-21.0,143.6842535838606
33703,-62.5,-20.5,150.28222042370246
33704,-62.5,-20.0,147.28667552233222
33705,-62.5,-19.5,151.31071331636568
33706,-62.5,-19.0,146.3560466669959
33707,-62.5,-18.5,147.0031263521435
33708,-62.5,-18.0,150.62510417038462
33709,-62.5,-17.5,154.1761688032789
33710,-62.5,-17.0,154.72886384034592
33711,-62.5,-16.5,148.74713609794483
33712,-62.5,-16.0,147.9722389302693
33713,-62.5,-15.5,149.4043082848764
33714,-62.5,-15.0,145.67826689073365
33715,-62.5,-14.5,146.07496460483972
33716,-62.5,-14.0,150.1169114230579
33717,-62.5,-13.5,149.86286332220192
33718,-62.5,-13.0,153.19698779574364
33719,-62.5,-12.5,151.93864846736605
33720,-62.5,-12.0,148.20838992127267
33721,-62.5,-11.5,150.3635387231398
33722,-62.5,-11.0,147.3202190492443
33723,-62.5,-10.5,154.56251013203223
33724,-62.5,-10.0,148.9419920604679
33725,-62.5,-9.5,151.24958636464964
33726,-62.5,-9.0,153.97991092046448
33727,-62.5,-8.5,153.05614376491872
33728,-62.5,-8.0,150.1702697217571
33729,-62.5,-7.5,152.24372932211128
33730,-62.5,-7.0,150.59513138604177
33731,-62.5,-6.5,150.72178075122488
33732,-62.5,-6.0,150.13920501606617
33733,-62.5,-5.5,150.36609682806207
33734,-62.5,-5.0,165.5506090095965
33735,-62.5,-4.5,154.21984255218666
33736,-62.5,-4.0,162.72611286288833
33737,-62.5,-3.5,150.14393004521932
33738,-62.5,-3.0,148.7985947630069
33739,-62.5,-1.5,151.51962808920064
33740,-62.5,-1.0,157.38919280940584
33741,-62.5,-0.5,151.8310597270851
33742,-62.5,0.5,153.72160443894805
33743,-62.5,1.0,150.27746007405725
33744,-62.5,1.5,144.8579425421586
33745,-62.5,2.0,146.35955700100328
33746,-62.5,2.5,143.40777644776264
33747,-62.5,3.0,151.47349989803223
33748,-62.5,3.5,146.73119562010666
33749,-62.5,4.0,146.3143792292191
33750,-62.5,4.5,146.99105671035863
33751,-62.5,5.0,147.054126312899
33752,-62.5,5.5,151.11594824955608
33753,-62.5,6.0,148.55134267549812
33754,-62.5,6.5,151.6308274121408
33755,-62.5,7.0,152.53343507858844
33756,-62.5,7.5,157.24798929339437
33757,-62.5,8.0,147.75188340101784
33758,-62.5,8.5,155.68502811360452
33759,-62.5,9.0,159.09218626785318
33760,-62.5,9.5,151.90102833287625
33761,-62.5,10.0,151.93789375827012
33762,-62.5,10.5,153.436861504735
33763,-62.5,11.0,153.93391186979218
33764,-62.5,11.5,151.76839756505007
33765,-62.5,12.0,154.98380853285045
33766,-62.5,12.5,153.1171595060794
33767,-62.5,13.0,149.79848646791413
33768,-62.5,13.5,154.36928887392318
33769,-62.5,14.0,150.4265881246994
33770,-62.5,14.5,153.9457532469194
33771,-62.5,15.0,155.40414718110844
33772,-62.5,15.5,154.45788499663954
33773,-62.5,16.0,151.0782060320236
33774,-62.5,16.5,150.9395834605943
33775,-62.5,17.5,151.67071349601562
33776,-62.5,18.0,154.32459738711313
33777,-62.5,18.5,153.22654019972683
33778,-62.5,19.0,151.89711526441155
33779,-62.5,19.5,152.53516842835614
33780,-62.5,20.0,150.28444573256854
33781,-62.5,20.5,152.05097438331887
33782,-62.5,21.0,151.7656771066222
33783,-62.5,21.5,150.13468296458583
33784,-62.5,22.0,149.2603398288512
33785,-62.5,22.5,149.33298184180254
33786,-62.5,23.0,154.3215148450187
33787,-62.5,23.5,151.004896368483
33788,-62.5,24.0,149.79056688143922
33789,-62.5,24.5,150.10127137862708
33790,-62.5,25.0,150.33044681728654
33791,-62.5,25.5,150.50614545844226
33792,-62.5,26.0,150.17878532344434
33793,-62.5,26.5,151.32205979081675
33794,-62.5,27.0,152.72358476693555
33795,-62.5,27.5,151.19210745175945
33796,-62.5,28.0,150.25987443555306
33797,-62.5,28.5,150.5861737659207
33798,-62.5,29.0,149.78746560056865
33799,-62.5,29.5,150.42098805058097
33800,-62.5,30.0,152.4774799428495
33801,-62.5,30.5,156.15801851111362
33802,-62.5,31.0,149.6397095486235
33803,-62.5,31.5,152.03022374735835
33804,-62.5,32.0,149.7026308397795
33805,-62.5,32.5,148.5765058845062
33806,-62.5,33.0,150.2296387867615
33807,-62.5,33.5,148.50395484186544
33808,-62.5,34.0,148.76838018267716
33809,-62.5,34.5,148.43333653972223
33810,-62.5,35.0,150.01029169387365
33811,-62.5,35.5,148.08568791724704
33812,-62.5,36.0,149.2617935128166
33813,-62.5,36.5,150.1012085836277
33814,-62.5,37.0,150.1952081162942
33815,-62.5,37.5,159.71967595281123
33816,-62.0,-38.0,159.5499545007602
33817,-62.0,-37.5,169.65860494263976
33818,-62.0,-37.0,157.58286727911948
33819,-62.0,-36.5,160.91244513843648
33820,-62.0,-36.0,158.51899032492017
33821,-62.0,-35.5,165.64036666188417
33822,-62.0,-35.0,160.68638349326582
33823,-62.0,-34.5,157.03929521391166
33824,-62.0,-34.0,164.21401136995686
33825,-62.0,-33.5,167.4622338725818
33826,-62.0,-33.0,159.6856499896055
33827,-62.0,-32.5,158.24720355156256
33828,-62.0,-32.0,159.80136096232093
33829,-62.0,-31.5,160.33243560963075
33830,-62.0,-31.0,160.30551310531627
33831,-62.0,-30.5,158.76571454275796
33832,-62.0,-30.0,158.0639447002193
33833,-62.0,-29.5,160.31853725709476
33834,-62.0,-29.0,163.95836142834304
33835,-62.0,-28.5,156.77932095555065
33836,-62.0,-28.0,156.92640492196097
33837,-62.0,-27.5,161.2996318202861
33838,-62.0,-27.0,153.1397774172544
33839,-62.0,-26.5,153.40821232609113
33840,-62.0,-26.0,149.10446443273787
33841,-62.0,-25.5,151.2066734785931
33842,-62.0,-25.0,147.66897762658385
33843,-62.0,-24.5,151.23726794717138
33844,-62.0,-24.0,148.99699405317108
33845,-62.0,-23.5,148.75609859969234
33846,-62.0,-22.5,150.69781742554076
33847,-62.0,-22.0,150.6029104334351
33848,-62.0,-21.0,143.7013053555876
33849,-62.0,-20.5,149.31374659548894
33850,-62.0,-20.0,148.1021438848625
33851,-62.0,-19.5,146.51814817189904
33852,-62.0,-19.0,145.86256522508572
33853,-62.0,-18.5,148.6034683838373
33854,-62.0,-18.0,149.55375310387151
33855,-62.0,-17.5,153.61453536767135
33856,-62.0,-16.5,149.48079692564045
33857,-62.0,-16.0,148.22294871909924
33858,-62.0,-15.5,148.5021006359051
33859,-62.0,-15.0,146.03593026846798
33860,-62.0,-14.5,147.4602625629034
33861,-62.0,-14.0,148.8667535238658
33862,-62.0,-13.5,153.2605947592747
33863,-62.0,-13.0,155.93109903852627
33864,-62.0,-12.5,147.35816868573028
33865,-62.0,-12.0,151.2583078620916
33866,-62.0,-11.0,152.67032887853625
33867,-62.0,-10.5,148.50511658917137
33868,-62.0,-10.0,149.96574513537345
33869,-62.0,-9.5,154.71335287107647
33870,-62.0,-9.0,154.40639000613993
33871,-62.0,-8.5,153.9907821800154
33872,-62.0,-8.0,151.73250900942782
33873,-62.0,-7.5,147.93405345738273
33874,-62.0,-7.0,151.1734860819618
33875,-62.0,-6.5,149.11493155128994
33876,-62.0,-5.5,150.2840111293301
33877,-62.0,-5.0,149.70382997195972
33878,-62.0,-4.5,162.49237537023674
33879,-62.0,-4.0,156.66643153430482
33880,-62.0,-3.5,151.06114071122204
33881,-62.0,-2.0,149.461353847365
33882,-62.0,-1.5,156.87056088328174
33883,-62.0,-1.0,154.57020020687057
33884,-62.0,-0.5,152.2904379157016
33885,-62.0,0.0,155.86125995957156
33886,-62.0,1.0,158.31985913198758
33887,-62.0,2.0,145.24071947773876
33888,-62.0,2.5,146.3452716477958
33889,-62.0,3.0,147.2179176163287
33890,-62.0,3.5,144.20252214264337
33891,-62.0,4.0,146.51173320262544
33892,-62.0,4.5,147.4493131826138
33893,-62.0,5.0,152.32811776714934
33894,-62.0,5.5,150.5071830473284
33895,-62.0,6.0,147.04602794522486
33896,-62.0,6.5,150.83061302338615
33897,-62.0,7.0,152.16817152694964
33898,-62.0,7.5,149.3789299741568
33899,-62.0,8.0,149.93225827212433
33900,-62.0,8.5,157.69432173405792
33901,-62.0,9.0,160.17713136058035
33902,-62.0,9.5,149.5123562969222
33903,-62.0,10.0,151.24123630340347
33904,-62.0,10.5,151.9102181980762
33905,-62.0,11.0,153.19494888430162
33906,-62.0,11.5,154.6868094026217
33907,-62.0,12.0,155.22779091665572
33908,-62.0,12.5,155.07036306585402
33909,-62.0,13.0,151.3132809856133
33910,-62.0,13.5,154.13938958486122
33911,-62.0,14.0,153.6635082743809
33912,-62.0,14.5,151.40068662613058
33913,-62.0,15.0,153.16802536789208
33914,-62.0,15.5,152.7417474548868
33915,-62.0,16.0,154.09907529214428
33916,-62.0,17.0,155.6051012795471
33917,-62.0,17.5,156.56930122303706
33918,-62.0,18.0,150.41735731777447
33919,-62.0,18.5,154.53546204632656
33920,-62.0,19.0,149.06525148580351
33921,-62.0,19.5,152.38937934476675
33922,-62.0,20.0,150.32670556926425
33923,-62.0,20.5,150.7443473347458
33924,-62.0,21.0,151.92498590139306
33925,-62.0,21.5,150.02524916335753
33926,-62.0,22.0,149.8060461628767
33927,-62.0,22.5,149.32959276301324
33928,-62.0,23.0,149.2275699718909
33929,-62.0,23.5,153.8299574983711
33930,-62.0,24.0,150.18376882399463
33931,-62.0,24.5,149.28161650141917
33932,-62.0,25.0,150.69448313242245
33933,-62.0,25.5,150.27356044684458
33934,-62.0,26.0,149.83311717969121
33935,-62.0,26.5,150.50608015992466
33936,-62.0,27.0,152.56438024350473
33937,-62.0,27.5,150.0475951028346
33938,-62.0,28.0,151.8986460548409
33939,-62.0,28.5,149.36536238835785
33940,-62.0,29.0,149.81460009860615
33941,-62.0,29.5,151.33113468806206
33942,-62.0,30.0,152.11637951902458
33943,-62.0,30.5,158.4144584766368
33944,-62.0,31.0,150.15223614240566
33945,-62.0,31.5,151.63462254348636
33946,-62.0,32.0,151.96425924991604
33947,-62.0,32.5,150.5743237044732
33948,-62.0,33.0,149.78008911161277
33949,-62.0,33.5,148.67495008189806
33950,-62.0,34.0,148.68503510150344
33951,-62.0,34.5,148.44846791262583
33952,-62.0,35.0,149.8973156129238
33953,-62.0,35.5,148.1905306775165
33954,-62.0,36.0,150.56633951411672
33955,-62.0,36.5,149.98752884174812
33956,-62.0,37.0,150.04812276309303
33957,-62.0,37.5,159.7314627248093
33958,-61.5,-38.0,163.00496158352829
33959,-61.5,-37.5,171.3276102507017
33960,-61.5,-37.0,157.52280378786168
33961,-61.5,-36.5,160.70353436892597
33962,-61.5,-36.0,158.77821314930878
33963,-61.5,-35.5,164.39521772494575
33964,-61.5,-34.5,161.60485594919354
33965,-61.5,-34.0,160.11988965902745
33966,-61.5,-33.5,166.6727832551816
33967,-61.5,-33.0,156.215935734896
33968,-61.5,-32.5,159.75556945497735
33969,-61.5,-32.0,160.85888350605165
33970,-61.5,-31.5,161.4416770983667
33971,-61.5,-31.0,160.17698343507237
33972,-61.5,-30.5,159.92564233336978
33973,-61.5,-30.0,159.49465002099964
33974,-61.5,-29.5,160.71192811011701
33975,-61.5,-29.0,160.6670232767792
33976,-61.5,-28.5,159.47383141640069
33977,-61.5,-28.0,157.8686702035532
33978,-61.5,-27.5,160.481356002939
33979,-61.5,-26.5,153.03491552899084
33980,-61.5,-26.0,149.36152514391918
33981,-61.5,-25.5,149.64184177501735
33982,-61.5,-25.0,148.75000174022475
33983,-61.5,-24.5,147.77118111291065
33984,-61.5,-24.0,148.61277288237696
33985,-61.5,-22.5,150.3105178727956
33986,-61.5,-22.0,149.9981709242919
33987,-61.5,-21.5,155.67993807821972
33988,-61.5,-21.0,149.87304895782836
33989,-61.5,-20.5,145.78160189348492
33990,-61.5,-20.0,151.21892498907562
33991,-61.5,-19.5,145.38151378356503
33992,-61.5,-19.0,146.00420008842784
33993,-61.5,-18.5,152.64134795738454
33994,-61.5,-18.0,149.4202779322443
33995,-61.5,-17.5,151.73552417607996
33996,-61.5,-17.0,146.39651336147534
33997,-61.5,-16.5,149.35397056336265
33998,-61.5,-16.0,148.5607299160465
33999,-61.5,-15.5,146.97963314363514
34000,-61.5,-15.0,147.22094629844526
34001,-61.5,-14.5,147.01932370655143
34002,-61.5,-14.0,147.3356329040253
34003,-61.5,-13.5,152.3578298748577
34004,-61.5,-13.0,153.1512102909239
34005,-61.5,-12.5,148.2494355417947
34006,-61.5,-12.0,149.35283278543855
34007,-61.5,-11.0,149.40080305459946
34008,-61.5,-10.5,145.53699015469485
34009,-61.5,-10.0,146.69392287971465
34010,-61.5,-9.5,148.44277118125126
34011,-61.5,-9.0,152.42146592403202
34012,-61.5,-8.5,152.4667249361306
34013,-61.5,-8.0,150.70638912682233
34014,-61.5,-7.5,150.66227294101634
34015,-61.5,-7.0,148.28871080069163
34016,-61.5,-6.5,153.24789431960295
34017,-61.5,-5.0,148.63129606588606
34018,-61.5,-4.5,148.22785535682536
34019,-61.5,-4.0,154.7327053044898
34020,-61.5,-2.5,146.6797132265802
34021,-61.5,-2.0,153.11916252272164
34022,-61.5,-1.5,151.16484466984681
34023,-61.5,-1.0,151.91645992073904
34024,-61.5,-0.5,151.43488708414364
34025,-61.5,0.0,154.55221938496115
34026,-61.5,1.0,154.64679126216845
34027,-61.5,1.5,155.0855513272299
34028,-61.5,2.0,148.8752194708619
34029,-61.5,2.5,149.22569231848885
34030,-61.5,3.0,152.662435429166
34031,-61.5,3.5,154.0715809420551
34032,-61.5,4.0,148.3672426120421
34033,-61.5,4.5,147.77184098605932
34034,-61.5,5.0,152.93795405640662
34035,-61.5,5.5,150.96136765958423
34036,-61.5,6.5,150.77926050263264
34037,-61.5,7.0,149.88389582000178
34038,-61.5,7.5,151.20897075441835
34039,-61.5,8.0,150.30852894853604
34040,-61.5,8.5,152.14334551961386
34041,-61.5,9.0,156.866612251877
34042,-61.5,9.5,156.93800159981345
34043,-61.5,10.0,151.71765050957617
34044,-61.5,10.5,152.66861674173919
34045,-61.5,11.0,153.16105192480578
34046,-61.5,11.5,154.49475714937708
34047,-61.5,12.0,154.72877191902847
34048,-61.5,12.5,157.19288840667477
34049,-61.5,13.0,155.4798774860186
34050,-61.5,13.5,151.4590073018087
34051,-61.5,14.0,153.5240281621602
34052,-61.5,14.5,153.39104205975167
34053,-61.5,15.0,151.1979282162652
34054,-61.5,15.5,154.28842994016495
34055,-61.5,16.0,154.55631838183194
34056,-61.5,16.5,154.2245986612573
34057,-61.5,17.0,156.4534794789996
34058,-61.5,17.5,154.9971367374363
34059,-61.5,18.0,152.27880698478012
34060,-61.5,18.5,150.40712364808215
34061,-61.5,19.0,152.6058637520181
34062,-61.5,19.5,150.61095995146545
34063,-61.5,20.0,151.65824489477203
34064,-61.5,20.5,149.75536595109872
34065,-61.5,21.0,150.66774788084695
34066,-61.5,21.5,152.29754941015602
34067,-61.5,22.0,149.36089381099762
34068,-61.5,22.5,149.4816590524494
34069,-61.5,23.0,148.2245309888088
34070,-61.5,23.5,152.56210048345804
34071,-61.5,24.0,151.10053707910137
34072,-61.5,24.5,148.60247341184345
34073,-61.5,25.0,150.83102418966646
34074,-61.5,25.5,150.69284581947045
34075,-61.5,26.0,149.9330930977505
34076,-61.5,26.5,150.08263182690374
34077,-61.5,27.0,151.430286886673
34078,-61.5,27.5,150.97916920574707
34079,-61.5,28.0,149.83487561924872
34080,-61.5,28.5,148.7635424315897
34081,-61.5,29.0,149.92638390678516
34082,-61.5,29.5,151.71309776014036
34083,-61.5,30.0,153.0382369041003
34084,-61.5,30.5,154.02870300787262
34085,-61.5,31.0,152.1793577800917
34086,-61.5,31.5,150.71790917685885
34087,-61.5,32.0,151.5978732184582
34088,-61.5,32.5,148.75200812717736
34089,-61.5,33.0,151.4161906789816
34090,-61.5,33.5,148.6415166040218
34091,-61.5,34.0,148.74614495376642
34092,-61.5,34.5,148.43862503319355
34093,-61.5,35.0,149.84570506898297
34094,-61.5,35.5,147.90030598528628
34095,-61.5,36.0,154.8203489255253
34096,-61.5,36.5,149.76967783626395
34097,-61.5,37.0,149.63137934965596
34098,-61.5,37.5,159.37679931544312
34099,-61.0,-38.0,164.59915632938396
34100,-61.0,-37.5,169.95979421973334
34101,-61.0,-37.0,158.3924919843249
34102,-61.0,-36.5,163.27860027962666
34103,-61.0,-36.0,160.75136313628937
34104,-61.0,-35.5,161.43997902078138
34105,-61.0,-34.5,162.5303967541982
34106,-61.0,-34.0,158.5583289991687
34107,-61.0,-33.5,166.273354161337
34108,-61.0,-33.0,157.3167827247009
34109,-61.0,-32.5,161.44445825091702
34110,-61.0,-32.0,162.2333278228103
34111,-61.0,-31.5,160.69449199861683
34112,-61.0,-31.0,161.15697254772888
34113,-61.0,-30.5,159.66872199614386
34114,-61.0,-30.0,160.51586934608812
34115,-61.0,-29.5,160.9913885151094
34116,-61.0,-29.0,156.9801534728081
34117,-61.0,-28.5,162.63549767214494
34118,-61.0,-28.0,159.44482067143844
34119,-61.0,-27.5,157.3198274375225
34120,-61.0,-27.0,153.49784481352432
34121,-61.0,-26.5,153.03127814938003
34122,-61.0,-26.0,152.5079947045476
34123,-61.0,-25.5,146.68314810800996
34124,-61.0,-25.0,150.81321484061718
34125,-61.0,-24.5,147.44826668803495
34126,-61.0,-24.0,148.79428228379518
34127,-61.0,-23.0,150.60924156984717
34128,-61.0,-22.5,150.5234838060223
34129,-61.0,-21.5,156.26041962366455
34130,-61.0,-21.0,150.9066610401551
34131,-61.0,-20.5,149.56347524795393
34132,-61.0,-20.0,146.77760254315606
34133,-61.0,-19.5,147.11978011453536
34134,-61.0,-19.0,146.0967762369245
34135,-61.0,-18.5,151.38196270438445
34136,-61.0,-18.0,148.35716144428025
34137,-61.0,-17.5,146.16107807882616
34138,-61.0,-17.0,147.9056636274077
34139,-61.0,-16.5,148.68001291083354
34140,-61.0,-16.0,148.27875418464845
34141,-61.0,-15.5,148.01677988279104
34142,-61.0,-15.0,147.86760745124295
34143,-61.0,-14.5,149.9454859400386
34144,-61.0,-14.0,146.25208238492363
34145,-61.0,-13.5,148.69378393287127
34146,-61.0,-13.0,148.39768014595975
34147,-61.0,-12.5,149.3014029650908
34148,-61.0,-12.0,145.56053195956164
34149,-61.0,-11.5,151.51418461569935
34150,-61.0,-11.0,146.01073136942696
34151,-61.0,-10.5,146.59880587301402
34152,-61.0,-10.0,147.03048636259504
34153,-61.0,-9.5,148.12043859395902
34154,-61.0,-9.0,150.09736693403104
34155,-61.0,-8.5,151.56900253558854
34156,-61.0,-8.0,150.7204000970143
34157,-61.0,-7.5,149.49905382228607
34158,-61.0,-7.0,152.06083604221217
34159,-61.0,-6.5,151.44224054774304
34160,-61.0,-6.0,151.9993401433412
34161,-61.0,-5.0,149.28696774914093
34162,-61.0,-4.5,153.1691604026094
34163,-61.0,-4.0,155.33703167574885
34164,-61.0,-3.5,165.06411396857797
34165,-61.0,-3.0,148.74026267047032
34166,-61.0,-2.5,155.5012813708555
34167,-61.0,-2.0,159.9334556257727
34168,-61.0,-1.5,148.82862112720954
34169,-61.0,-0.5,154.43343825326966
34170,-61.0,0.0,152.45442348619216
34171,-61.0,0.5,153.06732275003435
34172,-61.0,1.5,152.79622449471032
34173,-61.0,2.0,149.46554135697966
34174,-61.0,2.5,152.75592528581046
34175,-61.0,3.0,159.4204931795232
34176,-61.0,3.5,157.52372559380834
34177,-61.0,4.0,158.60453266814073
34178,-61.0,4.5,151.20007079843734
34179,-61.0,5.0,151.5367024263022
34180,-61.0,5.5,151.67570665893507
34181,-61.0,6.0,150.62568082665027
34182,-61.0,6.5,146.51399592637347
34183,-61.0,7.0,146.25598655973133
34184,-61.0,7.5,151.375693404358
34185,-61.0,8.0,150.96639158683837
34186,-61.0,8.5,157.3898889060328
34187,-61.0,9.0,155.92430556687845
34188,-61.0,9.5,151.4377850501218
34189,-61.0,10.0,151.12346103424986
34190,-61.0,10.5,151.03519609253928
34191,-61.0,11.0,154.06550490437783
34192,-61.0,11.5,154.48377656293596
34193,-61.0,12.0,154.71877093893417
34194,-61.0,12.5,154.42201346777432
34195,-61.0,13.5,155.11033005703567
34196,-61.0,14.0,156.45114660771952
34197,-61.0,14.5,154.45858708038102
34198,-61.0,15.0,153.2915538251118
34199,-61.0,15.5,154.7873127380867
34200,-61.0,16.0,154.70470107759613
34201,-61.0,16.5,153.80376654213345
34202,-61.0,17.0,156.1612515656084
34203,-61.0,17.5,154.1741381601722
34204,-61.0,18.0,152.3939526692092
34205,-61.0,18.5,153.9338079308736
34206,-61.0,19.0,150.69869788488216
34207,-61.0,19.5,148.64124310585103
34208,-61.0,20.0,152.7942479817668
34209,-61.0,20.5,149.55544914329082
34210,-61.0,21.0,149.4908099606661
34211,-61.0,21.5,152.6066392049673
34212,-61.0,22.0,151.05115633622862
34213,-61.0,22.5,149.44382706063107
34214,-61.0,23.0,148.9828298900106
34215,-61.0,23.5,149.63760870334215
34216,-61.0,24.0,150.83464799429765
34217,-61.0,24.5,150.68928092436042
34218,-61.0,25.0,150.24847138828034
34219,-61.0,25.5,151.5918165578519
34220,-61.0,26.0,150.26853557646422
34221,-61.0,26.5,149.88098078774337
34222,-61.0,27.0,150.97873492003356
34223,-61.0,27.5,151.25152056657691
34224,-61.0,28.0,150.05413655888145
34225,-61.0,28.5,148.83129679693297
34226,-61.0,29.0,150.37095602125518
34227,-61.0,29.5,150.5971766822443
34228,-61.0,30.0,151.49464936893074
34229,-61.0,30.5,151.67642306398383
34230,-61.0,31.0,154.86837618086707
34231,-61.0,31.5,151.14122199301758
34232,-61.0,32.0,151.8086242661559
34233,-61.0,32.5,149.5609108456507
34234,-61.0,33.0,148.35678022102599
34235,-61.0,33.5,149.19487815529538
34236,-61.0,34.0,148.7376302103539
34237,-61.0,34.5,148.3868522880523
34238,-61.0,35.0,149.25569012165735
34239,-61.0,35.5,147.61202319917973
34240,-61.0,36.0,152.59973486143375
34241,-61.0,36.5,149.13687376692582
34242,-61.0,37.0,149.117268550997
34243,-61.0,37.5,159.1082058796822
34244,-60.5,-38.5,160.65544788984673
34245,-60.5,-38.0,171.4064372957834
34246,-60.5,-37.5,162.5430722832049
34247,-60.5,-37.0,156.1172486346479
34248,-60.5,-36.5,164.8601660600239
34249,-60.5,-36.0,158.9602587659472
34250,-60.5,-35.5,157.80493787348303
34251,-60.5,-34.5,160.6275695646515
34252,-60.5,-34.0,158.9370592237632
34253,-60.5,-33.5,165.46439102370138
34254,-60.5,-33.0,160.7465111335848
34255,-60.5,-32.5,162.57306731760826
34256,-60.5,-32.0,154.8975384128662
34257,-60.5,-31.5,162.89140190022633
34258,-60.5,-31.0,163.69042880079482
34259,-60.5,-30.5,160.48469053042766
34260,-60.5,-30.0,162.0229517084142
34261,-60.5,-29.5,161.11355461122193
34262,-60.5,-29.0,157.95571425308222
34263,-60.5,-28.5,165.12153784498454
34264,-60.5,-28.0,160.58499157313508
34265,-60.5,-27.5,151.27469461053624
34266,-60.5,-27.0,153.78515081524026
34267,-60.5,-26.5,155.19169837378348
34268,-60.5,-26.0,153.4083084146421
34269,-60.5,-25.5,151.09294575069958
34270,-60.5,-25.0,151.79272915869922
34271,-60.5,-24.5,149.89788103316252
34272,-60.5,-24.0,146.9066668990392
34273,-60.5,-23.0,150.58734166906942
34274,-60.5,-22.5,150.3141216607275
34275,-60.5,-21.5,150.54876884099383
34276,-60.5,-21.0,150.59218703243195
34277,-60.5,-20.5,152.11101505319962
34278,-60.5,-20.0,146.10040491064547
34279,-60.5,-19.5,154.67368534659846
34280,-60.5,-19.0,146.62504284880353
34281,-60.5,-18.5,148.35703492605813
34282,-60.5,-18.0,153.93264063892772
34283,-60.5,-17.5,144.84539049462344
34284,-60.5,-17.0,148.5084360072922
34285,-60.5,-16.5,148.05340372860172
34286,-60.5,-16.0,150.93858697001593
34287,-60.5,-15.5,148.32074721546152
34288,-60.5,-15.0,147.6629700451347
34289,-60.5,-14.5,147.8617549474022
34290,-60.5,-14.0,147.2046790106727
34291,-60.5,-13.5,151.31707248474942
34292,-60.5,-13.0,148.06880573340013
34293,-60.5,-12.5,149.39412390720105
34294,-60.5,-12.0,146.7689564912042
34295,-60.5,-11.5,147.4165398233539
34296,-60.5,-11.0,149.80977165250505
34297,-60.5,-10.0,149.5302580386929
34298,-60.5,-9.5,147.04556616781795
34299,-60.5,-9.0,148.74391769457367
34300,-60.5,-8.5,149.06014600919607
34301,-60.5,-8.0,153.2442413102222
34302,-60.5,-7.5,151.35437933357707
34303,-60.5,-7.0,153.17577564424343
34304,-60.5,-6.0,151.14850734018736
34305,-60.5,-5.5,154.1639741412644
34306,-60.5,-5.0,150.85008884570243
34307,-60.5,-4.5,149.65150831971002
34308,-60.5,-4.0,159.431336339056
34309,-60.5,-3.5,162.27345822558624
34310,-60.5,-3.0,158.82125881267476
34311,-60.5,-2.5,160.4227835961919
34312,-60.5,-2.0,149.1047599871679
34313,-60.5,0.0,151.27678233384256
34314,-60.5,0.5,147.8410742194534
34315,-60.5,1.0,149.71033433044627
34316,-60.5,1.5,149.31308649241635
34317,-60.5,2.0,149.68755996257661
34318,-60.5,2.5,151.42612783882552
34319,-60.5,3.0,160.95075353531388
34320,-60.5,3.5,159.87523284411202
34321,-60.5,4.0,160.12448640041507
34322,-60.5,4.5,150.02937475093063
34323,-60.5,5.0,148.53778267442118
34324,-60.5,5.5,150.14918541951687
34325,-60.5,6.0,147.9071538877936
34326,-60.5,6.5,142.9943144426004
34327,-60.5,7.0,151.089787225943
34328,-60.5,7.5,150.90539828676702
34329,-60.5,8.0,152.54242538505795
34330,-60.5,8.5,153.2929583931061
34331,-60.5,9.0,150.34274549791175
34332,-60.5,9.5,151.35812352578665
34333,-60.5,10.0,153.47003225239527
34334,-60.5,11.0,154.98037292827084
34335,-60.5,11.5,154.38108615000678
34336,-60.5,12.0,153.84423226793956
34337,-60.5,12.5,155.24341247225647
34338,-60.5,13.0,154.155824694709
34339,-60.5,13.5,155.11996834301738
34340,-60.5,14.0,154.30665027158886
34341,-60.5,14.5,153.92360143483913
34342,-60.5,15.0,155.4209726090158
34343,-60.5,15.5,153.31190944503558
34344,-60.5,16.0,155.1437899388054
34345,-60.5,16.5,155.38471067189587
34346,-60.5,17.0,154.019000552049
34347,-60.5,17.5,151.27232215255535
34348,-60.5,18.0,153.23593397732859
34349,-60.5,18.5,153.32634476305876
34350,-60.5,19.0,149.57423851637407
34351,-60.5,19.5,150.80284360684706
34352,-60.5,20.0,149.89118812367795
34353,-60.5,20.5,151.15544568150256
34354,-60.5,21.0,149.4338543471498
34355,-60.5,21.5,150.07632633629
34356,-60.5,22.0,152.9492045504531
34357,-60.5,22.5,148.73724962657752
34358,-60.5,23.0,149.8368766962175
34359,-60.5,23.5,148.0775011745357
34360,-60.5,24.0,150.4947504819632
34361,-60.5,24.5,151.34697367707912
34362,-60.5,25.0,149.31188609531324
34363,-60.5,25.5,151.61187278772752
34364,-60.5,26.0,150.07162572081734
34365,-60.5,26.5,150.03293559576477
34366,-60.5,27.0,151.07133675512713
34367,-60.5,27.5,150.4204783922567
34368,-60.5,28.0,149.86483302403246
34369,-60.5,28.5,148.88660229879883
34370,-60.5,29.0,150.61049043784502
34371,-60.5,29.5,150.3596812972269
34372,-60.5,30.0,151.0013738680763
34373,-60.5,30.5,148.5682831661709
34374,-60.5,31.5,151.74871592535104
34375,-60.5,32.0,151.8432437968087
34376,-60.5,32.5,150.9420150954099
34377,-60.5,33.0,147.99173914304018
34378,-60.5,33.5,149.57636549742597
34379,-60.5,34.0,149.10670345962598
34380,-60.5,34.5,148.51066269451945
34381,-60.5,35.0,148.97681345222665
34382,-60.5,35.5,147.68205717444485
34383,-60.5,36.0,152.0248152485759
34384,-60.5,36.5,148.48984276358706
34385,-60.5,37.0,148.74408503308103
34386,-60.5,37.5,156.08449718185275
34387,-60.0,-38.5,161.26716802063686
34388,-60.0,-38.0,173.621078412009
34389,-60.0,-37.5,163.2662582739291
34390,-60.0,-37.0,156.42045417580542
34391,-60.0,-36.5,164.28137268461967
34392,-60.0,-36.0,161.5842954710631
34393,-60.0,-35.5,158.95144649380202
34394,-60.0,-35.0,159.66824933058905
34395,-60.0,-34.5,157.36753718950314
34396,-60.0,-34.0,160.78459108550018
34397,-60.0,-33.5,156.73535516670452
34398,-60.0,-33.0,163.43499140212597
34399,-60.0,-32.5,157.0181820338406
34400,-60.0,-32.0,155.5509189419669
34401,-60.0,-31.5,157.66746326021632
34402,-60.0,-31.0,161.7496311439376
34403,-60.0,-30.5,163.5037891251978
34404,-60.0,-30.0,161.50718353758117
34405,-60.0,-29.5,159.00763674443112
34406,-60.0,-29.0,154.63008519369814
34407,-60.0,-28.5,155.66305882417453
34408,-60.0,-28.0,162.22794293991336
34409,-60.0,-27.5,156.40280921670796
34410,-60.0,-27.0,154.33101065919934
34411,-60.0,-26.5,156.8598086260169
34412,-60.0,-26.0,154.3348906186796
34413,-60.0,-25.5,152.15160302013967
34414,-60.0,-25.0,148.83385883668242
34415,-60.0,-24.5,152.2538504129641
34416,-60.0,-24.0,147.46745005649598
34417,-60.0,-23.5,150.08239244490593
34418,-60.0,-23.0,151.80729538289273
34419,-60.0,-22.0,153.9857614417311
34420,-60.0,-21.5,151.04555332301277
34421,-60.0,-21.0,153.2039061446308
34422,-60.0,-20.0,153.26296579464307
34423,-60.0,-19.5,147.26319620683051
34424,-60.0,-19.0,149.5432992479135
34425,-60.0,-18.5,148.00193419904087
34426,-60.0,-17.5,153.87334724426347
34427,-60.0,-17.0,146.6524067804156
34428,-60.0,-16.5,146.03762399737795
34429,-60.0,-16.0,150.788265648456
34430,-60.0,-15.5,154.8004064805374
34431,-60.0,-15.0,150.13327148877028
34432,-60.0,-14.5,150.13909865243642
34433,-60.0,-14.0,148.33713931185451
34434,-60.0,-13.5,147.99474848329825
34435,-60.0,-13.0,148.7973535252912
34436,-60.0,-12.0,147.98473964261157
34437,-60.0,-11.5,144.69169117070425
34438,-60.0,-11.0,150.32273737004203
34439,-60.0,-10.5,150.97725827104605
34440,-60.0,-10.0,149.21396941582955
34441,-60.0,-9.5,146.48008870936616
34442,-60.0,-9.0,145.82855767364228
34443,-60.0,-8.5,148.7093197572006
34444,-60.0,-8.0,151.36613717901733
34445,-60.0,-7.5,152.3506663916983
34446,-60.0,-7.0,149.74132298600875
34447,-60.0,-6.5,150.19864436869818
34448,-60.0,-6.0,148.46146125514784
34449,-60.0,-5.5,149.6256552518324
34450,-60.0,-5.0,149.75582854894364
34451,-60.0,-4.0,158.54252581301517
34452,-60.0,-3.5,156.8448071731505
34453,-60.0,-3.0,152.37970964443937
34454,-60.0,-2.5,149.6214280615076
34455,-60.0,-2.0,149.37376468825082
34456,-60.0,0.0,152.44321815299443
34457,-60.0,0.5,150.37443571606616
34458,-60.0,1.0,148.94497334015398
34459,-60.0,1.5,146.93555739646976
34460,-60.0,2.5,156.5116473987498
34461,-60.0,3.0,159.0447254294623
34462,-60.0,3.5,160.58613825989676
34463,-60.0,4.0,152.77801968860268
34464,-60.0,4.5,149.25634879185657
34465,-60.0,5.0,147.2926716128636
34466,-60.0,5.5,147.80503556753845
34467,-60.0,6.0,146.89622222525207
34468,-60.0,6.5,147.93101734291918
34469,-60.0,7.0,151.0162156151351
34470,-60.0,7.5,151.92038544654588
34471,-60.0,8.0,149.75502260516598
34472,-60.0,8.5,153.20631493160505
34473,-60.0,9.0,151.05643101846124
34474,-60.0,9.5,151.01568291420477
34475,-60.0,10.0,152.2231584226553
34476,-60.0,10.5,158.8304211522626
34477,-60.0,11.0,155.834153628697
34478,-60.0,11.5,153.35796888669717
34479,-60.0,12.0,153.62896644599186
34480,-60.0,12.5,154.8524213362538
34481,-60.0,13.0,154.6249213927178
34482,-60.0,13.5,155.7453289466191
34483,-60.0,14.0,156.29936818224226
34484,-60.0,14.5,154.45241787336803
34485,-60.0,15.0,154.3124860079429
34486,-60.0,16.0,153.56720083995322
34487,-60.0,16.5,155.1344690372663
34488,-60.0,17.0,152.22081196278768
34489,-60.0,17.5,151.596298333467
34490,-60.0,18.0,150.2774174583729
34491,-60.0,18.5,150.72520434037938
34492,-60.0,19.0,152.04424652604615
34493,-60.0,19.5,150.01459508728806
34494,-60.0,20.0,148.44630454100746
34495,-60.0,20.5,152.03356506704603
34496,-60.0,21.0,149.164773380319
34497,-60.0,21.5,148.72893258232818
34498,-60.0,22.0,152.88442216651032
34499,-60.0,22.5,152.13444749051
34500,-60.0,23.0,149.75632770292273
34501,-60.0,23.5,148.68200275926557
34502,-60.0,24.0,149.7331367073506
34503,-60.0,24.5,153.3814606228527
34504,-60.0,25.0,150.9748577599798
34505,-60.0,25.5,151.1287964578407
34506,-60.0,26.0,150.28900370684798
34507,-60.0,26.5,149.95821877190266
34508,-60.0,27.0,151.33146949814423
34509,-60.0,27.5,149.86493948706055
34510,-60.0,28.0,149.58944955517188
34511,-60.0,28.5,148.757168852175
34512,-60.0,29.0,151.20549622748328
34513,-60.0,29.5,150.3514506885486
34514,-60.0,30.0,149.9876227897953
34515,-60.0,31.0,150.60869785036883
34516,-60.0,31.5,154.0405282926498
34517,-60.0,32.0,150.57963918424844
34518,-60.0,32.5,153.14640417690518
34519,-60.0,33.0,148.03697049830382
34520,-60.0,33.5,149.9123805581775
34521,-60.0,34.0,149.45478462358622
34522,-60.0,34.5,148.4431335259388
34523,-60.0,35.0,148.99993391538067
34524,-60.0,35.5,147.8333997841144
34525,-60.0,36.0,150.85360062678953
34526,-60.0,36.5,148.66278021707916
34527,-60.0,37.0,148.81807559404086
34528,-60.0,37.5,152.31222178583798
34529,-59.5,-38.5,161.70436024002677
34530,-59.5,-38.0,175.39268413644953
34531,-59.5,-37.5,160.03672496931864
34532,-59.5,-37.0,158.82646199497734
34533,-59.5,-36.5,163.6112560093003
34534,-59.5,-36.0,161.44656330641186
34535,-59.5,-35.5,159.79725506655348
34536,-59.5,-35.0,158.05646246150647
34537,-59.5,-34.0,160.69222595871278
34538,-59.5,-33.5,159.6095888890634
34539,-59.5,-32.5,153.25371057959654
34540,-59.5,-32.0,157.8064895661079
34541,-59.5,-31.5,156.01113862787574
34542,-59.5,-31.0,156.6102617915682
34543,-59.5,-30.5,159.64753568564504
34544,-59.5,-30.0,164.58119488865128
34545,-59.5,-29.5,159.78134829637253
34546,-59.5,-29.0,159.72954028836293
34547,-59.5,-28.5,155.10947280018115
34548,-59.5,-28.0,158.55828330626784
34549,-59.5,-27.5,154.3772256441498
34550,-59.5,-27.0,155.80936401616327
34551,-59.5,-26.5,155.58776215828715
34552,-59.5,-26.0,155.47478818145416
34553,-59.5,-25.5,155.9594577292568
34554,-59.5,-25.0,150.84982732573226
34555,-59.5,-24.5,145.7569355835203
34556,-59.5,-24.0,149.91167895196293
34557,-59.5,-23.5,153.3600304916985
34558,-59.5,-23.0,157.66388776042646
34559,-59.5,-22.5,159.02013969667397
34560,-59.5,-22.0,152.34117626305053
34561,-59.5,-21.5,154.44810284332735
34562,-59.5,-21.0,153.5381536192261
34563,-59.5,-20.5,151.36065202948404
34564,-59.5,-20.0,152.88590378342278
34565,-59.5,-19.5,146.53855402250687
34566,-59.5,-19.0,146.52447739813329
34567,-59.5,-18.5,148.54104028830207
34568,-59.5,-18.0,145.27491808752887
34569,-59.5,-17.5,148.34934184623586
34570,-59.5,-17.0,148.3838228269502
34571,-59.5,-16.5,147.6879909285187
34572,-59.5,-16.0,147.92061424402817
34573,-59.5,-15.5,146.82636229134746
34574,-59.5,-15.0,147.93507247324402
34575,-59.5,-14.5,148.63047344077668
34576,-59.5,-14.0,146.37466010598115
34577,-59.5,-13.5,150.0603193497841
34578,-59.5,-13.0,147.37106288548884
34579,-59.5,-12.5,147.9747956769794
34580,-59.5,-12.0,146.9599052789525
34581,-59.5,-11.5,145.92620813814588
34582,-59.5,-11.0,148.74668027443653
34583,-59.5,-10.5,152.6986440951623
34584,-59.5,-10.0,148.53192415794913
34585,-59.5,-9.5,148.48335319095975
34586,-59.5,-9.0,149.1426713959564
34587,-59.5,-8.0,149.31719636984434
34588,-59.5,-7.5,152.36282302019708
34589,-59.5,-7.0,151.8395035699032
34590,-59.5,-6.5,148.71423399395505
34591,-59.5,-6.0,149.967771418823
34592,-59.5,-5.5,150.49336290171473
34593,-59.5,-5.0,153.76785255560088
34594,-59.5,-4.0,153.11703902010086
34595,-59.5,-3.5,155.8660203308374
34596,-59.5,-3.0,149.97583946246215
34597,-59.5,-2.5,147.48805643723907
34598,-59.5,-0.5,170.02457056028857
34599,-59.5,0.0,150.0878642635755
34600,-59.5,0.5,152.03267212161913
34601,-59.5,1.0,150.08762961681614
34602,-59.5,1.5,146.51269229759268
34603,-59.5,2.0,149.51815269507367
34604,-59.5,2.5,155.1266959034256
34605,-59.5,3.0,155.8625499211007
34606,-59.5,3.5,157.47453434673872
34607,-59.5,4.0,153.62867666851227
34608,-59.5,4.5,146.51451318943808
34609,-59.5,5.0,149.40167299743854
34610,-59.5,5.5,146.90025315835243
34611,-59.5,6.0,147.5807139910061
34612,-59.5,6.5,149.8260959907703
34613,-59.5,7.0,148.57108350137284
34614,-59.5,7.5,146.5626850735924
34615,-59.5,8.0,151.84262361065515
34616,-59.5,8.5,152.7337188353522
34617,-59.5,9.0,152.42698883139366
34618,-59.5,9.5,150.3532617497202
34619,-59.5,10.0,154.46963091638762
34620,-59.5,10.5,159.75714470109864
34621,-59.5,11.0,154.93543196751338
34622,-59.5,11.5,152.42623254092987
34623,-59.5,12.0,151.92541547675106
34624,-59.5,12.5,154.2352264990459
34625,-59.5,13.0,154.65348515195026
34626,-59.5,13.5,154.98033424672383
34627,-59.5,14.0,155.8944568477514
34628,-59.5,14.5,154.50532152001773
34629,-59.5,15.0,155.7706255400202
34630,-59.5,15.5,155.04618971492653
34631,-59.5,16.0,153.58472644684892
34632,-59.5,16.5,152.46702716241825
34633,-59.5,17.0,152.18116810315857
34634,-59.5,17.5,151.64980004871595
34635,-59.5,18.0,149.65959405572065
34636,-59.5,18.5,149.9736744096499
34637,-59.5,19.0,152.53410210231138
34638,-59.5,19.5,149.66923575730593
34639,-59.5,20.0,149.66469302714867
34640,-59.5,20.5,148.65249509602654
34641,-59.5,21.0,150.6817350269847
34642,-59.5,21.5,148.95982014623814
34643,-59.5,22.0,150.48026889874063
34644,-59.5,22.5,153.21371321981647
34645,-59.5,23.0,149.24636351829173
34646,-59.5,23.5,149.47237804236727
34647,-59.5,24.0,147.71530928161187
34648,-59.5,24.5,152.71079127601323
34649,-59.5,25.0,150.6654625204895
34650,-59.5,25.5,150.16904557188002
34651,-59.5,26.0,151.43353239066673
34652,-59.5,26.5,149.9058201238779
34653,-59.5,27.0,151.4030507203803
34654,-59.5,27.5,149.70919336336553
34655,-59.5,28.0,149.41433074648302
34656,-59.5,28.5,149.8107772879007
34657,-59.5,29.0,150.69958843133344
34658,-59.5,29.5,151.32309127668017
34659,-59.5,30.0,153.21848752346617
34660,-59.5,30.5,156.52855580846833
34661,-59.5,31.0,148.84151743734648
34662,-59.5,31.5,154.47920147645547
34663,-59.5,32.0,150.95253777971973
34664,-59.5,32.5,152.33425468113654
34665,-59.5,33.0,147.92687117502103
34666,-59.5,33.5,150.04291885586198
34667,-59.5,34.0,149.32731697522962
34668,-59.5,34.5,148.23925643787715
34669,-59.5,35.0,148.64362919855702
34670,-59.5,35.5,148.35180743867457
34671,-59.5,36.0,150.12254639676544
34672,-59.5,36.5,149.88326199085384
34673,-59.5,37.0,148.53279119453066
34674,-59.5,37.5,155.7601960952813
34675,-59.0,-38.5,161.65794915474743
34676,-59.0,-37.5,159.3335919536048
34677,-59.0,-37.0,159.85937417181557
34678,-59.0,-36.5,162.04578796260012
34679,-59.0,-36.0,161.14193531874503
34680,-59.0,-35.5,160.74451778354216
34681,-59.0,-35.0,156.7451969366148
34682,-59.0,-34.0,161.20134916223495
34683,-59.0,-33.5,161.99853469274322
34684,-59.0,-32.5,156.7048816394582
34685,-59.0,-32.0,159.52283039633042
34686,-59.0,-31.5,156.95333021553753
34687,-59.0,-31.0,157.50322078934823
34688,-59.0,-30.5,158.90048288012883
34689,-59.0,-30.0,161.17511089264173
34690,-59.0,-29.5,160.16121749671439
34691,-59.0,-29.0,163.28377170459441
34692,-59.0,-28.5,161.43177523840862
34693,-59.0,-28.0,160.92684824419004
34694,-59.0,-27.5,157.0706967870333
34695,-59.0,-27.0,155.8769878573672
34696,-59.0,-26.5,154.90033119931354
34697,-59.0,-26.0,156.2303919057576
34698,-59.0,-25.5,156.75471595311612
34699,-59.0,-25.0,152.52015269255148
34700,-59.0,-24.5,146.50639108018777
34701,-59.0,-24.0,149.99227626327044
34702,-59.0,-23.5,156.3087253808678
34703,-59.0,-22.5,150.77044805505338
34704,-59.0,-22.0,152.78982190867436
34705,-59.0,-21.5,155.10212651902725
34706,-59.0,-20.5,152.5929119501131
34707,-59.0,-20.0,151.91291720643773
34708,-59.0,-19.5,145.11808236677095
34709,-59.0,-19.0,145.86110831611023
34710,-59.0,-18.0,145.60686980117384
34711,-59.0,-17.5,148.02923688634942
34712,-59.0,-17.0,148.27509212339015
34713,-59.0,-16.5,149.17902916089955
34714,-59.0,-16.0,146.98853581943254
34715,-59.0,-15.5,146.44291087570824
34716,-59.0,-15.0,148.70772341026458
34717,-59.0,-14.5,150.31857554330955
34718,-59.0,-14.0,152.2571277122811
34719,-59.0,-13.5,153.49336116730066
34720,-59.0,-13.0,149.57020471433842
34721,-59.0,-12.5,148.2191064508316
34722,-59.0,-12.0,145.62252199058838
34723,-59.0,-11.5,149.29738516168132
34724,-59.0,-11.0,147.9185643535261
34725,-59.0,-10.5,146.62363064470992
34726,-59.0,-10.0,150.57845489521048
34727,-59.0,-9.5,148.77451172551372
34728,-59.0,-8.0,146.52097557246356
34729,-59.0,-7.5,149.83816731340815
34730,-59.0,-7.0,154.08715883148312
34731,-59.0,-6.5,152.26646734088692
34732,-59.0,-6.0,149.3675581666472
34733,-59.0,-5.5,147.4206998846214
34734,-59.0,-5.0,149.1597098295688
34735,-59.0,-4.5,148.68504971995367
34736,-59.0,-4.0,152.47633756725148
34737,-59.0,-3.5,162.669610535516
34738,-59.0,-3.0,154.53945945289766
34739,-59.0,-2.5,147.76275974722972
34740,-59.0,-2.0,150.63456610243867
34741,-59.0,0.0,150.0162935869751
34742,-59.0,0.5,145.25956588759928
34743,-59.0,1.0,149.30753321723236
34744,-59.0,1.5,147.2233158982291
34745,-59.0,2.0,147.81250074342057
34746,-59.0,2.5,148.1298443935059
34747,-59.0,3.0,151.8045515442044
34748,-59.0,3.5,149.69806145457378
34749,-59.0,4.0,146.53037683134488
34750,-59.0,4.5,147.30534234284679
34751,-59.0,5.0,148.90092486737973
34752,-59.0,5.5,145.1689686928617
34753,-59.0,6.0,150.99330768438924
34754,-59.0,6.5,150.77344831505022
34755,-59.0,7.0,147.54572057608553
34756,-59.0,7.5,148.53357629466308
34757,-59.0,8.5,152.90460709794658
34758,-59.0,9.0,154.32233300768212
34759,-59.0,9.5,157.63812647817755
34760,-59.0,10.0,154.9211424444732
34761,-59.0,10.5,154.62969932742504
34762,-59.0,11.0,154.70799841634215
34763,-59.0,12.0,152.36010744770337
34764,-59.0,12.5,153.72224035384517
34765,-59.0,13.0,154.91308734907545
34766,-59.0,13.5,155.1492731500484
34767,-59.0,14.0,151.87107987227918
34768,-59.0,14.5,156.98222866093684
34769,-59.0,15.0,156.17096578028406
34770,-59.0,15.5,154.42214871345675
34771,-59.0,16.0,154.65245076435323
34772,-59.0,16.5,151.43219244070895
34773,-59.0,17.0,152.13644242136326
34774,-59.0,17.5,150.7600713085955
34775,-59.0,18.0,149.59003353387953
34776,-59.0,18.5,148.3385996818959
34777,-59.0,19.0,150.26717839870201
34778,-59.0,19.5,150.33958890119692
34779,-59.0,20.0,148.88722958764876
34780,-59.0,20.5,148.70309151670463
34781,-59.0,21.0,151.12750151502206
34782,-59.0,21.5,149.5733500125679
34783,-59.0,22.0,148.85406667230276
34784,-59.0,22.5,151.59583714884005
34785,-59.0,23.0,149.33383226088776
34786,-59.0,23.5,149.60928476319174
34787,-59.0,24.0,148.19097452393373
34788,-59.0,24.5,150.48519098325872
34789,-59.0,25.0,153.94779317976537
34790,-59.0,25.5,150.4523050326617
34791,-59.0,26.0,151.07183164592948
34792,-59.0,26.5,150.85253659381567
34793,-59.0,27.0,151.129832100104
34794,-59.0,27.5,149.56856484371642
34795,-59.0,28.0,149.26427491076396
34796,-59.0,28.5,149.80221254863395
34797,-59.0,29.0,150.451039481795
34798,-59.0,29.5,150.5168692193684
34799,-59.0,30.0,158.2340932161562
34800,-59.0,30.5,153.419674658379
34801,-59.0,31.0,147.45138862663484
34802,-59.0,31.5,155.927255407239
34803,-59.0,32.0,152.04307210840736
34804,-59.0,32.5,152.1776209527158
34805,-59.0,33.0,148.41323306993388
34806,-59.0,33.5,149.38514624460035
34807,-59.0,34.0,149.42285237712287
34808,-59.0,34.5,148.8400273200827
34809,-59.0,35.0,148.71348667940086
34810,-59.0,35.5,149.63260201496618
34811,-59.0,36.0,148.1658721501354
34812,-59.0,36.5,151.57853440364093
34813,-59.0,37.0,148.2875317032953
34814,-59.0,37.5,151.07786610178601
34815,-58.5,-38.5,162.0522496776773
34816,-58.5,-37.5,160.86400313434376
34817,-58.5,-37.0,159.46738237016754
34818,-58.5,-36.5,162.54671454566667
34819,-58.5,-36.0,162.35849007758313
34820,-58.5,-35.5,158.5210343624123
34821,-58.5,-35.0,154.1252063130063
34822,-58.5,-34.0,158.20435884107948
34823,-58.5,-33.5,158.63022987181157
34824,-58.5,-32.5,156.26357967758685
34825,-58.5,-32.0,158.74835312899594
34826,-58.5,-31.5,157.17006509702898
34827,-58.5,-31.0,158.53951175157783
34828,-58.5,-30.5,159.37490664218356
34829,-58.5,-30.0,161.142449457205
34830,-58.5,-29.5,157.07576880457472
34831,-58.5,-29.0,159.84726247174214
34832,-58.5,-28.5,163.60197273779573
34833,-58.5,-28.0,158.58141320550234
34834,-58.5,-27.5,160.47809511068107
34835,-58.5,-27.0,159.63855997816012
34836,-58.5,-26.5,156.26032589037177
34837,-58.5,-26.0,162.97385811181798
34838,-58.5,-25.5,157.2982558684402
34839,-58.5,-25.0,158.05234607370727
34840,-58.5,-24.5,147.319717671736
34841,-58.5,-24.0,151.12836310050326
34842,-58.5,-23.5,157.75916659717106
34843,-58.5,-23.0,160.33894854404738
34844,-58.5,-22.5,149.7930153751634
34845,-58.5,-22.0,153.00025393517546
34846,-58.5,-21.5,154.12553881986992
34847,-58.5,-21.0,151.44153863661634
34848,-58.5,-20.5,151.39347089899897
34849,-58.5,-20.0,156.49804335314593
34850,-58.5,-19.5,144.87803310414347
34851,-58.5,-19.0,147.1826453840925
34852,-58.5,-18.5,144.76657100896378
34853,-58.5,-18.0,149.76946565962473
34854,-58.5,-17.5,147.439327084694
34855,-58.5,-17.0,158.6411806233156
34856,-58.5,-16.5,149.56037921226147
34857,-58.5,-16.0,146.66035493000305
34858,-58.5,-15.5,148.9939251794077
34859,-58.5,-15.0,148.62981079204656
34860,-58.5,-14.5,155.34721796419106
34861,-58.5,-14.0,152.9784354775454
34862,-58.5,-13.5,148.08890616793425
34863,-58.5,-13.0,146.57215263453082
34864,-58.5,-12.5,147.21337767239328
34865,-58.5,-12.0,149.02040102518026
34866,-58.5,-11.5,151.1786408031142
34867,-58.5,-11.0,152.592669190086
34868,-58.5,-10.5,147.74564131619815
34869,-58.5,-10.0,149.81138285848985
34870,-58.5,-9.5,156.27065828050257
34871,-58.5,-8.0,148.9096702800008
34872,-58.5,-7.5,147.04306657596743
34873,-58.5,-7.0,151.6983725647972
34874,-58.5,-6.5,152.41180363856142
34875,-58.5,-6.0,150.22451555888998
34876,-58.5,-5.5,147.40003128946034
34877,-58.5,-5.0,146.9485508134539
34878,-58.5,-4.5,151.98802859264376
34879,-58.5,-3.5,155.98848559649144
34880,-58.5,-3.0,151.87899502268078
34881,-58.5,-2.5,149.99741978085441
34882,-58.5,-2.0,146.4037403764434
34883,-58.5,-0.5,149.6919108214735
34884,-58.5,0.0,149.73433137068167
34885,-58.5,0.5,144.73991481111528
34886,-58.5,1.0,148.75961171205412
34887,-58.5,1.5,149.87567167311818
34888,-58.5,2.0,146.7255593340599
34889,-58.5,2.5,152.17086995666364
34890,-58.5,3.0,150.8322826330899
34891,-58.5,3.5,146.3646372432833
34892,-58.5,4.0,152.37268137114896
34893,-58.5,4.5,147.1167489568929
34894,-58.5,5.0,144.91754840662256
34895,-58.5,5.5,147.2374156636771
34896,-58.5,6.0,151.41695619560582
34897,-58.5,6.5,151.4622049507849
34898,-58.5,7.0,151.40671111567102
34899,-58.5,7.5,150.74168034872855
34900,-58.5,8.0,149.31592297597075
34901,-58.5,8.5,155.13631511109375
34902,-58.5,9.0,156.08605163412702
34903,-58.5,9.5,154.52268466110496
34904,-58.5,10.5,153.23381815710985
34905,-58.5,12.0,153.00729151337603
34906,-58.5,12.5,154.3122788737208
34907,-58.5,13.0,155.69404499378805
34908,-58.5,13.5,153.466508180729
34909,-58.5,14.0,151.7003787799946
34910,-58.5,14.5,156.80111979733567
34911,-58.5,15.0,154.7390095690192
34912,-58.5,15.5,153.86782927394964
34913,-58.5,16.0,153.0216921535475
34914,-58.5,16.5,151.08711971623913
34915,-58.5,17.0,150.01858103281748
34916,-58.5,17.5,150.45147275725608
34917,-58.5,18.0,149.5599119117945
34918,-58.5,18.5,149.9570088724408
34919,-58.5,19.0,148.48022264697704
34920,-58.5,19.5,151.66578297228492
34921,-58.5,20.0,149.6419875061934
34922,-58.5,20.5,148.75221432621214
34923,-58.5,21.0,147.05589292948716
34924,-58.5,21.5,152.6779574464251
34925,-58.5,22.0,148.85843098907296
34926,-58.5,22.5,149.68541432869569
34927,-58.5,23.0,150.4999713859854
34928,-58.5,23.5,149.64112463035912
34929,-58.5,24.0,148.9940221441443
34930,-58.5,24.5,147.23494340626348
34931,-58.5,25.0,152.86440199098982
34932,-58.5,25.5,151.2728393215106
34933,-58.5,26.0,150.45843196688776
34934,-58.5,26.5,152.7511346632461
34935,-58.5,27.0,150.7627030217178
34936,-58.5,27.5,149.4376252033171
34937,-58.5,28.0,149.01924889028456
34938,-58.5,28.5,149.90447903359123
34939,-58.5,29.0,150.41367906622017
34940,-58.5,29.5,150.92794859608168
34941,-58.5,30.0,159.7091900617997
34942,-58.5,30.5,153.0756291037005
34943,-58.5,31.5,152.48472680994416
34944,-58.5,32.0,154.65666739822655
34945,-58.5,32.5,149.8154441637483
34946,-58.5,33.0,150.75721850893365
34947,-58.5,33.5,149.22138997750073
34948,-58.5,34.0,149.55152676079896
34949,-58.5,34.5,148.66076459909965
34950,-58.5,35.0,148.67739353962375
34951,-58.5,35.5,149.76721495711956
34952,-58.5,36.0,147.76338092874587
34953,-58.5,36.5,151.80790173552106
34954,-58.5,37.0,148.03553515571906
34955,-58.5,37.5,150.74223208124468
34956,-58.0,-38.5,160.50681537271686
34957,-58.0,-37.5,161.72702537790136
34958,-58.0,-37.0,160.4544170035202
34959,-58.0,-36.5,161.88859636771699
34960,-58.0,-36.0,161.66627760144098
34961,-58.0,-35.5,158.15831630993884
34962,-58.0,-35.0,152.38885598597102
34963,-58.0,-34.0,158.78958220382054
34964,-58.0,-33.5,153.79089424594594
34965,-58.0,-33.0,153.70160423427404
34966,-58.0,-32.5,156.06557167005775
34967,-58.0,-32.0,155.89516416235503
34968,-58.0,-31.5,153.98035245229227
34969,-58.0,-31.0,156.08045373791617
34970,-58.0,-30.5,160.3342449404714
34971,-58.0,-30.0,159.57420604166754
34972,-58.0,-29.5,159.18519314262798
34973,-58.0,-29.0,158.8316965672768
34974,-58.0,-28.5,165.39525523443027
34975,-58.0,-28.0,161.07028786096993
34976,-58.0,-27.5,163.64701829602365
34977,-58.0,-27.0,162.45387802490092
34978,-58.0,-26.5,158.9647361393077
34979,-58.0,-26.0,155.47519945906308
34980,-58.0,-25.5,156.8980933859122
34981,-58.0,-25.0,151.98877312587052
34982,-58.0,-24.5,154.23615704175648
34983,-58.0,-24.0,151.85510751639012
34984,-58.0,-23.0,160.9573738825679
34985,-58.0,-22.5,150.24772709866207
34986,-58.0,-22.0,153.93090187882896
34987,-58.0,-21.0,153.03201006546337
34988,-58.0,-20.5,152.55925305927155
34989,-58.0,-20.0,162.35010672415157
34990,-58.0,-19.5,154.9402897570411
34991,-58.0,-19.0,148.2788974158703
34992,-58.0,-18.5,146.0834057985491
34993,-58.0,-18.0,148.75789946674337
34994,-58.0,-17.5,159.79002855309815
34995,-58.0,-17.0,152.00854862233558
34996,-58.0,-16.0,152.5707054354315
34997,-58.0,-15.5,148.58897686849193
34998,-58.0,-15.0,147.229300316345
34999,-58.0,-14.5,148.919742340847
35000,-58.0,-14.0,152.73336683457572
35001,-58.0,-13.5,149.6105241583074
35002,-58.0,-13.0,146.41130832166738
35003,-58.0,-12.5,148.51559675267862
35004,-58.0,-12.0,150.19028888374595
35005,-58.0,-11.5,149.82072675902506
35006,-58.0,-11.0,146.805913853019
35007,-58.0,-10.5,146.89506883196742
35008,-58.0,-10.0,150.07772407463082
35009,-58.0,-9.5,160.10172737369396
35010,-58.0,-9.0,161.4983181720927
35011,-58.0,-7.5,149.61204468492502
35012,-58.0,-7.0,149.88539252512197
35013,-58.0,-6.5,150.53124362165048
35014,-58.0,-6.0,154.23815565906082
35015,-58.0,-5.5,146.7865901871763
35016,-58.0,-5.0,148.34413082712754
35017,-58.0,-4.5,152.09954107580728
35018,-58.0,-4.0,151.61676522985732
35019,-58.0,-3.5,154.08451352191776
35020,-58.0,-2.5,153.6616470232527
35021,-58.0,-1.5,145.85829775069533
35022,-58.0,-0.5,151.0766924762707
35023,-58.0,0.0,148.0910102871375
35024,-58.0,1.0,149.04149081144098
35025,-58.0,1.5,145.86416241987652
35026,-58.0,2.0,152.15704448929066
35027,-58.0,2.5,149.44022406424213
35028,-58.0,3.0,148.19009238021732
35029,-58.0,3.5,145.16262806962558
35030,-58.0,4.0,148.86104760855625
35031,-58.0,4.5,143.91805079419663
35032,-58.0,5.0,144.51639323830096
35033,-58.0,5.5,150.32675922010688
35034,-58.0,6.0,156.733599749174
35035,-58.0,6.5,155.72576965156583
35036,-58.0,7.0,151.82094461793452
35037,-58.0,7.5,150.06991923531973
35038,-58.0,8.0,149.34073008857519
35039,-58.0,9.0,156.16541822973628
35040,-58.0,9.5,154.5428883614782
35041,-58.0,10.0,154.8202515164511
35042,-58.0,10.5,150.70544351020098
35043,-58.0,11.0,152.5911730275349
35044,-58.0,11.5,152.94885601461257
35045,-58.0,12.0,153.15155308453708
35046,-58.0,12.5,154.1200556287279
35047,-58.0,13.0,157.87597141787055
35048,-58.0,13.5,153.620812010695
35049,-58.0,14.0,156.6851880007035
35050,-58.0,15.0,154.18168157744202
35051,-58.0,15.5,154.11178055216942
35052,-58.0,16.0,151.1496527748102
35053,-58.0,16.5,151.69455128854977
35054,-58.0,17.0,150.34514092723575
35055,-58.0,17.5,149.4687736936
35056,-58.0,18.0,151.002346813788
35057,-58.0,18.5,149.53170842974635
35058,-58.0,19.0,147.88128623246928
35059,-58.0,19.5,149.47288885505097
35060,-58.0,20.0,150.45307971849314
35061,-58.0,20.5,148.4862683285826
35062,-58.0,21.0,148.53297215175837
35063,-58.0,21.5,150.74065165372366
35064,-58.0,22.0,150.58727588281337
35065,-58.0,22.5,148.58315602311137
35066,-58.0,23.0,151.32861095110988
35067,-58.0,23.5,149.45276965019167
35068,-58.0,24.0,149.17406731809953
35069,-58.0,24.5,147.43913762967924
35070,-58.0,25.0,150.9456446057575
35071,-58.0,25.5,152.6218535123119
35072,-58.0,26.0,150.81675243530296
35073,-58.0,26.5,150.74301671192507
35074,-58.0,27.0,151.2248891897314
35075,-58.0,27.5,149.4008403246349
35076,-58.0,28.0,149.26338548155962
35077,-58.0,28.5,149.96750902712
35078,-58.0,29.0,148.86003328462618
35079,-58.0,29.5,150.23381629879708
35080,-58.0,30.0,154.74118428102457
35081,-58.0,30.5,153.43782314381355
35082,-58.0,31.5,153.06764089211492
35083,-58.0,32.0,155.7128475967339
35084,-58.0,32.5,148.94120730969507
35085,-58.0,33.0,150.91932462216243
35086,-58.0,33.5,149.01252432324537
35087,-58.0,34.0,149.8068091698851
35088,-58.0,34.5,148.9666035310524
35089,-58.0,35.0,148.72478649999323
35090,-58.0,35.5,149.22728916165042
35091,-58.0,36.0,147.828083955083
35092,-58.0,36.5,152.00423427104744
35093,-58.0,37.0,147.9420883649611
35094,-58.0,37.5,150.3941229772818
35095,-57.5,-38.5,159.2290893826464
35096,-57.5,-37.5,162.34939792795825
35097,-57.5,-37.0,162.31180579876087
35098,-57.5,-36.5,161.63862609369488
35099,-57.5,-36.0,159.90108870790402
35100,-57.5,-35.5,157.04621465148415
35101,-57.5,-35.0,158.01332080956283
35102,-57.5,-34.5,148.4039842331551
35103,-57.5,-34.0,161.43886266716018
35104,-57.5,-33.5,151.88448639564393
35105,-57.5,-33.0,153.95846574205268
35106,-57.5,-32.5,154.09954910072608
35107,-57.5,-32.0,155.0677341413865
35108,-57.5,-31.5,156.34972540583277
35109,-57.5,-31.0,156.69571494089934
35110,-57.5,-30.5,162.22280608588824
35111,-57.5,-30.0,157.54493869690214
35112,-57.5,-29.5,159.37554544369286
35113,-57.5,-29.0,160.90078347214273
35114,-57.5,-28.5,160.3355302652865
35115,-57.5,-28.0,162.95989053154346
35116,-57.5,-27.5,162.134034401706
35117,-57.5,-27.0,161.74182512926072
35118,-57.5,-26.5,154.5552494853808
35119,-57.5,-26.0,157.71782215895882
35120,-57.5,-25.5,155.31548938598084
35121,-57.5,-25.0,154.67747231846576
35122,-57.5,-24.5,157.71797366965563
35123,-57.5,-24.0,152.84590773899723
35124,-57.5,-23.0,152.56500872604022
35125,-57.5,-22.5,154.15581333020435
35126,-57.5,-22.0,151.42765800671467
35127,-57.5,-21.5,151.812580758491
35128,-57.5,-21.0,151.08214287012285
35129,-57.5,-20.5,154.076633583479
35130,-57.5,-20.0,154.58897555150145
35131,-57.5,-19.5,164.27519717234551
35132,-57.5,-19.0,157.85951095866602
35133,-57.5,-18.5,160.01971969836345
35134,-57.5,-18.0,155.07202675455662
35135,-57.5,-17.5,162.1473832409532
35136,-57.5,-17.0,155.861895683221
35137,-57.5,-16.5,150.34839191463973
35138,-57.5,-16.0,149.70951669741075
35139,-57.5,-15.5,146.61343728204076
35140,-57.5,-15.0,147.4426930557317
35141,-57.5,-14.5,149.18736982108965
35142,-57.5,-14.0,150.61839395911738
35143,-57.5,-13.5,148.49906913446128
35144,-57.5,-13.0,146.2467248171867
35145,-57.5,-12.5,146.11661727377782
35146,-57.5,-12.0,149.45620696179995
35147,-57.5,-11.5,150.99177103876437
35148,-57.5,-11.0,146.47798470938844
35149,-57.5,-10.5,148.92312816312588
35150,-57.5,-10.0,147.10150323620633
35151,-57.5,-9.5,145.38706028589053
35152,-57.5,-9.0,162.26720491063588
35153,-57.5,-7.5,150.12823009879222
35154,-57.5,-7.0,148.2476782235735
35155,-57.5,-6.5,149.69381399080206
35156,-57.5,-6.0,153.4607115196041
35157,-57.5,-5.5,149.74719784401876
35158,-57.5,-5.0,149.14102723955486
35159,-57.5,-4.5,151.19982124355514
35160,-57.5,-4.0,153.42661485417162
35161,-57.5,-3.5,155.72331900758755
35162,-57.5,-2.5,148.9942517556876
35163,-57.5,-2.0,146.7925663524205
35164,-57.5,-1.5,145.34692023015282
35165,-57.5,-1.0,146.15123234419536
35166,-57.5,-0.5,144.92879156341962
35167,-57.5,0.0,154.64354275311712
35168,-57.5,0.5,149.8739545312469
35169,-57.5,1.0,143.24810648992997
35170,-57.5,1.5,156.09083156160008
35171,-57.5,2.0,152.8248554552398
35172,-57.5,2.5,149.06474088098565
35173,-57.5,3.0,148.52249970558776
35174,-57.5,3.5,151.72938597440648
35175,-57.5,4.0,144.5502545938638
35176,-57.5,4.5,143.12356794350833
35177,-57.5,5.0,149.8400545631782
35178,-57.5,5.5,150.57577683164553
35179,-57.5,6.0,154.53077709742817
35180,-57.5,6.5,152.55740752696278
35181,-57.5,7.0,149.97476344039853
35182,-57.5,7.5,150.25241499076145
35183,-57.5,8.0,150.10005960814422
35184,-57.5,8.5,149.74390345911974
35185,-57.5,9.5,153.30741468081405
35186,-57.5,10.0,155.38079739520913
35187,-57.5,10.5,155.4978770217167
35188,-57.5,11.0,152.1216575744164
35189,-57.5,11.5,153.03931117407902
35190,-57.5,12.0,153.22245349926376
35191,-57.5,13.0,151.94252553072567
35192,-57.5,13.5,158.45487475952575
35193,-57.5,14.0,158.35021103069246
35194,-57.5,14.5,154.72251853456157
35195,-57.5,15.0,154.6950766402004
35196,-57.5,15.5,152.08760302275414
35197,-57.5,16.0,151.49570140075593
35198,-57.5,16.5,150.89628837673618
35199,-57.5,17.0,150.52640453114472
35200,-57.5,17.5,149.09735554388905
35201,-57.5,18.0,150.57182069904553
35202,-57.5,18.5,148.64761409381637
35203,-57.5,19.0,149.232681926348
35204,-57.5,19.5,148.6148116634223
35205,-57.5,20.0,149.54107695945473
35206,-57.5,20.5,149.3224619323451
35207,-57.5,21.0,148.8812207851212
35208,-57.5,21.5,147.53157288314839
35209,-57.5,22.0,152.0875472348719
35210,-57.5,22.5,148.83808297004683
35211,-57.5,23.0,148.67333197703226
35212,-57.5,23.5,151.0582698520338
35213,-57.5,24.0,148.81656501268887
35214,-57.5,24.5,148.97302456412223
35215,-57.5,25.0,149.8867900122295
35216,-57.5,25.5,150.89394362097124
35217,-57.5,26.0,151.59266874544372
35218,-57.5,26.5,151.11289218609048
35219,-57.5,27.0,151.287413496199
35220,-57.5,27.5,149.1127760335131
35221,-57.5,28.0,149.43901540461252
35222,-57.5,28.5,150.57938161260003
35223,-57.5,29.0,149.1069321469701
35224,-57.5,29.5,149.70992143826518
35225,-57.5,30.0,152.45290470154865
35226,-57.5,30.5,159.72218902202326
35227,-57.5,31.5,153.29109679849566
35228,-57.5,32.0,156.49563172784883
35229,-57.5,32.5,149.66366051055897
35230,-57.5,33.0,151.2058620568703
35231,-57.5,33.5,149.01133607333801
35232,-57.5,34.0,149.6425939603688
35233,-57.5,34.5,149.05656303398507
35234,-57.5,35.0,148.84384526842172
35235,-57.5,35.5,148.95613654615508
35236,-57.5,36.0,147.68259961458872
35237,-57.5,36.5,151.62373661537683
35238,-57.5,37.0,150.21156328902865
35239,-57.5,37.5,149.93498934576064
35240,-57.0,-39.5,161.4876132828914
35241,-57.0,-38.5,158.90052040016258
35242,-57.0,-37.5,159.3483789903931
35243,-57.0,-37.0,161.4729636350971
35244,-57.0,-36.5,162.4066540023903
35245,-57.0,-36.0,156.45118118830192
35246,-57.0,-35.0,148.9941246005549
35247,-57.0,-34.5,150.08716667968622
35248,-57.0,-34.0,160.9141697235355
35249,-57.0,-33.5,151.92956688395526
35250,-57.0,-33.0,154.02426365327992
35251,-57.0,-32.5,156.40539602139523
35252,-57.0,-32.0,154.1601937680925
35253,-57.0,-31.5,155.42016263614664
35254,-57.0,-31.0,157.11299684238406
35255,-57.0,-30.5,161.2036104405458
35256,-57.0,-30.0,155.83379781820489
35257,-57.0,-29.5,158.18127724715433
35258,-57.0,-29.0,161.1316947720854
35259,-57.0,-28.5,158.35127665076516
35260,-57.0,-28.0,166.48978083453238
35261,-57.0,-27.5,160.03951792841724
35262,-57.0,-27.0,157.77119968672702
35263,-57.0,-26.0,153.23512180563904
35264,-57.0,-25.5,151.36024752142103
35265,-57.0,-25.0,157.9856881968903
35266,-57.0,-24.5,156.25588373489003
35267,-57.0,-23.5,149.1661600775168
35268,-57.0,-23.0,152.17185368874976
35269,-57.0,-22.5,153.80223578717184
35270,-57.0,-22.0,161.71008004296775
35271,-57.0,-21.5,150.18813259113512
35272,-57.0,-21.0,148.75148819483368
35273,-57.0,-20.5,149.9922681396403
35274,-57.0,-20.0,150.53792675111467
35275,-57.0,-19.5,158.08378526876515
35276,-57.0,-19.0,154.81020671602602
35277,-57.0,-18.5,161.70156894916212
35278,-57.0,-18.0,154.44423047878314
35279,-57.0,-17.5,153.2136302495907
35280,-57.0,-16.5,149.93036975141234
35281,-57.0,-16.0,151.53008699675635
35282,-57.0,-15.5,146.09728855224986
35283,-57.0,-15.0,148.8051150786344
35284,-57.0,-14.5,149.0710783902843
35285,-57.0,-14.0,146.80059993897436
35286,-57.0,-13.5,145.8294903110138
35287,-57.0,-13.0,150.151676348948
35288,-57.0,-12.5,148.4199461350766
35289,-57.0,-12.0,146.73136142048796
35290,-57.0,-11.5,148.733102314188
35291,-57.0,-11.0,150.1528934549908
35292,-57.0,-10.5,150.42884683110978
35293,-57.0,-10.0,146.52686774875502
35294,-57.0,-9.5,146.07177200065203
35295,-57.0,-8.0,151.00048280462775
35296,-57.0,-7.5,151.14642548906306
35297,-57.0,-7.0,146.8092807161115
35298,-57.0,-6.5,147.15452136903102
35299,-57.0,-6.0,148.70356702746477
35300,-57.0,-5.5,152.16895322521327
35301,-57.0,-5.0,150.87524931649014
35302,-57.0,-4.5,147.08476218883018
35303,-57.0,-3.5,147.40290302477024
35304,-57.0,-2.0,148.31844192176192
35305,-57.0,-1.5,145.43687692667686
35306,-57.0,-1.0,149.2490755925526
35307,-57.0,-0.5,145.24469352598535
35308,-57.0,0.0,150.9607383717761
35309,-57.0,0.5,148.74834768081575
35310,-57.0,1.0,147.09076509165763
35311,-57.0,1.5,159.21735977306685
35312,-57.0,2.0,151.81512559174007
35313,-57.0,2.5,150.0901262121933
35314,-57.0,3.0,148.1473236600625
35315,-57.0,3.5,148.04563686724399
35316,-57.0,4.0,141.53084569024816
35317,-57.0,4.5,146.10148089658827
35318,-57.0,5.0,152.2228067010163
35319,-57.0,5.5,152.47662358353523
35320,-57.0,6.0,155.31767065430918
35321,-57.0,6.5,147.65668259832142
35322,-57.0,7.0,149.068611446066
35323,-57.0,7.5,151.17386436872175
35324,-57.0,8.0,151.15669357398875
35325,-57.0,8.5,149.65003180591577
35326,-57.0,9.0,153.07180866753953
35327,-57.0,9.5,153.07984119065318
35328,-57.0,10.5,155.1895071890418
35329,-57.0,11.0,152.4467068662578
35330,-57.0,11.5,153.02000496090398
35331,-57.0,12.0,153.1018148999099
35332,-57.0,12.5,149.4714573124837
35333,-57.0,13.0,149.8750490003091
35334,-57.0,13.5,154.1396439261846
35335,-57.0,14.0,157.29451697794929
35336,-57.0,14.5,154.2258178686185
35337,-57.0,15.0,152.8524415835254
35338,-57.0,15.5,153.9335049634006
35339,-57.0,16.0,151.45452592558922
35340,-57.0,16.5,150.4020861930925
35341,-57.0,17.0,150.09278773662996
35342,-57.0,17.5,150.3979874754203
35343,-57.0,18.0,148.97659442920352
35344,-57.0,18.5,149.87941950281638
35345,-57.0,19.0,148.82211291775687
35346,-57.0,19.5,147.81024173878637
35347,-57.0,20.0,149.59149357518166
35348,-57.0,20.5,150.67174589044495
35349,-57.0,21.0,148.20897551691226
35350,-57.0,21.5,148.19262502416325
35351,-57.0,22.0,149.42150038636467
35352,-57.0,22.5,152.26338273970367
35353,-57.0,23.0,148.4746789617738
35354,-57.0,23.5,148.3754984030471
35355,-57.0,24.0,149.2422312425559
35356,-57.0,24.5,149.02585043866594
35357,-57.0,25.0,149.65364684613954
35358,-57.0,25.5,150.49077978663456
35359,-57.0,26.0,153.43233232408136
35360,-57.0,26.5,151.07083095635696
35361,-57.0,27.0,151.31750836578303
35362,-57.0,27.5,149.8471861341481
35363,-57.0,28.0,149.62647399960116
35364,-57.0,28.5,150.10177069418324
35365,-57.0,29.0,149.3407175208401
35366,-57.0,29.5,149.76428319054597
35367,-57.0,30.0,151.79666900349216
35368,-57.0,30.5,157.53497454396253
35369,-57.0,31.0,147.8428923159229
35370,-57.0,31.5,156.75680054419863
35371,-57.0,32.0,157.31057105245657
35372,-57.0,32.5,151.01202609810798
35373,-57.0,33.0,149.6376309756583
35374,-57.0,33.5,149.9957682847075
35375,-57.0,34.0,149.05510211885576
35376,-57.0,34.5,149.25849548026926
35377,-57.0,35.0,149.20582108710482
35378,-57.0,35.5,148.2436375460529
35379,-57.0,36.0,147.58426208691372
35380,-57.0,36.5,151.22946989050877
35381,-57.0,37.0,152.64629631932664
35382,-57.0,37.5,150.0416386995075
35383,-56.5,-38.5,158.6873927302261
35384,-56.5,-37.5,157.49889847111038
35385,-56.5,-37.0,155.15263716071857
35386,-56.5,-36.5,157.3975717985355
35387,-56.5,-36.0,154.8808862648516
35388,-56.5,-35.5,168.33438119849586
35389,-56.5,-35.0,148.63725695426268
35390,-56.5,-34.5,152.86821516750905
35391,-56.5,-34.0,161.34650602985036
35392,-56.5,-33.5,153.56907567773354
35393,-56.5,-33.0,158.7489182930197
35394,-56.5,-32.5,158.28428360648854
35395,-56.5,-32.0,154.7074486979222
35396,-56.5,-31.5,153.1976820910759
35397,-56.5,-31.0,155.01277706659357
35398,-56.5,-30.5,158.72692650594212
35399,-56.5,-30.0,158.43006787343614
35400,-56.5,-29.5,156.0101411243211
35401,-56.5,-29.0,159.94572347187687
35402,-56.5,-28.5,158.51897785214132
35403,-56.5,-28.0,160.12499200277773
35404,-56.5,-27.5,155.2280198863638
35405,-56.5,-27.0,156.67182631340768
35406,-56.5,-26.5,159.15227812361107
35407,-56.5,-26.0,151.33367030100788
35408,-56.5,-25.5,154.02469913257968
35409,-56.5,-25.0,152.88242727146277
35410,-56.5,-24.5,148.80470003713873
35411,-56.5,-23.5,152.24423477537434
35412,-56.5,-23.0,155.02735903814636
35413,-56.5,-22.5,154.1358556714094
35414,-56.5,-22.0,154.46097777087778
35415,-56.5,-21.5,150.3949003468537
35416,-56.5,-20.5,151.83237369010462
35417,-56.5,-20.0,150.33523686139253
35418,-56.5,-19.5,156.30660202996916
35419,-56.5,-19.0,154.6454671004146
35420,-56.5,-18.5,154.73673303063327
35421,-56.5,-18.0,153.49855004943902
35422,-56.5,-17.5,149.1495156519441
35423,-56.5,-17.0,150.2278467761091
35424,-56.5,-16.5,151.52788453074044
35425,-56.5,-16.0,151.67906431668243
35426,-56.5,-15.5,152.26349140625243
35427,-56.5,-15.0,152.11178352310662
35428,-56.5,-14.5,145.817300595294
35429,-56.5,-14.0,147.5460151232939
35430,-56.5,-13.5,148.05984355335906
35431,-56.5,-13.0,151.61309538322507
35432,-56.5,-12.5,150.45856432676973
35433,-56.5,-12.0,147.4192542040884
35434,-56.5,-11.5,149.42865935841184
35435,-56.5,-11.0,151.23110057328702
35436,-56.5,-10.5,150.26617646750177
35437,-56.5,-9.5,148.64845820066972
35438,-56.5,-9.0,145.4324991424513
35439,-56.5,-8.5,151.68534996166375
35440,-56.5,-8.0,151.19980007961632
35441,-56.5,-7.5,151.76539498055206
35442,-56.5,-6.5,146.76344238562396
35443,-56.5,-6.0,150.17461731833436
35444,-56.5,-5.5,147.40822523046543
35445,-56.5,-5.0,152.6478421734166
35446,-56.5,-4.5,145.65401290395403
35447,-56.5,-4.0,145.69374907075738
35448,-56.5,-3.5,146.98230236256785
35449,-56.5,-3.0,149.09954812410294
35450,-56.5,-1.5,149.33343253525476
35451,-56.5,-1.0,143.8668153532048
35452,-56.5,-0.5,147.58972921680243
35453,-56.5,0.0,150.74451471652588
35454,-56.5,0.5,144.94986463262114
35455,-56.5,1.0,160.39182300071934
35456,-56.5,1.5,151.03318509992474
35457,-56.5,2.0,153.65021849260688
35458,-56.5,2.5,148.90147143547085
35459,-56.5,3.0,149.27583846674645
35460,-56.5,3.5,143.3985935907138
35461,-56.5,4.0,145.06010061238365
35462,-56.5,4.5,149.65191867975813
35463,-56.5,5.0,146.8495918051592
35464,-56.5,5.5,149.86213293531227
35465,-56.5,6.0,151.37194973511114
35466,-56.5,6.5,148.42905663345132
35467,-56.5,7.0,149.54512638287125
35468,-56.5,7.5,151.64337707344126
35469,-56.5,8.0,150.6544196615625
35470,-56.5,8.5,151.7188390923159
35471,-56.5,9.0,151.04040336837346
35472,-56.5,10.5,152.8777715624043
35473,-56.5,11.0,154.75850823342384
35474,-56.5,11.5,152.30228576121522
35475,-56.5,12.0,153.57520427575423
35476,-56.5,12.5,149.39985818172116
35477,-56.5,13.5,152.6958929209118
35478,-56.5,14.0,155.4922917167456
35479,-56.5,14.5,156.47163742463468
35480,-56.5,15.0,152.24994405801746
35481,-56.5,16.0,155.47533102319807
35482,-56.5,16.5,150.37269968522565
35483,-56.5,17.0,150.62553423670843
35484,-56.5,17.5,150.17788466200264
35485,-56.5,18.0,148.47920819513905
35486,-56.5,18.5,149.474198072577
35487,-56.5,19.0,149.3118660570029
35488,-56.5,19.5,149.012114389191
35489,-56.5,20.0,148.07883977459525
35490,-56.5,20.5,150.14144883676587
35491,-56.5,21.0,149.85440377660046
35492,-56.5,21.5,148.4426565012864
35493,-56.5,22.0,148.52112914924288
35494,-56.5,22.5,150.91388999828038
35495,-56.5,23.0,149.27861857302787
35496,-56.5,23.5,147.894383786033
35497,-56.5,24.0,149.1619422427972
35498,-56.5,24.5,149.4857368002325
35499,-56.5,25.0,149.07078953921624
35500,-56.5,25.5,151.1021891770748
35501,-56.5,26.0,153.06659631684403
35502,-56.5,26.5,151.61868317712177
35503,-56.5,27.0,150.94119557622037
35504,-56.5,27.5,149.90364379600956
35505,-56.5,28.0,150.0154331906623
35506,-56.5,28.5,149.8401627959188
35507,-56.5,29.0,149.1358670971336
35508,-56.5,29.5,149.5239634771207
35509,-56.5,30.0,154.16167694456064
35510,-56.5,30.5,151.25975399341564
35511,-56.5,31.0,152.61015729122767
35512,-56.5,31.5,161.1201771008227
35513,-56.5,32.0,158.02044117564566
35514,-56.5,32.5,152.1216176870766
35515,-56.5,33.0,149.8491036115382
35516,-56.5,33.5,150.54665344023695
35517,-56.5,34.0,148.16957873555626
35518,-56.5,34.5,149.64493390517677
35519,-56.5,35.0,149.74341449804155
35520,-56.5,35.5,147.6029273140102
35521,-56.5,36.0,148.17789346086502
35522,-56.5,36.5,152.82013348958182
35523,-56.5,37.0,153.20939956550995
35524,-56.5,37.5,149.43001409942178
35525,-56.0,-38.5,158.5533219233771
35526,-56.0,-37.5,157.7036793167048
35527,-56.0,-37.0,155.00277798487767
35528,-56.0,-36.5,155.81724397041984
35529,-56.0,-36.0,154.48419775466303
35530,-56.0,-35.5,167.18762022582453
35531,-56.0,-35.0,149.6357765521506
35532,-56.0,-34.5,159.55981363689992
35533,-56.0,-33.5,153.56746837385822
35534,-56.0,-33.0,152.36306211713858
35535,-56.0,-32.5,160.68007263037472
35536,-56.0,-32.0,154.36293528319035
35537,-56.0,-31.5,153.69152304531517
35538,-56.0,-31.0,156.01521240598865
35539,-56.0,-30.5,159.49427752179338
35540,-56.0,-30.0,156.95305846551622
35541,-56.0,-29.5,158.96882315639252
35542,-56.0,-29.0,156.34270740764802
35543,-56.0,-28.5,157.43325221323747
35544,-56.0,-28.0,153.78731076966776
35545,-56.0,-27.5,152.27595814456112
35546,-56.0,-27.0,153.78315225829058
35547,-56.0,-26.5,155.6923254627701
35548,-56.0,-26.0,153.12768938317933
35549,-56.0,-25.5,151.44953271186733
35550,-56.0,-25.0,150.46699933274977
35551,-56.0,-24.5,147.33038403127875
35552,-56.0,-24.0,151.1655576828695
35553,-56.0,-23.5,150.29669445522399
35554,-56.0,-23.0,153.87863540348854
35555,-56.0,-22.5,151.93144723091262
35556,-56.0,-22.0,151.10336783304675
35557,-56.0,-21.5,161.37495271440022
35558,-56.0,-21.0,150.35864829215683
35559,-56.0,-20.5,151.21004153359996
35560,-56.0,-20.0,152.60685328190866
35561,-56.0,-19.0,155.51306977264224
35562,-56.0,-18.5,152.75515330760757
35563,-56.0,-18.0,154.8056700827527
35564,-56.0,-17.5,155.25436477212972
35565,-56.0,-17.0,149.4558806434913
35566,-56.0,-16.5,153.18316084787313
35567,-56.0,-16.0,151.2154043224147
35568,-56.0,-15.5,152.10072811865518
35569,-56.0,-15.0,153.19703576131064
35570,-56.0,-14.5,146.32728752316933
35571,-56.0,-14.0,146.8485826755706
35572,-56.0,-13.5,149.4828518138666
35573,-56.0,-13.0,152.59989056440105
35574,-56.0,-12.5,152.0082705695215
35575,-56.0,-12.0,150.084388010944
35576,-56.0,-11.5,149.08142916522996
35577,-56.0,-11.0,148.63470619035266
35578,-56.0,-10.5,157.1872124259831
35579,-56.0,-9.0,145.45806235071373
35580,-56.0,-8.5,149.1051087848496
35581,-56.0,-8.0,151.1418599925578
35582,-56.0,-7.0,146.00613344472805
35583,-56.0,-6.5,150.21886279023587
35584,-56.0,-6.0,147.82105685666343
35585,-56.0,-5.5,151.1927821406364
35586,-56.0,-5.0,151.0357627545041
35587,-56.0,-4.5,150.36436426320725
35588,-56.0,-4.0,145.5717355050198
35589,-56.0,-3.5,145.50256190986858
35590,-56.0,-3.0,145.98773732947632
35591,-56.0,-2.5,146.68849735650898
35592,-56.0,-1.5,148.8913215461726
35593,-56.0,-1.0,148.17706660568166
35594,-56.0,-0.5,150.65034720934943
35595,-56.0,0.0,144.94977600154525
35596,-56.0,0.5,147.12198245295065
35597,-56.0,1.0,149.73598740937427
35598,-56.0,1.5,151.1995870528911
35599,-56.0,2.5,150.91215938036163
35600,-56.0,3.0,145.16261644990234
35601,-56.0,3.5,146.17693358767005
35602,-56.0,4.0,147.22026700622047
35603,-56.0,4.5,151.0225507860494
35604,-56.0,5.0,144.61107076838897
35605,-56.0,5.5,148.10212739666315
35606,-56.0,6.0,148.96300107959195
35607,-56.0,6.5,148.92462404814384
35608,-56.0,7.0,150.0721481649446
35609,-56.0,8.0,152.11050812329057
35610,-56.0,8.5,152.04626407317926
35611,-56.0,9.0,150.50506560456438
35612,-56.0,9.5,150.16267937379874
35613,-56.0,10.0,151.90666541195958
35614,-56.0,10.5,151.91446118477685
35615,-56.0,11.0,153.88943268667163
35616,-56.0,11.5,156.65581775657984
35617,-56.0,12.0,151.13789400033588
35618,-56.0,12.5,154.45743819797843
35619,-56.0,13.5,154.47699805016524
35620,-56.0,14.0,153.327787992421
35621,-56.0,14.5,155.1264331954529
35622,-56.0,15.0,152.10248520693057
35623,-56.0,15.5,151.9594132843476
35624,-56.0,16.0,153.73216813782733
35625,-56.0,16.5,150.40389531759556
35626,-56.0,17.0,150.70824539173853
35627,-56.0,17.5,149.72932446739463
35628,-56.0,18.0,149.9539259742863
35629,-56.0,18.5,148.6737217312134
35630,-56.0,19.0,149.62484190704913
35631,-56.0,19.5,149.00335140359266
35632,-56.0,20.0,147.89259352999198
35633,-56.0,20.5,149.72102522988394
35634,-56.0,21.0,149.70831963135544
35635,-56.0,21.5,148.2350815881234
35636,-56.0,22.0,149.34499260157557
35637,-56.0,22.5,149.3885247858338
35638,-56.0,23.0,150.67715835544087
35639,-56.0,23.5,148.14155914168646
35640,-56.0,24.0,149.0003923748413
35641,-56.0,24.5,149.9603953920131
35642,-56.0,25.0,148.62198566293313
35643,-56.0,25.5,151.06879124755082
35644,-56.0,26.0,151.67118032842126
35645,-56.0,26.5,151.68988049666183
35646,-56.0,27.0,151.40775715061142
35647,-56.0,27.5,151.05273335528295
35648,-56.0,28.0,149.98422354149224
35649,-56.0,28.5,149.70810474200763
35650,-56.0,29.0,149.73064819519053
35651,-56.0,29.5,149.22440334647573
35652,-56.0,30.0,155.89919065828016
35653,-56.0,30.5,149.63644903672355
35654,-56.0,31.0,152.31038126597673
35655,-56.0,31.5,162.15271316259867
35656,-56.0,32.0,157.8341882556115
35657,-56.0,32.5,152.70724719392106
35658,-56.0,33.0,150.50888123986044
35659,-56.0,33.5,149.46471999584386
35660,-56.0,34.0,147.40577843602318
35661,-56.0,34.5,149.8033049024868
35662,-56.0,35.0,150.13056457076698
35663,-56.0,35.5,147.623938488333
35664,-56.0,36.0,147.98049226003243
35665,-56.0,36.5,152.5981308702122
35666,-56.0,37.0,152.17674093309802
35667,-56.0,37.5,148.87367650182853
35668,-55.5,-38.5,158.48844058548974
35669,-55.5,-37.0,155.6491806916438
35670,-55.5,-36.5,155.42595707199257
35671,-55.5,-36.0,154.3016037949099
35672,-55.5,-35.5,164.5899984582798
35673,-55.5,-35.0,150.03823345833823
35674,-55.5,-34.5,158.21724930850414
35675,-55.5,-34.0,152.77095471345424
35676,-55.5,-33.0,154.42388766971487
35677,-55.5,-32.5,159.02176391288742
35678,-55.5,-32.0,159.17802787634216
35679,-55.5,-31.5,155.5988039233554
35680,-55.5,-31.0,156.5379673395907
35681,-55.5,-30.5,157.15843739714384
35682,-55.5,-30.0,155.53125984188074
35683,-55.5,-29.5,157.48318506813806
35684,-55.5,-29.0,153.18786923182822
35685,-55.5,-28.5,155.96531019385748
35686,-55.5,-28.0,151.9816365788038
35687,-55.5,-27.5,150.13215712316608
35688,-55.5,-27.0,153.0668057086023
35689,-55.5,-26.5,151.0007974648529
35690,-55.5,-26.0,156.93064705238842
35691,-55.5,-25.5,152.00427917141326
35692,-55.5,-25.0,153.0706290444669
35693,-55.5,-24.5,147.8127226830776
35694,-55.5,-24.0,149.03507098882676
35695,-55.5,-23.5,151.40731583714586
35696,-55.5,-23.0,151.69242505665645
35697,-55.5,-22.5,153.74882438625994
35698,-55.5,-22.0,153.1764894621991
35699,-55.5,-21.5,156.63157622287886
35700,-55.5,-21.0,148.55750320696183
35701,-55.5,-20.5,149.9511764845987
35702,-55.5,-20.0,150.82896420935668
35703,-55.5,-19.5,152.95676266889976
35704,-55.5,-19.0,153.91382411060377
35705,-55.5,-18.5,152.24053772069936
35706,-55.5,-17.5,154.50125923898904
35707,-55.5,-17.0,150.4784731535096
35708,-55.5,-16.5,152.4520035076198
35709,-55.5,-16.0,146.31221956422527
35710,-55.5,-15.5,149.90485435567896
35711,-55.5,-15.0,154.23577541364955
35712,-55.5,-14.5,145.8040062192228
35713,-55.5,-14.0,146.8888607235493
35714,-55.5,-13.5,150.87438856586445
35715,-55.5,-13.0,149.78728566643062
35716,-55.5,-12.5,149.6536805668636
35717,-55.5,-12.0,152.24184600148791
35718,-55.5,-11.5,152.17137543654715
35719,-55.5,-11.0,146.65544335159936
35720,-55.5,-10.5,151.23193932523137
35721,-55.5,-10.0,155.58487429844246
35722,-55.5,-9.0,151.37666910045172
35723,-55.5,-8.5,147.0919070768021
35724,-55.5,-8.0,146.1381641977669
35725,-55.5,-7.5,152.2261379432106
35726,-55.5,-7.0,149.96806333446767
35727,-55.5,-6.5,154.0974667421382
35728,-55.5,-6.0,154.96446916120345
35729,-55.5,-5.5,150.32547466806122
35730,-55.5,-5.0,145.60218811555046
35731,-55.5,-4.5,149.18271633099812
35732,-55.5,-4.0,148.7997387929043
35733,-55.5,-3.5,148.45968031858527
35734,-55.5,-3.0,145.63631205680113
35735,-55.5,-2.5,149.8379348471819
35736,-55.5,-2.0,163.4361560246404
35737,-55.5,-1.0,145.78995201304292
35738,-55.5,-0.5,143.97322707730072
35739,-55.5,0.0,146.37099484151707
35740,-55.5,0.5,144.54779201844968
35741,-55.5,1.0,149.37263881249237
35742,-55.5,1.5,149.72618621800916
35743,-55.5,2.0,149.3975682942604
35744,-55.5,2.5,148.9405581665835
35745,-55.5,3.0,146.0471776890906
35746,-55.5,3.5,148.27807178982403
35747,-55.5,4.0,148.8638880611756
35748,-55.5,4.5,147.78935879090207
35749,-55.5,5.0,148.20136951734048
35750,-55.5,5.5,148.97415754610927
35751,-55.5,6.0,150.60753926717118
35752,-55.5,6.5,150.2618589254276
35753,-55.5,7.0,149.0419293472096
35754,-55.5,7.5,150.9876194279405
35755,-55.5,8.0,152.36077793776195
35756,-55.5,8.5,151.1555533587258
35757,-55.5,9.0,151.67600168521432
35758,-55.5,9.5,150.97308610061813
35759,-55.5,10.0,151.44184570192752
35760,-55.5,10.5,151.63027767402332
35761,-55.5,11.5,153.9142713724951
35762,-55.5,12.0,148.48164011782646
35763,-55.5,12.5,153.60523385258526
35764,-55.5,13.0,153.8252253587295
35765,-55.5,13.5,154.27846745926698
35766,-55.5,14.0,151.63979232408784
35767,-55.5,14.5,152.96282225790546
35768,-55.5,15.0,156.82453829654088
35769,-55.5,15.5,151.61824378080746
35770,-55.5,16.0,153.1366045384182
35771,-55.5,16.5,151.9861089998416
35772,-55.5,17.0,150.42711699211108
35773,-55.5,17.5,149.4466281896017
35774,-55.5,18.0,149.69230121724624
35775,-55.5,18.5,148.9223442953408
35776,-55.5,19.0,149.59974343090462
35777,-55.5,19.5,149.04960555867098
35778,-55.5,20.0,149.66360605640054
35779,-55.5,20.5,147.60035739239572
35780,-55.5,21.0,148.76656792409304
35781,-55.5,21.5,149.93420537716904
35782,-55.5,22.0,148.55118632101235
35783,-55.5,22.5,148.8311927525325
35784,-55.5,23.0,147.93233826465905
35785,-55.5,23.5,149.03038271355507
35786,-55.5,24.0,148.69498623255026
35787,-55.5,24.5,149.37669069664318
35788,-55.5,25.0,149.95520214854173
35789,-55.5,25.5,151.05143676034217
35790,-55.5,26.0,149.15958787198142
35791,-55.5,26.5,150.7877220330242
35792,-55.5,27.0,152.3506010015956
35793,-55.5,27.5,151.04039943494942
35794,-55.5,28.0,150.17249503052585
35795,-55.5,28.5,149.98040054139796
35796,-55.5,29.0,149.84675477488997
35797,-55.5,29.5,150.25763146190874
35798,-55.5,30.0,155.91768667341933
35799,-55.5,30.5,148.7937596952785
35800,-55.5,31.0,153.82069054182082
35801,-55.5,31.5,163.35618942466195
35802,-55.5,32.0,157.11600295272942
35803,-55.5,32.5,154.38822678108116
35804,-55.5,33.0,150.29878764565262
35805,-55.5,33.5,148.7712605709777
35806,-55.5,34.0,147.2714320989884
35807,-55.5,34.5,148.87163895551976
35808,-55.5,35.0,149.53253847805172
35809,-55.5,35.5,147.6092825277828
35810,-55.5,36.0,148.50882964559887
35811,-55.5,36.5,150.50291643087823
35812,-55.5,37.0,152.22529398331292
35813,-55.0,-38.5,159.18994778962417
35814,-55.0,-37.0,155.47208711728626
35815,-55.0,-36.5,154.57971847892085
35816,-55.0,-36.0,153.47065207487478
35817,-55.0,-35.5,163.58595068690485
35818,-55.0,-35.0,152.71721532684305
35819,-55.0,-34.5,156.05882723050343
35820,-55.0,-34.0,147.6008057108174
35821,-55.0,-33.0,152.35073659847018
35822,-55.0,-32.5,154.97022143556677
35823,-55.0,-32.0,158.94917058772933
35824,-55.0,-31.5,155.50845369428328
35825,-55.0,-31.0,161.8918999672864
35826,-55.0,-30.5,157.18967293176672
35827,-55.0,-30.0,156.9325059542509
35828,-55.0,-29.5,156.70054824988182
35829,-55.0,-29.0,151.91123990513546
35830,-55.0,-28.5,154.01521923933248
35831,-55.0,-28.0,151.4133666291001
35832,-55.0,-27.5,150.23350403730043
35833,-55.0,-27.0,150.95223775896528
35834,-55.0,-26.5,150.33975097866042
35835,-55.0,-26.0,153.47307865895223
35836,-55.0,-25.5,152.424488913538
35837,-55.0,-25.0,152.23638926097343
35838,-55.0,-24.5,151.3488187703409
35839,-55.0,-24.0,148.46923257767483
35840,-55.0,-23.5,150.6357173969175
35841,-55.0,-23.0,153.06317675525824
35842,-55.0,-22.5,152.8240405927017
35843,-55.0,-21.5,147.2386687449538
35844,-55.0,-21.0,155.28922574079806
35845,-55.0,-20.5,151.21642445727684
35846,-55.0,-20.0,149.58687890481028
35847,-55.0,-19.5,149.88607547930386
35848,-55.0,-19.0,149.63533696659024
35849,-55.0,-18.5,151.9483476152231
35850,-55.0,-18.0,148.157098237813
35851,-55.0,-17.5,151.54276196462374
35852,-55.0,-17.0,152.9553377747916
35853,-55.0,-16.5,146.66406874922623
35854,-55.0,-16.0,150.09005445480724
35855,-55.0,-15.5,147.94348301974898
35856,-55.0,-15.0,148.3223765277378
35857,-55.0,-14.5,154.59148948792682
35858,-55.0,-14.0,152.65482231349944
35859,-55.0,-13.5,148.40722394419183
35860,-55.0,-13.0,148.3920969244084
35861,-55.0,-12.5,149.02445303580905
35862,-55.0,-12.0,152.10008539988854
35863,-55.0,-11.5,151.23725110622598
35864,-55.0,-11.0,145.16493585225282
35865,-55.0,-10.5,148.88189037349392
35866,-55.0,-10.0,155.02410951682262
35867,-55.0,-9.5,151.82865374447263
35868,-55.0,-9.0,152.49782883429356
35869,-55.0,-8.5,147.9590473159356
35870,-55.0,-8.0,147.3136676918441
35871,-55.0,-7.5,149.23070991191003
35872,-55.0,-7.0,153.73175167167668
35873,-55.0,-6.5,155.95937425679423
35874,-55.0,-6.0,155.50283029532847
35875,-55.0,-5.0,148.83963816008452
35876,-55.0,-4.5,144.8802458674827
35877,-55.0,-4.0,148.7402179987346
35878,-55.0,-3.5,157.26008529850145
35879,-55.0,-3.0,146.8743865105192
35880,-55.0,-2.5,156.17801340830752
35881,-55.0,-2.0,165.43398761143612
35882,-55.0,-0.5,144.06176298259797
35883,-55.0,0.0,144.60278876322008
35884,-55.0,0.5,144.59635258641893
35885,-55.0,1.0,144.50376126349445
35886,-55.0,1.5,149.92790877070638
35887,-55.0,2.0,149.2884074065152
35888,-55.0,2.5,140.94577669943214
35889,-55.0,3.0,148.23494477790976
35890,-55.0,3.5,149.10193120671212
35891,-55.0,4.0,149.43219070061232
35892,-55.0,4.5,154.71901764346103
35893,-55.0,5.0,156.32026069404372
35894,-55.0,5.5,149.19583497094837
35895,-55.0,6.0,152.47465504327755
35896,-55.0,6.5,151.91251440063402
35897,-55.0,7.0,149.9445413683021
35898,-55.0,7.5,150.24441234943762
35899,-55.0,8.0,149.58637213155654
35900,-55.0,8.5,151.14580017920912
35901,-55.0,9.0,151.87394549591593
35902,-55.0,9.5,151.01889075293334
35903,-55.0,10.0,151.54652918811072
35904,-55.0,10.5,151.21977140086588
35905,-55.0,11.0,147.781494049298
35906,-55.0,11.5,149.77729608179047
35907,-55.0,12.0,157.31994448200146
35908,-55.0,12.5,152.46843251765
35909,-55.0,13.0,153.05441969752445
35910,-55.0,14.0,151.5784064373773
35911,-55.0,14.5,150.31547499100859
35912,-55.0,15.0,155.01924400337705
35913,-55.0,15.5,152.87338468237462
35914,-55.0,16.0,151.12423713428004
35915,-55.0,16.5,156.04719221091167
35916,-55.0,17.0,149.57921476960198
35917,-55.0,17.5,150.12760110626468
35918,-55.0,18.0,149.27305148811
35919,-55.0,18.5,149.76092803032137
35920,-55.0,19.0,148.32003368184297
35921,-55.0,19.5,149.77446428994898
35922,-55.0,20.0,148.7396970377484
35923,-55.0,20.5,147.61745560174404
35924,-55.0,21.0,148.720506478669
35925,-55.0,21.5,150.40066459481568
35926,-55.0,22.0,149.19404634338719
35927,-55.0,22.5,147.79675175174413
35928,-55.0,23.0,148.09806885495
35929,-55.0,23.5,149.3927698803015
35930,-55.0,24.0,148.60228380233565
35931,-55.0,24.5,148.73079068856248
35932,-55.0,25.0,149.7975602786985
35933,-55.0,25.5,150.788963459961
35934,-55.0,26.0,150.08530503663914
35935,-55.0,26.5,150.5400159738928
35936,-55.0,27.0,151.79007874208628
35937,-55.0,27.5,150.97510761691004
35938,-55.0,28.0,150.3753092534573
35939,-55.0,28.5,149.3095533998264
35940,-55.0,29.0,149.7494055353888
35941,-55.0,29.5,149.3057598302666
35942,-55.0,30.0,155.8567958616767
35943,-55.0,30.5,147.9040694823411
35944,-55.0,31.0,151.7109040601498
35945,-55.0,31.5,152.22705761416253
35946,-55.0,32.0,160.5083041843187
35947,-55.0,32.5,152.25525019854217
35948,-55.0,33.0,152.2179410627875
35949,-55.0,33.5,148.28255885131028
35950,-55.0,34.0,147.41367969325404
35951,-55.0,34.5,147.72609030165367
35952,-55.0,35.0,149.5356233956742
35953,-55.0,35.5,147.6174784009121
35954,-55.0,36.0,148.32370024788955
35955,-55.0,36.5,150.17007204930772
35956,-55.0,37.0,151.7608054608206
35957,-54.5,-38.5,160.96768784810308
35958,-54.5,-37.0,155.64173201474918
35959,-54.5,-36.5,155.0409965558202
35960,-54.5,-36.0,154.05036033698335
35961,-54.5,-35.5,161.94472411734
35962,-54.5,-34.5,155.8321368087243
35963,-54.5,-34.0,155.79936441488252
35964,-54.5,-33.5,161.68780731308064
35965,-54.5,-33.0,153.00325913082256
35966,-54.5,-32.5,153.85582205719152
35967,-54.5,-32.0,158.542225160406
35968,-54.5,-31.5,159.84158097226992
35969,-54.5,-31.0,162.63980899567926
35970,-54.5,-30.5,156.21643078011587
35971,-54.5,-30.0,153.67073001568346
35972,-54.5,-29.5,154.22394904466503
35973,-54.5,-29.0,150.60405687038048
35974,-54.5,-28.5,152.29828568620374
35975,-54.5,-28.0,149.94898332433783
35976,-54.5,-27.5,150.27277305164242
35977,-54.5,-27.0,148.51717597031737
35978,-54.5,-26.5,148.4467653990161
35979,-54.5,-26.0,152.67701477712822
35980,-54.5,-25.5,154.81838077373374
35981,-54.5,-25.0,149.98261556200464
35982,-54.5,-24.5,152.9136032796332
35983,-54.5,-24.0,149.57637522606214
35984,-54.5,-23.5,152.48048010794994
35985,-54.5,-23.0,152.47170946480634
35986,-54.5,-22.5,149.94285808722526
35987,-54.5,-22.0,149.9025581083485
35988,-54.5,-21.5,148.87157052767256
35989,-54.5,-21.0,151.54447245948182
35990,-54.5,-20.5,158.63082583415007
35991,-54.5,-20.0,150.3662800277174
35992,-54.5,-19.5,149.87605284496163
35993,-54.5,-19.0,147.87184957480807
35994,-54.5,-18.5,145.58032096768702
35995,-54.5,-18.0,148.71720350938642
35996,-54.5,-17.5,149.32211862876144
35997,-54.5,-17.0,152.4408014827509
35998,-54.5,-16.5,150.30556263350053
35999,-54.5,-16.0,148.075949106314
36000,-54.5,-15.5,146.67637396932238
36001,-54.5,-15.0,148.7559041618027
36002,-54.5,-14.5,152.32686094219426
36003,-54.5,-14.0,153.11478354905978
36004,-54.5,-13.5,147.6214446975372
36005,-54.5,-13.0,147.13401915646486
36006,-54.5,-12.5,151.17754954834447
36007,-54.5,-11.5,151.28655652861906
36008,-54.5,-11.0,145.7056115068988
36009,-54.5,-10.5,145.96726501173475
36010,-54.5,-10.0,147.65560859128112
36011,-54.5,-9.5,151.600183429127
36012,-54.5,-9.0,152.6354344807913
36013,-54.5,-8.0,148.25732331552288
36014,-54.5,-7.5,148.41613414995885
36015,-54.5,-6.5,156.63682500770446
36016,-54.5,-5.0,152.9426444527016
36017,-54.5,-4.5,145.97752525650358
36018,-54.5,-4.0,145.8020712174529
36019,-54.5,-3.5,147.9940376961938
36020,-54.5,-3.0,148.29662887197955
36021,-54.5,-2.5,149.27476304675412
36022,-54.5,-2.0,151.6828498576524
36023,-54.5,-1.5,149.5690869516918
36024,-54.5,-1.0,142.9837795225643
36025,-54.5,0.0,144.42728324560846
36026,-54.5,1.0,144.943389110723
36027,-54.5,1.5,149.2339631281613
36028,-54.5,2.0,141.48935196009964
36029,-54.5,2.5,143.53970234443358
36030,-54.5,3.0,148.48809794644362
36031,-54.5,3.5,150.7342483726726
36032,-54.5,4.0,150.95898971240828
36033,-54.5,4.5,151.1545109584514
36034,-54.5,5.0,147.2630186365947
36035,-54.5,5.5,147.50077324727505
36036,-54.5,6.0,152.2997589866326
36037,-54.5,6.5,150.72721376770937
36038,-54.5,7.0,152.11463506346803
36039,-54.5,7.5,149.5192535408914
36040,-54.5,8.0,149.28111996490264
36041,-54.5,8.5,148.45057972978645
36042,-54.5,9.0,151.13364556687097
36043,-54.5,9.5,152.39208770847588
36044,-54.5,10.0,152.63748903949127
36045,-54.5,10.5,152.07515503333107
36046,-54.5,11.0,147.7674464286646
36047,-54.5,12.0,157.66326006717827
36048,-54.5,12.5,153.3649518840059
36049,-54.5,13.0,152.54605754682933
36050,-54.5,13.5,151.7164231117129
36051,-54.5,14.0,151.65190768516067
36052,-54.5,14.5,151.2367572362639
36053,-54.5,15.0,150.53785988835432
36054,-54.5,15.5,154.63818427378368
36055,-54.5,16.0,151.5604881676013
36056,-54.5,16.5,153.65937107117307
36057,-54.5,17.0,150.5363569973232
36058,-54.5,17.5,149.41321101300912
36059,-54.5,18.0,149.93886857012205
36060,-54.5,18.5,150.14821872689106
36061,-54.5,19.0,149.3926264469781
36062,-54.5,19.5,149.7118310651749
36063,-54.5,20.0,149.1893480665745
36064,-54.5,20.5,148.50888622057
36065,-54.5,21.0,148.69170543681645
36066,-54.5,21.5,149.54495971933864
36067,-54.5,22.0,149.54660647799273
36068,-54.5,22.5,147.65334765287034
36069,-54.5,23.0,148.7992098241713
36070,-54.5,23.5,148.50165713793587
36071,-54.5,24.0,149.11148714616263
36072,-54.5,24.5,148.36531888861273
36073,-54.5,25.0,149.73850898008735
36074,-54.5,25.5,148.57272523774992
36075,-54.5,26.0,152.3461958345651
36076,-54.5,26.5,150.2303998168632
36077,-54.5,27.0,151.6872169656316
36078,-54.5,27.5,149.84363954682627
36079,-54.5,28.0,150.30248476012352
36080,-54.5,28.5,149.61124123441235
36081,-54.5,29.0,149.3101281855997
36082,-54.5,29.5,150.4347132068348
36083,-54.5,30.0,152.29031808587305
36084,-54.5,30.5,148.07782836637583
36085,-54.5,31.0,150.94018953130202
36086,-54.5,31.5,152.1359271762233
36087,-54.5,32.0,159.14390856825935
36088,-54.5,32.5,151.53656478534793
36089,-54.5,33.0,154.42148864829372
36090,-54.5,33.5,148.82959503537583
36091,-54.5,34.0,147.45529153529512
36092,-54.5,34.5,148.066416324277
36093,-54.5,35.0,149.18636326974925
36094,-54.5,35.5,147.5642689305072
36095,-54.5,36.0,148.31335494276811
36096,-54.5,36.5,149.84233023934067
36097,-54.5,37.0,151.3764850606933
36098,-54.0,-38.5,161.46953576679732
36099,-54.0,-38.0,166.52345841800144
36100,-54.0,-37.0,155.4066141433855
36101,-54.0,-36.5,155.38157537048596
36102,-54.0,-36.0,154.1075102097206
36103,-54.0,-35.5,161.0110591013786
36104,-54.0,-34.5,156.554489242963
36105,-54.0,-34.0,156.84033424500984
36106,-54.0,-33.5,165.77597254330058
36107,-54.0,-33.0,158.07696589653136
36108,-54.0,-32.5,153.13512972694747
36109,-54.0,-32.0,155.03447970352534
36110,-54.0,-31.5,157.5807308709633
36111,-54.0,-31.0,158.01840876706802
36112,-54.0,-30.5,149.13222792328745
36113,-54.0,-30.0,157.36418680346486
36114,-54.0,-29.5,151.28802794201846
36115,-54.0,-29.0,151.58436384600688
36116,-54.0,-28.5,152.0207059905692
36117,-54.0,-28.0,152.81189321472243
36118,-54.0,-27.5,150.07062750979435
36119,-54.0,-27.0,147.97441783029612
36120,-54.0,-26.5,148.49153067483692
36121,-54.0,-26.0,148.0455600249067
36122,-54.0,-25.5,151.5326030384535
36123,-54.0,-25.0,150.37426389905676
36124,-54.0,-24.5,151.57908561738134
36125,-54.0,-24.0,153.8181870513832
36126,-54.0,-23.5,153.7367489289344
36127,-54.0,-23.0,151.14765367292907
36128,-54.0,-22.5,148.23738895012028
36129,-54.0,-22.0,150.254279671121
36130,-54.0,-21.5,148.64311325982183
36131,-54.0,-21.0,149.170024810546
36132,-54.0,-20.5,153.07069400127187
36133,-54.0,-20.0,150.11087888502837
36134,-54.0,-19.5,149.44855784992225
36135,-54.0,-19.0,148.21770432056204
36136,-54.0,-18.5,145.77775648373176
36137,-54.0,-18.0,151.27175720211392
36138,-54.0,-17.5,151.05428082065336
36139,-54.0,-17.0,154.0943316990489
36140,-54.0,-16.5,151.52945514523512
36141,-54.0,-16.0,144.02676907172417
36142,-54.0,-15.5,145.5691273736889
36143,-54.0,-14.5,151.23600526443286
36144,-54.0,-14.0,151.23565222821583
36145,-54.0,-13.5,148.23848160909765
36146,-54.0,-13.0,150.5836426464607
36147,-54.0,-12.5,150.07651483700948
36148,-54.0,-12.0,150.11450180369664
36149,-54.0,-11.5,152.4447589686356
36150,-54.0,-11.0,151.53013809642147
36151,-54.0,-10.5,145.49946789692044
36152,-54.0,-10.0,150.65040385841493
36153,-54.0,-9.5,149.86571939750144
36154,-54.0,-9.0,152.2755772149005
36155,-54.0,-8.5,149.15587412989785
36156,-54.0,-8.0,151.45215357646367
36157,-54.0,-7.5,146.0387507486499
36158,-54.0,-7.0,151.15145943720128
36159,-54.0,-4.5,152.3178997886884
36160,-54.0,-4.0,144.68690997763684
36161,-54.0,-3.5,147.30331094828182
36162,-54.0,-3.0,144.38030281788755
36163,-54.0,-2.5,149.99975935017832
36164,-54.0,-2.0,145.16315054917135
36165,-54.0,-1.5,144.56917352997095
36166,-54.0,-1.0,142.89323344228632
36167,-54.0,0.0,144.2850623096368
36168,-54.0,0.5,144.79719370248557
36169,-54.0,1.0,148.70311586046262
36170,-54.0,1.5,143.3411534872277
36171,-54.0,2.0,141.65773060830625
36172,-54.0,2.5,146.7193038670002
36173,-54.0,3.5,143.7496381259408
36174,-54.0,4.0,148.02080177972704
36175,-54.0,4.5,146.97352348386124
36176,-54.0,5.0,147.61908868378924
36177,-54.0,5.5,149.8736359445211
36178,-54.0,6.0,150.6261782822543
36179,-54.0,6.5,151.55190669493408
36180,-54.0,7.0,150.56210844735122
36181,-54.0,7.5,149.67938411571552
36182,-54.0,8.0,149.85600891393884
36183,-54.0,8.5,149.9026245609157
36184,-54.0,9.0,151.75803855985302
36185,-54.0,9.5,152.42489828779813
36186,-54.0,10.0,153.2306432986353
36187,-54.0,10.5,149.74462537761096
36188,-54.0,11.0,150.6476127317441
36189,-54.0,12.0,151.34687602423108
36190,-54.0,12.5,155.4513388848177
36191,-54.0,13.0,152.73529631777402
36192,-54.0,13.5,151.49097902749085
36193,-54.0,14.5,151.2476955641897
36194,-54.0,15.0,150.29342026376108
36195,-54.0,15.5,153.6371196532644
36196,-54.0,16.0,152.84027961182443
36197,-54.0,16.5,151.56567362303497
36198,-54.0,17.0,153.91538368406617
36199,-54.0,17.5,148.7229564105708
36200,-54.0,18.0,150.06780348198274
36201,-54.0,18.5,148.75365367161922
36202,-54.0,19.0,151.20887189207394
36203,-54.0,19.5,147.64928104821593
36204,-54.0,20.0,149.43382201391117
36205,-54.0,20.5,148.92055533869393
36206,-54.0,21.0,149.89535143175476
36207,-54.0,21.5,149.7735125842061
36208,-54.0,22.0,147.84562269054553
36209,-54.0,22.5,148.24172158738324
36210,-54.0,23.0,149.08203814050978
36211,-54.0,23.5,148.72148454121952
36212,-54.0,24.0,147.79182511676876
36213,-54.0,24.5,149.115744019353
36214,-54.0,25.0,149.84227117214587
36215,-54.0,25.5,148.69996939490645
36216,-54.0,26.0,152.08130736812012
36217,-54.0,26.5,149.56133477922603
36218,-54.0,27.0,150.33938780019392
36219,-54.0,27.5,151.25730779184366
36220,-54.0,28.0,151.27584241338042
36221,-54.0,28.5,149.36817836290638
36222,-54.0,29.0,149.82906501661788
36223,-54.0,29.5,147.64385160931428
36224,-54.0,30.0,151.56696658122047
36225,-54.0,31.0,153.43436886155783
36226,-54.0,31.5,151.15374417818035
36227,-54.0,32.0,162.15274107203325
36228,-54.0,32.5,152.95187391242578
36229,-54.0,33.0,154.55592162837937
36230,-54.0,33.5,152.80967694642177
36231,-54.0,34.0,147.9476628858601
36232,-54.0,34.5,148.2822785034265
36233,-54.0,35.0,149.38589518154055
36234,-54.0,35.5,147.7935173748327
36235,-54.0,36.0,147.583431164155
36236,-54.0,36.5,149.41397588509537
36237,-54.0,37.0,151.3834948081888
36238,-53.5,-38.5,161.9396501869557
36239,-53.5,-38.0,165.81240360074275
36240,-53.5,-37.0,155.38578016598808
36241,-53.5,-36.5,154.99048830791403
36242,-53.5,-36.0,155.7777561184644
36243,-53.5,-35.5,152.63186763108732
36244,-53.5,-34.5,155.52898322506198
36245,-53.5,-34.0,162.52334720972067
36246,-53.5,-33.5,160.40780499027048
36247,-53.5,-33.0,162.491947791435
36248,-53.5,-32.5,156.12375043332392
36249,-53.5,-32.0,149.77040779627777
36250,-53.5,-31.5,152.86503459333665
36251,-53.5,-31.0,157.3281668415847
36252,-53.5,-30.5,149.90046197916118
36253,-53.5,-30.0,158.39258844756142
36254,-53.5,-29.5,150.3608725147875
36255,-53.5,-29.0,151.0040851490107
36256,-53.5,-28.5,151.97815933953893
36257,-53.5,-28.0,151.8014398438068
36258,-53.5,-27.5,149.07367715638713
36259,-53.5,-27.0,152.05656171030608
36260,-53.5,-26.5,149.84675488789424
36261,-53.5,-26.0,148.73416510976986
36262,-53.5,-25.5,153.7325082782551
36263,-53.5,-25.0,148.9764053956716
36264,-53.5,-24.5,151.99656037354612
36265,-53.5,-24.0,151.57010801297113
36266,-53.5,-23.5,148.97123078769496
36267,-53.5,-23.0,148.5321770438214
36268,-53.5,-22.0,147.34148855517682
36269,-53.5,-21.5,151.50951729242496
36270,-53.5,-21.0,150.1907299852172
36271,-53.5,-20.5,149.2557302230703
36272,-53.5,-20.0,151.24958208592528
36273,-53.5,-19.5,146.71138642125578
36274,-53.5,-19.0,147.4728583622443
36275,-53.5,-18.5,147.85984756459752
36276,-53.5,-18.0,150.5199719936224
36277,-53.5,-17.5,152.1297773831877
36278,-53.5,-17.0,152.42686894110105
36279,-53.5,-16.5,150.40809889446396
36280,-53.5,-16.0,160.09598332581416
36281,-53.5,-15.5,147.40812216029735
36282,-53.5,-15.0,153.9085056144977
36283,-53.5,-14.5,149.43855189429962
36284,-53.5,-14.0,150.27466600492565
36285,-53.5,-13.5,152.48824801256444
36286,-53.5,-13.0,153.65355638568968
36287,-53.5,-12.5,148.0168206012946
36288,-53.5,-12.0,151.76027777954025
36289,-53.5,-11.5,152.44079677410838
36290,-53.5,-11.0,153.39799979342322
36291,-53.5,-10.5,155.4805197789153
36292,-53.5,-10.0,149.79041521793334
36293,-53.5,-9.5,147.57554354087583
36294,-53.5,-9.0,147.65882334170334
36295,-53.5,-8.5,149.47577230817095
36296,-53.5,-8.0,154.8663171144449
36297,-53.5,-7.5,155.88494614845314
36298,-53.5,-7.0,147.21585428615023
36299,-53.5,-6.5,142.33365444722892
36300,-53.5,-4.5,152.23709241959676
36301,-53.5,-4.0,149.26628556123188
36302,-53.5,-3.5,144.59119850543252
36303,-53.5,-3.0,146.14643017817363
36304,-53.5,-2.5,148.50219416274732
36305,-53.5,-2.0,152.71337659756853
36306,-53.5,-1.5,147.1759815598814
36307,-53.5,-1.0,144.47441151928442
36308,-53.5,0.5,147.08736489224106
36309,-53.5,1.0,146.01760669396648
36310,-53.5,1.5,145.28291804678196
36311,-53.5,2.0,145.04075477536227
36312,-53.5,2.5,146.26491114111064
36313,-53.5,3.5,143.5984537897069
36314,-53.5,4.0,150.62927523373813
36315,-53.5,4.5,146.10102058412383
36316,-53.5,5.0,148.2070230603131
36317,-53.5,5.5,149.55569920626576
36318,-53.5,6.0,150.84632548849962
36319,-53.5,7.0,150.7477780785579
36320,-53.5,8.0,149.92041008134026
36321,-53.5,8.5,150.31508064195157
36322,-53.5,9.0,148.86688169723502
36323,-53.5,9.5,152.5827478717582
36324,-53.5,10.0,152.14413468273221
36325,-53.5,10.5,149.38635223618908
36326,-53.5,11.0,152.42481451791448
36327,-53.5,11.5,150.346476105161
36328,-53.5,12.0,151.85251915818984
36329,-53.5,13.0,153.18113224838615
36330,-53.5,13.5,152.99794519374316
36331,-53.5,14.0,150.96095141546573
36332,-53.5,14.5,150.82933233160043
36333,-53.5,15.0,153.76837893775541
36334,-53.5,15.5,150.4145628420199
36335,-53.5,16.0,154.52054628998008
36336,-53.5,16.5,152.22030135906408
36337,-53.5,17.0,154.32969453738704
36338,-53.5,18.0,148.7169535877359
36339,-53.5,18.5,149.72581408097895
36340,-53.5,19.0,152.2187765291644
36341,-53.5,19.5,149.9314349191338
36342,-53.5,20.0,148.2815396022109
36343,-53.5,20.5,149.86246045399315
36344,-53.5,21.0,149.63834320693078
36345,-53.5,21.5,148.52010555492436
36346,-53.5,22.0,148.19825405823505
36347,-53.5,22.5,149.59604183711613
36348,-53.5,23.0,148.0717040810643
36349,-53.5,23.5,149.14583763708927
36350,-53.5,24.0,149.23221963538518
36351,-53.5,24.5,149.09935165687224
36352,-53.5,25.0,148.53924100180052
36353,-53.5,25.5,148.97920489811236
36354,-53.5,26.0,152.8043385653652
36355,-53.5,26.5,150.7272863032746
36356,-53.5,27.0,148.90821887510762
36357,-53.5,27.5,151.24585646015888
36358,-53.5,28.0,150.28078526864368
36359,-53.5,28.5,149.55212263225488
36360,-53.5,29.0,149.65469527522285
36361,-53.5,29.5,147.7609480925945
36362,-53.5,30.0,151.97492898459637
36363,-53.5,30.5,150.0212621955511
36364,-53.5,31.0,153.29602510521948
36365,-53.5,31.5,151.09137802585946
36366,-53.5,32.0,163.78049158626658
36367,-53.5,32.5,152.7705027072362
36368,-53.5,33.0,151.91918756094952
36369,-53.5,33.5,161.80770711509564
36370,-53.5,34.0,147.50976993480324
36371,-53.5,34.5,148.17177262553645
36372,-53.5,35.0,148.80286090484756
36373,-53.5,35.5,149.0252265888497
36374,-53.5,36.0,147.3277604300755
36375,-53.5,36.5,147.9946564625694
36376,-53.5,37.0,149.918641073653
36377,-53.0,-38.5,161.3871157271197
36378,-53.0,-38.0,164.6402598426567
36379,-53.0,-37.0,155.32949308801622
36380,-53.0,-36.5,154.65632015742355
36381,-53.0,-36.0,156.3104073033759
36382,-53.0,-35.5,152.9171056338222
36383,-53.0,-35.0,159.6137902147612
36384,-53.0,-34.5,153.6777644977857
36385,-53.0,-34.0,155.45505540523902
36386,-53.0,-33.5,151.50107394419595
36387,-53.0,-33.0,161.68555873128395
36388,-53.0,-32.5,156.6975650768399
36389,-53.0,-32.0,152.89953926441248
36390,-53.0,-31.5,150.09861395186402
36391,-53.0,-31.0,156.3745859790912
36392,-53.0,-30.5,149.90279792704925
36393,-53.0,-30.0,159.62456976643557
36394,-53.0,-29.5,153.4388264590138
36395,-53.0,-29.0,151.75615236187713
36396,-53.0,-28.5,152.8109147943843
36397,-53.0,-28.0,150.58541842665068
36398,-53.0,-27.5,148.59783081314362
36399,-53.0,-27.0,149.56725897164662
36400,-53.0,-26.5,148.93206918445003
36401,-53.0,-26.0,150.73387815822005
36402,-53.0,-25.5,149.70763677996104
36403,-53.0,-25.0,149.8639208774199
36404,-53.0,-24.5,153.18043733804257
36405,-53.0,-24.0,150.86583540602416
36406,-53.0,-23.5,150.26099217013873
36407,-53.0,-23.0,152.77885824287284
36408,-53.0,-22.0,147.94704348358115
36409,-53.0,-21.5,150.79139042999387
36410,-53.0,-21.0,152.0710617202609
36411,-53.0,-20.5,149.1138778606291
36412,-53.0,-20.0,150.59416444493098
36413,-53.0,-19.5,148.68879018079255
36414,-53.0,-19.0,149.386292636275
36415,-53.0,-18.5,149.49412750881976
36416,-53.0,-18.0,153.87788365336192
36417,-53.0,-17.5,153.41513421291066
36418,-53.0,-17.0,149.19423087729237
36419,-53.0,-16.5,158.894782391584
36420,-53.0,-16.0,153.18993453907277
36421,-53.0,-15.5,154.17357958626377
36422,-53.0,-15.0,148.97722341220663
36423,-53.0,-14.5,146.0638961509935
36424,-53.0,-14.0,150.4410724352738
36425,-53.0,-13.5,155.0534744504844
36426,-53.0,-12.5,150.63701902684738
36427,-53.0,-12.0,148.17992787804553
36428,-53.0,-11.5,152.0505774060945
36429,-53.0,-11.0,153.86762249920682
36430,-53.0,-10.5,155.78019003495547
36431,-53.0,-10.0,154.0904259091335
36432,-53.0,-9.5,145.73729459980362
36433,-53.0,-9.0,147.07579101599237
36434,-53.0,-8.5,153.6244523990311
36435,-53.0,-8.0,162.6986029330199
36436,-53.0,-7.5,162.67914811931377
36437,-53.0,-7.0,143.83418793647522
36438,-53.0,-6.5,143.60528350858286
36439,-53.0,-6.0,142.62689408627443
36440,-53.0,-4.0,152.89848564675123
36441,-53.0,-3.5,144.9184089561334
36442,-53.0,-3.0,144.36501127967205
36443,-53.0,-2.5,147.73500283142417
36444,-53.0,-2.0,153.25536948638668
36445,-53.0,-1.5,148.46696848132922
36446,-53.0,-1.0,146.12233859485906
36447,-53.0,-0.5,143.92106203195698
36448,-53.0,0.0,149.4718873600497
36449,-53.0,0.5,150.2604708954131
36450,-53.0,1.0,142.33199781049984
36451,-53.0,1.5,145.02041754212166
36452,-53.0,2.0,148.76035685518275
36453,-53.0,2.5,144.29523613621248
36454,-53.0,3.0,143.65313960411885
36455,-53.0,3.5,143.01263997597152
36456,-53.0,4.0,142.12669741072708
36457,-53.0,4.5,149.63169106659754
36458,-53.0,5.0,149.9720002092884
36459,-53.0,5.5,151.62804717784755
36460,-53.0,6.0,150.94964645688574
36461,-53.0,6.5,150.95098029788284
36462,-53.0,7.0,151.0407707031734
36463,-53.0,7.5,151.1827965137159
36464,-53.0,8.0,150.95635305919978
36465,-53.0,8.5,149.9314931574064
36466,-53.0,9.0,149.76408569077833
36467,-53.0,9.5,149.21736700388536
36468,-53.0,10.0,150.03084018918696
36469,-53.0,10.5,153.3906251927102
36470,-53.0,11.0,150.88893258550706
36471,-53.0,11.5,151.64325487496052
36472,-53.0,12.5,151.74698765205872
36473,-53.0,13.0,153.66550324364857
36474,-53.0,13.5,152.8044089696101
36475,-53.0,14.0,150.9321216110344
36476,-53.0,14.5,150.77928092257966
36477,-53.0,15.0,151.78141551689612
36478,-53.0,15.5,153.26344432208057
36479,-53.0,16.0,153.87132381927097
36480,-53.0,16.5,150.22294813525323
36481,-53.0,17.0,157.68988146586682
36482,-53.0,17.5,152.09598849014685
36483,-53.0,18.0,148.90412920488453
36484,-53.0,18.5,149.38683022944005
36485,-53.0,19.0,148.7558504650116
36486,-53.0,19.5,149.99454923920973
36487,-53.0,20.0,149.86142366023552
36488,-53.0,20.5,149.91900704752058
36489,-53.0,21.0,150.26815617926798
36490,-53.0,21.5,148.02450804140392
36491,-53.0,22.0,148.358666073405
36492,-53.0,22.5,150.5357058611809
36493,-53.0,23.0,149.0364074868149
36494,-53.0,23.5,147.99747283173534
36495,-53.0,24.0,149.69799790214105
36496,-53.0,24.5,148.941322399403
36497,-53.0,25.0,148.20771462281937
36498,-53.0,25.5,148.99783913484077
36499,-53.0,26.0,153.74018321560692
36500,-53.0,26.5,150.13376406867278
36501,-53.0,27.0,148.01038479989109
36502,-53.0,27.5,150.75514082715927
36503,-53.0,28.0,150.43228899999198
36504,-53.0,28.5,149.0692887191917
36505,-53.0,29.0,149.65629558490647
36506,-53.0,29.5,151.45516181807372
36507,-53.0,30.0,151.98954392962042
36508,-53.0,30.5,151.81978674774066
36509,-53.0,31.0,152.85497638092505
36510,-53.0,31.5,151.85199259938437
36511,-53.0,32.0,159.32480662884606
36512,-53.0,32.5,150.91828743255542
36513,-53.0,33.0,152.09036128390198
36514,-53.0,33.5,162.8301160669945
36515,-53.0,34.0,148.03459453909383
36516,-53.0,34.5,148.13112384184458
36517,-53.0,35.0,147.5239822984043
36518,-53.0,35.5,150.3328338270108
36519,-53.0,36.0,147.34366168235826
36520,-53.0,36.5,147.95451119682994
36521,-53.0,37.0,151.34435332925034
36522,-53.0,38.0,173.7090352953999
36523,-52.5,-38.5,163.85530371624182
36524,-52.5,-38.0,163.20762066918036
36525,-52.5,-37.0,155.77644471273138
36526,-52.5,-36.5,154.26804441252347
36527,-52.5,-36.0,156.1293235105971
36528,-52.5,-35.5,153.3786459338814
36529,-52.5,-35.0,158.95131693419694
36530,-52.5,-34.5,153.16958618150406
36531,-52.5,-34.0,151.7269429321582
36532,-52.5,-33.5,151.99595567087042
36533,-52.5,-33.0,155.8394212594363
36534,-52.5,-32.5,157.46230876195034
36535,-52.5,-32.0,161.6478363962384
36536,-52.5,-31.5,154.14644183785032
36537,-52.5,-31.0,154.68906215737206
36538,-52.5,-30.5,148.72054176355658
36539,-52.5,-30.0,156.41763278240413
36540,-52.5,-29.5,152.49923488605774
36541,-52.5,-29.0,148.02526352083143
36542,-52.5,-28.5,150.91500632894054
36543,-52.5,-28.0,152.5518166999399
36544,-52.5,-27.5,149.54064812754868
36545,-52.5,-27.0,149.280162754828
36546,-52.5,-26.5,150.44082671294365
36547,-52.5,-26.0,149.71118352100822
36548,-52.5,-25.5,149.55474879102255
36549,-52.5,-25.0,151.86487127836324
36550,-52.5,-24.5,152.26785502053778
36551,-52.5,-24.0,150.46835890931246
36552,-52.5,-23.5,151.21484609349454
36553,-52.5,-23.0,147.38640267238893
36554,-52.5,-22.5,149.92112991053915
36555,-52.5,-22.0,158.97728659113935
36556,-52.5,-21.5,151.79618394846955
36557,-52.5,-21.0,151.75909486701798
36558,-52.5,-20.5,149.42341796973977
36559,-52.5,-20.0,146.61245836701409
36560,-52.5,-19.5,151.95177387188227
36561,-52.5,-19.0,148.5919761255873
36562,-52.5,-18.5,150.86217575524012
36563,-52.5,-18.0,153.73787941378347
36564,-52.5,-17.5,151.27109453576634
36565,-52.5,-17.0,151.86953930620166
36566,-52.5,-16.5,159.81821211090147
36567,-52.5,-16.0,152.524480523956
36568,-52.5,-15.5,154.64420897794068
36569,-52.5,-15.0,149.0165243103802
36570,-52.5,-14.5,148.90243024240354
36571,-52.5,-14.0,155.0624477547839
36572,-52.5,-13.5,151.99208791675335
36573,-52.5,-13.0,155.16265435832526
36574,-52.5,-12.5,153.12453192792876
36575,-52.5,-12.0,148.53741952740373
36576,-52.5,-11.5,151.58738580414197
36577,-52.5,-11.0,155.54334819717806
36578,-52.5,-10.5,154.03528721245377
36579,-52.5,-9.5,146.61541312197969
36580,-52.5,-9.0,151.36514109992834
36581,-52.5,-8.5,147.64379297317805
36582,-52.5,-8.0,161.11978467057276
36583,-52.5,-6.5,149.90688664073753
36584,-52.5,-6.0,145.41576514676288
36585,-52.5,-4.5,142.0430171640794
36586,-52.5,-4.0,146.87761838836883
36587,-52.5,-3.5,150.1132130797676
36588,-52.5,-3.0,145.1315873001888
36589,-52.5,-2.5,145.52226988857242
36590,-52.5,-2.0,150.64001120137425
36591,-52.5,-1.5,154.08169286944374
36592,-52.5,-1.0,144.291848812847
36593,-52.5,-0.5,146.319948605218
36594,-52.5,0.0,148.30806958828947
36595,-52.5,0.5,140.47033581120385
36596,-52.5,1.0,142.68067155261812
36597,-52.5,1.5,145.294820296415
36598,-52.5,2.0,148.89118449157684
36599,-52.5,2.5,144.42289263526493
36600,-52.5,3.0,144.24107651106507
36601,-52.5,3.5,144.278307306942
36602,-52.5,4.0,145.89069148399093
36603,-52.5,4.5,146.8729681940739
36604,-52.5,5.0,152.7159675470614
36605,-52.5,5.5,151.53183874431716
36606,-52.5,6.0,152.29371824780526
36607,-52.5,6.5,151.42336450257062
36608,-52.5,7.0,151.06894244595304
36609,-52.5,7.5,151.33000739889312
36610,-52.5,8.0,151.72390685610213
36611,-52.5,8.5,150.7686915336581
36612,-52.5,9.0,150.05739676021497
36613,-52.5,9.5,149.52925823055318
36614,-52.5,10.0,150.9254291027673
36615,-52.5,10.5,154.53513866228855
36616,-52.5,11.0,153.75048607869135
36617,-52.5,11.5,153.8709406530729
36618,-52.5,12.0,154.13162104905282
36619,-52.5,12.5,151.18671638504966
36620,-52.5,13.0,150.9793071521298
36621,-52.5,13.5,152.55273517945523
36622,-52.5,14.0,151.31829339048272
36623,-52.5,14.5,150.15003122964325
36624,-52.5,15.0,150.72439664138935
36625,-52.5,15.5,151.74092025326823
36626,-52.5,16.0,152.2698051861629
36627,-52.5,16.5,150.1909509891177
36628,-52.5,17.0,154.6776479549852
36629,-52.5,17.5,152.2427609392655
36630,-52.5,18.0,149.20561510589772
36631,-52.5,18.5,148.11228221498655
36632,-52.5,19.0,149.01750387697157
36633,-52.5,19.5,148.4427995678487
36634,-52.5,20.0,150.96900290665604
36635,-52.5,20.5,151.7918070317828
36636,-52.5,21.0,149.2521769606565
36637,-52.5,21.5,149.25604024991156
36638,-52.5,22.0,149.33025748176976
36639,-52.5,22.5,148.92358419128297
36640,-52.5,23.0,149.5495634112347
36641,-52.5,23.5,149.149832413322
36642,-52.5,24.0,149.64559984428945
36643,-52.5,24.5,148.53455444609114
36644,-52.5,25.0,148.05851866652137
36645,-52.5,25.5,149.65591911708466
36646,-52.5,26.0,150.45528056179768
36647,-52.5,26.5,149.83617656719554
36648,-52.5,27.0,149.03950403592955
36649,-52.5,27.5,149.32311272051
36650,-52.5,28.0,151.47067727288757
36651,-52.5,28.5,149.46140318332138
36652,-52.5,29.0,148.82824582508806
36653,-52.5,29.5,150.4611441141799
36654,-52.5,30.0,152.8921727680496
36655,-52.5,30.5,149.3083286226998
36656,-52.5,31.0,152.19979190772435
36657,-52.5,31.5,152.91114008887376
36658,-52.5,32.0,156.353341651881
36659,-52.5,32.5,149.44721180097108
36660,-52.5,33.0,152.40002228172935
36661,-52.5,33.5,164.01949147987048
36662,-52.5,34.0,147.9594659096811
36663,-52.5,34.5,148.56778504268712
36664,-52.5,35.0,147.35096173438703
36665,-52.5,35.5,150.48999765010308
36666,-52.5,36.0,147.39670342280698
36667,-52.5,36.5,148.06368150771567
36668,-52.5,37.0,151.23141537870774
36669,-52.0,-38.5,167.0570217195488
36670,-52.0,-38.0,161.94481057507042
36671,-52.0,-37.0,156.6172064688073
36672,-52.0,-36.5,153.9513342699214
36673,-52.0,-36.0,155.77423622144644
36674,-52.0,-35.5,154.4279708720077
36675,-52.0,-35.0,158.2998533835873
36676,-52.0,-34.5,157.48894489080652
36677,-52.0,-34.0,150.76673260451983
36678,-52.0,-33.5,150.29019937431792
36679,-52.0,-33.0,151.4500978462665
36680,-52.0,-32.5,151.63595669110612
36681,-52.0,-32.0,155.7013762307149
36682,-52.0,-31.5,159.61518424101902
36683,-52.0,-31.0,156.986534241136
36684,-52.0,-30.5,146.94518714201982
36685,-52.0,-30.0,155.58226976824392
36686,-52.0,-29.5,153.7821745462758
36687,-52.0,-29.0,149.34528191769067
36688,-52.0,-28.5,150.55133457105117
36689,-52.0,-28.0,150.96604527085333
36690,-52.0,-27.5,149.35330169518377
36691,-52.0,-27.0,148.5563102333813
36692,-52.0,-26.5,149.17468748955056
36693,-52.0,-26.0,149.0664348583488
36694,-52.0,-25.5,149.83576456340126
36695,-52.0,-25.0,150.3150411562341
36696,-52.0,-24.5,151.11283344461083
36697,-52.0,-24.0,149.21658316051884
36698,-52.0,-23.5,148.98110831065634
36699,-52.0,-23.0,149.9094077159715
36700,-52.0,-22.5,148.10292032546388
36701,-52.0,-22.0,152.39393540302137
36702,-52.0,-21.0,149.8256627191941
36703,-52.0,-20.5,150.90571872635198
36704,-52.0,-20.0,146.72806473907633
36705,-52.0,-19.5,149.0028007004589
36706,-52.0,-19.0,150.2153708689104
36707,-52.0,-18.5,151.513403597182
36708,-52.0,-18.0,152.45850180164388
36709,-52.0,-17.5,147.72247560353168
36710,-52.0,-17.0,155.2976951451576
36711,-52.0,-16.0,155.23753841093236
36712,-52.0,-15.5,153.81476633921142
36713,-52.0,-15.0,150.28335117487094
36714,-52.0,-14.5,151.2314319103297
36715,-52.0,-14.0,154.54700417953077
36716,-52.0,-13.5,151.04114958346824
36717,-52.0,-13.0,153.24381613286934
36718,-52.0,-12.0,153.15831569690735
36719,-52.0,-11.5,153.31553207919075
36720,-52.0,-11.0,154.3108353894045
36721,-52.0,-10.5,153.84129443749183
36722,-52.0,-10.0,150.74207935037538
36723,-52.0,-9.5,155.5864010490229
36724,-52.0,-9.0,151.07567627794035
36725,-52.0,-8.5,154.2179226708588
36726,-52.0,-8.0,152.579244341459
36727,-52.0,-7.5,145.45564551546926
36728,-52.0,-6.0,144.66865805806142
36729,-52.0,-5.5,141.84070715176972
36730,-52.0,-4.5,142.142933626293
36731,-52.0,-3.5,154.88853881641933
36732,-52.0,-3.0,149.4300472666521
36733,-52.0,-2.5,147.29889933054702
36734,-52.0,-2.0,150.02133566551254
36735,-52.0,-1.0,144.07440661729353
36736,-52.0,-0.5,145.94622783270066
36737,-52.0,0.0,141.20296236694645
36738,-52.0,0.5,142.60895500439477
36739,-52.0,1.0,147.93553465693205
36740,-52.0,1.5,143.85557684214393
36741,-52.0,2.0,144.72939817826014
36742,-52.0,2.5,145.4747677952569
36743,-52.0,3.0,143.80334362090016
36744,-52.0,3.5,144.60351556349443
36745,-52.0,4.0,147.1674788015077
36746,-52.0,5.0,155.3430961053521
36747,-52.0,5.5,154.0919255383106
36748,-52.0,6.0,149.087403211624
36749,-52.0,6.5,152.42958947322313
36750,-52.0,7.0,151.66635114961133
36751,-52.0,7.5,150.2774072173868
36752,-52.0,8.0,151.68131694093745
36753,-52.0,9.0,150.5727438732555
36754,-52.0,9.5,150.67678108897118
36755,-52.0,10.0,150.6463640911645
36756,-52.0,10.5,150.72565706351384
36757,-52.0,11.0,155.38754645517304
36758,-52.0,11.5,155.09332616228616
36759,-52.0,12.0,154.63870194784266
36760,-52.0,12.5,151.2152947590652
36761,-52.0,13.0,151.95698087016476
36762,-52.0,13.5,151.99108687125207
36763,-52.0,14.0,151.00793557862187
36764,-52.0,14.5,152.87261728166845
36765,-52.0,15.0,149.73696631350342
36766,-52.0,15.5,149.62535011731518
36767,-52.0,16.0,149.59912682200758
36768,-52.0,16.5,155.16904177066
36769,-52.0,17.0,149.58901039099416
36770,-52.0,17.5,153.36824671043502
36771,-52.0,18.0,149.89380645733436
36772,-52.0,18.5,148.05252303375394
36773,-52.0,19.0,148.41441409390734
36774,-52.0,19.5,149.79357153585454
36775,-52.0,20.0,151.41132039998627
36776,-52.0,20.5,151.45957360785303
36777,-52.0,21.0,147.4930692772735
36778,-52.0,21.5,149.18628578021884
36779,-52.0,22.0,150.80653471657632
36780,-52.0,22.5,149.25371408910325
36781,-52.0,23.0,149.10237693920232
36782,-52.0,23.5,149.93178821674147
36783,-52.0,24.0,149.94627378335582
36784,-52.0,24.5,147.51041023427683
36785,-52.0,25.0,148.62491087478907
36786,-52.0,25.5,148.538795740095
36787,-52.0,26.0,149.2334126086139
36788,-52.0,26.5,149.78425684292148
36789,-52.0,27.0,149.20738692956155
36790,-52.0,27.5,148.89289419738157
36791,-52.0,28.0,151.2857440107013
36792,-52.0,28.5,150.4556543959046
36793,-52.0,29.0,148.7546167288899
36794,-52.0,29.5,150.4688920581616
36795,-52.0,30.0,152.51875616454478
36796,-52.0,30.5,152.54776695468374
36797,-52.0,31.0,151.00161710453813
36798,-52.0,31.5,155.23858870969093
36799,-52.0,32.0,151.4318552627377
36800,-52.0,32.5,149.11655018239153
36801,-52.0,33.0,152.71149746755032
36802,-52.0,33.5,162.60218669738796
36803,-52.0,34.0,150.8790483164431
36804,-52.0,34.5,148.82326205881935
36805,-52.0,35.0,147.39698232029997
36806,-52.0,35.5,151.98218673397844
36807,-52.0,36.0,147.45132320081808
36808,-52.0,36.5,148.21440491283732
36809,-52.0,37.0,151.45203620585414
36810,-51.5,-38.5,166.80226324772465
36811,-51.5,-38.0,160.3816788123788
36812,-51.5,-37.0,157.06109213833136
36813,-51.5,-36.5,153.7402038580127
36814,-51.5,-36.0,155.40456191189807
36815,-51.5,-35.5,154.66250354075024
36816,-51.5,-35.0,157.73123740812068
36817,-51.5,-34.5,157.51691074934658
36818,-51.5,-34.0,150.74459280960158
36819,-51.5,-33.5,152.68987548762206
36820,-51.5,-33.0,150.7396185987056
36821,-51.5,-32.5,150.41672944455203
36822,-51.5,-32.0,151.42477128480007
36823,-51.5,-31.5,165.2684219049436
36824,-51.5,-31.0,155.51694626444038
36825,-51.5,-30.5,157.66566364214071
36826,-51.5,-30.0,158.4164381184736
36827,-51.5,-29.5,153.24856578282703
36828,-51.5,-29.0,152.0632715046246
36829,-51.5,-28.5,150.25160384046475
36830,-51.5,-28.0,150.87030512285375
36831,-51.5,-27.5,149.42993958687688
36832,-51.5,-27.0,149.36655770652152
36833,-51.5,-26.5,148.7173761562915
36834,-51.5,-26.0,150.57364184233163
36835,-51.5,-25.5,150.34964242956866
36836,-51.5,-25.0,149.8855256630277
36837,-51.5,-24.5,151.1859341595871
36838,-51.5,-24.0,149.24809270182968
36839,-51.5,-23.5,146.79087635118213
36840,-51.5,-23.0,151.6481347618542
36841,-51.5,-22.5,150.25352403325323
36842,-51.5,-22.0,149.68635463476875
36843,-51.5,-21.5,146.75347406646162
36844,-51.5,-21.0,151.75895256760813
36845,-51.5,-20.5,151.76932415838465
36846,-51.5,-20.0,149.21418255818614
36847,-51.5,-19.5,146.85415150110038
36848,-51.5,-19.0,150.1183742580447
36849,-51.5,-18.5,154.0911668882436
36850,-51.5,-18.0,148.95186331430745
36851,-51.5,-17.5,153.04023127571486
36852,-51.5,-17.0,155.741965563326
36853,-51.5,-16.5,152.53460421165133
36854,-51.5,-16.0,154.32224627696345
36855,-51.5,-15.5,154.86383470952006
36856,-51.5,-15.0,154.06926222966104
36857,-51.5,-14.5,157.14757297969868
36858,-51.5,-14.0,152.4270655542532
36859,-51.5,-13.0,153.40955009300242
36860,-51.5,-12.5,155.3840629125373
36861,-51.5,-12.0,156.13263359853627
36862,-51.5,-11.5,155.08488322202456
36863,-51.5,-11.0,150.2020683639282
36864,-51.5,-10.5,150.92379976729887
36865,-51.5,-10.0,152.09092344130306
36866,-51.5,-9.5,155.46839680026213
36867,-51.5,-9.0,164.97350598443435
36868,-51.5,-8.5,155.85163737100956
36869,-51.5,-8.0,148.96375498261995
36870,-51.5,-7.5,145.5040544712414
36871,-51.5,-6.0,143.5460149861131
36872,-51.5,-5.5,143.55779608967742
36873,-51.5,-5.0,142.69940208000588
36874,-51.5,-4.5,141.85896268199335
36875,-51.5,-3.5,144.14880027975886
36876,-51.5,-3.0,153.51812437732136
36877,-51.5,-2.5,146.70821029026797
36878,-51.5,-2.0,144.6286031664146
36879,-51.5,-1.5,149.53860247463746
36880,-51.5,-0.5,149.14876794774824
36881,-51.5,0.0,152.81032549483362
36882,-51.5,0.5,147.13865859234292
36883,-51.5,1.0,146.03274861895508
36884,-51.5,2.0,143.17964139006145
36885,-51.5,2.5,146.68867263899048
36886,-51.5,3.0,145.2689307897531
36887,-51.5,3.5,152.99591791502482
36888,-51.5,4.5,153.9739757810369
36889,-51.5,5.0,156.07531498181433
36890,-51.5,5.5,152.04335267303935
36891,-51.5,6.0,150.59324338711403
36892,-51.5,6.5,150.6670810503726
36893,-51.5,7.0,152.43307568475794
36894,-51.5,7.5,150.67921007701955
36895,-51.5,8.0,152.68991203535003
36896,-51.5,8.5,151.3136060740369
36897,-51.5,9.0,149.8442628916318
36898,-51.5,9.5,151.13596875828225
36899,-51.5,10.0,151.10988192668773
36900,-51.5,10.5,150.55777150270023
36901,-51.5,11.0,152.29970397100274
36902,-51.5,11.5,153.87225434759017
36903,-51.5,12.0,151.90685593540888
36904,-51.5,12.5,155.07321025255408
36905,-51.5,13.0,152.86147141553656
36906,-51.5,13.5,152.3640326578319
36907,-51.5,14.0,151.76765569424583
36908,-51.5,14.5,150.85466322303523
36909,-51.5,15.0,149.84291922380868
36910,-51.5,15.5,149.8331536770467
36911,-51.5,16.0,148.47714613864596
36912,-51.5,16.5,162.4461191452138
36913,-51.5,17.0,148.9103002183117
36914,-51.5,18.0,153.10206060629534
36915,-51.5,18.5,148.90220032491064
36916,-51.5,19.0,148.37285824631368
36917,-51.5,19.5,150.43960444435785
36918,-51.5,20.0,151.67626353934884
36919,-51.5,20.5,149.47689366047211
36920,-51.5,21.0,148.97785620630933
36921,-51.5,21.5,149.50953158915635
36922,-51.5,22.0,150.02373683352613
36923,-51.5,22.5,149.3139794498493
36924,-51.5,23.0,150.95902764118475
36925,-51.5,23.5,150.211684559716
36926,-51.5,24.0,148.18484388177615
36927,-51.5,24.5,147.4540010134238
36928,-51.5,25.0,148.90711510832205
36929,-51.5,25.5,148.80087531546587
36930,-51.5,26.0,148.86320563663196
36931,-51.5,26.5,149.59355191371606
36932,-51.5,27.0,149.59542339205598
36933,-51.5,27.5,148.74204273723794
36934,-51.5,28.0,150.73490883560956
36935,-51.5,28.5,150.55785895658187
36936,-51.5,29.0,149.4507038837651
36937,-51.5,29.5,149.98541688502462
36938,-51.5,30.0,153.85904797356616
36939,-51.5,30.5,152.6116721302183
36940,-51.5,31.0,149.53585881800635
36941,-51.5,31.5,155.17247728108222
36942,-51.5,32.0,151.58780253497255
36943,-51.5,32.5,150.23679740510744
36944,-51.5,33.5,148.72754835308461
36945,-51.5,34.0,151.4623144061081
36946,-51.5,34.5,150.28006764872748
36947,-51.5,35.0,147.56093337819053
36948,-51.5,35.5,151.63752719646675
36949,-51.5,36.0,147.54846578291716
36950,-51.5,36.5,148.28608049928076
36951,-51.5,37.0,151.03932970785647
36952,-51.0,-38.5,164.6962007712366
36953,-51.0,-38.0,163.25009917513708
36954,-51.0,-37.0,157.73624617393583
36955,-51.0,-36.5,153.15657941498569
36956,-51.0,-36.0,155.80924029790648
36957,-51.0,-35.5,155.0323819363929
36958,-51.0,-35.0,154.88968770827756
36959,-51.0,-34.5,157.23384214822198
36960,-51.0,-34.0,150.28757066478488
36961,-51.0,-33.5,153.43004700619832
36962,-51.0,-33.0,149.9740742952642
36963,-51.0,-32.5,150.17178425105678
36964,-51.0,-32.0,154.82109182974256
36965,-51.0,-31.5,156.83960040033114
36966,-51.0,-31.0,155.08343508566816
36967,-51.0,-30.5,155.7156149214692
36968,-51.0,-30.0,155.00822372709817
36969,-51.0,-29.5,152.99542577481256
36970,-51.0,-29.0,151.37576486028217
36971,-51.0,-28.5,152.59340439094774
36972,-51.0,-28.0,151.15462730080057
36973,-51.0,-27.5,150.25802343931528
36974,-51.0,-27.0,150.56876695916574
36975,-51.0,-26.5,150.01769812883126
36976,-51.0,-26.0,150.13871218640344
36977,-51.0,-25.5,150.32932679379022
36978,-51.0,-25.0,149.1554311756366
36979,-51.0,-24.5,148.01929296072527
36980,-51.0,-24.0,149.09213133042863
36981,-51.0,-23.0,156.26432057426905
36982,-51.0,-22.5,151.83765365047702
36983,-51.0,-22.0,149.7189742683093
36984,-51.0,-21.5,151.6574291924969
36985,-51.0,-21.0,152.84510111549235
36986,-51.0,-20.5,153.14302324361424
36987,-51.0,-20.0,152.68188362002215
36988,-51.0,-19.5,149.58299838074316
36989,-51.0,-19.0,151.147755039137
36990,-51.0,-18.5,152.7200148864804
36991,-51.0,-18.0,147.71030070410234
36992,-51.0,-17.5,152.58496838593717
36993,-51.0,-16.5,154.14796564821108
36994,-51.0,-16.0,147.14358490094503
36995,-51.0,-15.5,151.74634190226521
36996,-51.0,-15.0,155.68434379199965
36997,-51.0,-14.0,155.9864907467458
36998,-51.0,-13.5,153.00408471659972
36999,-51.0,-12.5,158.3175229129405
37000,-51.0,-12.0,160.45055264415154
37001,-51.0,-11.5,155.10243357408999
37002,-51.0,-11.0,152.05010811484928
37003,-51.0,-10.5,151.73826538328262
37004,-51.0,-10.0,156.70425528920686
37005,-51.0,-9.5,154.39539989793644
37006,-51.0,-9.0,164.92778849607737
37007,-51.0,-8.5,166.09584926105038
37008,-51.0,-8.0,146.19650252883355
37009,-51.0,-7.0,143.9947762801745
37010,-51.0,-5.5,143.49718997424844
37011,-51.0,-5.0,142.09801967883845
37012,-51.0,-4.5,142.57305772611934
37013,-51.0,-4.0,142.9772709417591
37014,-51.0,-3.5,145.06405483179987
37015,-51.0,-3.0,151.17918838195746
37016,-51.0,-2.5,151.00631470249056
37017,-51.0,-2.0,150.61861659078076
37018,-51.0,-1.5,144.45350037580442
37019,-51.0,-1.0,154.29650337833212
37020,-51.0,-0.5,155.58539697156988
37021,-51.0,0.0,151.83304124600696
37022,-51.0,0.5,152.79514126953168
37023,-51.0,1.5,150.91836024734664
37024,-51.0,2.0,144.25257872031673
37025,-51.0,2.5,147.25807631500206
37026,-51.0,3.0,150.7785859117988
37027,-51.0,3.5,146.76438451964623
37028,-51.0,4.0,149.95694703227744
37029,-51.0,4.5,152.36401193838282
37030,-51.0,5.5,150.7933362897171
37031,-51.0,6.0,150.98932385793387
37032,-51.0,6.5,149.85502173444368
37033,-51.0,7.0,151.77375052860822
37034,-51.0,7.5,151.94927560013645
37035,-51.0,8.5,149.3061814860125
37036,-51.0,9.0,150.07326520136615
37037,-51.0,9.5,152.19841574952554
37038,-51.0,10.0,150.25534592290225
37039,-51.0,10.5,151.79774745489246
37040,-51.0,11.0,152.01188446824256
37041,-51.0,11.5,151.25480741333232
37042,-51.0,12.5,154.2878286314504
37043,-51.0,13.0,153.81677248005082
37044,-51.0,13.5,152.0395957632165
37045,-51.0,14.0,152.06237069006812
37046,-51.0,14.5,150.86130222773585
37047,-51.0,15.0,150.1073216303407
37048,-51.0,15.5,148.87131584891154
37049,-51.0,16.0,148.36198225013365
37050,-51.0,16.5,149.6691309483888
37051,-51.0,17.0,148.0164801892483
37052,-51.0,17.5,147.77126001208939
37053,-51.0,18.0,148.4852215901215
37054,-51.0,18.5,149.25979338896389
37055,-51.0,19.0,150.32177710018667
37056,-51.0,19.5,148.5944603804526
37057,-51.0,20.0,149.9399636440706
37058,-51.0,20.5,147.0702745753076
37059,-51.0,21.0,148.2921350480447
37060,-51.0,21.5,152.74604026783203
37061,-51.0,22.0,149.74938909208453
37062,-51.0,22.5,148.98534156766448
37063,-51.0,23.0,149.96428926423647
37064,-51.0,23.5,150.62096670265902
37065,-51.0,24.0,148.43674428491224
37066,-51.0,24.5,148.57102541777178
37067,-51.0,25.0,149.24973769512476
37068,-51.0,25.5,148.66465672305762
37069,-51.0,26.0,148.71058038172075
37070,-51.0,26.5,149.5607411370495
37071,-51.0,27.0,149.24327882665926
37072,-51.0,27.5,149.4899317864439
37073,-51.0,28.0,151.07116809809673
37074,-51.0,28.5,151.519057461424
37075,-51.0,29.0,149.46128881994778
37076,-51.0,29.5,149.95691437791353
37077,-51.0,30.0,153.59084573383262
37078,-51.0,30.5,152.52693334770206
37079,-51.0,31.0,149.13813280759223
37080,-51.0,31.5,155.26318661760936
37081,-51.0,32.0,151.81885789268577
37082,-51.0,32.5,150.05920609716526
37083,-51.0,33.5,148.63393086835598
37084,-51.0,34.0,150.20318283641538
37085,-51.0,34.5,149.555860087411
37086,-51.0,35.0,147.44994625702017
37087,-51.0,35.5,157.08115899036267
37088,-51.0,36.0,147.70280443597883
37089,-51.0,36.5,148.44626169682812
37090,-51.0,37.0,150.9947625647106
37091,-51.0,38.5,177.98185262628698
37092,-50.5,-38.5,163.29832423248527
37093,-50.5,-38.0,162.3578458894063
37094,-50.5,-37.0,164.0249537692471
37095,-50.5,-36.5,152.19508150448448
37096,-50.5,-36.0,155.49858008034184
37097,-50.5,-35.5,155.76263645823357
37098,-50.5,-35.0,154.8462671205848
37099,-50.5,-34.5,156.85531676987415
37100,-50.5,-34.0,151.97566261320605
37101,-50.5,-33.5,152.1092817345766
37102,-50.5,-33.0,150.2053917604801
37103,-50.5,-32.5,149.75425462561384
37104,-50.5,-32.0,155.73597991911515
37105,-50.5,-31.5,154.48349231811977
37106,-50.5,-31.0,154.33476965279326
37107,-50.5,-30.5,157.5594064980335
37108,-50.5,-30.0,160.0343485593575
37109,-50.5,-29.5,147.57252155302973
37110,-50.5,-29.0,152.65845748029284
37111,-50.5,-28.5,153.9270838144479
37112,-50.5,-28.0,150.09382467503244
37113,-50.5,-27.5,150.22092452181303
37114,-50.5,-27.0,147.34346215465393
37115,-50.5,-26.5,148.52757609541283
37116,-50.5,-26.0,152.00472310543958
37117,-50.5,-25.5,149.51296324678057
37118,-50.5,-25.0,149.65915327849805
37119,-50.5,-24.5,148.12467442666687
37120,-50.5,-24.0,151.85520603992
37121,-50.5,-23.5,150.9257243698778
37122,-50.5,-23.0,150.0235132964608
37123,-50.5,-22.5,152.23204179550356
37124,-50.5,-22.0,148.10407411764135
37125,-50.5,-21.5,152.5666382302007
37126,-50.5,-21.0,149.8373432839945
37127,-50.5,-20.5,146.35481794004372
37128,-50.5,-20.0,153.64713495114805
37129,-50.5,-19.5,149.83937573971596
37130,-50.5,-19.0,154.12468626405305
37131,-50.5,-18.5,149.78027129845708
37132,-50.5,-18.0,154.0110443903827
37133,-50.5,-17.5,150.58462024025653
37134,-50.5,-17.0,154.92090924579296
37135,-50.5,-16.5,151.13284764317382
37136,-50.5,-16.0,147.59294439206397
37137,-50.5,-15.5,158.0044044682398
37138,-50.5,-15.0,153.01957466078125
37139,-50.5,-14.5,151.91796050153448
37140,-50.5,-13.5,157.5387214345102
37141,-50.5,-12.5,158.86395335770192
37142,-50.5,-12.0,157.70125505479106
37143,-50.5,-11.5,154.53074699075788
37144,-50.5,-11.0,155.08957898232015
37145,-50.5,-10.5,158.95028919118775
37146,-50.5,-10.0,153.45106862018017
37147,-50.5,-9.5,166.35271108643937
37148,-50.5,-9.0,161.9731018363876
37149,-50.5,-8.5,155.0040846030875
37150,-50.5,-8.0,145.89948839213056
37151,-50.5,-7.5,145.68828328257032
37152,-50.5,-7.0,147.31197810131877
37153,-50.5,-6.5,155.32633176415695
37154,-50.5,-6.0,171.58574686225427
37155,-50.5,-5.5,144.1677785579795
37156,-50.5,-4.5,143.66856749344961
37157,-50.5,-4.0,144.83717820163335
37158,-50.5,-2.5,151.2061876313583
37159,-50.5,-2.0,154.0022717730148
37160,-50.5,-1.5,151.0271417876428
37161,-50.5,-1.0,151.58786521843655
37162,-50.5,-0.5,154.81357050440033
37163,-50.5,0.0,157.52709645767516
37164,-50.5,0.5,144.5030715372352
37165,-50.5,1.0,160.0722709556918
37166,-50.5,1.5,155.50916431483498
37167,-50.5,2.0,151.4076130711658
37168,-50.5,2.5,153.05480936755043
37169,-50.5,3.0,146.6958737109614
37170,-50.5,3.5,152.01276365571476
37171,-50.5,4.0,147.7609837694453
37172,-50.5,5.5,152.01981696965453
37173,-50.5,6.0,151.0782601832716
37174,-50.5,6.5,150.3752756546759
37175,-50.5,7.0,148.15469780190276
37176,-50.5,7.5,153.5190507635267
37177,-50.5,8.0,149.08015937071949
37178,-50.5,8.5,149.3370327282423
37179,-50.5,9.5,149.71175193228603
37180,-50.5,10.0,153.9952314431535
37181,-50.5,10.5,151.4446346925478
37182,-50.5,11.0,152.70887355158766
37183,-50.5,11.5,151.26947854090017
37184,-50.5,12.0,152.49868491003073
37185,-50.5,12.5,155.9646416396595
37186,-50.5,13.0,155.04493883215304
37187,-50.5,13.5,152.96708525552822
37188,-50.5,14.0,151.57890010783314
37189,-50.5,14.5,150.7718656918486
37190,-50.5,15.0,149.57416092762847
37191,-50.5,15.5,148.24024547601408
37192,-50.5,16.0,149.28527961247062
37193,-50.5,16.5,148.45691203368443
37194,-50.5,17.0,149.02431346339503
37195,-50.5,17.5,148.06738236809733
37196,-50.5,18.0,148.6834712422035
37197,-50.5,18.5,149.11152343819606
37198,-50.5,19.0,150.3662696816855
37199,-50.5,19.5,150.56330063364422
37200,-50.5,20.0,147.81775242786276
37201,-50.5,20.5,148.67662441917042
37202,-50.5,21.0,150.2942454651437
37203,-50.5,21.5,148.9282035507937
37204,-50.5,22.0,149.23940485176726
37205,-50.5,22.5,152.87802486520172
37206,-50.5,23.0,150.16691932967305
37207,-50.5,23.5,149.54360793830915
37208,-50.5,24.0,148.43225843189958
37209,-50.5,24.5,149.52701695739697
37210,-50.5,25.0,149.37584675280624
37211,-50.5,25.5,148.79697310228812
37212,-50.5,26.0,148.86843038793918
37213,-50.5,26.5,149.80477687025382
37214,-50.5,27.0,148.89063816602047
37215,-50.5,27.5,149.81423561703633
37216,-50.5,28.0,150.28237622684503
37217,-50.5,28.5,150.68965822685163
37218,-50.5,29.0,150.90723020581558
37219,-50.5,29.5,150.8079710321361
37220,-50.5,30.0,150.78643733768925
37221,-50.5,30.5,153.46151060858784
37222,-50.5,31.0,149.34099460364502
37223,-50.5,31.5,152.44389413893643
37224,-50.5,32.0,151.9918224692295
37225,-50.5,32.5,150.45125833172673
37226,-50.5,33.5,148.62059185495644
37227,-50.5,34.0,147.7791904891697
37228,-50.5,34.5,148.32525310191477
37229,-50.5,35.0,147.5766603912471
37230,-50.5,35.5,157.81206990445725
37231,-50.5,36.0,147.78617873439995
37232,-50.5,36.5,148.6495243771167
37233,-50.5,37.0,152.00130865476174
37234,-50.0,-38.5,162.45608837472653
37235,-50.0,-38.0,161.40317611044335
37236,-50.0,-37.0,165.1719106273816
37237,-50.0,-36.5,153.43807751545566
37238,-50.0,-36.0,154.70740105140789
37239,-50.0,-35.5,156.4803022532327
37240,-50.0,-35.0,154.73726179279265
37241,-50.0,-34.5,156.168576911607
37242,-50.0,-34.0,154.38342412087565
37243,-50.0,-33.5,151.93824993890868
37244,-50.0,-33.0,150.46480322896204
37245,-50.0,-32.5,148.69212460495396
37246,-50.0,-32.0,154.35091084888722
37247,-50.0,-31.5,156.58267706744982
37248,-50.0,-31.0,151.72587084005565
37249,-50.0,-30.5,150.15230141390506
37250,-50.0,-30.0,157.08633767154123
37251,-50.0,-29.5,152.420125798019
37252,-50.0,-29.0,151.0422112905484
37253,-50.0,-28.5,152.12705180412323
37254,-50.0,-28.0,149.84393817797465
37255,-50.0,-27.5,149.6015648079943
37256,-50.0,-27.0,151.57959932217898
37257,-50.0,-26.5,148.8465457174917
37258,-50.0,-26.0,151.6912430671178
37259,-50.0,-25.5,149.3974650863175
37260,-50.0,-25.0,148.74918804864913
37261,-50.0,-24.5,148.6252212136015
37262,-50.0,-24.0,149.1164737819696
37263,-50.0,-23.5,150.8918050647086
37264,-50.0,-23.0,148.19104915036004
37265,-50.0,-22.5,152.3049135453795
37266,-50.0,-22.0,150.1332772288508
37267,-50.0,-21.5,150.48243225386085
37268,-50.0,-21.0,148.64304935451543
37269,-50.0,-20.0,157.959699934447
37270,-50.0,-19.5,152.67478035751216
37271,-50.0,-19.0,153.124895445239
37272,-50.0,-18.5,155.14040076253968
37273,-50.0,-18.0,155.0364099777542
37274,-50.0,-17.5,151.3865292667498
37275,-50.0,-17.0,151.20682369119842
37276,-50.0,-16.5,148.83583549533435
37277,-50.0,-16.0,150.84656770712033
37278,-50.0,-15.5,161.54783741171147
37279,-50.0,-14.5,151.08290365138296
37280,-50.0,-12.5,159.5131864994615
37281,-50.0,-12.0,156.06212710201933
37282,-50.0,-11.5,155.2872484766951
37283,-50.0,-11.0,156.92270107122076
37284,-50.0,-10.5,158.68033715031052
37285,-50.0,-10.0,178.1472046025696
37286,-50.0,-9.5,168.2036197020546
37287,-50.0,-9.0,155.23555261079738
37288,-50.0,-8.5,155.55288272611443
37289,-50.0,-8.0,155.89315288951454
37290,-50.0,-7.5,147.242291446927
37291,-50.0,-7.0,148.39246318113206
37292,-50.0,-6.5,162.48784030778484
37293,-50.0,-6.0,146.5598816471313
37294,-50.0,-4.5,144.97839152457112
37295,-50.0,-4.0,144.93713413883953
37296,-50.0,-2.0,153.58851506634375
37297,-50.0,-1.5,147.69469975352789
37298,-50.0,-1.0,144.67414897450388
37299,-50.0,-0.5,149.8084015316356
37300,-50.0,0.5,147.18539102742787
37301,-50.0,1.0,150.40897668626502
37302,-50.0,1.5,149.66692551741988
37303,-50.0,2.0,155.14618249112408
37304,-50.0,2.5,151.17323826290462
37305,-50.0,3.0,144.68685884853812
37306,-50.0,3.5,149.21885087464014
37307,-50.0,4.0,151.3194949742179
37308,-50.0,4.5,144.98270636233286
37309,-50.0,5.0,151.00955132923107
37310,-50.0,5.5,151.58595684295216
37311,-50.0,6.0,150.47641221493004
37312,-50.0,6.5,150.4282058568825
37313,-50.0,7.0,150.29832514645904
37314,-50.0,7.5,150.4751112766866
37315,-50.0,8.0,150.41302456692893
37316,-50.0,8.5,145.93297729433786
37317,-50.0,9.0,149.29610370203622
37318,-50.0,9.5,149.46009325906823
37319,-50.0,10.0,152.7407011103054
37320,-50.0,10.5,151.94911822868093
37321,-50.0,11.0,150.69769262490556
37322,-50.0,11.5,153.36073974836285
37323,-50.0,12.0,153.22883023780176
37324,-50.0,12.5,152.8236422146669
37325,-50.0,13.0,157.00722577871295
37326,-50.0,13.5,152.11321575109045
37327,-50.0,14.0,151.43908942842407
37328,-50.0,14.5,150.53488208330475
37329,-50.0,15.0,149.632960260377
37330,-50.0,15.5,148.8153781739154
37331,-50.0,16.0,149.49764883246763
37332,-50.0,16.5,148.17512244274747
37333,-50.0,17.0,148.05615473419854
37334,-50.0,17.5,148.68653237094634
37335,-50.0,18.0,148.30388027789348
37336,-50.0,18.5,152.26978162406903
37337,-50.0,19.0,149.10935369886607
37338,-50.0,19.5,150.23635058848282
37339,-50.0,20.0,147.20976328800623
37340,-50.0,20.5,148.66155288950847
37341,-50.0,21.0,153.16559739103909
37342,-50.0,21.5,150.0271331963632
37343,-50.0,22.0,148.22740767048714
37344,-50.0,22.5,151.0388626391149
37345,-50.0,23.0,150.85519412255232
37346,-50.0,23.5,148.99483617206778
37347,-50.0,24.0,148.93892345478045
37348,-50.0,24.5,149.74007997985902
37349,-50.0,25.0,148.4980646924687
37350,-50.0,25.5,148.4723961249949
37351,-50.0,26.0,149.2039497135525
37352,-50.0,26.5,149.31995046933787
37353,-50.0,27.0,149.18860015837885
37354,-50.0,27.5,149.88110770545248
37355,-50.0,28.0,149.635324157959
37356,-50.0,28.5,149.23850697035974
37357,-50.0,29.0,152.40026885745038
37358,-50.0,29.5,150.78290320098588
37359,-50.0,30.0,149.16689966183765
37360,-50.0,30.5,154.52942855985327
37361,-50.0,31.0,151.80662043775243
37362,-50.0,31.5,151.49979361889658
37363,-50.0,32.5,150.7701198995812
37364,-50.0,33.0,148.70474057879002
37365,-50.0,33.5,147.96609307304817
37366,-50.0,34.0,147.93995182512097
37367,-50.0,34.5,148.55141222480032
37368,-50.0,35.0,147.82412143387123
37369,-50.0,35.5,154.55992030203404
37370,-50.0,36.0,147.81959856318525
37371,-50.0,36.5,148.6255971789996
37372,-50.0,37.0,151.9365214135299
37373,-49.5,-38.0,160.68785271936966
37374,-49.5,-36.5,152.1494559953664
37375,-49.5,-36.0,154.63827470221585
37376,-49.5,-35.5,157.25446662222274
37377,-49.5,-34.5,155.26443431408973
37378,-49.5,-34.0,154.10430859313894
37379,-49.5,-33.5,152.06422993388364
37380,-49.5,-33.0,151.3013230364838
37381,-49.5,-32.5,148.3426663124688
37382,-49.5,-32.0,152.4506171111817
37383,-49.5,-31.5,158.5586247588901
37384,-49.5,-31.0,152.62718065730957
37385,-49.5,-30.5,149.9603826455528
37386,-49.5,-30.0,153.0523877426585
37387,-49.5,-29.5,150.4730590056291
37388,-49.5,-29.0,160.79280753666097
37389,-49.5,-28.5,152.51744581334228
37390,-49.5,-28.0,149.77778344145548
37391,-49.5,-27.5,148.04494353254967
37392,-49.5,-27.0,149.9553309493952
37393,-49.5,-26.5,151.1369070576671
37394,-49.5,-26.0,150.39613292770488
37395,-49.5,-25.5,152.79853788591927
37396,-49.5,-25.0,146.1051974288362
37397,-49.5,-24.5,148.2928240066969
37398,-49.5,-24.0,148.12748891302698
37399,-49.5,-23.5,154.48466012009044
37400,-49.5,-23.0,151.32727220484873
37401,-49.5,-22.5,147.95791637198326
37402,-49.5,-22.0,153.64992125250137
37403,-49.5,-21.5,151.26929499162472
37404,-49.5,-21.0,149.258259630791
37405,-49.5,-20.5,149.1705624660589
37406,-49.5,-20.0,150.24178570538209
37407,-49.5,-19.5,152.52802679070453
37408,-49.5,-19.0,149.08260500721954
37409,-49.5,-18.5,154.43230421049384
37410,-49.5,-18.0,151.37240282950975
37411,-49.5,-17.5,154.63560209796123
37412,-49.5,-17.0,148.52701981914686
37413,-49.5,-16.5,148.50221339672504
37414,-49.5,-16.0,159.31530013648575
37415,-49.5,-15.5,151.13663388021547
37416,-49.5,-14.5,151.1895956404132
37417,-49.5,-14.0,151.28659699848987
37418,-49.5,-13.0,160.8011572341328
37419,-49.5,-12.5,160.1770173991546
37420,-49.5,-12.0,151.72645753054098
37421,-49.5,-11.5,154.36902666229093
37422,-49.5,-11.0,160.40686123077145
37423,-49.5,-10.5,157.17923203498407
37424,-49.5,-10.0,186.0326015081576
37425,-49.5,-9.5,153.51396062201678
37426,-49.5,-9.0,153.2288637653396
37427,-49.5,-8.5,156.1340346002481
37428,-49.5,-8.0,156.30674815218677
37429,-49.5,-7.0,157.13756771423706
37430,-49.5,-6.5,149.15716392771165
37431,-49.5,-6.0,146.6216034288624
37432,-49.5,-5.0,147.44844980165587
37433,-49.5,-4.5,147.47333025058327
37434,-49.5,-2.0,153.55746185423058
37435,-49.5,-1.5,152.81806824262324
37436,-49.5,-1.0,148.8267978156844
37437,-49.5,-0.5,147.22525660527938
37438,-49.5,0.0,151.66222415315758
37439,-49.5,0.5,150.85453655928856
37440,-49.5,1.0,144.73347075208505
37441,-49.5,1.5,147.0407276111133
37442,-49.5,2.0,149.6927031688677
37443,-49.5,3.0,151.19564888407305
37444,-49.5,3.5,150.12667198513037
37445,-49.5,4.0,151.8241388863833
37446,-49.5,4.5,145.15215054565977
37447,-49.5,5.0,150.73645271052055
37448,-49.5,5.5,150.96445216159321
37449,-49.5,6.0,150.62804221819493
37450,-49.5,6.5,150.1835289306069
37451,-49.5,7.0,150.80703278192027
37452,-49.5,7.5,151.32368225258867
37453,-49.5,8.0,152.18603644608635
37454,-49.5,8.5,148.1455658458729
37455,-49.5,9.0,149.57022118502914
37456,-49.5,9.5,150.53196742491338
37457,-49.5,10.0,153.4074150805416
37458,-49.5,10.5,150.86497916238713
37459,-49.5,11.0,147.07098277097273
37460,-49.5,11.5,151.22307151316804
37461,-49.5,12.0,152.1262401949639
37462,-49.5,12.5,150.95239155942622
37463,-49.5,13.0,154.85095841190562
37464,-49.5,13.5,154.20010428111223
37465,-49.5,14.0,150.8403659157637
37466,-49.5,14.5,150.5722349095617
37467,-49.5,15.5,149.88308369140162
37468,-49.5,16.0,150.37371768183732
37469,-49.5,16.5,148.1467624367964
37470,-49.5,17.0,148.4959355890737
37471,-49.5,17.5,148.35978551031596
37472,-49.5,18.0,148.3578512956809
37473,-49.5,18.5,146.8670019827478
37474,-49.5,19.0,154.1644826494787
37475,-49.5,19.5,148.33478828018085
37476,-49.5,20.0,148.02626045685105
37477,-49.5,20.5,151.0432488042369
37478,-49.5,21.0,148.79132195379242
37479,-49.5,21.5,149.95628301403443
37480,-49.5,22.0,152.66707581301822
37481,-49.5,22.5,149.8817136268514
37482,-49.5,23.0,150.38660869665304
37483,-49.5,23.5,148.97872486061965
37484,-49.5,24.0,150.05852287018405
37485,-49.5,24.5,150.36241030279527
37486,-49.5,25.0,147.81198801806096
37487,-49.5,25.5,148.5483333547453
37488,-49.5,26.0,149.95245587605146
37489,-49.5,26.5,148.95429808943362
37490,-49.5,27.0,149.6236024495763
37491,-49.5,27.5,150.03012126889044
37492,-49.5,28.0,149.54775176140362
37493,-49.5,28.5,149.4066204455595
37494,-49.5,29.0,151.85110020773908
37495,-49.5,29.5,150.70002742504596
37496,-49.5,30.0,149.2933433273295
37497,-49.5,30.5,154.36546487531103
37498,-49.5,31.0,150.45483535944211
37499,-49.5,31.5,151.72645513089697
37500,-49.5,32.5,151.0601755832138
37501,-49.5,33.0,149.11311536592285
37502,-49.5,33.5,147.274050086783
37503,-49.5,34.0,147.91063720762406
37504,-49.5,34.5,148.860831966019
37505,-49.5,35.0,147.72345252510655
37506,-49.5,35.5,149.01188416797845
37507,-49.5,36.0,152.6459350565401
37508,-49.5,36.5,148.33849320082393
37509,-49.5,37.0,149.68997814413373
37510,-49.0,-38.0,160.21340555881585
37511,-49.0,-37.5,158.21977232659796
37512,-49.0,-36.5,151.41702666971648
37513,-49.0,-36.0,154.21518653387466
37514,-49.0,-35.5,160.73061771726796
37515,-49.0,-35.0,157.88412084399775
37516,-49.0,-34.5,154.02885089450731
37517,-49.0,-34.0,153.20258733002598
37518,-49.0,-33.5,152.07682305987655
37519,-49.0,-33.0,151.34746150023844
37520,-49.0,-32.5,148.4422491101332
37521,-49.0,-32.0,155.06570506009695
37522,-49.0,-31.5,154.21513261075935
37523,-49.0,-31.0,152.13846848078256
37524,-49.0,-30.5,151.22973753485235
37525,-49.0,-30.0,150.59669672259523
37526,-49.0,-29.5,151.4155131089589
37527,-49.0,-29.0,155.83370743230788
37528,-49.0,-28.5,154.10784715402872
37529,-49.0,-28.0,152.16848266262537
37530,-49.0,-27.5,145.280357956742
37531,-49.0,-27.0,151.62497447992553
37532,-49.0,-26.5,155.40923185682502
37533,-49.0,-26.0,149.96595285351648
37534,-49.0,-25.5,149.1833677867474
37535,-49.0,-25.0,144.71211131997583
37536,-49.0,-24.5,147.4812631716475
37537,-49.0,-24.0,149.4075397939097
37538,-49.0,-23.5,152.6385419812449
37539,-49.0,-23.0,152.49678031556854
37540,-49.0,-22.5,150.1111504976598
37541,-49.0,-22.0,155.46029962988763
37542,-49.0,-21.5,148.44052396603195
37543,-49.0,-21.0,145.92675132904057
37544,-49.0,-20.5,148.60059422604292
37545,-49.0,-20.0,152.3652373859982
37546,-49.0,-19.5,149.5988958531589
37547,-49.0,-19.0,147.68374588253198
37548,-49.0,-18.5,155.08904933386282
37549,-49.0,-18.0,159.0481358930965
37550,-49.0,-17.5,152.7239484366094
37551,-49.0,-17.0,148.07800714383313
37552,-49.0,-16.5,154.85395372204732
37553,-49.0,-16.0,162.22973158481332
37554,-49.0,-15.5,150.9805052965561
37555,-49.0,-15.0,150.80983960732536
37556,-49.0,-14.0,149.82912556548834
37557,-49.0,-13.5,162.64845071232844
37558,-49.0,-13.0,162.06788911703333
37559,-49.0,-12.5,153.38912740608995
37560,-49.0,-12.0,152.0178069540786
37561,-49.0,-11.5,159.43437578698968
37562,-49.0,-11.0,155.09249761615783
37563,-49.0,-10.5,173.8247689955898
37564,-49.0,-10.0,156.13477060998326
37565,-49.0,-9.5,154.78605662032533
37566,-49.0,-9.0,153.1750825658996
37567,-49.0,-8.5,156.17796704887525
37568,-49.0,-8.0,156.79978992910694
37569,-49.0,-7.5,166.52422679073172
37570,-49.0,-7.0,158.64868012213785
37571,-49.0,-6.5,147.34953042506194
37572,-49.0,-6.0,148.16837194280163
37573,-49.0,-5.5,150.68654931825967
37574,-49.0,-5.0,145.5346875866879
37575,-49.0,-2.5,152.2043714738295
37576,-49.0,-2.0,150.95395989167693
37577,-49.0,-1.5,153.5153788409568
37578,-49.0,-1.0,158.37594721413993
37579,-49.0,-0.5,154.8867002734882
37580,-49.0,0.0,147.35908027272197
37581,-49.0,0.5,149.88456013619037
37582,-49.0,1.0,148.54929316963998
37583,-49.0,1.5,147.17182510249026
37584,-49.0,2.0,146.89088014304218
37585,-49.0,2.5,150.76589813205655
37586,-49.0,3.0,153.19582265952005
37587,-49.0,3.5,154.90562614630386
37588,-49.0,4.0,144.383695439533
37589,-49.0,4.5,151.9764788092633
37590,-49.0,5.0,149.0286462951968
37591,-49.0,5.5,150.91630448299534
37592,-49.0,6.0,150.87915824314285
37593,-49.0,7.0,151.60236058727793
37594,-49.0,7.5,150.68753523965913
37595,-49.0,8.0,148.98103223601808
37596,-49.0,8.5,151.6529208287955
37597,-49.0,9.0,155.88366161702987
37598,-49.0,9.5,151.24200252948404
37599,-49.0,10.0,150.88090058075502
37600,-49.0,11.0,151.48569277713074
37601,-49.0,11.5,146.98855374051706
37602,-49.0,12.0,152.0820445217082
37603,-49.0,13.0,151.80556941247485
37604,-49.0,13.5,154.9524146938392
37605,-49.0,14.0,150.68830811403296
37606,-49.0,15.0,151.40251142022333
37607,-49.0,15.5,151.28536544149904
37608,-49.0,16.0,148.6422460646483
37609,-49.0,16.5,148.8010550158417
37610,-49.0,17.0,148.69107894823722
37611,-49.0,17.5,152.7485620831122
37612,-49.0,18.5,148.5958864077412
37613,-49.0,19.0,149.6243272426321
37614,-49.0,19.5,147.10069416016697
37615,-49.0,20.0,149.15950447639014
37616,-49.0,20.5,150.7180618855342
37617,-49.0,21.0,150.68670964715815
37618,-49.0,21.5,148.63619192393833
37619,-49.0,22.0,152.1337405775183
37620,-49.0,22.5,150.86577507607979
37621,-49.0,23.0,148.95026603154824
37622,-49.0,23.5,150.29024224485602
37623,-49.0,24.0,149.58293221562394
37624,-49.0,24.5,149.31237339912923
37625,-49.0,25.0,148.85867803736107
37626,-49.0,25.5,148.4062272225793
37627,-49.0,26.0,149.51179610560158
37628,-49.0,26.5,149.47096398768178
37629,-49.0,27.0,148.99311506323298
37630,-49.0,27.5,150.08545967016212
37631,-49.0,28.0,149.40712942555356
37632,-49.0,28.5,148.89069390483178
37633,-49.0,29.0,151.32686679539768
37634,-49.0,29.5,151.48022460864334
37635,-49.0,30.0,150.33756638962663
37636,-49.0,30.5,153.65384660154177
37637,-49.0,31.0,153.3551876301694
37638,-49.0,31.5,151.17916268987673
37639,-49.0,32.0,147.74391459842923
37640,-49.0,32.5,151.16795390812956
37641,-49.0,33.0,149.3843771885712
37642,-49.0,33.5,147.38012147160185
37643,-49.0,34.0,148.52146376115545
37644,-49.0,34.5,148.97032296909805
37645,-49.0,35.0,147.7764264822577
37646,-49.0,35.5,150.3522050325397
37647,-49.0,36.0,153.88780047363417
37648,-49.0,36.5,148.3848715159539
37649,-49.0,37.0,151.17660421073663
37650,-48.5,-38.0,160.53700198441848
37651,-48.5,-37.5,157.35435977245524
37652,-48.5,-36.5,151.28751373800904
37653,-48.5,-36.0,152.19218567277966
37654,-48.5,-35.5,161.96699585988927
37655,-48.5,-34.5,152.9236202384034
37656,-48.5,-34.0,152.23686992169047
37657,-48.5,-33.5,153.0952894972667
37658,-48.5,-33.0,151.02439056807322
37659,-48.5,-32.5,152.11847163451276
37660,-48.5,-32.0,156.1085288674079
37661,-48.5,-31.5,155.45171939624308
37662,-48.5,-31.0,149.96779257779954
37663,-48.5,-30.5,149.06225142797229
37664,-48.5,-30.0,149.50476380055198
37665,-48.5,-29.5,154.58526811179877
37666,-48.5,-29.0,152.3636864404309
37667,-48.5,-28.5,150.32271193332062
37668,-48.5,-28.0,153.47990073571162
37669,-48.5,-27.5,154.15767494968838
37670,-48.5,-27.0,152.14986216894258
37671,-48.5,-26.5,151.10103566989207
37672,-48.5,-26.0,151.86508695448336
37673,-48.5,-25.5,153.3567268610952
37674,-48.5,-25.0,145.66650107937173
37675,-48.5,-24.5,145.2727558713042
37676,-48.5,-24.0,148.3726855875262
37677,-48.5,-23.5,151.16565341274446
37678,-48.5,-23.0,150.6658683448636
37679,-48.5,-22.5,153.12794459252984
37680,-48.5,-22.0,148.3568105111974
37681,-48.5,-21.5,148.12608800136113
37682,-48.5,-21.0,147.73140904899327
37683,-48.5,-20.5,149.39023853371708
37684,-48.5,-20.0,151.55147328500834
37685,-48.5,-19.5,147.5189739047987
37686,-48.5,-19.0,156.1363394190225
37687,-48.5,-18.5,156.6928043040469
37688,-48.5,-18.0,154.32730455986456
37689,-48.5,-17.5,149.39919410545522
37690,-48.5,-17.0,151.20752839253907
37691,-48.5,-16.5,158.83509898100274
37692,-48.5,-16.0,151.58642401802828
37693,-48.5,-15.0,150.70138706267093
37694,-48.5,-14.0,149.91252893478548
37695,-48.5,-13.5,154.67065960270844
37696,-48.5,-13.0,151.6916156694775
37697,-48.5,-12.5,150.38364846681395
37698,-48.5,-12.0,164.21168076513973
37699,-48.5,-11.5,163.69720427875242
37700,-48.5,-11.0,160.3006353285011
37701,-48.5,-10.5,165.12659226381268
37702,-48.5,-10.0,156.5835193135139
37703,-48.5,-9.5,156.14625591594813
37704,-48.5,-9.0,154.93453453037932
37705,-48.5,-8.5,153.43911002714475
37706,-48.5,-8.0,162.74093803350252
37707,-48.5,-7.5,165.86324143057894
37708,-48.5,-7.0,145.31136830310913
37709,-48.5,-6.5,149.0691037249177
37710,-48.5,-6.0,149.0022410794477
37711,-48.5,-5.5,149.62381129172343
37712,-48.5,-5.0,150.91281350121
37713,-48.5,-2.5,144.98030615913117
37714,-48.5,-2.0,144.6999572230629
37715,-48.5,-1.5,154.42115299732058
37716,-48.5,-1.0,154.10391810154493
37717,-48.5,-0.5,152.8558609274892
37718,-48.5,0.0,149.51810002717505
37719,-48.5,0.5,147.15283318958967
37720,-48.5,1.0,149.49982911685922
37721,-48.5,1.5,149.0208309077109
37722,-48.5,2.0,146.03892804879467
37723,-48.5,2.5,149.38048788423214
37724,-48.5,3.0,151.95261590932017
37725,-48.5,4.0,151.5268675719647
37726,-48.5,4.5,149.15731394415147
37727,-48.5,5.0,151.34418830306984
37728,-48.5,5.5,148.40329195271227
37729,-48.5,6.0,150.41475565623387
37730,-48.5,6.5,152.44395280466603
37731,-48.5,7.0,151.77749339851547
37732,-48.5,7.5,150.46655857933862
37733,-48.5,8.0,150.35608734063234
37734,-48.5,8.5,148.9668584529114
37735,-48.5,9.0,152.12395455727943
37736,-48.5,9.5,151.48907287978614
37737,-48.5,10.0,151.1042628850235
37738,-48.5,10.5,151.79690294465735
37739,-48.5,11.0,151.9795998198423
37740,-48.5,11.5,150.7357046144474
37741,-48.5,12.0,148.7860645152245
37742,-48.5,12.5,152.4732165177543
37743,-48.5,13.0,150.70571270851548
37744,-48.5,13.5,152.58806242668624
37745,-48.5,14.0,150.89467419708222
37746,-48.5,15.0,151.62565407507333
37747,-48.5,16.0,148.28269021964692
37748,-48.5,16.5,149.03427751642852
37749,-48.5,17.0,149.13819987770705
37750,-48.5,17.5,151.99200249191432
37751,-48.5,18.0,146.79739981045114
37752,-48.5,18.5,151.96346791795932
37753,-48.5,19.0,147.38811684494635
37754,-48.5,19.5,148.21350900849333
37755,-48.5,20.0,152.20749639320144
37756,-48.5,20.5,149.0763032252246
37757,-48.5,21.0,149.44697424275273
37758,-48.5,21.5,152.57214213782552
37759,-48.5,22.0,150.5963133414475
37760,-48.5,22.5,149.22422783055194
37761,-48.5,23.0,148.7362947062714
37762,-48.5,23.5,149.99201145110305
37763,-48.5,24.0,149.05135051873395
37764,-48.5,24.5,149.29958867403397
37765,-48.5,25.0,149.25361885857615
37766,-48.5,25.5,149.2031955137868
37767,-48.5,26.0,149.22777510364824
37768,-48.5,26.5,149.69197085748542
37769,-48.5,27.0,148.9640206049493
37770,-48.5,27.5,149.91221134540828
37771,-48.5,28.0,149.29920505426793
37772,-48.5,28.5,149.53205792644766
37773,-48.5,29.0,151.16487198659246
37774,-48.5,29.5,151.50665821428683
37775,-48.5,30.0,149.8274818219918
37776,-48.5,30.5,151.99378204536754
37777,-48.5,31.0,155.69683199254456
37778,-48.5,31.5,151.89295207158176
37779,-48.5,32.0,147.58115207538637
37780,-48.5,32.5,149.89214260146193
37781,-48.5,33.0,151.02304562549858
37782,-48.5,33.5,147.68681239789387
37783,-48.5,34.0,148.90579831805093
37784,-48.5,34.5,148.88326043093338
37785,-48.5,35.0,148.03641616940607
37786,-48.5,35.5,149.70293060124118
37787,-48.5,36.0,154.30844873039692
37788,-48.5,36.5,148.44508349241195
37789,-48.5,37.0,151.58169279143547
37790,-48.0,-38.0,158.85386298940494
37791,-48.0,-37.5,156.20742782413876
37792,-48.0,-36.5,150.90823616739337
37793,-48.0,-36.0,152.07901979141258
37794,-48.0,-35.5,163.02006318186884
37795,-48.0,-35.0,161.17233768198065
37796,-48.0,-34.5,153.54563565941456
37797,-48.0,-34.0,151.61266038868555
37798,-48.0,-33.5,153.62482202624616
37799,-48.0,-33.0,150.54139281710746
37800,-48.0,-32.5,153.8697163705699
37801,-48.0,-32.0,156.01648474367863
37802,-48.0,-31.5,156.01305768682425
37803,-48.0,-31.0,148.48401622690994
37804,-48.0,-30.5,147.26675879344145
37805,-48.0,-30.0,149.9290187917001
37806,-48.0,-29.5,153.2584752031799
37807,-48.0,-29.0,150.23736442505498
37808,-48.0,-28.5,150.48216887116305
37809,-48.0,-28.0,151.934645370493
37810,-48.0,-27.5,151.9945771815774
37811,-48.0,-27.0,150.1942221022872
37812,-48.0,-26.5,148.46308488966176
37813,-48.0,-26.0,150.67360278060883
37814,-48.0,-25.5,151.8685260448635
37815,-48.0,-25.0,150.72263102447275
37816,-48.0,-24.5,145.26659622744035
37817,-48.0,-24.0,145.9354001517447
37818,-48.0,-23.5,150.71033745753934
37819,-48.0,-23.0,151.7151932836437
37820,-48.0,-22.5,151.3780364465793
37821,-48.0,-22.0,148.2125390324229
37822,-48.0,-21.5,147.37687196748527
37823,-48.0,-21.0,150.6920860678284
37824,-48.0,-20.5,149.4491595646943
37825,-48.0,-20.0,153.55946218975876
37826,-48.0,-19.5,149.66449748934266
37827,-48.0,-19.0,160.9698237665998
37828,-48.0,-18.5,161.79927415002686
37829,-48.0,-18.0,150.37397000827045
37830,-48.0,-17.5,146.7971509371449
37831,-48.0,-17.0,158.84761688014441
37832,-48.0,-16.5,154.98071269892375
37833,-48.0,-16.0,146.18908759672942
37834,-48.0,-15.0,150.11024791048416
37835,-48.0,-14.5,149.86209720427965
37836,-48.0,-14.0,165.83265193680924
37837,-48.0,-13.5,154.5467359916563
37838,-48.0,-13.0,150.8107012619076
37839,-48.0,-12.5,150.12179627341206
37840,-48.0,-12.0,165.34344478312363
37841,-48.0,-11.5,154.17448956087182
37842,-48.0,-11.0,165.96312383360484
37843,-48.0,-10.5,153.61805020975788
37844,-48.0,-9.5,156.88867629177153
37845,-48.0,-9.0,156.75054825100125
37846,-48.0,-8.5,155.38181179207322
37847,-48.0,-8.0,168.48589172523552
37848,-48.0,-7.5,151.0200627372572
37849,-48.0,-6.0,147.1280961725316
37850,-48.0,-5.5,145.25524613312533
37851,-48.0,-5.0,146.34961311588364
37852,-48.0,-4.5,145.589218364344
37853,-48.0,-3.0,145.0154794328052
37854,-48.0,-2.5,145.47622862359847
37855,-48.0,-2.0,148.4755887389938
37856,-48.0,-1.5,146.8647131520472
37857,-48.0,-1.0,149.56936346986149
37858,-48.0,-0.5,150.54977088450295
37859,-48.0,0.0,148.93046376355417
37860,-48.0,0.5,147.37442471196044
37861,-48.0,1.0,148.7496522723989
37862,-48.0,1.5,150.35251208108483
37863,-48.0,2.0,149.15269509691353
37864,-48.0,2.5,144.52508006932297
37865,-48.0,3.0,148.746587437352
37866,-48.0,4.0,151.30674447657236
37867,-48.0,4.5,147.3433913094887
37868,-48.0,5.0,149.60854789731238
37869,-48.0,5.5,147.5947219315099
37870,-48.0,6.0,148.9951597858412
37871,-48.0,6.5,150.99100489375462
37872,-48.0,7.0,153.88916329797163
37873,-48.0,7.5,149.6757705001158
37874,-48.0,8.0,153.54908040956371
37875,-48.0,8.5,151.02017311545848
37876,-48.0,9.0,151.2606841833618
37877,-48.0,9.5,150.61249436426704
37878,-48.0,10.0,149.86855637167167
37879,-48.0,10.5,151.16196859287618
37880,-48.0,11.0,152.20075213546056
37881,-48.0,11.5,152.48036983105695
37882,-48.0,12.0,148.57503469418916
37883,-48.0,12.5,151.10139295218374
37884,-48.0,13.0,151.64335017124412
37885,-48.0,13.5,151.0284035671401
37886,-48.0,14.0,158.29711372493048
37887,-48.0,14.5,152.1354649522992
37888,-48.0,15.0,151.90942222803574
37889,-48.0,15.5,153.82144695997317
37890,-48.0,16.0,149.92493341243585
37891,-48.0,16.5,148.78388698747816
37892,-48.0,17.0,149.63576952582642
37893,-48.0,17.5,147.29477737880075
37894,-48.0,18.0,151.91709708983498
37895,-48.0,18.5,149.24789778320266
37896,-48.0,19.0,147.12506124136192
37897,-48.0,19.5,150.6730916228894
37898,-48.0,20.0,152.70058948852423
37899,-48.0,20.5,149.615593929083
37900,-48.0,21.0,147.43983982992503
37901,-48.0,21.5,150.9021825634296
37902,-48.0,22.0,151.198764732648
37903,-48.0,22.5,148.1329593201029
37904,-48.0,23.0,149.24583203467367
37905,-48.0,23.5,151.58082208845565
37906,-48.0,24.0,148.65109820842974
37907,-48.0,24.5,149.10177149873397
37908,-48.0,25.0,150.07408044679107
37909,-48.0,25.5,149.16254431666255
37910,-48.0,26.0,149.27018176632004
37911,-48.0,26.5,150.80979489381104
37912,-48.0,27.0,149.13827211426565
37913,-48.0,27.5,149.14641289284515
37914,-48.0,28.0,150.22125601845212
37915,-48.0,28.5,149.62976231384334
37916,-48.0,29.0,151.78392196940027
37917,-48.0,29.5,150.63297727077398
37918,-48.0,30.0,149.41570488555152
37919,-48.0,30.5,153.1719728642869
37920,-48.0,31.0,155.45134168667198
37921,-48.0,31.5,150.21267345538803
37922,-48.0,32.0,148.1304526661886
37923,-48.0,32.5,149.95866525484146
37924,-48.0,33.0,150.5027151137186
37925,-48.0,33.5,148.14278183684328
37926,-48.0,34.0,149.18892347017743
37927,-48.0,34.5,149.45452264009992
37928,-48.0,35.0,148.1438257603897
37929,-48.0,35.5,149.6996084037888
37930,-48.0,36.0,154.77154200573892
37931,-48.0,36.5,148.6148506994064
37932,-48.0,37.0,151.71867114036658
37933,-47.5,-38.0,158.30849538018674
37934,-47.5,-37.5,153.94251521914958
37935,-47.5,-36.5,150.7745951131257
37936,-47.5,-36.0,151.51713805033674
37937,-47.5,-35.0,155.1596965003638
37938,-47.5,-34.5,157.70298914613207
37939,-47.5,-34.0,152.39600514303402
37940,-47.5,-33.5,153.49678982771874
37941,-47.5,-33.0,151.5850098738447
37942,-47.5,-32.5,154.31220901043167
37943,-47.5,-32.0,158.0228794346716
37944,-47.5,-31.5,154.1072294449046
37945,-47.5,-30.5,147.54965854681103
37946,-47.5,-30.0,152.68051869355304
37947,-47.5,-29.5,151.62077439128458
37948,-47.5,-29.0,150.02259291922164
37949,-47.5,-28.5,152.29507218800623
37950,-47.5,-28.0,151.49370275274734
37951,-47.5,-27.5,151.2937267666043
37952,-47.5,-27.0,151.44303927554
37953,-47.5,-26.5,147.5104459332311
37954,-47.5,-26.0,150.72485791670442
37955,-47.5,-25.5,148.89039759755153
37956,-47.5,-25.0,149.12383594570636
37957,-47.5,-24.5,147.59606546287964
37958,-47.5,-24.0,146.87875409978832
37959,-47.5,-23.5,151.5431857638563
37960,-47.5,-23.0,152.75618473982635
37961,-47.5,-22.5,151.92836958103345
37962,-47.5,-22.0,147.97819661286164
37963,-47.5,-21.0,148.77245390264335
37964,-47.5,-20.5,147.33789750336985
37965,-47.5,-20.0,148.29371165860942
37966,-47.5,-19.5,160.469107620452
37967,-47.5,-18.5,154.9886256278824
37968,-47.5,-18.0,149.81269809578268
37969,-47.5,-17.5,155.52230503589269
37970,-47.5,-17.0,162.80098941634037
37971,-47.5,-16.5,154.62354845417022
37972,-47.5,-16.0,151.35646801364229
37973,-47.5,-15.5,145.96196346278296
37974,-47.5,-14.5,160.83861994509434
37975,-47.5,-14.0,167.28237238992855
37976,-47.5,-13.5,152.10257320592092
37977,-47.5,-13.0,149.88473471385456
37978,-47.5,-12.5,167.64819607401077
37979,-47.5,-11.5,160.8008537881369
37980,-47.5,-11.0,147.76278080666415
37981,-47.5,-10.5,155.22378370808764
37982,-47.5,-10.0,152.20685704983524
37983,-47.5,-9.5,159.91654391502138
37984,-47.5,-9.0,167.50990455962824
37985,-47.5,-8.5,164.06788441653464
37986,-47.5,-8.0,149.92200823274266
37987,-47.5,-7.5,157.0924556836804
37988,-47.5,-7.0,157.89024093188294
37989,-47.5,-6.5,146.44537298801316
37990,-47.5,-6.0,142.5632645959112
37991,-47.5,-5.5,150.31035679384703
37992,-47.5,-5.0,143.94346767308147
37993,-47.5,-4.5,146.60924866258185
37994,-47.5,-3.5,148.36744596344872
37995,-47.5,-3.0,146.77013792382763
37996,-47.5,-2.5,148.2445077833157
37997,-47.5,-2.0,149.4362576972236
37998,-47.5,-1.0,147.2104765258697
37999,-47.5,0.0,148.5038909511772
38000,-47.5,0.5,149.37258438303985
38001,-47.5,1.0,146.27539630197285
38002,-47.5,1.5,149.45282340718336
38003,-47.5,2.0,148.8445911608979
38004,-47.5,2.5,147.4092749249811
38005,-47.5,3.0,146.0655558158787
38006,-47.5,3.5,149.8527550798585
38007,-47.5,4.0,150.9385384232391
38008,-47.5,4.5,149.92002215456284
38009,-47.5,5.0,144.60699161160238
38010,-47.5,5.5,149.0102669032784
38011,-47.5,6.0,150.2733859586402
38012,-47.5,6.5,149.3236123965303
38013,-47.5,7.0,152.16287100947196
38014,-47.5,7.5,152.31815693311313
38015,-47.5,8.0,152.59052688011798
38016,-47.5,8.5,151.5436884294098
38017,-47.5,9.0,150.87707495728557
38018,-47.5,9.5,152.9657867689974
38019,-47.5,10.0,149.05497801021878
38020,-47.5,10.5,152.72009169548588
38021,-47.5,11.0,151.60865625865253
38022,-47.5,12.0,150.87898851120656
38023,-47.5,12.5,148.55196248901737
38024,-47.5,13.0,152.52878452133345
38025,-47.5,13.5,158.342064082091
38026,-47.5,14.0,155.51461489424062
38027,-47.5,14.5,152.4495718360341
38028,-47.5,15.5,150.43359950777503
38029,-47.5,16.0,150.94164532244707
38030,-47.5,16.5,150.08831947871087
38031,-47.5,17.0,148.07374603195453
38032,-47.5,17.5,147.16197322377536
38033,-47.5,18.0,150.74365643752978
38034,-47.5,18.5,148.85469991370812
38035,-47.5,19.0,148.2270008813588
38036,-47.5,19.5,146.709359259879
38037,-47.5,20.0,150.75000596375804
38038,-47.5,20.5,149.57927860519194
38039,-47.5,21.0,152.41474267347982
38040,-47.5,21.5,150.53544862147433
38041,-47.5,22.0,149.55045601028993
38042,-47.5,22.5,148.9002943533208
38043,-47.5,23.0,149.79882870008058
38044,-47.5,23.5,148.86729974680296
38045,-47.5,24.0,150.5859944355924
38046,-47.5,24.5,149.07499994872
38047,-47.5,25.0,150.96723266884234
38048,-47.5,25.5,148.90552867733345
38049,-47.5,26.0,149.62507297821546
38050,-47.5,26.5,150.71124333246883
38051,-47.5,27.0,149.40516254321722
38052,-47.5,27.5,148.9170019084817
38053,-47.5,28.0,150.8979610219558
38054,-47.5,28.5,149.89094944742752
38055,-47.5,29.0,153.81002747014097
38056,-47.5,29.5,151.18676304283522
38057,-47.5,30.0,150.41512076644298
38058,-47.5,30.5,153.04107638034026
38059,-47.5,31.0,151.60880414606092
38060,-47.5,31.5,147.69043697554233
38061,-47.5,32.0,148.68885368405978
38062,-47.5,32.5,150.2485311802471
38063,-47.5,33.0,151.0109523662285
38064,-47.5,33.5,150.07883958880154
38065,-47.5,34.0,149.5957881701645
38066,-47.5,34.5,149.63850098285866
38067,-47.5,35.0,149.81408427301213
38068,-47.5,35.5,149.29076440977022
38069,-47.5,36.0,155.9887668037769
38070,-47.5,36.5,148.30725636737438
38071,-47.5,37.0,150.99376822981625
38072,-47.0,-38.0,157.49737015446647
38073,-47.0,-37.5,153.35344194608234
38074,-47.0,-37.0,160.7595681763335
38075,-47.0,-36.5,150.72941035159104
38076,-47.0,-36.0,151.360144760486
38077,-47.0,-35.0,154.93534415031783
38078,-47.0,-34.5,156.67565919534144
38079,-47.0,-34.0,152.44787098623664
38080,-47.0,-33.5,154.07200506536745
38081,-47.0,-33.0,151.48024842675252
38082,-47.0,-32.5,160.19430402007873
38083,-47.0,-32.0,156.41778091507905
38084,-47.0,-31.5,152.95025317327733
38085,-47.0,-31.0,148.77071780715445
38086,-47.0,-30.5,147.40816621077278
38087,-47.0,-30.0,154.02402495951046
38088,-47.0,-29.5,149.76480510514546
38089,-47.0,-29.0,150.6940360574455
38090,-47.0,-28.5,150.91175065678982
38091,-47.0,-28.0,152.3490777418102
38092,-47.0,-27.5,151.28949266372197
38093,-47.0,-27.0,148.659960786344
38094,-47.0,-26.5,149.54173269213135
38095,-47.0,-26.0,149.64868164309408
38096,-47.0,-25.5,149.9996541933857
38097,-47.0,-25.0,149.49611445986852
38098,-47.0,-24.5,150.34552086217008
38099,-47.0,-24.0,147.5340000485959
38100,-47.0,-23.5,152.22261360926495
38101,-47.0,-23.0,149.521966835956
38102,-47.0,-22.5,150.4630838593315
38103,-47.0,-22.0,152.40858157516877
38104,-47.0,-21.5,148.42580396392577
38105,-47.0,-21.0,150.8459983320408
38106,-47.0,-20.5,149.75578104090386
38107,-47.0,-20.0,151.2029672753568
38108,-47.0,-19.5,159.55383162279148
38109,-47.0,-19.0,155.7807721066526
38110,-47.0,-18.5,149.4044226067833
38111,-47.0,-18.0,163.73554250216682
38112,-47.0,-17.5,159.89146338218308
38113,-47.0,-17.0,151.93652786644307
38114,-47.0,-16.0,150.18131795312124
38115,-47.0,-15.5,146.25226303872492
38116,-47.0,-15.0,160.32721037001235
38117,-47.0,-14.5,165.5083537710578
38118,-47.0,-14.0,152.3734864187652
38119,-47.0,-13.5,149.02101597216105
38120,-47.0,-13.0,155.50094733467105
38121,-47.0,-12.5,159.44603510618214
38122,-47.0,-12.0,166.7505918933309
38123,-47.0,-11.5,164.78587207757067
38124,-47.0,-11.0,149.57026433460214
38125,-47.0,-10.5,149.10652709059224
38126,-47.0,-10.0,154.09527042032852
38127,-47.0,-9.5,165.32930148977488
38128,-47.0,-8.5,148.50934078284428
38129,-47.0,-8.0,146.02767739813666
38130,-47.0,-7.5,154.71771087954133
38131,-47.0,-7.0,152.0654910486015
38132,-47.0,-6.5,152.0136960247037
38133,-47.0,-5.5,153.14420998410833
38134,-47.0,-5.0,148.438723749658
38135,-47.0,-4.5,145.4390754871695
38136,-47.0,-4.0,145.57527401269616
38137,-47.0,-3.5,146.02721755131265
38138,-47.0,-3.0,146.2460896092837
38139,-47.0,-2.5,147.65880437782994
38140,-47.0,-2.0,147.9631157209996
38141,-47.0,-1.5,147.58056722046538
38142,-47.0,-1.0,146.9033147771449
38143,-47.0,-0.5,149.23852103988787
38144,-47.0,0.0,149.6471199583227
38145,-47.0,0.5,149.86771695391016
38146,-47.0,1.0,149.47832301104563
38147,-47.0,1.5,147.1346294630543
38148,-47.0,2.0,149.80515529763963
38149,-47.0,2.5,148.3298521307198
38150,-47.0,3.0,148.50490267283863
38151,-47.0,3.5,148.71175696398595
38152,-47.0,4.0,149.36765659436713
38153,-47.0,4.5,149.80527700170927
38154,-47.0,5.5,149.2773028456819
38155,-47.0,6.0,150.62573955069035
38156,-47.0,6.5,148.03031867472413
38157,-47.0,7.0,150.70001800623254
38158,-47.0,7.5,153.5720238576728
38159,-47.0,8.0,150.93436087859064
38160,-47.0,8.5,151.86284988954463
38161,-47.0,9.0,153.02550081409788
38162,-47.0,9.5,149.5918650785066
38163,-47.0,10.0,154.57414576038718
38164,-47.0,10.5,150.90172150134998
38165,-47.0,11.0,150.6459592807804
38166,-47.0,12.0,150.53869944974966
38167,-47.0,12.5,151.4372814097263
38168,-47.0,13.0,148.08213223393363
38169,-47.0,13.5,153.74888996150287
38170,-47.0,14.0,152.66348671397785
38171,-47.0,15.5,150.28442299884983
38172,-47.0,16.0,150.68084959343554
38173,-47.0,16.5,151.08720363548574
38174,-47.0,17.0,147.43313289755557
38175,-47.0,17.5,153.75594728458114
38176,-47.0,18.0,147.9467004889747
38177,-47.0,18.5,149.75842793539172
38178,-47.0,19.0,148.57906185923392
38179,-47.0,19.5,147.43519913318698
38180,-47.0,20.0,148.2685921210379
38181,-47.0,20.5,148.60652627013175
38182,-47.0,21.0,151.34624141124036
38183,-47.0,21.5,151.27855177426304
38184,-47.0,22.0,148.1627081493155
38185,-47.0,22.5,149.39914963598224
38186,-47.0,23.5,148.75047381678783
38187,-47.0,24.0,150.11578402873926
38188,-47.0,24.5,150.0195405112164
38189,-47.0,25.0,150.508767213671
38190,-47.0,25.5,150.01607190709547
38191,-47.0,26.0,149.2987300253927
38192,-47.0,26.5,150.34316060572078
38193,-47.0,27.0,149.24442936299857
38194,-47.0,27.5,149.05409213931122
38195,-47.0,28.0,149.941661932854
38196,-47.0,28.5,149.77410899440977
38197,-47.0,29.0,151.7598717036133
38198,-47.0,29.5,151.96711642979122
38199,-47.0,30.0,151.00701364059952
38200,-47.0,30.5,152.11137352778516
38201,-47.0,31.0,152.10806079529476
38202,-47.0,31.5,155.93065350779318
38203,-47.0,32.0,149.3995155126872
38204,-47.0,32.5,150.61281836421747
38205,-47.0,33.0,151.47324420906847
38206,-47.0,33.5,149.38848204782676
38207,-47.0,34.0,151.4103523663918
38208,-47.0,34.5,149.9298075104328
38209,-47.0,35.0,151.96968220245776
38210,-47.0,35.5,147.7351742361088
38211,-47.0,36.0,148.37357670763026
38212,-47.0,36.5,148.31744288431898
38213,-47.0,37.0,151.29204475994632
38214,-46.5,-38.0,156.68750246411807
38215,-46.5,-37.5,155.80917578915634
38216,-46.5,-37.0,160.1466278554102
38217,-46.5,-36.5,150.81100924786392
38218,-46.5,-36.0,150.97841585828576
38219,-46.5,-35.0,154.74567263289458
38220,-46.5,-34.5,155.89083376903235
38221,-46.5,-34.0,152.9378597234551
38222,-46.5,-33.5,153.58120417314927
38223,-46.5,-33.0,151.59159917167827
38224,-46.5,-32.5,159.490446313745
38225,-46.5,-32.0,150.7804196265668
38226,-46.5,-31.5,152.8497920526778
38227,-46.5,-31.0,148.4484765278878
38228,-46.5,-30.5,147.13338743771322
38229,-46.5,-30.0,146.77769301280765
38230,-46.5,-29.5,150.24201470403875
38231,-46.5,-29.0,150.67452248001806
38232,-46.5,-28.5,151.8909452795675
38233,-46.5,-28.0,152.638964341737
38234,-46.5,-27.5,151.13485956930305
38235,-46.5,-27.0,149.15437231344944
38236,-46.5,-26.5,152.51889555374746
38237,-46.5,-26.0,146.8815907570483
38238,-46.5,-25.5,150.0663482844169
38239,-46.5,-24.5,150.90301760617157
38240,-46.5,-24.0,150.21235486950732
38241,-46.5,-23.5,152.39719172380634
38242,-46.5,-23.0,148.7136173077278
38243,-46.5,-22.5,148.3900702886584
38244,-46.5,-22.0,146.29036027005395
38245,-46.5,-21.5,148.20289302833314
38246,-46.5,-21.0,149.40239970945288
38247,-46.5,-20.5,148.52346144446204
38248,-46.5,-20.0,151.38867350878397
38249,-46.5,-19.5,149.4145808318722
38250,-46.5,-19.0,154.29989864588157
38251,-46.5,-18.5,151.84015120885059
38252,-46.5,-18.0,164.07087624662515
38253,-46.5,-17.5,170.86339595230706
38254,-46.5,-17.0,153.84782136229305
38255,-46.5,-15.5,150.79973732959328
38256,-46.5,-15.0,159.21657760941414
38257,-46.5,-14.5,174.15838068476862
38258,-46.5,-14.0,149.7848186663449
38259,-46.5,-13.5,151.48035982946507
38260,-46.5,-13.0,173.5819209150556
38261,-46.5,-12.5,156.6683889076363
38262,-46.5,-12.0,165.19566569427045
38263,-46.5,-10.5,150.99925274411885
38264,-46.5,-10.0,168.1578094964054
38265,-46.5,-9.5,157.50450855186392
38266,-46.5,-9.0,164.47987677356636
38267,-46.5,-8.5,145.7629436594917
38268,-46.5,-7.5,152.3532133327408
38269,-46.5,-7.0,149.4224634470229
38270,-46.5,-6.5,158.93018793224738
38271,-46.5,-6.0,159.32659817697154
38272,-46.5,-5.0,152.07480966127292
38273,-46.5,-4.5,145.6165055848497
38274,-46.5,-4.0,144.17343340779072
38275,-46.5,-3.5,145.58037135673075
38276,-46.5,-3.0,146.69470641918275
38277,-46.5,-2.0,147.37157928662455
38278,-46.5,-1.5,147.4402121988852
38279,-46.5,-1.0,153.8993164537421
38280,-46.5,-0.5,149.79997774946668
38281,-46.5,0.0,149.54058233766156
38282,-46.5,0.5,149.49318997714906
38283,-46.5,1.0,149.7073587018688
38284,-46.5,1.5,148.80334956251383
38285,-46.5,2.0,147.36307199391356
38286,-46.5,2.5,150.2206581483037
38287,-46.5,3.0,149.63318779711594
38288,-46.5,3.5,147.52185597835808
38289,-46.5,4.0,148.5765547990338
38290,-46.5,5.0,151.34966323173165
38291,-46.5,5.5,150.1858333190987
38292,-46.5,6.0,148.47633199275253
38293,-46.5,6.5,149.0992508882131
38294,-46.5,7.0,150.7368549965977
38295,-46.5,7.5,152.6637482654896
38296,-46.5,8.0,153.11058332930025
38297,-46.5,8.5,151.67089539554019
38298,-46.5,9.0,152.4355041512937
38299,-46.5,9.5,151.8465129700134
38300,-46.5,10.0,151.6978293992157
38301,-46.5,10.5,153.24181647284817
38302,-46.5,11.0,148.5434892289877
38303,-46.5,11.5,150.2079192161861
38304,-46.5,12.0,151.03250200783026
38305,-46.5,12.5,152.12546554519656
38306,-46.5,13.0,147.05906590303024
38307,-46.5,13.5,151.5416267128184
38308,-46.5,14.0,153.60161375770153
38309,-46.5,15.0,150.88391821356947
38310,-46.5,15.5,149.80549133839293
38311,-46.5,16.0,150.85379736257394
38312,-46.5,16.5,152.7586959455458
38313,-46.5,17.0,154.8096455196996
38314,-46.5,17.5,150.39930084143333
38315,-46.5,18.0,147.95273622768173
38316,-46.5,18.5,148.2357223452932
38317,-46.5,19.0,147.87028041305896
38318,-46.5,19.5,150.1887971917085
38319,-46.5,20.0,147.78315756091888
38320,-46.5,20.5,153.93327968024127
38321,-46.5,21.0,150.3248759701629
38322,-46.5,21.5,148.50534973780717
38323,-46.5,22.0,147.40353370147847
38324,-46.5,22.5,150.07505293340589
38325,-46.5,23.0,148.9632080575104
38326,-46.5,23.5,148.7318809638527
38327,-46.5,24.0,149.37884484040137
38328,-46.5,24.5,152.05649457928132
38329,-46.5,25.0,149.32217792847618
38330,-46.5,25.5,152.0444843548607
38331,-46.5,26.0,148.12038602949494
38332,-46.5,26.5,150.54847431332547
38333,-46.5,27.0,149.52885520480902
38334,-46.5,27.5,149.6538162152947
38335,-46.5,28.0,148.72756068890016
38336,-46.5,28.5,151.26508404146952
38337,-46.5,29.0,152.2631260850093
38338,-46.5,29.5,152.93313158278818
38339,-46.5,30.0,151.01391736587408
38340,-46.5,30.5,152.92720804934706
38341,-46.5,31.0,151.5015205593301
38342,-46.5,31.5,152.21216092764706
38343,-46.5,32.0,149.2792189766223
38344,-46.5,32.5,149.49638636418177
38345,-46.5,33.0,149.33277671841367
38346,-46.5,33.5,151.79628955145182
38347,-46.5,34.0,151.41005343039387
38348,-46.5,34.5,150.47369748383355
38349,-46.5,35.0,152.35682283699032
38350,-46.5,35.5,147.9430242239139
38351,-46.5,36.0,148.11395092299517
38352,-46.5,36.5,151.72003325260565
38353,-46.5,37.0,152.68104948862776
38354,-46.0,-38.0,156.8709786818346
38355,-46.0,-37.5,152.13423482827616
38356,-46.0,-37.0,156.51064039285077
38357,-46.0,-36.5,151.62731262527063
38358,-46.0,-36.0,150.69740219538343
38359,-46.0,-35.0,154.53747111632387
38360,-46.0,-34.5,151.14699265418304
38361,-46.0,-34.0,154.48610398183456
38362,-46.0,-33.5,153.30877897967628
38363,-46.0,-33.0,150.45479914287822
38364,-46.0,-32.5,158.1396957963475
38365,-46.0,-32.0,154.52217514569597
38366,-46.0,-31.5,152.35550351338546
38367,-46.0,-31.0,148.07216267935922
38368,-46.0,-30.0,146.8841450692684
38369,-46.0,-29.5,149.79496590906425
38370,-46.0,-29.0,150.51664809080995
38371,-46.0,-28.5,152.39425190671926
38372,-46.0,-28.0,152.01660861814184
38373,-46.0,-27.5,151.09421829306092
38374,-46.0,-27.0,151.17325019528016
38375,-46.0,-26.5,152.3775653722581
38376,-46.0,-26.0,147.45021541018806
38377,-46.0,-25.5,149.7808530808797
38378,-46.0,-25.0,150.78934676558293
38379,-46.0,-24.5,151.1815248431372
38380,-46.0,-24.0,154.39004823348426
38381,-46.0,-23.5,149.02429082151966
38382,-46.0,-23.0,147.69220028198146
38383,-46.0,-22.5,147.17701703421486
38384,-46.0,-22.0,148.37336636858115
38385,-46.0,-21.5,151.9578572214067
38386,-46.0,-21.0,152.22464092776585
38387,-46.0,-20.5,155.58972925634535
38388,-46.0,-20.0,147.97635934069964
38389,-46.0,-19.5,153.16815762586057
38390,-46.0,-19.0,146.4660565675049
38391,-46.0,-18.5,161.80449455228376
38392,-46.0,-18.0,166.06795455018113
38393,-46.0,-17.0,152.7706658436532
38394,-46.0,-16.5,150.5348406769287
38395,-46.0,-15.5,160.65140025325735
38396,-46.0,-15.0,153.5721109466567
38397,-46.0,-14.5,151.86775163419316
38398,-46.0,-14.0,151.2413925530856
38399,-46.0,-13.5,166.48769204556993
38400,-46.0,-12.5,163.95258800753774
38401,-46.0,-12.0,153.03151954754077
38402,-46.0,-10.5,170.1901347716954
38403,-46.0,-10.0,170.45240511990977
38404,-46.0,-9.5,164.36002449935404
38405,-46.0,-9.0,150.47121811421323
38406,-46.0,-7.5,146.72560691302195
38407,-46.0,-7.0,155.29044962550458
38408,-46.0,-6.0,159.74928045220335
38409,-46.0,-4.5,148.56157852406565
38410,-46.0,-4.0,144.97530911605998
38411,-46.0,-3.5,149.64994326860855
38412,-46.0,-3.0,151.6715373520236
38413,-46.0,-2.5,147.47577252840944
38414,-46.0,-2.0,147.4450051226606
38415,-46.0,-1.5,148.95942801866664
38416,-46.0,-1.0,151.86278832858056
38417,-46.0,-0.5,149.577598215083
38418,-46.0,0.0,149.36942559305
38419,-46.0,0.5,149.4780410397073
38420,-46.0,1.5,149.5769691086043
38421,-46.0,2.0,147.04473311447526
38422,-46.0,2.5,149.1367151740023
38423,-46.0,3.0,149.17256256665283
38424,-46.0,3.5,148.79245143152693
38425,-46.0,4.0,145.97353713608362
38426,-46.0,4.5,149.32556703733167
38427,-46.0,5.0,150.01202118875943
38428,-46.0,5.5,150.63121396966673
38429,-46.0,6.0,149.09799761833452
38430,-46.0,6.5,151.76076540052324
38431,-46.0,7.0,149.46077528350665
38432,-46.0,7.5,150.99958048001335
38433,-46.0,8.0,153.9802954698487
38434,-46.0,8.5,152.4250149911419
38435,-46.0,9.0,152.37880074310888
38436,-46.0,9.5,154.28116567205058
38437,-46.0,10.0,151.75054842792562
38438,-46.0,10.5,152.42175523808834
38439,-46.0,11.0,150.3592042072822
38440,-46.0,11.5,149.90131868742583
38441,-46.0,12.0,152.45265941963086
38442,-46.0,13.5,147.32216092921172
38443,-46.0,14.0,152.72754583229758
38444,-46.0,14.5,151.18444079852637
38445,-46.0,15.0,150.6871522685742
38446,-46.0,15.5,150.88351365727544
38447,-46.0,16.0,156.88353230847275
38448,-46.0,16.5,158.91375915997378
38449,-46.0,17.0,153.2566087399633
38450,-46.0,17.5,148.51542861758722
38451,-46.0,18.0,148.09816453206494
38452,-46.0,18.5,147.96093277358221
38453,-46.0,19.0,147.86940604535278
38454,-46.0,19.5,150.8901867582085
38455,-46.0,20.0,147.9265273895895
38456,-46.0,20.5,151.1667747294561
38457,-46.0,21.0,151.49525543128627
38458,-46.0,21.5,147.71931233312563
38459,-46.0,22.0,148.8798581231494
38460,-46.0,22.5,148.79980642111067
38461,-46.0,23.0,149.3175234806177
38462,-46.0,23.5,149.26835523943333
38463,-46.0,24.0,150.41820931861602
38464,-46.0,24.5,150.54499354392667
38465,-46.0,25.0,149.8316316191924
38466,-46.0,25.5,151.55580595161314
38467,-46.0,26.0,150.27787506665013
38468,-46.0,26.5,150.7919939198508
38469,-46.0,27.0,150.45701282233574
38470,-46.0,27.5,149.7498554113907
38471,-46.0,28.0,149.10186877976116
38472,-46.0,28.5,153.4588143762919
38473,-46.0,29.0,151.39805666256137
38474,-46.0,29.5,153.48551559267304
38475,-46.0,30.0,151.69465387261508
38476,-46.0,30.5,153.91945331009313
38477,-46.0,31.0,148.08013875608572
38478,-46.0,31.5,151.34955625028627
38479,-46.0,32.0,150.1375041705977
38480,-46.0,32.5,149.59379953118238
38481,-46.0,33.0,149.55751853486913
38482,-46.0,33.5,151.55383979646186
38483,-46.0,34.0,152.4535498702087
38484,-46.0,34.5,150.66388267431537
38485,-46.0,35.0,151.68532192650875
38486,-46.0,35.5,148.28321446404382
38487,-46.0,36.0,148.13314222241232
38488,-46.0,36.5,152.74824082210606
38489,-46.0,37.0,151.6531573664599
38490,-45.5,-38.0,156.16080409148935
38491,-45.5,-37.5,151.68701859006023
38492,-45.5,-37.0,153.06968876300817
38493,-45.5,-36.5,156.12938896824338
38494,-45.5,-36.0,150.4847802313804
38495,-45.5,-35.5,151.021259923432
38496,-45.5,-35.0,154.38822669013132
38497,-45.5,-34.5,150.44574564190697
38498,-45.5,-34.0,157.20243281752622
38499,-45.5,-33.5,153.25244465827663
38500,-45.5,-33.0,149.88703461388326
38501,-45.5,-32.5,159.4604812120609
38502,-45.5,-32.0,155.83257324829071
38503,-45.5,-31.5,149.65371206021075
38504,-45.5,-31.0,148.32845818779387
38505,-45.5,-30.0,158.40832931267028
38506,-45.5,-29.5,149.2544925896767
38507,-45.5,-29.0,150.5232159646208
38508,-45.5,-28.5,151.28654225878452
38509,-45.5,-28.0,151.092514228836
38510,-45.5,-27.5,151.56836558459332
38511,-45.5,-27.0,150.51907848879512
38512,-45.5,-26.5,152.29379394176226
38513,-45.5,-26.0,148.78440820893306
38514,-45.5,-25.5,150.00032308911884
38515,-45.5,-25.0,151.1879570516032
38516,-45.5,-24.5,151.60464018823671
38517,-45.5,-24.0,153.6387716633351
38518,-45.5,-23.5,151.65919858631466
38519,-45.5,-23.0,149.8597311513071
38520,-45.5,-22.5,145.5459040905795
38521,-45.5,-22.0,148.69598007431722
38522,-45.5,-21.5,149.07109849415096
38523,-45.5,-21.0,150.5002427325224
38524,-45.5,-20.5,154.71097410847082
38525,-45.5,-20.0,159.0920408130742
38526,-45.5,-19.5,152.3805706822947
38527,-45.5,-19.0,150.87685585919476
38528,-45.5,-18.5,168.50540279176172
38529,-45.5,-18.0,180.61063993315094
38530,-45.5,-16.5,150.56996121736938
38531,-45.5,-16.0,146.9222287581129
38532,-45.5,-15.0,148.67364055535796
38533,-45.5,-14.5,150.70100581914082
38534,-45.5,-14.0,176.86463783049422
38535,-45.5,-13.5,164.24569768617016
38536,-45.5,-13.0,164.1420951375023
38537,-45.5,-12.5,160.066307269037
38538,-45.5,-12.0,153.77257412462316
38539,-45.5,-11.5,149.49924938967933
38540,-45.5,-11.0,169.98611379763489
38541,-45.5,-10.5,170.07290079177886
38542,-45.5,-10.0,171.60244513879172
38543,-45.5,-9.5,144.85355918630827
38544,-45.5,-9.0,155.35792090194988
38545,-45.5,-8.5,151.45131045047506
38546,-45.5,-8.0,146.68399483784452
38547,-45.5,-7.5,154.57131716450724
38548,-45.5,-7.0,156.1554745295252
38549,-45.5,-6.0,160.0852947052241
38550,-45.5,-5.5,160.38982981943425
38551,-45.5,-5.0,144.36691660776003
38552,-45.5,-4.5,146.61088943604378
38553,-45.5,-4.0,151.83840673883532
38554,-45.5,-3.5,152.39753362953195
38555,-45.5,-3.0,149.9298028221713
38556,-45.5,-2.5,150.1951462227607
38557,-45.5,-2.0,150.09397847109807
38558,-45.5,-1.5,145.94699853084177
38559,-45.5,-1.0,149.6466748530207
38560,-45.5,-0.5,148.24717046902575
38561,-45.5,0.0,149.27904243582296
38562,-45.5,2.0,149.5638725257651
38563,-45.5,2.5,147.35868527963208
38564,-45.5,3.0,148.6209313136383
38565,-45.5,3.5,147.4626643653874
38566,-45.5,4.0,147.42978689922452
38567,-45.5,4.5,149.28472436926492
38568,-45.5,5.0,148.60651224748008
38569,-45.5,5.5,148.41034684822
38570,-45.5,6.0,151.04675486802483
38571,-45.5,6.5,149.85119389589133
38572,-45.5,7.0,150.86924474966767
38573,-45.5,7.5,149.24879508146293
38574,-45.5,8.0,152.30830485860417
38575,-45.5,8.5,153.88738898186736
38576,-45.5,9.0,151.53553888035634
38577,-45.5,9.5,152.72385391259732
38578,-45.5,10.0,151.9842727462108
38579,-45.5,10.5,149.0973580779121
38580,-45.5,11.0,153.42033662386737
38581,-45.5,11.5,148.4515806517545
38582,-45.5,12.5,153.10740556924344
38583,-45.5,13.0,153.1054728802708
38584,-45.5,14.0,147.97481426791765
38585,-45.5,14.5,151.20803421332633
38586,-45.5,15.0,150.01605138524772
38587,-45.5,15.5,153.3942176999535
38588,-45.5,16.0,160.51968051427144
38589,-45.5,16.5,161.95731208594594
38590,-45.5,17.0,150.42534890006215
38591,-45.5,17.5,149.50588972969467
38592,-45.5,18.0,148.75486988025582
38593,-45.5,18.5,147.62670173823312
38594,-45.5,19.0,151.11267509420824
38595,-45.5,19.5,148.8353237105542
38596,-45.5,20.0,148.48790429791433
38597,-45.5,20.5,151.5972113746461
38598,-45.5,21.0,147.37359762861422
38599,-45.5,21.5,147.65944328347908
38600,-45.5,22.0,149.2826449734083
38601,-45.5,22.5,147.63394283570014
38602,-45.5,23.0,149.07882650348543
38603,-45.5,23.5,150.40930244955115
38604,-45.5,24.0,151.42038086891122
38605,-45.5,24.5,149.264802311975
38606,-45.5,25.0,152.05734969804976
38607,-45.5,25.5,150.0357597985852
38608,-45.5,26.0,151.47019162581
38609,-45.5,26.5,150.58842555506965
38610,-45.5,27.0,151.5126292915263
38611,-45.5,27.5,149.14865881992486
38612,-45.5,28.0,149.8289291757544
38613,-45.5,28.5,149.90914445892827
38614,-45.5,29.0,152.4043674238581
38615,-45.5,29.5,153.30416283710832
38616,-45.5,30.0,153.71203111502993
38617,-45.5,30.5,153.09307043409362
38618,-45.5,31.0,149.52963988112134
38619,-45.5,31.5,151.67193395383154
38620,-45.5,32.0,150.7513459083642
38621,-45.5,32.5,150.25555800533928
38622,-45.5,33.0,148.7538599923871
38623,-45.5,33.5,151.69643225097988
38624,-45.5,34.0,152.93585836714607
38625,-45.5,34.5,151.16545451730786
38626,-45.5,35.0,153.02504064118986
38627,-45.5,35.5,148.6642273939554
38628,-45.5,36.0,153.20983387986888
38629,-45.5,36.5,151.92539119654492
38630,-45.5,37.0,152.30783481182442
38631,-45.0,-38.0,155.53325869676056
38632,-45.0,-37.5,151.18697986463386
38633,-45.0,-37.0,153.51167050366723
38634,-45.0,-36.5,155.21469019991775
38635,-45.0,-36.0,150.37118326035005
38636,-45.0,-35.5,150.66437654027075
38637,-45.0,-35.0,154.15913686592896
38638,-45.0,-34.5,150.3867554528301
38639,-45.0,-34.0,156.0586515921607
38640,-45.0,-33.5,153.33397640785606
38641,-45.0,-33.0,152.7150891732799
38642,-45.0,-32.5,157.8758250302916
38643,-45.0,-32.0,155.8253301035105
38644,-45.0,-31.5,148.70460666727504
38645,-45.0,-31.0,150.04615133259767
38646,-45.0,-30.5,161.17584315428047
38647,-45.0,-30.0,151.34589993764556
38648,-45.0,-29.5,149.4730655875724
38649,-45.0,-29.0,151.04252962843535
38650,-45.0,-28.5,150.78791443002027
38651,-45.0,-28.0,151.1061484931267
38652,-45.0,-27.5,152.0259290606285
38653,-45.0,-27.0,149.78709537635532
38654,-45.0,-26.5,151.71748631419158
38655,-45.0,-26.0,148.98363483395423
38656,-45.0,-25.5,150.85188261254436
38657,-45.0,-25.0,150.03061205534257
38658,-45.0,-24.5,156.29816595867868
38659,-45.0,-24.0,151.9871530695975
38660,-45.0,-23.5,153.5094094713586
38661,-45.0,-23.0,149.63682278130108
38662,-45.0,-22.5,145.10507204508093
38663,-45.0,-22.0,148.05430987001245
38664,-45.0,-21.5,148.15731727069695
38665,-45.0,-21.0,152.28933802945122
38666,-45.0,-20.5,147.89679318209008
38667,-45.0,-20.0,151.4149850082974
38668,-45.0,-19.5,147.9819288470162
38669,-45.0,-19.0,155.3003147838879
38670,-45.0,-18.5,168.001040106923
38671,-45.0,-16.0,149.56510648767915
38672,-45.0,-15.0,145.71769276749717
38673,-45.0,-14.5,148.0263097249002
38674,-45.0,-14.0,158.72925469355346
38675,-45.0,-13.5,171.54069690669598
38676,-45.0,-13.0,153.82095920886843
38677,-45.0,-11.5,148.36011623086708
38678,-45.0,-11.0,169.99139126595222
38679,-45.0,-10.0,144.6682548823007
38680,-45.0,-9.5,144.48811511161117
38681,-45.0,-9.0,158.55518133668306
38682,-45.0,-8.5,153.94687632417518
38683,-45.0,-8.0,149.01837376129208
38684,-45.0,-7.0,151.69804081389077
38685,-45.0,-6.5,151.65053847826036
38686,-45.0,-6.0,156.0480491065831
38687,-45.0,-5.5,148.58272732453813
38688,-45.0,-5.0,144.66638107281804
38689,-45.0,-4.5,146.41578084484698
38690,-45.0,-4.0,155.30665996357317
38691,-45.0,-3.5,154.30974291289343
38692,-45.0,-3.0,153.72420969978717
38693,-45.0,-2.5,153.73354923612573
38694,-45.0,-2.0,148.7626923771408
38695,-45.0,-1.5,155.48663809892201
38696,-45.0,-1.0,149.7293867275967
38697,-45.0,-0.5,148.69867314943102
38698,-45.0,0.0,148.47892759066102
38699,-45.0,1.5,149.11206236481826
38700,-45.0,2.0,149.6227314285953
38701,-45.0,2.5,148.75419644805055
38702,-45.0,3.0,147.60793837421798
38703,-45.0,4.0,148.9139197894206
38704,-45.0,4.5,148.78127571787113
38705,-45.0,5.0,147.64909903445024
38706,-45.0,5.5,148.65612709635562
38707,-45.0,6.0,152.56377899806282
38708,-45.0,6.5,149.90980730869262
38709,-45.0,7.0,149.49740927886089
38710,-45.0,7.5,152.77546843444506
38711,-45.0,8.0,152.52509786581726
38712,-45.0,8.5,152.82880777585615
38713,-45.0,9.0,153.5483990736096
38714,-45.0,9.5,150.97028210211775
38715,-45.0,10.0,151.35120650660943
38716,-45.0,10.5,150.1267355992815
38717,-45.0,11.0,150.29879892307332
38718,-45.0,12.0,150.0368161544589
38719,-45.0,13.0,152.84064614264233
38720,-45.0,14.0,150.84415153827774
38721,-45.0,14.5,150.88554933463956
38722,-45.0,15.0,151.05700508876276
38723,-45.0,15.5,157.53699847987406
38724,-45.0,16.0,164.45700673622756
38725,-45.0,16.5,155.23171398940468
38726,-45.0,17.0,149.90911950396463
38727,-45.0,17.5,149.9537036780351
38728,-45.0,18.0,149.6841781317898
38729,-45.0,18.5,147.9156999676146
38730,-45.0,19.0,151.24162742804714
38731,-45.0,19.5,148.26678866877913
38732,-45.0,20.0,149.23918259469303
38733,-45.0,20.5,150.96272304707568
38734,-45.0,21.0,146.8460365568904
38735,-45.0,21.5,148.91906970831175
38736,-45.0,22.0,149.72556560611886
38737,-45.0,22.5,148.934761638848
38738,-45.0,23.0,148.20055779645537
38739,-45.0,23.5,151.20170607980378
38740,-45.0,24.0,150.13407823789765
38741,-45.0,24.5,149.81434219726998
38742,-45.0,25.0,152.7154121196794
38743,-45.0,25.5,150.2068654025455
38744,-45.0,26.0,151.69803712501098
38745,-45.0,26.5,150.26952501609713
38746,-45.0,27.0,152.1144872785847
38747,-45.0,27.5,151.44219403669968
38748,-45.0,28.0,150.1317571506675
38749,-45.0,28.5,151.7924773196354
38750,-45.0,29.0,152.82441268478567
38751,-45.0,29.5,154.6205230843928
38752,-45.0,30.0,154.34535097867195
38753,-45.0,30.5,153.89649714156397
38754,-45.0,31.0,152.13154647652294
38755,-45.0,31.5,152.686094804075
38756,-45.0,32.0,148.91991097950873
38757,-45.0,32.5,150.37964490356657
38758,-45.0,33.0,148.96391162523784
38759,-45.0,33.5,151.00289644968692
38760,-45.0,34.0,152.92557128953715
38761,-45.0,34.5,152.47696640310878
38762,-45.0,35.5,154.05602591126652
38763,-45.0,36.0,151.71331649663094
38764,-45.0,36.5,153.99139562838246
38765,-45.0,37.0,151.45700599303993
38766,-44.5,-38.0,154.97454574992878
38767,-44.5,-37.5,150.86595082941545
38768,-44.5,-37.0,153.08381257219057
38769,-44.5,-36.5,154.74417901411002
38770,-44.5,-36.0,150.53116587828765
38771,-44.5,-35.5,149.62555330712084
38772,-44.5,-35.0,154.0649842215521
38773,-44.5,-34.5,150.59062324454277
38774,-44.5,-34.0,155.45312180392696
38775,-44.5,-33.5,153.07564965196212
38776,-44.5,-33.0,156.02843644358566
38777,-44.5,-32.5,157.1758832118119
38778,-44.5,-32.0,154.707335422354
38779,-44.5,-31.5,150.5442908862837
38780,-44.5,-31.0,150.31045305530728
38781,-44.5,-30.5,164.62513218114117
38782,-44.5,-30.0,150.16450033971233
38783,-44.5,-29.5,147.24536800191612
38784,-44.5,-29.0,150.63179587912305
38785,-44.5,-28.5,150.76412750774787
38786,-44.5,-28.0,150.3001620530671
38787,-44.5,-27.5,152.64972866725884
38788,-44.5,-27.0,150.68556423105443
38789,-44.5,-26.5,150.56886410664558
38790,-44.5,-26.0,151.0985860215983
38791,-44.5,-25.5,149.44550923524898
38792,-44.5,-25.0,150.1173572457831
38793,-44.5,-24.5,154.87617416689775
38794,-44.5,-24.0,149.2251037550379
38795,-44.5,-23.5,152.4653653327194
38796,-44.5,-23.0,153.84156292833364
38797,-44.5,-22.5,146.5343288249464
38798,-44.5,-22.0,147.02395428058173
38799,-44.5,-21.5,150.95340850984962
38800,-44.5,-21.0,149.633884499635
38801,-44.5,-20.5,148.68938113687813
38802,-44.5,-20.0,148.43861146779355
38803,-44.5,-19.5,158.0784633077994
38804,-44.5,-19.0,159.74732958542424
38805,-44.5,-18.5,153.8864788688815
38806,-44.5,-18.0,144.33685678288538
38807,-44.5,-16.5,165.10269028980494
38808,-44.5,-16.0,165.17404094680836
38809,-44.5,-15.5,149.89381577211324
38810,-44.5,-15.0,144.8275817820831
38811,-44.5,-14.5,146.47420632358458
38812,-44.5,-14.0,154.7913787837582
38813,-44.5,-13.5,144.16492116853863
38814,-44.5,-13.0,150.83815538473016
38815,-44.5,-12.5,149.47428791175466
38816,-44.5,-11.5,160.96887742920217
38817,-44.5,-11.0,149.89938157360893
38818,-44.5,-10.5,143.42666895769142
38819,-44.5,-10.0,143.80363122122984
38820,-44.5,-9.0,144.47429035050632
38821,-44.5,-8.5,151.76342845787312
38822,-44.5,-8.0,155.28330409615901
38823,-44.5,-6.5,151.86013234523904
38824,-44.5,-5.5,145.3952999349117
38825,-44.5,-5.0,150.2922113362875
38826,-44.5,-4.5,149.1811259394933
38827,-44.5,-4.0,151.77989881923855
38828,-44.5,-3.5,154.2704644379162
38829,-44.5,-3.0,153.67013728158005
38830,-44.5,-2.5,153.15946233580533
38831,-44.5,-2.0,151.539639581386
38832,-44.5,-1.5,153.79267634367582
38833,-44.5,-1.0,149.16179292790252
38834,-44.5,-0.5,148.89924589947736
38835,-44.5,0.0,149.4314639803048
38836,-44.5,0.5,148.24482823766203
38837,-44.5,1.0,148.75127672737392
38838,-44.5,1.5,149.20165124007698
38839,-44.5,2.0,148.49932447913125
38840,-44.5,2.5,148.52627554115864
38841,-44.5,3.0,148.4489915740709
38842,-44.5,3.5,148.14619209822888
38843,-44.5,4.0,148.551311744863
38844,-44.5,4.5,147.86618760883667
38845,-44.5,5.0,147.70012196202023
38846,-44.5,5.5,150.06923550478598
38847,-44.5,6.0,148.6393586684055
38848,-44.5,6.5,150.3321154493815
38849,-44.5,7.0,150.27871822033134
38850,-44.5,7.5,150.2459798435647
38851,-44.5,8.0,152.31200628094527
38852,-44.5,8.5,155.4334426635975
38853,-44.5,9.0,152.4250111809314
38854,-44.5,9.5,151.255235101879
38855,-44.5,10.0,150.51748818919242
38856,-44.5,10.5,150.39160839473237
38857,-44.5,11.0,149.8635732085236
38858,-44.5,12.0,148.85022611191263
38859,-44.5,12.5,148.9639586770622
38860,-44.5,13.0,152.58640863719398
38861,-44.5,13.5,152.43570986053928
38862,-44.5,14.0,151.4411939926301
38863,-44.5,14.5,149.50042900008512
38864,-44.5,15.0,153.44174889666965
38865,-44.5,15.5,158.9228146546719
38866,-44.5,16.0,158.6323568140377
38867,-44.5,16.5,149.02422152863315
38868,-44.5,17.0,148.61782221850072
38869,-44.5,17.5,150.96431008345013
38870,-44.5,18.0,149.6837126454396
38871,-44.5,18.5,153.19900901118646
38872,-44.5,19.0,148.4196976996049
38873,-44.5,19.5,147.4105493953278
38874,-44.5,20.0,154.4795581123172
38875,-44.5,20.5,149.07173376368993
38876,-44.5,21.0,147.00262866552424
38877,-44.5,21.5,151.19492337312113
38878,-44.5,22.0,149.72643936192458
38879,-44.5,22.5,148.62499358008085
38880,-44.5,23.0,150.21261763524086
38881,-44.5,23.5,151.96326051135296
38882,-44.5,24.0,149.75996561063326
38883,-44.5,24.5,149.99874459688465
38884,-44.5,25.0,151.37744705736327
38885,-44.5,25.5,152.79629129880155
38886,-44.5,26.0,150.58807584960977
38887,-44.5,26.5,151.34313589032277
38888,-44.5,27.0,149.96883975508823
38889,-44.5,27.5,152.21303249981182
38890,-44.5,28.0,150.43177310472217
38891,-44.5,28.5,152.2404201689013
38892,-44.5,29.0,152.31296418306044
38893,-44.5,29.5,155.53930342095853
38894,-44.5,30.0,156.86245097591754
38895,-44.5,30.5,154.94787741661594
38896,-44.5,31.0,152.21336786885652
38897,-44.5,31.5,153.10489560452723
38898,-44.5,32.0,149.34086561862773
38899,-44.5,32.5,150.94129751624126
38900,-44.5,33.0,149.37967515991298
38901,-44.5,33.5,152.46761320845997
38902,-44.5,34.0,154.12884741270986
38903,-44.5,34.5,155.6985718040053
38904,-44.5,35.5,157.05400473838156
38905,-44.5,36.0,148.50538501294906
38906,-44.5,36.5,155.43102578198202
38907,-44.5,37.0,152.47332196923318
38908,-44.0,-38.0,154.52407802982967
38909,-44.0,-37.5,152.93853608315905
38910,-44.0,-37.0,151.8906494202997
38911,-44.0,-36.5,152.46012392373132
38912,-44.0,-36.0,150.50952204101839
38913,-44.0,-35.5,149.30806577106026
38914,-44.0,-35.0,152.37230844209554
38915,-44.0,-34.5,151.74149909027813
38916,-44.0,-34.0,155.729969275602
38917,-44.0,-33.5,153.19356108741212
38918,-44.0,-33.0,155.6611770349348
38919,-44.0,-32.5,160.5247038047949
38920,-44.0,-32.0,154.12486123736332
38921,-44.0,-31.5,153.34747987229787
38922,-44.0,-31.0,149.72458212127825
38923,-44.0,-30.5,167.0170558158188
38924,-44.0,-30.0,149.59823041433557
38925,-44.0,-29.5,148.4292848494162
38926,-44.0,-29.0,150.10392531178223
38927,-44.0,-28.5,150.89466703840972
38928,-44.0,-28.0,150.35930941738906
38929,-44.0,-27.5,152.15218824080225
38930,-44.0,-27.0,152.6172164865345
38931,-44.0,-26.5,150.49583914717184
38932,-44.0,-26.0,151.5046912371341
38933,-44.0,-25.5,148.0583457272192
38934,-44.0,-25.0,154.82830554927511
38935,-44.0,-24.5,150.27673708325258
38936,-44.0,-24.0,154.68428711132404
38937,-44.0,-23.5,151.27490811417772
38938,-44.0,-23.0,153.56987662668277
38939,-44.0,-22.5,149.72106779977264
38940,-44.0,-22.0,147.50332077909445
38941,-44.0,-21.5,153.94146950721515
38942,-44.0,-21.0,149.54489296344872
38943,-44.0,-20.5,148.12055282441963
38944,-44.0,-20.0,149.698293559184
38945,-44.0,-19.5,159.60228377921374
38946,-44.0,-19.0,160.52988954846208
38947,-44.0,-18.5,147.22391702020295
38948,-44.0,-18.0,143.92960474992768
38949,-44.0,-16.5,165.71000042621716
38950,-44.0,-15.5,149.0083082349795
38951,-44.0,-15.0,148.92053245273877
38952,-44.0,-14.5,171.76763593592545
38953,-44.0,-14.0,163.80269577777514
38954,-44.0,-13.5,145.19276391308154
38955,-44.0,-12.5,148.39931613545082
38956,-44.0,-12.0,167.5929864848927
38957,-44.0,-11.5,169.88329082547958
38958,-44.0,-11.0,148.57511007571625
38959,-44.0,-10.5,144.4096287226458
38960,-44.0,-9.0,143.1757971868923
38961,-44.0,-8.0,154.4781385821351
38962,-44.0,-7.5,148.70771384356453
38963,-44.0,-6.5,150.922413852701
38964,-44.0,-6.0,146.5926596646353
38965,-44.0,-5.5,143.88237290935837
38966,-44.0,-5.0,147.72664129971696
38967,-44.0,-4.5,148.83441888241137
38968,-44.0,-4.0,145.5440208641169
38969,-44.0,-3.5,150.39413078512783
38970,-44.0,-3.0,151.7547367452227
38971,-44.0,-2.5,153.58353236506892
38972,-44.0,-2.0,152.56822329268007
38973,-44.0,-1.5,148.72123233230963
38974,-44.0,-1.0,149.09364189570658
38975,-44.0,-0.5,152.2379871008268
38976,-44.0,0.0,150.73985463564853
38977,-44.0,0.5,148.20443391473563
38978,-44.0,1.0,149.06764941143248
38979,-44.0,1.5,148.68794385118287
38980,-44.0,2.0,148.52565478108613
38981,-44.0,3.0,149.21363122117904
38982,-44.0,3.5,148.5037163826655
38983,-44.0,4.0,148.65114945148716
38984,-44.0,4.5,147.58068980479715
38985,-44.0,5.0,149.23868598340553
38986,-44.0,5.5,149.69386039852904
38987,-44.0,6.0,149.35392873214548
38988,-44.0,6.5,148.34381911274454
38989,-44.0,7.5,151.71758441300156
38990,-44.0,8.0,152.13203134409176
38991,-44.0,8.5,155.47161449104718
38992,-44.0,9.0,151.27022243279228
38993,-44.0,9.5,150.6510280764585
38994,-44.0,10.0,150.3643644452306
38995,-44.0,10.5,150.05627412870757
38996,-44.0,11.0,149.65335468761623
38997,-44.0,11.5,149.86299134472023
38998,-44.0,12.5,149.22988414397713
38999,-44.0,13.0,149.19895711154035
39000,-44.0,13.5,152.57536013858413
39001,-44.0,14.0,150.66179282486428
39002,-44.0,14.5,152.55437750184873
39003,-44.0,15.0,150.09667189781325
39004,-44.0,15.5,155.29545191717372
39005,-44.0,16.0,153.94129411721238
39006,-44.0,16.5,149.99895958369865
39007,-44.0,17.0,149.92857181095962
39008,-44.0,18.0,152.11258974519598
39009,-44.0,18.5,151.63478098087816
39010,-44.0,19.0,148.13249182818757
39011,-44.0,19.5,154.0814545650542
39012,-44.0,20.0,149.8274245230487
39013,-44.0,20.5,147.64659201878115
39014,-44.0,21.0,149.51313918836223
39015,-44.0,21.5,148.7741223922119
39016,-44.0,22.0,148.4885924084291
39017,-44.0,22.5,148.30874292138535
39018,-44.0,23.0,151.0191874872491
39019,-44.0,23.5,149.53988091508205
39020,-44.0,24.0,150.52050606726658
39021,-44.0,24.5,151.3485757930751
39022,-44.0,25.0,150.41889957750394
39023,-44.0,25.5,152.00476252323526
39024,-44.0,26.0,149.87465385411681
39025,-44.0,26.5,151.14320978441137
39026,-44.0,27.0,150.22561446287918
39027,-44.0,27.5,151.56547400129668
39028,-44.0,28.0,149.9683319724341
39029,-44.0,28.5,150.74231544497223
39030,-44.0,29.0,152.37021988589163
39031,-44.0,29.5,156.14063503541968
39032,-44.0,30.0,155.4002252114708
39033,-44.0,30.5,155.82709741733285
39034,-44.0,31.0,152.77924014872403
39035,-44.0,31.5,153.60253258140543
39036,-44.0,32.0,149.8985164505141
39037,-44.0,32.5,151.119949016805
39038,-44.0,33.0,149.84175510750117
39039,-44.0,33.5,151.78089452769714
39040,-44.0,34.0,154.79497715304112
39041,-44.0,34.5,156.06949244816738
39042,-44.0,35.5,158.09344557259573
39043,-44.0,36.0,148.41308380180493
39044,-44.0,36.5,159.12980231795063
39045,-44.0,37.0,148.9917525215307
39046,-43.5,-37.5,153.07980175566976
39047,-43.5,-37.0,151.76280124849418
39048,-43.5,-36.5,151.4596079452363
39049,-43.5,-36.0,150.01874262442948
39050,-43.5,-35.5,149.49928051995957
39051,-43.5,-35.0,150.90716849027936
39052,-43.5,-34.5,152.90874848095
39053,-43.5,-34.0,157.14671034092066
39054,-43.5,-33.5,152.93864364116564
39055,-43.5,-33.0,155.33508960475712
39056,-43.5,-32.5,159.14072668446315
39057,-43.5,-32.0,153.07881780222232
39058,-43.5,-31.5,153.20485121073003
39059,-43.5,-31.0,149.06262902417905
39060,-43.5,-30.5,156.20238249005288
39061,-43.5,-30.0,147.79957971456759
39062,-43.5,-29.5,149.5927390143074
39063,-43.5,-29.0,150.599691691328
39064,-43.5,-28.5,150.21363174795022
39065,-43.5,-28.0,149.95361722408546
39066,-43.5,-27.5,152.04816780049433
39067,-43.5,-27.0,152.0965271666423
39068,-43.5,-26.5,150.0594401827011
39069,-43.5,-26.0,151.14027847937064
39070,-43.5,-25.5,148.54026299677088
39071,-43.5,-25.0,155.06487676376705
39072,-43.5,-24.5,149.16189346599808
39073,-43.5,-24.0,152.08893108618395
39074,-43.5,-23.5,151.926428939849
39075,-43.5,-23.0,150.99853090455917
39076,-43.5,-22.5,150.01046283786096
39077,-43.5,-22.0,151.96977037717917
39078,-43.5,-21.5,150.28924137439876
39079,-43.5,-21.0,147.59808386941353
39080,-43.5,-20.5,148.45801430162368
39081,-43.5,-20.0,155.00685128993496
39082,-43.5,-19.5,157.38626373505522
39083,-43.5,-19.0,158.41947952725872
39084,-43.5,-18.5,143.68418581668212
39085,-43.5,-18.0,144.35583537613488
39086,-43.5,-17.5,143.8784695296177
39087,-43.5,-17.0,165.08707128261133
39088,-43.5,-16.5,164.95270276447837
39089,-43.5,-16.0,146.7946564090129
39090,-43.5,-15.5,146.92041834947977
39091,-43.5,-15.0,148.03112177771368
39092,-43.5,-14.5,164.5506645766582
39093,-43.5,-14.0,170.39257750710718
39094,-43.5,-13.5,150.36011664059635
39095,-43.5,-13.0,148.93272627293112
39096,-43.5,-12.5,151.40093365390584
39097,-43.5,-12.0,158.08980497591722
39098,-43.5,-11.0,146.31498828855646
39099,-43.5,-10.5,147.4156599287921
39100,-43.5,-9.5,143.53402848865375
39101,-43.5,-9.0,142.48727531999893
39102,-43.5,-7.5,149.04029473330513
39103,-43.5,-6.5,142.7531567691193
39104,-43.5,-6.0,147.61704168818937
39105,-43.5,-5.5,150.14019415374426
39106,-43.5,-5.0,148.43022193983685
39107,-43.5,-4.5,144.88654174088666
39108,-43.5,-4.0,146.09246100220054
39109,-43.5,-3.5,147.0165062934381
39110,-43.5,-3.0,147.97148814958373
39111,-43.5,-2.5,155.9712512506756
39112,-43.5,-2.0,148.83980650139776
39113,-43.5,-1.5,148.80044481943335
39114,-43.5,-1.0,148.67623317924443
39115,-43.5,-0.5,152.15732469771976
39116,-43.5,0.5,148.702568187036
39117,-43.5,1.0,148.41158801531785
39118,-43.5,1.5,148.52447653037817
39119,-43.5,2.5,152.04711090173797
39120,-43.5,3.0,148.65934654174575
39121,-43.5,3.5,148.80056744404257
39122,-43.5,4.0,148.11340136247537
39123,-43.5,4.5,149.9137604654226
39124,-43.5,5.0,149.91775999786014
39125,-43.5,5.5,148.71656640114116
39126,-43.5,6.0,148.60079868148281
39127,-43.5,6.5,148.32302842234037
39128,-43.5,7.0,151.5474324236439
39129,-43.5,7.5,151.7195993166815
39130,-43.5,8.0,152.90264816148402
39131,-43.5,8.5,151.49654449643538
39132,-43.5,9.0,153.37817171724285
39133,-43.5,9.5,150.97740800149361
39134,-43.5,10.0,150.39757469505798
39135,-43.5,10.5,149.99466625220302
39136,-43.5,11.0,149.73284161849517
39137,-43.5,11.5,149.62083601808163
39138,-43.5,12.0,149.74390924135494
39139,-43.5,13.0,151.04875489399615
39140,-43.5,13.5,151.6008880019756
39141,-43.5,14.0,152.2736560005345
39142,-43.5,14.5,152.5859565636293
39143,-43.5,15.0,148.3377120134644
39144,-43.5,15.5,156.826840419993
39145,-43.5,16.0,149.52575738120186
39146,-43.5,16.5,150.12405677434492
39147,-43.5,17.0,151.58022906154443
39148,-43.5,17.5,149.1653602090469
39149,-43.5,18.0,153.62868290912326
39150,-43.5,18.5,149.84451747213956
39151,-43.5,19.0,148.06063604821065
39152,-43.5,19.5,152.51553084534262
39153,-43.5,20.0,147.69665624759764
39154,-43.5,20.5,147.39923798379365
39155,-43.5,21.0,151.41299712861556
39156,-43.5,21.5,148.9730470532342
39157,-43.5,22.0,148.11365401008098
39158,-43.5,22.5,151.41981216362583
39159,-43.5,23.0,150.68742536949924
39160,-43.5,23.5,148.92246416396978
39161,-43.5,24.0,149.64441497480675
39162,-43.5,24.5,152.49576690770294
39163,-43.5,25.0,148.3669705857311
39164,-43.5,25.5,151.33391700427944
39165,-43.5,26.0,152.17798825360165
39166,-43.5,26.5,150.78886535024228
39167,-43.5,27.0,150.84976984589724
39168,-43.5,27.5,149.1294238007999
39169,-43.5,28.0,152.740908285071
39170,-43.5,28.5,151.93981078269215
39171,-43.5,29.0,153.68612405912353
39172,-43.5,29.5,154.46875951165438
39173,-43.5,30.0,156.29832307636443
39174,-43.5,30.5,156.12443744099804
39175,-43.5,31.0,154.37431598171202
39176,-43.5,31.5,152.90512078658256
39177,-43.5,32.0,149.93657229635022
39178,-43.5,32.5,150.36362113785844
39179,-43.5,33.0,149.96907295059202
39180,-43.5,33.5,151.06162036593298
39181,-43.5,34.0,155.14793270346942
39182,-43.5,34.5,156.08384083174764
39183,-43.5,35.5,156.40703897175274
39184,-43.5,36.0,150.86544980962017
39185,-43.5,36.5,158.31473203431648
39186,-43.5,37.0,149.83383346988617
39187,-43.5,37.5,175.38738668822262
39188,-43.0,-37.5,152.698703520263
39189,-43.0,-37.0,151.16076364684287
39190,-43.0,-36.5,151.1896173118031
39191,-43.0,-36.0,149.69483299849705
39192,-43.0,-35.5,149.57675519803274
39193,-43.0,-35.0,152.08574955115037
39194,-43.0,-34.5,153.50937112558134
39195,-43.0,-34.0,159.3746040719253
39196,-43.0,-33.5,152.6650369381424
39197,-43.0,-33.0,158.4402947012462
39198,-43.0,-32.5,157.5898146703936
39199,-43.0,-32.0,154.09010696615977
39200,-43.0,-31.5,151.73214228650352
39201,-43.0,-31.0,153.7293426702817
39202,-43.0,-30.5,153.504240537223
39203,-43.0,-30.0,148.82029952143196
39204,-43.0,-29.5,149.59900539088113
39205,-43.0,-29.0,151.65087604898505
39206,-43.0,-28.5,148.0673658583014
39207,-43.0,-28.0,150.46480430516152
39208,-43.0,-27.5,151.8606945675638
39209,-43.0,-27.0,151.42465806408873
39210,-43.0,-26.5,150.0244837986435
39211,-43.0,-26.0,149.81399618402634
39212,-43.0,-25.5,153.70102560555003
39213,-43.0,-25.0,150.0610345291613
39214,-43.0,-24.5,147.12411162550006
39215,-43.0,-24.0,148.10771833666115
39216,-43.0,-23.5,151.90392265973483
39217,-43.0,-23.0,152.14556213808055
39218,-43.0,-22.5,150.34514975119157
39219,-43.0,-22.0,152.06668662983378
39220,-43.0,-21.5,155.51563813968542
39221,-43.0,-21.0,148.7055035484618
39222,-43.0,-20.5,148.80131014193068
39223,-43.0,-20.0,153.06714298222724
39224,-43.0,-19.5,153.2690731653282
39225,-43.0,-19.0,147.3883378036518
39226,-43.0,-18.5,144.213063480393
39227,-43.0,-18.0,143.45525201863495
39228,-43.0,-17.5,149.8803907010242
39229,-43.0,-17.0,163.60678321107233
39230,-43.0,-16.5,143.2685463027671
39231,-43.0,-16.0,144.13124840800282
39232,-43.0,-15.5,166.34405092475598
39233,-43.0,-14.5,159.17549715492567
39234,-43.0,-13.0,145.78918919403662
39235,-43.0,-12.5,169.87277432006476
39236,-43.0,-12.0,150.9227859449056
39237,-43.0,-11.5,148.18507374599417
39238,-43.0,-11.0,152.00372454338603
39239,-43.0,-10.5,148.65576389130564
39240,-43.0,-10.0,148.37922281968468
39241,-43.0,-9.5,145.93002573783707
39242,-43.0,-7.5,149.27880385918942
39243,-43.0,-7.0,146.94120005760016
39244,-43.0,-6.5,144.3225423938633
39245,-43.0,-5.5,150.15765754277103
39246,-43.0,-5.0,146.87094373631294
39247,-43.0,-4.5,146.03737497117626
39248,-43.0,-4.0,148.47417642529055
39249,-43.0,-3.5,148.5282790232155
39250,-43.0,-3.0,149.53593365846294
39251,-43.0,-2.5,152.55720682449603
39252,-43.0,-2.0,148.75892840050267
39253,-43.0,-1.5,148.91008689564484
39254,-43.0,-1.0,148.71815413843598
39255,-43.0,-0.5,152.08010459418045
39256,-43.0,0.0,148.51469709041203
39257,-43.0,0.5,149.10252535572528
39258,-43.0,1.0,148.2825438911348
39259,-43.0,1.5,148.12413878026513
39260,-43.0,2.5,149.4083915133497
39261,-43.0,3.0,149.22438902796026
39262,-43.0,3.5,148.99390059016855
39263,-43.0,4.0,148.3733497621782
39264,-43.0,4.5,150.5435603999611
39265,-43.0,5.0,148.86022222621614
39266,-43.0,5.5,149.08997597354787
39267,-43.0,6.0,148.08383949286983
39268,-43.0,6.5,148.31136521475992
39269,-43.0,7.0,150.8906515447776
39270,-43.0,7.5,151.92075878700837
39271,-43.0,8.0,152.94090434515311
39272,-43.0,8.5,151.55643760697603
39273,-43.0,9.0,151.7017476634664
39274,-43.0,9.5,152.2941111924562
39275,-43.0,10.0,150.73569874925386
39276,-43.0,10.5,149.31862916693072
39277,-43.0,11.0,149.43406765999137
39278,-43.0,11.5,149.25631346553772
39279,-43.0,12.0,149.54438232814525
39280,-43.0,12.5,152.48150849277607
39281,-43.0,13.0,152.13956274808746
39282,-43.0,13.5,151.1087794938267
39283,-43.0,14.0,152.52024135437873
39284,-43.0,14.5,151.2764306867053
39285,-43.0,15.0,174.84819690952583
39286,-43.0,15.5,150.53908293395315
39287,-43.0,16.0,149.88228692885656
39288,-43.0,16.5,150.95063686336337
39289,-43.0,17.0,150.26730633506335
39290,-43.0,17.5,149.55076061364312
39291,-43.0,18.0,149.48220670777908
39292,-43.0,18.5,149.22917146313745
39293,-43.0,19.0,154.57829609577232
39294,-43.0,19.5,149.2334236749245
39295,-43.0,20.0,147.71303947585358
39296,-43.0,20.5,147.1862313942238
39297,-43.0,21.0,150.1623366361051
39298,-43.0,21.5,152.16503459647586
39299,-43.0,22.0,147.98012996536937
39300,-43.0,22.5,153.00171997276388
39301,-43.0,23.0,150.1488210880906
39302,-43.0,23.5,149.4400837648245
39303,-43.0,24.0,149.55814587186998
39304,-43.0,24.5,152.14793101771667
39305,-43.0,25.0,151.18019757021375
39306,-43.0,25.5,150.62873046026152
39307,-43.0,26.0,151.90471336249027
39308,-43.0,26.5,151.0347094212734
39309,-43.0,27.0,152.7226418739155
39310,-43.0,27.5,149.61840231907536
39311,-43.0,28.0,152.97281026127132
39312,-43.0,28.5,152.04387088640473
39313,-43.0,29.0,155.07034185684216
39314,-43.0,29.5,154.62180809679361
39315,-43.0,30.0,156.45809849872575
39316,-43.0,30.5,156.20312388648483
39317,-43.0,31.0,155.28566691638213
39318,-43.0,31.5,153.8242849182556
39319,-43.0,32.0,149.98095217571213
39320,-43.0,32.5,150.7027725717044
39321,-43.0,33.0,149.85154230151778
39322,-43.0,33.5,151.29007150917977
39323,-43.0,34.0,154.9009968045179
39324,-43.0,34.5,157.42079244888626
39325,-43.0,35.5,159.82127692678827
39326,-43.0,36.0,154.5615090715583
39327,-43.0,36.5,155.2008241035411
39328,-43.0,37.0,151.34372610888627
39329,-42.5,-37.5,152.34603576171978
39330,-42.5,-37.0,150.81759174552025
39331,-42.5,-36.5,150.92793810823892
39332,-42.5,-36.0,149.48829233785082
39333,-42.5,-35.5,149.35062242607367
39334,-42.5,-35.0,152.89351420766292
39335,-42.5,-34.5,151.4219549639153
39336,-42.5,-34.0,160.13921719996011
39337,-42.5,-33.5,150.14488594908846
39338,-42.5,-33.0,150.0704495067044
39339,-42.5,-32.5,159.47895778916555
39340,-42.5,-32.0,150.87728364095946
39341,-42.5,-31.5,151.0393939906794
39342,-42.5,-31.0,152.74748719036964
39343,-42.5,-30.5,149.69930893224645
39344,-42.5,-30.0,149.51786826003783
39345,-42.5,-29.5,150.00810984513464
39346,-42.5,-29.0,150.8219617334506
39347,-42.5,-28.5,149.17888323089534
39348,-42.5,-28.0,151.27325602557215
39349,-42.5,-27.5,151.1319754875172
39350,-42.5,-27.0,150.807277345842
39351,-42.5,-26.5,150.53983740312123
39352,-42.5,-26.0,149.71991082299996
39353,-42.5,-25.5,152.50846475905044
39354,-42.5,-25.0,148.30151427581134
39355,-42.5,-24.5,152.6130372068454
39356,-42.5,-24.0,148.36138067267598
39357,-42.5,-23.5,150.0803868753773
39358,-42.5,-23.0,152.01013421390317
39359,-42.5,-22.5,149.24901549121282
39360,-42.5,-22.0,151.03640785242072
39361,-42.5,-21.5,153.1542656670469
39362,-42.5,-21.0,148.65347554161693
39363,-42.5,-20.5,155.077257384999
39364,-42.5,-20.0,153.43046023875152
39365,-42.5,-19.5,151.29295958116927
39366,-42.5,-19.0,145.11552957988613
39367,-42.5,-18.0,145.52090519102563
39368,-42.5,-17.5,160.21674794365344
39369,-42.5,-17.0,146.03120784671412
39370,-42.5,-16.5,143.45029667140312
39371,-42.5,-16.0,166.06237092249862
39372,-42.5,-15.5,166.19984405489328
39373,-42.5,-15.0,170.66294824630833
39374,-42.5,-14.5,158.64947109523038
39375,-42.5,-14.0,143.6074184314149
39376,-42.5,-13.0,161.1763898046142
39377,-42.5,-12.5,152.32673205662775
39378,-42.5,-12.0,142.85403540558505
39379,-42.5,-11.5,146.7161481314665
39380,-42.5,-11.0,149.9543752194972
39381,-42.5,-10.5,152.77217142287327
39382,-42.5,-10.0,149.37109978219326
39383,-42.5,-9.5,149.62907641575902
39384,-42.5,-7.5,144.05419917373743
39385,-42.5,-7.0,145.7345498638568
39386,-42.5,-6.5,145.9152297745853
39387,-42.5,-5.5,150.28270639523396
39388,-42.5,-5.0,148.5666147866401
39389,-42.5,-4.5,150.91683044807326
39390,-42.5,-4.0,147.2258450722269
39391,-42.5,-3.5,146.92482224584947
39392,-42.5,-3.0,147.62805108771963
39393,-42.5,-2.5,149.02251446977516
39394,-42.5,-2.0,148.9487798106688
39395,-42.5,-1.5,149.1434805401792
39396,-42.5,-1.0,150.33129506216991
39397,-42.5,-0.5,148.63525760798487
39398,-42.5,0.0,148.73822103916228
39399,-42.5,0.5,148.25776598999786
39400,-42.5,1.0,148.32187754567016
39401,-42.5,1.5,148.11796123572898
39402,-42.5,2.0,148.68353985260467
39403,-42.5,2.5,148.26692707064817
39404,-42.5,3.0,151.84142519565717
39405,-42.5,3.5,147.32487246759374
39406,-42.5,4.0,150.78626322908875
39407,-42.5,4.5,148.1658030111958
39408,-42.5,5.0,149.64376680396018
39409,-42.5,5.5,148.09444041422697
39410,-42.5,6.0,148.2723622822787
39411,-42.5,6.5,151.53198022261338
39412,-42.5,7.0,148.59079566923285
39413,-42.5,7.5,152.144248054712
39414,-42.5,8.0,153.39099520556837
39415,-42.5,8.5,153.10410814790703
39416,-42.5,9.0,151.71721885154813
39417,-42.5,9.5,151.53973686164036
39418,-42.5,10.0,151.21167573138908
39419,-42.5,10.5,150.46649546362067
39420,-42.5,11.0,149.0777372823868
39421,-42.5,11.5,148.89404261481243
39422,-42.5,12.0,149.12069301574695
39423,-42.5,12.5,151.54677333426827
39424,-42.5,13.0,150.9239655092917
39425,-42.5,13.5,152.2508086338717
39426,-42.5,14.0,149.79130768480647
39427,-42.5,14.5,150.81910156890703
39428,-42.5,15.0,149.79604152721342
39429,-42.5,15.5,150.63144197614176
39430,-42.5,16.0,150.35383773030293
39431,-42.5,16.5,149.15299572826373
39432,-42.5,17.0,149.8236374085983
39433,-42.5,17.5,149.8446770245085
39434,-42.5,18.0,149.46194623528166
39435,-42.5,18.5,150.444628767631
39436,-42.5,19.0,153.03374789662573
39437,-42.5,19.5,148.81504963741835
39438,-42.5,20.0,147.368776936532
39439,-42.5,20.5,148.02848076240917
39440,-42.5,21.0,148.85178484144444
39441,-42.5,21.5,151.93560334502874
39442,-42.5,22.0,150.15640902770969
39443,-42.5,22.5,150.56364735882318
39444,-42.5,23.0,149.67485639055562
39445,-42.5,23.5,149.13490716864504
39446,-42.5,24.0,152.473349668608
39447,-42.5,24.5,150.0846438265598
39448,-42.5,25.0,150.1120577579225
39449,-42.5,25.5,152.09295438402765
39450,-42.5,26.0,149.5839008239141
39451,-42.5,26.5,151.82531551888994
39452,-42.5,27.0,151.9228058857716
39453,-42.5,27.5,150.48600470232188
39454,-42.5,28.0,152.94556314020284
39455,-42.5,28.5,153.67734127120136
39456,-42.5,29.0,155.07153180814663
39457,-42.5,29.5,155.17446672198378
39458,-42.5,30.0,156.51966207383177
39459,-42.5,30.5,156.13776922910628
39460,-42.5,31.0,156.62600396263628
39461,-42.5,31.5,152.75171950500595
39462,-42.5,32.0,149.68900027782772
39463,-42.5,32.5,150.92473331157075
39464,-42.5,33.0,150.09468857239887
39465,-42.5,33.5,151.00279905459394
39466,-42.5,34.0,155.07882671627473
39467,-42.5,34.5,157.02030257198103
39468,-42.5,35.0,170.48777589647761
39469,-42.5,35.5,161.41650149156024
39470,-42.5,36.0,157.4737750671065
39471,-42.5,36.5,154.09174271622055
39472,-42.5,37.0,151.28489798519075
39473,-42.0,-37.5,151.88369768841233
39474,-42.0,-37.0,150.61487716931015
39475,-42.0,-36.5,150.74467786436077
39476,-42.0,-36.0,149.53986184704112
39477,-42.0,-35.5,149.7631272407651
39478,-42.0,-35.0,154.02468323642307
39479,-42.0,-34.5,151.20852837034408
39480,-42.0,-34.0,155.80352752709868
39481,-42.0,-33.5,150.19592618516504
39482,-42.0,-33.0,148.50861731429097
39483,-42.0,-32.5,159.881558469628
39484,-42.0,-32.0,151.76739161058742
39485,-42.0,-31.5,151.73022343515828
39486,-42.0,-31.0,151.03616754418374
39487,-42.0,-30.5,152.35378833544505
39488,-42.0,-30.0,149.77533071916494
39489,-42.0,-29.5,152.46220173441185
39490,-42.0,-29.0,149.48701271096735
39491,-42.0,-28.5,148.82564936051114
39492,-42.0,-28.0,150.57706451220892
39493,-42.0,-27.5,150.92912719231836
39494,-42.0,-27.0,150.9251730000312
39495,-42.0,-26.5,148.1679122002605
39496,-42.0,-26.0,150.19241098480262
39497,-42.0,-25.5,149.4955205071482
39498,-42.0,-25.0,149.5435504414452
39499,-42.0,-24.5,150.75087321967703
39500,-42.0,-24.0,147.8569512056822
39501,-42.0,-23.5,147.60107056490713
39502,-42.0,-23.0,150.91775336724595
39503,-42.0,-22.5,153.05754454466526
39504,-42.0,-22.0,151.10548514921766
39505,-42.0,-21.5,151.3035062585086
39506,-42.0,-21.0,149.8277702192224
39507,-42.0,-20.5,152.54040384573244
39508,-42.0,-20.0,151.3073065598684
39509,-42.0,-19.5,148.00343433486432
39510,-42.0,-19.0,143.38493435182824
39511,-42.0,-18.5,145.4548784233897
39512,-42.0,-18.0,162.66718529107385
39513,-42.0,-17.5,153.77753564458814
39514,-42.0,-17.0,145.01292874257737
39515,-42.0,-16.5,148.10195589644587
39516,-42.0,-16.0,165.93022716625205
39517,-42.0,-15.0,170.7986442987405
39518,-42.0,-14.0,144.715100212257
39519,-42.0,-13.0,169.91331028448232
39520,-42.0,-12.5,145.14020247310148
39521,-42.0,-12.0,144.55135612220434
39522,-42.0,-11.5,148.0257502548071
39523,-42.0,-11.0,150.43236486879454
39524,-42.0,-10.5,150.65315329574923
39525,-42.0,-9.5,150.19850260538098
39526,-42.0,-8.0,145.07587162481605
39527,-42.0,-7.5,144.89047996006903
39528,-42.0,-7.0,144.7470333076582
39529,-42.0,-6.5,148.4090135967577
39530,-42.0,-6.0,149.39854812221023
39531,-42.0,-5.5,146.97938146964992
39532,-42.0,-5.0,152.04379904869606
39533,-42.0,-4.5,148.22531429363397
39534,-42.0,-3.5,149.54000660715664
39535,-42.0,-3.0,154.29145186495683
39536,-42.0,-2.5,150.24632526244918
39537,-42.0,-1.5,150.6672301281519
39538,-42.0,-1.0,148.88161876535585
39539,-42.0,-0.5,148.61372845628048
39540,-42.0,0.0,148.56848173100505
39541,-42.0,0.5,148.20522375216458
39542,-42.0,1.5,148.63911100987573
39543,-42.0,2.0,147.97721350422216
39544,-42.0,2.5,148.7952558301521
39545,-42.0,3.0,147.87435800634995
39546,-42.0,3.5,151.66909610258747
39547,-42.0,4.0,149.69063413239516
39548,-42.0,4.5,149.5657619202589
39549,-42.0,5.0,148.41879102238866
39550,-42.0,5.5,149.02782691783023
39551,-42.0,6.0,148.5296858783854
39552,-42.0,6.5,151.0210066663659
39553,-42.0,7.0,151.32637548546933
39554,-42.0,7.5,150.63929446384023
39555,-42.0,8.5,151.9274674249922
39556,-42.0,9.0,152.9705936092736
39557,-42.0,9.5,151.1956133752794
39558,-42.0,10.0,150.32027844980482
39559,-42.0,10.5,150.78576040095186
39560,-42.0,11.0,150.73183939755654
39561,-42.0,11.5,148.94800115788203
39562,-42.0,12.0,150.36758930919652
39563,-42.0,12.5,151.57439231381133
39564,-42.0,13.0,152.36992766131962
39565,-42.0,13.5,152.16544419332018
39566,-42.0,14.0,150.0732519463145
39567,-42.0,14.5,149.5987174121374
39568,-42.0,15.0,150.58410762307463
39569,-42.0,15.5,150.13995806196155
39570,-42.0,16.0,151.98731065518191
39571,-42.0,16.5,149.9933922734706
39572,-42.0,17.0,149.4098886452523
39573,-42.0,17.5,150.16584503212982
39574,-42.0,18.0,148.19928174569617
39575,-42.0,18.5,150.8706485395116
39576,-42.0,19.0,148.69729615288404
39577,-42.0,19.5,148.9441129374612
39578,-42.0,20.0,148.66466169955538
39579,-42.0,20.5,148.1034034525479
39580,-42.0,21.0,148.8382494463527
39581,-42.0,21.5,151.6424626570812
39582,-42.0,22.0,153.66921499765624
39583,-42.0,22.5,150.1717903945613
39584,-42.0,23.0,148.84012499303927
39585,-42.0,23.5,148.3516174504137
39586,-42.0,24.0,153.22685145496644
39587,-42.0,24.5,149.14042417679642
39588,-42.0,25.0,149.26020365456554
39589,-42.0,25.5,151.33835210951077
39590,-42.0,26.0,148.90014457744536
39591,-42.0,26.5,152.60799178471592
39592,-42.0,27.0,151.3122057214238
39593,-42.0,27.5,150.89601630773578
39594,-42.0,28.0,154.65111864024252
39595,-42.0,28.5,154.39002476920817
39596,-42.0,29.0,155.14884240265997
39597,-42.0,29.5,156.39155037745508
39598,-42.0,30.0,156.35519986107673
39599,-42.0,30.5,156.8815422451292
39600,-42.0,31.0,154.94347237729545
39601,-42.0,31.5,153.88782196442233
39602,-42.0,32.0,149.1072039950412
39603,-42.0,32.5,150.62926609111258
39604,-42.0,33.0,150.82753705533406
39605,-42.0,33.5,151.2906369669457
39606,-42.0,34.0,152.99108878634232
39607,-42.0,34.5,157.5373158748728
39608,-42.0,35.0,170.36783784916676
39609,-42.0,35.5,156.63886360834465
39610,-42.0,36.0,158.24184207608522
39611,-42.0,36.5,154.73030464073202
39612,-42.0,37.0,151.55043953212981
39613,-42.0,37.5,174.88068093922988
39614,-41.5,-38.0,160.39341908216113
39615,-41.5,-37.5,151.58483475419354
39616,-41.5,-37.0,150.8655334401093
39617,-41.5,-36.5,150.63903362608613
39618,-41.5,-36.0,149.63696131945318
39619,-41.5,-35.5,150.16919638217288
39620,-41.5,-35.0,152.6419031610603
39621,-41.5,-34.5,151.01343360825496
39622,-41.5,-34.0,156.91914464660513
39623,-41.5,-33.5,149.77535621412875
39624,-41.5,-33.0,147.71604608989495
39625,-41.5,-32.5,159.34181346452206
39626,-41.5,-32.0,152.60678360623086
39627,-41.5,-31.5,151.5048673793551
39628,-41.5,-31.0,150.52340220801474
39629,-41.5,-30.5,151.7219896006647
39630,-41.5,-30.0,149.89793964358975
39631,-41.5,-29.5,152.63447966325035
39632,-41.5,-29.0,147.55671858395226
39633,-41.5,-28.5,150.7109616862572
39634,-41.5,-28.0,149.93412284751415
39635,-41.5,-27.5,151.53636371921922
39636,-41.5,-27.0,150.59934317848018
39637,-41.5,-26.5,149.450301441326
39638,-41.5,-26.0,149.36086211391782
39639,-41.5,-25.5,150.30557142389944
39640,-41.5,-25.0,149.5561608263043
39641,-41.5,-24.5,150.25162815914953
39642,-41.5,-24.0,147.79703853243007
39643,-41.5,-23.5,147.6152837430576
39644,-41.5,-23.0,151.60312568356562
39645,-41.5,-22.5,152.08390380244055
39646,-41.5,-22.0,153.78894608333638
39647,-41.5,-21.5,151.36904645669125
39648,-41.5,-21.0,155.60201437658412
39649,-41.5,-20.5,150.50832449017432
39650,-41.5,-20.0,151.46429526821652
39651,-41.5,-19.5,149.94655964134395
39652,-41.5,-19.0,147.1577555051758
39653,-41.5,-18.5,144.40357256248996
39654,-41.5,-18.0,159.0104506890397
39655,-41.5,-17.5,150.06255584118594
39656,-41.5,-17.0,144.023440416798
39657,-41.5,-16.5,151.02174453180362
39658,-41.5,-16.0,150.65470620888104
39659,-41.5,-12.5,144.5625723103845
39660,-41.5,-12.0,145.46685964685886
39661,-41.5,-11.5,144.30650992260158
39662,-41.5,-11.0,149.53056194369827
39663,-41.5,-10.5,149.40005615503992
39664,-41.5,-9.5,147.92657078907098
39665,-41.5,-9.0,147.10265069295667
39666,-41.5,-8.0,145.97031802645594
39667,-41.5,-7.5,143.952429812748
39668,-41.5,-7.0,152.31092179264564
39669,-41.5,-6.5,149.08127907055305
39670,-41.5,-6.0,147.34810072719824
39671,-41.5,-5.5,144.99906175832683
39672,-41.5,-5.0,146.52046735991237
39673,-41.5,-4.5,149.5650333872358
39674,-41.5,-4.0,147.69703190601126
39675,-41.5,-3.0,152.63034177676704
39676,-41.5,-2.0,152.29137328805442
39677,-41.5,-1.0,148.48191220840354
39678,-41.5,-0.5,149.23438749080955
39679,-41.5,0.0,148.3282748800659
39680,-41.5,0.5,148.85747558581272
39681,-41.5,1.0,148.84228532031074
39682,-41.5,1.5,148.3040390253066
39683,-41.5,2.0,148.29621767266704
39684,-41.5,2.5,147.8831284642029
39685,-41.5,3.0,148.6339974635018
39686,-41.5,3.5,150.83643111522906
39687,-41.5,4.0,150.0773571614073
39688,-41.5,4.5,149.39668216014545
39689,-41.5,5.0,149.09623680375051
39690,-41.5,5.5,149.11275388643938
39691,-41.5,6.0,150.98238893107143
39692,-41.5,6.5,153.54398550628358
39693,-41.5,7.0,153.6484335012922
39694,-41.5,7.5,148.89307694296915
39695,-41.5,8.0,150.85811522926048
39696,-41.5,8.5,153.05858152937355
39697,-41.5,9.0,158.11920798535826
39698,-41.5,9.5,151.1787636128452
39699,-41.5,10.0,151.93856962390817
39700,-41.5,10.5,149.851301681045
39701,-41.5,11.0,151.54465682988737
39702,-41.5,11.5,150.92681107091042
39703,-41.5,12.0,151.08118782517775
39704,-41.5,12.5,149.98717513269085
39705,-41.5,13.0,151.26538349420898
39706,-41.5,13.5,151.17938026977768
39707,-41.5,14.0,150.36232290838208
39708,-41.5,14.5,151.10284358965023
39709,-41.5,15.0,149.5390145746253
39710,-41.5,15.5,151.17577818543785
39711,-41.5,16.5,149.96637415851103
39712,-41.5,17.0,149.96997641318495
39713,-41.5,17.5,148.79330938756902
39714,-41.5,18.0,148.880788462979
39715,-41.5,18.5,148.67076594079256
39716,-41.5,19.0,148.5462476100569
39717,-41.5,19.5,148.9933634638863
39718,-41.5,20.0,148.7097105907876
39719,-41.5,20.5,148.1353307557023
39720,-41.5,21.0,149.4714577553662
39721,-41.5,21.5,149.34647023564344
39722,-41.5,22.0,153.217471374287
39723,-41.5,22.5,150.23856895838395
39724,-41.5,23.0,146.96305480171043
39725,-41.5,23.5,152.6553326757917
39726,-41.5,24.0,150.39146245220874
39727,-41.5,24.5,149.4503852373526
39728,-41.5,25.0,149.146218943088
39729,-41.5,25.5,151.25660376796966
39730,-41.5,26.0,152.02559962992657
39731,-41.5,26.5,152.98408095594374
39732,-41.5,27.0,151.39187186861474
39733,-41.5,27.5,152.85003851039752
39734,-41.5,28.0,153.86202663987183
39735,-41.5,28.5,155.05677077527966
39736,-41.5,29.0,154.89975610659496
39737,-41.5,29.5,156.74782719478168
39738,-41.5,30.0,156.58205299850042
39739,-41.5,30.5,156.85301290251294
39740,-41.5,31.0,154.02083513766027
39741,-41.5,31.5,154.9122449253336
39742,-41.5,32.0,148.86353613724236
39743,-41.5,32.5,151.160884557403
39744,-41.5,33.0,151.70624672731617
39745,-41.5,33.5,151.23220207303865
39746,-41.5,34.0,152.46434217334917
39747,-41.5,34.5,157.06870509979703
39748,-41.5,35.0,170.30876165550276
39749,-41.5,35.5,154.0563178550589
39750,-41.5,36.0,157.30818054239782
39751,-41.5,36.5,154.95289017651513
39752,-41.5,37.0,151.10591157735314
39753,-41.5,37.5,172.26218449501224
39754,-41.0,-38.0,160.5440660757743
39755,-41.0,-37.5,154.50472851274125
39756,-41.0,-37.0,152.36775285780615
39757,-41.0,-36.5,150.23896200596516
39758,-41.0,-36.0,153.59739686562256
39759,-41.0,-35.5,152.25139964808054
39760,-41.0,-35.0,150.57657813997363
39761,-41.0,-34.5,150.5112531857237
39762,-41.0,-34.0,156.63358415900092
39763,-41.0,-33.5,150.69456821409437
39764,-41.0,-33.0,152.13512936914836
39765,-41.0,-32.5,157.38501267673826
39766,-41.0,-32.0,151.63973135024673
39767,-41.0,-31.5,152.4987108343989
39768,-41.0,-31.0,150.32745404946286
39769,-41.0,-30.5,150.3947066099159
39770,-41.0,-30.0,151.15365342930318
39771,-41.0,-29.5,149.8073513825431
39772,-41.0,-29.0,148.8586393111902
39773,-41.0,-28.5,152.15967614301692
39774,-41.0,-28.0,149.88071391826043
39775,-41.0,-27.5,150.9665204227035
39776,-41.0,-27.0,150.43718693055794
39777,-41.0,-26.5,150.60646748868098
39778,-41.0,-26.0,149.22077538413453
39779,-41.0,-25.5,150.71047191138268
39780,-41.0,-25.0,149.4470058659328
39781,-41.0,-24.5,148.4041669209457
39782,-41.0,-24.0,148.5371019933831
39783,-41.0,-23.5,148.455702787248
39784,-41.0,-23.0,148.38006099324318
39785,-41.0,-22.5,150.18725816670968
39786,-41.0,-22.0,151.98111285645524
39787,-41.0,-21.5,149.86134181532995
39788,-41.0,-21.0,153.93400245538427
39789,-41.0,-20.5,153.02228169110862
39790,-41.0,-20.0,145.8927686623268
39791,-41.0,-19.5,152.6836129350143
39792,-41.0,-19.0,150.15861104678643
39793,-41.0,-18.5,150.98575930147422
39794,-41.0,-18.0,151.201995818722
39795,-41.0,-17.5,144.09677746269176
39796,-41.0,-17.0,149.14497394340074
39797,-41.0,-16.5,156.36299283475083
39798,-41.0,-16.0,141.44434896736277
39799,-41.0,-13.0,145.59795598550934
39800,-41.0,-12.5,143.44888300319218
39801,-41.0,-12.0,143.8444253888331
39802,-41.0,-11.5,144.30328508461216
39803,-41.0,-11.0,144.7953555829438
39804,-41.0,-10.5,148.69304946527245
39805,-41.0,-10.0,149.8610644099744
39806,-41.0,-9.0,147.9384981013214
39807,-41.0,-8.5,146.64314969624564
39808,-41.0,-8.0,144.79185759203037
39809,-41.0,-7.0,151.33837228271543
39810,-41.0,-6.5,147.22693904323313
39811,-41.0,-6.0,145.36489535102922
39812,-41.0,-5.5,146.91210988701124
39813,-41.0,-5.0,145.69874839071778
39814,-41.0,-4.5,145.51027441621443
39815,-41.0,-4.0,148.88078151939715
39816,-41.0,-3.5,147.07828510331058
39817,-41.0,-3.0,146.9522017361612
39818,-41.0,-2.0,152.27491436641034
39819,-41.0,-1.5,147.81528385467183
39820,-41.0,-1.0,149.16893697170022
39821,-41.0,-0.5,148.52544462221783
39822,-41.0,0.0,148.44298012740774
39823,-41.0,0.5,148.77473628963392
39824,-41.0,1.0,148.21992848583105
39825,-41.0,1.5,147.85193306782
39826,-41.0,2.0,147.23417046476547
39827,-41.0,2.5,147.97559096298576
39828,-41.0,3.0,150.33471614840482
39829,-41.0,3.5,147.0300572230711
39830,-41.0,4.0,150.13948354693693
39831,-41.0,4.5,153.4327823484847
39832,-41.0,5.0,149.99713394162285
39833,-41.0,5.5,149.7064873349946
39834,-41.0,6.0,149.03510741778513
39835,-41.0,6.5,151.38225695502794
39836,-41.0,7.0,153.42479970631823
39837,-41.0,7.5,156.09069599192273
39838,-41.0,8.0,151.42421887805156
39839,-41.0,8.5,162.72078664290555
39840,-41.0,9.5,150.055993251498
39841,-41.0,10.0,152.26239909607705
39842,-41.0,10.5,150.57618614521616
39843,-41.0,11.0,149.55964162181445
39844,-41.0,11.5,151.74662267350658
39845,-41.0,12.0,150.11987759551852
39846,-41.0,12.5,150.72676745071598
39847,-41.0,13.0,149.4901713487251
39848,-41.0,13.5,149.5142740977296
39849,-41.0,14.0,150.9812784660545
39850,-41.0,14.5,151.10397496523277
39851,-41.0,15.0,151.57663550518888
39852,-41.0,15.5,150.5358729422081
39853,-41.0,16.0,150.4700670615942
39854,-41.0,16.5,150.44205067323597
39855,-41.0,17.0,150.2748869115495
39856,-41.0,17.5,148.25584218584103
39857,-41.0,18.0,149.52572999287307
39858,-41.0,18.5,148.63376557233676
39859,-41.0,19.0,148.75913611649668
39860,-41.0,19.5,148.83867013745632
39861,-41.0,20.0,148.6197271728962
39862,-41.0,20.5,149.5447686411665
39863,-41.0,21.0,147.5877172156681
39864,-41.0,21.5,152.00933094525715
39865,-41.0,22.0,151.18046558645537
39866,-41.0,22.5,150.9500624593475
39867,-41.0,23.0,147.8014609082607
39868,-41.0,23.5,154.90946044010633
39869,-41.0,24.0,149.5076229056111
39870,-41.0,24.5,149.64011552945925
39871,-41.0,25.0,148.95775279548147
39872,-41.0,25.5,149.5394570473766
39873,-41.0,26.0,151.89625252466652
39874,-41.0,26.5,151.3006665891883
39875,-41.0,27.0,154.0173859553392
39876,-41.0,27.5,153.49210366215874
39877,-41.0,28.0,152.9825507563401
39878,-41.0,28.5,154.9507908200849
39879,-41.0,29.0,156.00111130047648
39880,-41.0,29.5,158.72103877160995
39881,-41.0,30.0,157.24580422809026
39882,-41.0,30.5,156.71876243053404
39883,-41.0,31.0,155.1169266473404
39884,-41.0,31.5,154.3872027758938
39885,-41.0,32.0,148.90936495204113
39886,-41.0,32.5,151.12309489576845
39887,-41.0,33.0,151.3861133441774
39888,-41.0,33.5,151.26266438769977
39889,-41.0,34.0,151.36851141063406
39890,-41.0,34.5,155.34657903256078
39891,-41.0,35.0,164.3522858741941
39892,-41.0,35.5,158.86884075049988
39893,-41.0,36.0,157.7287962109096
39894,-41.0,36.5,152.12512465767753
39895,-41.0,37.0,150.40406101807997
39896,-41.0,39.0,171.28328743578808
39897,-40.5,-37.5,157.07721458470456
39898,-40.5,-37.0,152.96164440919677
39899,-40.5,-36.5,149.51109796720866
39900,-40.5,-36.0,152.33875993460802
39901,-40.5,-35.5,153.76803800171464
39902,-40.5,-35.0,149.76704711569298
39903,-40.5,-34.5,150.30795578583243
39904,-40.5,-34.0,158.37348640882098
39905,-40.5,-33.5,150.4569869863465
39906,-40.5,-33.0,155.01080929732666
39907,-40.5,-32.5,159.87390338445206
39908,-40.5,-32.0,150.98748257164584
39909,-40.5,-31.5,151.2747490304163
39910,-40.5,-31.0,151.8656232248017
39911,-40.5,-30.5,149.7994439660621
39912,-40.5,-30.0,151.45356732088356
39913,-40.5,-29.5,148.7577585145442
39914,-40.5,-29.0,148.8946123485957
39915,-40.5,-28.5,152.29733970994118
39916,-40.5,-27.5,149.58389438336624
39917,-40.5,-27.0,151.30419527309175
39918,-40.5,-26.5,149.62385101830165
39919,-40.5,-26.0,150.4776765294937
39920,-40.5,-25.5,151.42070250939602
39921,-40.5,-25.0,150.1927283477956
39922,-40.5,-24.5,148.37635977855282
39923,-40.5,-24.0,148.21207619663062
39924,-40.5,-23.5,151.58518735596064
39925,-40.5,-23.0,148.8138356018301
39926,-40.5,-22.5,148.58270716850566
39927,-40.5,-22.0,149.83150537075528
39928,-40.5,-21.5,151.84658903409237
39929,-40.5,-21.0,150.5865786156987
39930,-40.5,-20.5,152.82243149593523
39931,-40.5,-20.0,145.87401794804924
39932,-40.5,-19.5,154.22393753194922
39933,-40.5,-19.0,149.82651352138126
39934,-40.5,-18.5,152.53798363206633
39935,-40.5,-18.0,151.2339472089847
39936,-40.5,-17.5,149.14536541865294
39937,-40.5,-17.0,156.29274911121968
39938,-40.5,-16.5,144.35295085612432
39939,-40.5,-16.0,143.04235289045792
39940,-40.5,-15.5,143.18015353215048
39941,-40.5,-13.5,145.84324878212854
39942,-40.5,-13.0,148.75528948015423
39943,-40.5,-12.5,169.5355629600175
39944,-40.5,-12.0,143.33305890200913
39945,-40.5,-11.5,144.64666899742724
39946,-40.5,-11.0,148.6069115312324
39947,-40.5,-10.5,151.13883120491508
39948,-40.5,-10.0,147.89308763382743
39949,-40.5,-9.0,146.02732384326464
39950,-40.5,-8.5,147.1712063665529
39951,-40.5,-8.0,148.27194565455727
39952,-40.5,-7.5,152.91326132086547
39953,-40.5,-7.0,150.13991473510657
39954,-40.5,-6.5,145.3533277183933
39955,-40.5,-6.0,148.2262136620152
39956,-40.5,-5.5,150.51600541459385
39957,-40.5,-5.0,148.2544472561663
39958,-40.5,-4.5,153.0342988971964
39959,-40.5,-4.0,154.73617811372864
39960,-40.5,-3.5,149.36235984938298
39961,-40.5,-2.5,152.49177312371071
39962,-40.5,-2.0,147.97592824555042
39963,-40.5,-1.5,148.97625644588072
39964,-40.5,-1.0,148.17083001635885
39965,-40.5,-0.5,148.10949440149815
39966,-40.5,0.0,149.32223437792436
39967,-40.5,0.5,148.5186541317856
39968,-40.5,1.0,148.10518559190973
39969,-40.5,2.0,147.09492571449638
39970,-40.5,2.5,152.59126640025556
39971,-40.5,3.0,148.34188441099226
39972,-40.5,3.5,149.45162679250421
39973,-40.5,4.0,152.0661154370131
39974,-40.5,4.5,151.02697657173505
39975,-40.5,5.0,152.45049612472346
39976,-40.5,5.5,150.21903561454187
39977,-40.5,6.0,151.006840208419
39978,-40.5,6.5,150.1282963251727
39979,-40.5,7.5,153.9337928272611
39980,-40.5,8.0,162.98205399755287
39981,-40.5,8.5,154.4700613784216
39982,-40.5,10.0,149.32654288360715
39983,-40.5,10.5,153.37286842327674
39984,-40.5,11.0,149.4823638882834
39985,-40.5,11.5,150.75407500135185
39986,-40.5,12.0,152.74894489938103
39987,-40.5,12.5,150.07993380616495
39988,-40.5,13.0,148.3846550685852
39989,-40.5,13.5,150.0592758629509
39990,-40.5,14.0,151.007647776532
39991,-40.5,14.5,151.06338708752443
39992,-40.5,15.0,152.9238182383541
39993,-40.5,15.5,150.85284129425332
39994,-40.5,16.0,150.15198665801
39995,-40.5,16.5,151.04831683426175
39996,-40.5,17.0,148.8217313400464
39997,-40.5,17.5,149.72171930649841
39998,-40.5,18.0,148.76948645318834
39999,-40.5,18.5,149.17513607255788
40000,-40.5,19.0,148.8999575482289
40001,-40.5,19.5,148.11981385850416
40002,-40.5,20.0,148.8193598332865
40003,-40.5,20.5,149.42816875399566
40004,-40.5,21.0,150.38754376534047
40005,-40.5,21.5,152.57162465367034
40006,-40.5,22.0,150.36838424998376
40007,-40.5,22.5,150.44092680135813
40008,-40.5,23.0,150.24931293813555
40009,-40.5,23.5,148.0637540840917
40010,-40.5,24.0,151.0313351062906
40011,-40.5,24.5,148.83499178588374
40012,-40.5,25.0,149.28698642690054
40013,-40.5,25.5,149.4613925465217
40014,-40.5,26.0,151.99309647649605
40015,-40.5,26.5,151.99792268738295
40016,-40.5,27.0,153.70602261699852
40017,-40.5,27.5,152.02774078148022
40018,-40.5,28.0,154.21385565259757
40019,-40.5,28.5,152.6331493004529
40020,-40.5,29.0,156.92785183140396
40021,-40.5,29.5,157.8428257609231
40022,-40.5,30.0,157.85468342081484
40023,-40.5,30.5,154.61469281697086
40024,-40.5,31.0,154.39485502703653
40025,-40.5,31.5,153.89009142053033
40026,-40.5,32.0,148.90867549555335
40027,-40.5,32.5,151.46758567589828
40028,-40.5,33.0,151.27847261952914
40029,-40.5,33.5,151.72124953367847
40030,-40.5,34.0,151.88170367907492
40031,-40.5,34.5,154.55288093932194
40032,-40.5,35.0,161.11016278321696
40033,-40.5,35.5,157.66236371705722
40034,-40.5,36.0,157.52806531726222
40035,-40.5,36.5,152.30232643946192
40036,-40.5,37.0,149.41495867003044
40037,-40.0,-37.5,157.14068257005036
40038,-40.0,-37.0,151.93295574497756
40039,-40.0,-36.5,149.3930077508295
40040,-40.0,-36.0,151.54274617403715
40041,-40.0,-35.5,154.0439640609377
40042,-40.0,-35.0,149.80258896269734
40043,-40.0,-34.5,151.2803015281641
40044,-40.0,-34.0,159.45300916978374
40045,-40.0,-33.5,150.4739923440314
40046,-40.0,-33.0,156.2140590370311
40047,-40.0,-32.5,158.43008608776339
40048,-40.0,-32.0,152.84419706983738
40049,-40.0,-31.5,150.57167082583842
40050,-40.0,-31.0,153.76597348205473
40051,-40.0,-30.5,152.1619163788474
40052,-40.0,-30.0,150.8108741687745
40053,-40.0,-29.5,149.88341845498485
40054,-40.0,-29.0,148.82601446279443
40055,-40.0,-28.5,152.3447134822177
40056,-40.0,-27.5,149.1707398665454
40057,-40.0,-27.0,151.83503514152787
40058,-40.0,-26.5,149.18832195150742
40059,-40.0,-26.0,150.89547456052304
40060,-40.0,-25.5,151.60547281587523
40061,-40.0,-25.0,149.73820084677487
40062,-40.0,-24.5,148.27391206658345
40063,-40.0,-24.0,149.8845368572657
40064,-40.0,-23.5,151.63697888223845
40065,-40.0,-23.0,149.7003851684377
40066,-40.0,-22.5,147.35240854383846
40067,-40.0,-22.0,152.22278608679204
40068,-40.0,-21.5,152.22406716289393
40069,-40.0,-21.0,150.8225541616381
40070,-40.0,-20.5,149.51256008003728
40071,-40.0,-20.0,155.72121320826636
40072,-40.0,-19.5,152.93574944156566
40073,-40.0,-19.0,156.5814395513511
40074,-40.0,-18.5,150.5597515741918
40075,-40.0,-18.0,152.7879396731421
40076,-40.0,-17.5,153.47304730284677
40077,-40.0,-17.0,146.79483566540785
40078,-40.0,-16.5,145.69304724401346
40079,-40.0,-16.0,146.31455285479854
40080,-40.0,-15.5,145.08595883592852
40081,-40.0,-15.0,143.32428190847102
40082,-40.0,-13.5,144.05308059925304
40083,-40.0,-13.0,169.54233295355212
40084,-40.0,-12.0,144.76155832239965
40085,-40.0,-11.0,146.512839419592
40086,-40.0,-10.5,153.59818328376136
40087,-40.0,-10.0,149.0844061547853
40088,-40.0,-9.5,153.74532190127695
40089,-40.0,-9.0,151.93590368666625
40090,-40.0,-8.5,146.95466852000723
40091,-40.0,-8.0,149.68542926039282
40092,-40.0,-7.5,152.14273487633534
40093,-40.0,-7.0,147.4925475857921
40094,-40.0,-6.5,147.61837039073473
40095,-40.0,-6.0,147.29101663469143
40096,-40.0,-5.5,148.27360750940997
40097,-40.0,-5.0,146.78117009598571
40098,-40.0,-4.0,147.69757274092774
40099,-40.0,-3.5,154.78076216862394
40100,-40.0,-3.0,152.37661051965657
40101,-40.0,-2.5,152.18287912631033
40102,-40.0,-2.0,148.44028300232674
40103,-40.0,-1.5,149.2492949567365
40104,-40.0,-1.0,148.37662412383634
40105,-40.0,0.0,148.8823592055096
40106,-40.0,0.5,148.2045631014213
40107,-40.0,1.0,148.7807448426475
40108,-40.0,1.5,147.94003095121315
40109,-40.0,2.0,151.28297197438337
40110,-40.0,2.5,149.83994531339258
40111,-40.0,3.0,149.0277567852506
40112,-40.0,3.5,150.06150961279738
40113,-40.0,4.0,152.1640735932156
40114,-40.0,4.5,150.49703412705858
40115,-40.0,5.0,151.44441340386706
40116,-40.0,5.5,150.5354045794261
40117,-40.0,6.0,150.51437514716324
40118,-40.0,6.5,153.21913674466882
40119,-40.0,7.0,153.04320732843811
40120,-40.0,7.5,152.01880240639693
40121,-40.0,8.0,151.39129980626944
40122,-40.0,8.5,151.26270871545017
40123,-40.0,9.0,151.84301595655782
40124,-40.0,10.0,152.16315424726056
40125,-40.0,10.5,150.6197375430675
40126,-40.0,11.0,152.88193962149435
40127,-40.0,11.5,151.96849077595735
40128,-40.0,12.0,152.24075730450076
40129,-40.0,12.5,149.33408614757224
40130,-40.0,13.0,148.3875586868521
40131,-40.0,13.5,150.51348088265271
40132,-40.0,14.0,149.72401162381914
40133,-40.0,14.5,153.58885226070004
40134,-40.0,15.5,151.63443619199398
40135,-40.0,16.0,151.75417627434996
40136,-40.0,16.5,149.6430199481769
40137,-40.0,17.0,148.8228787031601
40138,-40.0,17.5,149.89555430025416
40139,-40.0,18.0,148.82127052251752
40140,-40.0,18.5,149.26428351690367
40141,-40.0,19.0,148.73688711124686
40142,-40.0,19.5,148.4554474985857
40143,-40.0,20.0,148.9921632124035
40144,-40.0,20.5,149.6543345744671
40145,-40.0,21.0,151.83617298715257
40146,-40.0,21.5,150.96811614419627
40147,-40.0,22.0,147.40940468183723
40148,-40.0,22.5,148.8754445822455
40149,-40.0,23.0,151.74811615174366
40150,-40.0,23.5,148.44637326203724
40151,-40.0,24.0,150.2135733682781
40152,-40.0,24.5,149.18269349395038
40153,-40.0,25.0,148.5314380468164
40154,-40.0,25.5,149.00894213060303
40155,-40.0,26.0,152.39124665881872
40156,-40.0,26.5,151.97511443172903
40157,-40.0,27.0,153.67730705550358
40158,-40.0,27.5,152.73855814461425
40159,-40.0,28.0,155.52086656999055
40160,-40.0,28.5,153.74347548314972
40161,-40.0,29.0,158.63456545307912
40162,-40.0,29.5,157.34792983925834
40163,-40.0,30.0,158.42465992746796
40164,-40.0,30.5,153.64566744966308
40165,-40.0,31.0,154.6876118695044
40166,-40.0,31.5,152.8827893690425
40167,-40.0,32.0,153.31200574998684
40168,-40.0,32.5,151.79542565534672
40169,-40.0,33.0,152.0973408163273
40170,-40.0,33.5,150.17243288661254
40171,-40.0,34.0,150.99730995722587
40172,-40.0,34.5,157.00934041440067
40173,-40.0,35.0,156.15534641715317
40174,-40.0,35.5,148.2398389273511
40175,-40.0,36.0,158.27985729966613
40176,-40.0,36.5,151.8008130805127
40177,-40.0,37.0,148.9219122080766
40178,-40.0,38.5,163.85847589732222
40179,-39.5,-37.5,155.05429167361044
40180,-39.5,-37.0,153.02004524881116
40181,-39.5,-36.5,150.26686646632137
40182,-39.5,-36.0,154.28564132162327
40183,-39.5,-35.5,153.8063472771999
40184,-39.5,-35.0,148.57298644676092
40185,-39.5,-34.5,151.81715599566647
40186,-39.5,-34.0,159.5815503542889
40187,-39.5,-33.5,150.75509600144755
40188,-39.5,-33.0,153.4561945226079
40189,-39.5,-32.5,158.6829053237077
40190,-39.5,-32.0,152.31231977083934
40191,-39.5,-31.5,150.2097939067669
40192,-39.5,-31.0,151.2923659180515
40193,-39.5,-30.5,156.22053291209028
40194,-39.5,-30.0,150.08855238618438
40195,-39.5,-29.5,150.76242812602794
40196,-39.5,-29.0,150.09733191301976
40197,-39.5,-28.5,152.56101783671846
40198,-39.5,-28.0,147.160986604318
40199,-39.5,-27.5,148.84485953221906
40200,-39.5,-27.0,151.05975678284864
40201,-39.5,-26.5,150.72704709218328
40202,-39.5,-26.0,150.62889538072145
40203,-39.5,-25.5,149.43599366322005
40204,-39.5,-25.0,149.33448704375854
40205,-39.5,-24.5,149.5679770691992
40206,-39.5,-24.0,150.70510362083365
40207,-39.5,-23.5,150.32926445042128
40208,-39.5,-23.0,150.06964122216127
40209,-39.5,-22.5,148.2538977979792
40210,-39.5,-22.0,152.054867413375
40211,-39.5,-21.5,150.6513418332302
40212,-39.5,-21.0,149.837412856833
40213,-39.5,-20.5,148.88671202648067
40214,-39.5,-20.0,153.0643747460324
40215,-39.5,-19.5,154.13453508916476
40216,-39.5,-19.0,151.92320977929725
40217,-39.5,-18.5,153.05661864478262
40218,-39.5,-18.0,153.95868970667053
40219,-39.5,-17.5,152.2852918312127
40220,-39.5,-17.0,147.8068696180209
40221,-39.5,-16.0,147.55133387817784
40222,-39.5,-15.0,147.8139614590434
40223,-39.5,-14.0,144.04652907684692
40224,-39.5,-13.5,146.09783334128963
40225,-39.5,-11.0,153.11591043779856
40226,-39.5,-10.5,151.34409987614916
40227,-39.5,-10.0,150.89568194333435
40228,-39.5,-9.5,150.48648227312947
40229,-39.5,-9.0,145.62605449563688
40230,-39.5,-8.0,150.35414578792577
40231,-39.5,-7.5,148.5326782926542
40232,-39.5,-7.0,146.6280442564512
40233,-39.5,-6.5,148.66663473354188
40234,-39.5,-5.5,151.44833756847035
40235,-39.5,-5.0,149.49949560887873
40236,-39.5,-4.5,145.43009067803308
40237,-39.5,-4.0,144.0274231490769
40238,-39.5,-3.0,152.71444309693143
40239,-39.5,-2.5,148.2752594289698
40240,-39.5,-2.0,149.93993161341533
40241,-39.5,-1.5,148.33765029242187
40242,-39.5,-0.5,148.39176936148806
40243,-39.5,0.0,147.5911817531721
40244,-39.5,0.5,148.58754466379293
40245,-39.5,1.0,148.58867073836092
40246,-39.5,1.5,148.20109814947656
40247,-39.5,2.0,150.90372764820563
40248,-39.5,2.5,147.34639826903702
40249,-39.5,3.0,150.03849100024996
40250,-39.5,3.5,150.92575301880325
40251,-39.5,4.0,148.75777533770312
40252,-39.5,5.0,151.9868572616855
40253,-39.5,5.5,151.2629179613215
40254,-39.5,6.0,151.4842376234091
40255,-39.5,6.5,154.89727029586706
40256,-39.5,7.0,151.84200739739157
40257,-39.5,7.5,151.5582040479118
40258,-39.5,8.0,151.8596246280812
40259,-39.5,8.5,152.28566773028112
40260,-39.5,9.0,152.9480453985293
40261,-39.5,9.5,153.21587308762724
40262,-39.5,10.0,164.3242928604743
40263,-39.5,10.5,148.90193135136016
40264,-39.5,11.0,150.16811653399085
40265,-39.5,11.5,154.61363284651438
40266,-39.5,12.0,149.92462687877583
40267,-39.5,12.5,149.62712858002882
40268,-39.5,13.0,151.0375756451667
40269,-39.5,13.5,149.24957484964787
40270,-39.5,14.0,151.82650490719826
40271,-39.5,14.5,150.83857662899518
40272,-39.5,15.0,151.40796466472995
40273,-39.5,15.5,151.68648662904803
40274,-39.5,16.0,151.75932090993513
40275,-39.5,16.5,149.2092047278495
40276,-39.5,17.0,149.67893621999934
40277,-39.5,17.5,149.01954965490685
40278,-39.5,18.0,150.34424443088062
40279,-39.5,18.5,148.17260263875536
40280,-39.5,19.0,148.5875179794497
40281,-39.5,19.5,148.72430931520972
40282,-39.5,20.0,149.87546771463616
40283,-39.5,20.5,151.4030696395138
40284,-39.5,21.0,151.01132268788407
40285,-39.5,21.5,151.71899639317405
40286,-39.5,22.0,147.10197242810185
40287,-39.5,22.5,147.31852107298147
40288,-39.5,23.0,150.99871791729137
40289,-39.5,23.5,150.39040519679185
40290,-39.5,24.0,148.62970423891414
40291,-39.5,24.5,149.47772949962248
40292,-39.5,25.0,148.2063173924827
40293,-39.5,25.5,149.3381234315242
40294,-39.5,26.0,152.18280944978082
40295,-39.5,26.5,152.06128742795218
40296,-39.5,27.0,151.37020511819577
40297,-39.5,27.5,155.44995477792477
40298,-39.5,28.0,153.83685308443438
40299,-39.5,28.5,156.94825763925277
40300,-39.5,29.0,158.0769522115358
40301,-39.5,29.5,158.95500813222858
40302,-39.5,30.0,156.94098712960744
40303,-39.5,30.5,154.13287206005293
40304,-39.5,31.0,153.95346966883744
40305,-39.5,31.5,151.7860869689426
40306,-39.5,32.0,152.76313818148427
40307,-39.5,32.5,150.61666715091135
40308,-39.5,33.0,151.75515467333787
40309,-39.5,33.5,150.14453345928368
40310,-39.5,34.0,149.27656248851704
40311,-39.5,34.5,156.7590794421774
40312,-39.5,35.0,154.84751549380633
40313,-39.5,35.5,159.22769663327514
40314,-39.5,36.0,156.0048683837271
40315,-39.5,36.5,150.1582365696066
40316,-39.5,37.0,148.41630921923988
40317,-39.5,38.5,163.55007022552581
40318,-39.0,-37.5,154.18513951223164
40319,-39.0,-37.0,153.5023634637153
40320,-39.0,-36.5,149.92775876300325
40321,-39.0,-36.0,153.80487993419862
40322,-39.0,-35.5,152.6422674890662
40323,-39.0,-35.0,150.87122290664254
40324,-39.0,-34.5,150.83202467427154
40325,-39.0,-34.0,151.72317471555093
40326,-39.0,-33.5,153.54770887304127
40327,-39.0,-33.0,153.84975612385392
40328,-39.0,-32.5,156.96275949494594
40329,-39.0,-32.0,150.1430055192708
40330,-39.0,-31.5,151.35204954386535
40331,-39.0,-31.0,150.65013869958705
40332,-39.0,-30.5,150.2547276650307
40333,-39.0,-30.0,149.74120465813846
40334,-39.0,-29.5,150.36539643447406
40335,-39.0,-29.0,150.58561296263835
40336,-39.0,-28.5,152.71040975968532
40337,-39.0,-28.0,149.10129177533412
40338,-39.0,-27.5,148.78409261647096
40339,-39.0,-27.0,150.60008677471538
40340,-39.0,-26.5,152.3406449026222
40341,-39.0,-26.0,150.6319858951759
40342,-39.0,-25.5,149.5710362332172
40343,-39.0,-25.0,149.16691629790765
40344,-39.0,-24.5,150.4072703439747
40345,-39.0,-24.0,149.890394878198
40346,-39.0,-23.5,150.55127898083475
40347,-39.0,-22.5,152.4851519992268
40348,-39.0,-22.0,148.8339721960513
40349,-39.0,-21.5,150.9077904617158
40350,-39.0,-21.0,149.60799365209522
40351,-39.0,-20.5,151.09555174594507
40352,-39.0,-20.0,150.44962918799104
40353,-39.0,-19.5,153.34082752163235
40354,-39.0,-19.0,147.93507956297012
40355,-39.0,-18.5,155.42607366937798
40356,-39.0,-18.0,153.65006861048957
40357,-39.0,-17.5,150.15422866499208
40358,-39.0,-17.0,146.5745754144819
40359,-39.0,-16.5,147.79529421048335
40360,-39.0,-16.0,150.21733681475988
40361,-39.0,-15.5,152.9501275282498
40362,-39.0,-15.0,157.867909910015
40363,-39.0,-14.5,147.4605217789251
40364,-39.0,-14.0,151.768395869579
40365,-39.0,-11.5,162.16541631310875
40366,-39.0,-11.0,152.8937179092729
40367,-39.0,-10.5,147.0330351995095
40368,-39.0,-10.0,150.1404261370237
40369,-39.0,-9.5,146.09043567648854
40370,-39.0,-9.0,148.1894802963155
40371,-39.0,-8.5,152.91530451471857
40372,-39.0,-8.0,150.6993671723961
40373,-39.0,-7.5,147.28672773841345
40374,-39.0,-7.0,149.44331468682884
40375,-39.0,-6.0,149.15746010043307
40376,-39.0,-5.5,150.7891118502078
40377,-39.0,-5.0,151.76554262492812
40378,-39.0,-4.5,147.95840174204153
40379,-39.0,-4.0,148.81639152586735
40380,-39.0,-3.5,152.2438954456121
40381,-39.0,-3.0,149.65260197742953
40382,-39.0,-2.5,150.51454362425
40383,-39.0,-2.0,148.08879666685698
40384,-39.0,-1.5,148.69989229851697
40385,-39.0,-0.5,147.86452964004133
40386,-39.0,0.0,147.64470416652395
40387,-39.0,0.5,146.90182666874128
40388,-39.0,1.0,148.74785138529808
40389,-39.0,1.5,152.7079234975979
40390,-39.0,2.0,148.37969355833852
40391,-39.0,2.5,149.76180728398268
40392,-39.0,3.0,152.39795531251508
40393,-39.0,4.0,148.9302003970909
40394,-39.0,4.5,149.09720910571977
40395,-39.0,5.0,151.32542532881172
40396,-39.0,5.5,153.77879029907936
40397,-39.0,6.0,158.3294258982928
40398,-39.0,6.5,152.82891407721996
40399,-39.0,7.0,151.55438593534143
40400,-39.0,7.5,152.65095602421502
40401,-39.0,8.5,154.0939396594235
40402,-39.0,9.0,153.81827759019635
40403,-39.0,9.5,157.11495953642677
40404,-39.0,10.0,153.570142726115
40405,-39.0,11.0,151.42490326091698
40406,-39.0,11.5,151.10515430603832
40407,-39.0,12.0,149.03093112679827
40408,-39.0,12.5,150.22871641856815
40409,-39.0,13.0,151.45052120964965
40410,-39.0,13.5,150.53272844907568
40411,-39.0,14.0,150.18764092787015
40412,-39.0,14.5,148.94024021295095
40413,-39.0,15.0,150.5446700586498
40414,-39.0,15.5,152.23554329980956
40415,-39.0,16.0,151.95765721854113
40416,-39.0,16.5,149.66172159385852
40417,-39.0,17.0,149.457897103606
40418,-39.0,17.5,149.10555613024124
40419,-39.0,18.0,151.34342378037488
40420,-39.0,18.5,149.54778440503372
40421,-39.0,19.0,148.48208164698363
40422,-39.0,19.5,148.9765996602979
40423,-39.0,20.0,151.59901590988673
40424,-39.0,20.5,155.32212288692267
40425,-39.0,21.0,149.41445806451802
40426,-39.0,21.5,148.9880637640024
40427,-39.0,22.0,147.20508876406234
40428,-39.0,22.5,147.30731285932657
40429,-39.0,23.0,148.75646201202574
40430,-39.0,23.5,151.32545980994584
40431,-39.0,24.0,148.67987124941018
40432,-39.0,24.5,149.2780220179719
40433,-39.0,25.0,148.99783876625196
40434,-39.0,25.5,147.56698307632524
40435,-39.0,26.0,151.48249693703983
40436,-39.0,26.5,151.95775466734722
40437,-39.0,27.0,151.9883235350268
40438,-39.0,27.5,156.3725272012579
40439,-39.0,28.0,155.37815931988652
40440,-39.0,28.5,158.0850686372201
40441,-39.0,29.0,157.37611805922327
40442,-39.0,29.5,158.34960629470527
40443,-39.0,30.0,155.5123370282263
40444,-39.0,30.5,151.912455906203
40445,-39.0,31.0,155.07255614058275
40446,-39.0,31.5,152.25600758357513
40447,-39.0,32.0,155.08936517944164
40448,-39.0,32.5,153.38647880655313
40449,-39.0,33.0,150.99752403490822
40450,-39.0,33.5,150.8594821172173
40451,-39.0,34.0,147.19098630818044
40452,-39.0,34.5,155.85526733268316
40453,-39.0,35.0,153.66678984743234
40454,-39.0,35.5,167.4532070005134
40455,-39.0,36.0,156.03528551680566
40456,-39.0,36.5,149.02104914919897
40457,-39.0,37.0,148.1671312552436
40458,-39.0,40.0,169.33850153472795
40459,-38.5,-37.5,153.93522091140534
40460,-38.5,-37.0,152.84967135514222
40461,-38.5,-36.5,150.98638930539954
40462,-38.5,-36.0,154.9432794193871
40463,-38.5,-35.5,152.23181938777773
40464,-38.5,-35.0,151.43806267741743
40465,-38.5,-34.5,149.2385281260444
40466,-38.5,-34.0,150.54137967285305
40467,-38.5,-33.5,154.79968996500637
40468,-38.5,-33.0,149.2203064223962
40469,-38.5,-32.5,153.74107048028927
40470,-38.5,-32.0,149.19288190655513
40471,-38.5,-31.5,151.57868520172056
40472,-38.5,-31.0,151.21670762010717
40473,-38.5,-30.5,156.83161475097245
40474,-38.5,-30.0,150.64490344225734
40475,-38.5,-29.5,149.9615052818799
40476,-38.5,-29.0,150.61614102286399
40477,-38.5,-28.5,152.7879411888295
40478,-38.5,-28.0,148.96439985354704
40479,-38.5,-27.5,155.44130060384788
40480,-38.5,-27.0,150.23277483117985
40481,-38.5,-26.5,152.31524806760095
40482,-38.5,-26.0,151.91898563661215
40483,-38.5,-25.5,149.41252737424924
40484,-38.5,-25.0,148.1968722137254
40485,-38.5,-24.5,150.6406193166654
40486,-38.5,-24.0,150.61819897717828
40487,-38.5,-23.5,151.09642809324234
40488,-38.5,-23.0,154.9656616608758
40489,-38.5,-22.5,152.79178307421327
40490,-38.5,-22.0,149.27417317805836
40491,-38.5,-21.5,147.15175043957444
40492,-38.5,-21.0,149.70817751425733
40493,-38.5,-20.5,151.55598461018397
40494,-38.5,-20.0,149.90678544789162
40495,-38.5,-19.5,150.99860270115457
40496,-38.5,-19.0,153.1034970973221
40497,-38.5,-18.5,154.26499046036741
40498,-38.5,-18.0,154.73046454963108
40499,-38.5,-17.5,152.49014663462245
40500,-38.5,-17.0,149.0740049488613
40501,-38.5,-16.5,147.39749340590595
40502,-38.5,-16.0,147.01116491794542
40503,-38.5,-15.5,149.72733137189408
40504,-38.5,-14.5,147.19992035592827
40505,-38.5,-14.0,147.26645055285977
40506,-38.5,-11.5,157.35332008182243
40507,-38.5,-11.0,157.91370894578935
40508,-38.5,-10.5,149.00466217521875
40509,-38.5,-10.0,145.0762839495791
40510,-38.5,-9.0,152.1818060672447
40511,-38.5,-8.5,151.47624565959003
40512,-38.5,-8.0,148.1851670162592
40513,-38.5,-7.5,147.26662700072308
40514,-38.5,-7.0,149.2686426608926
40515,-38.5,-6.5,150.56917530617028
40516,-38.5,-6.0,148.31596365851755
40517,-38.5,-5.5,155.53830555955764
40518,-38.5,-5.0,150.8166198510618
40519,-38.5,-4.5,153.41583734707345
40520,-38.5,-4.0,153.4300865803641
40521,-38.5,-3.5,150.94963102089412
40522,-38.5,-3.0,149.08651235345172
40523,-38.5,-2.5,150.33496677286195
40524,-38.5,-2.0,149.20638899062322
40525,-38.5,-1.0,148.2423999259059
40526,-38.5,-0.5,147.56845679725842
40527,-38.5,0.5,146.83230362812768
40528,-38.5,1.0,152.90537482493178
40529,-38.5,1.5,150.43653366927603
40530,-38.5,2.0,149.71032088068995
40531,-38.5,2.5,150.59950097978074
40532,-38.5,3.0,152.2552885970482
40533,-38.5,4.5,149.49461199946842
40534,-38.5,5.0,149.8435787268029
40535,-38.5,5.5,155.28063739811353
40536,-38.5,6.0,154.87191514347725
40537,-38.5,6.5,153.25045321397843
40538,-38.5,7.0,153.347246360616
40539,-38.5,7.5,153.20823441429636
40540,-38.5,8.0,154.97878251948114
40541,-38.5,9.0,156.0596979183709
40542,-38.5,9.5,163.78318161325745
40543,-38.5,10.0,152.50127213619768
40544,-38.5,11.0,153.81906489792576
40545,-38.5,11.5,148.81387692419707
40546,-38.5,12.0,149.87012021876424
40547,-38.5,12.5,152.2555946188895
40548,-38.5,13.0,150.11840324177172
40549,-38.5,13.5,152.4957339423773
40550,-38.5,14.0,148.34292856054182
40551,-38.5,14.5,149.21798824829287
40552,-38.5,15.0,152.09457916703698
40553,-38.5,15.5,150.25479472207417
40554,-38.5,16.0,149.4758124878677
40555,-38.5,16.5,152.46354991240526
40556,-38.5,17.0,149.28356247217164
40557,-38.5,17.5,150.06781542677322
40558,-38.5,18.0,148.9808681185196
40559,-38.5,18.5,149.63929452287903
40560,-38.5,19.0,148.91293445942773
40561,-38.5,19.5,149.81901651838407
40562,-38.5,20.0,155.21732765744255
40563,-38.5,20.5,152.8255839233744
40564,-38.5,21.0,149.8086619288555
40565,-38.5,21.5,147.8005764954428
40566,-38.5,22.0,148.5715996784449
40567,-38.5,22.5,146.77166776045266
40568,-38.5,23.0,149.44128679630384
40569,-38.5,23.5,150.355274917921
40570,-38.5,24.0,149.23018791402455
40571,-38.5,24.5,148.3360910809221
40572,-38.5,25.0,149.33079418973261
40573,-38.5,25.5,147.6823006044446
40574,-38.5,26.0,151.5189395858321
40575,-38.5,26.5,151.9886785175703
40576,-38.5,27.0,151.38286514444647
40577,-38.5,27.5,154.84797538615084
40578,-38.5,28.0,159.5927164256805
40579,-38.5,28.5,159.4608081750242
40580,-38.5,29.0,156.97191076914373
40581,-38.5,29.5,156.97305887325376
40582,-38.5,30.0,155.34867396648076
40583,-38.5,30.5,152.0621055290552
40584,-38.5,31.0,153.0563123306683
40585,-38.5,31.5,155.22149288653162
40586,-38.5,32.0,154.9068058673135
40587,-38.5,32.5,153.9404582782677
40588,-38.5,33.0,151.11490593208498
40589,-38.5,33.5,151.00131169465905
40590,-38.5,34.0,146.63487116920672
40591,-38.5,34.5,153.7587973622464
40592,-38.5,35.0,154.62429678271175
40593,-38.5,35.5,160.70191814759033
40594,-38.5,36.0,154.70096587303397
40595,-38.5,36.5,149.05167429103548
40596,-38.5,37.0,148.2495493904984
40597,-38.0,-37.5,153.52597174705505
40598,-38.0,-37.0,151.72060227398413
40599,-38.0,-36.5,152.04550992852433
40600,-38.0,-36.0,150.65998318370237
40601,-38.0,-35.5,148.6050112383701
40602,-38.0,-35.0,149.64362389537183
40603,-38.0,-34.5,150.27872781061137
40604,-38.0,-34.0,148.8206089843963
40605,-38.0,-33.5,152.47398655792642
40606,-38.0,-33.0,147.13013335171507
40607,-38.0,-32.5,148.57056718902487
40608,-38.0,-32.0,149.01615444299514
40609,-38.0,-31.5,151.0238042052545
40610,-38.0,-31.0,152.56873362552656
40611,-38.0,-30.5,156.74574028880747
40612,-38.0,-30.0,148.97930582031026
40613,-38.0,-29.5,149.06870168281034
40614,-38.0,-29.0,150.1529758680956
40615,-38.0,-28.5,149.74905594916967
40616,-38.0,-28.0,150.78196803652705
40617,-38.0,-27.5,156.394359581139
40618,-38.0,-27.0,150.19981114320964
40619,-38.0,-26.5,152.79313976853794
40620,-38.0,-26.0,151.61926898428231
40621,-38.0,-25.5,149.21493766854684
40622,-38.0,-25.0,150.46074334923418
40623,-38.0,-24.5,150.7553839831351
40624,-38.0,-24.0,150.7362306278049
40625,-38.0,-23.5,151.81827752886306
40626,-38.0,-23.0,152.91595441915095
40627,-38.0,-22.5,151.65850157289893
40628,-38.0,-22.0,150.5192405021985
40629,-38.0,-21.5,147.6036824815605
40630,-38.0,-21.0,152.68635493301795
40631,-38.0,-20.5,150.2160185128838
40632,-38.0,-20.0,151.36739825041096
40633,-38.0,-19.5,148.7371352122704
40634,-38.0,-19.0,154.93399184456072
40635,-38.0,-18.5,154.14172911873453
40636,-38.0,-18.0,154.93978077475924
40637,-38.0,-17.5,152.50041288617868
40638,-38.0,-17.0,149.90710710577122
40639,-38.0,-16.5,148.34732067961244
40640,-38.0,-16.0,146.90444519651507
40641,-38.0,-15.5,149.68770661442326
40642,-38.0,-15.0,159.88851769733446
40643,-38.0,-14.0,146.57845419757354
40644,-38.0,-13.5,147.605047114576
40645,-38.0,-12.0,151.6011471839129
40646,-38.0,-11.5,152.53686687117562
40647,-38.0,-11.0,153.16073878175817
40648,-38.0,-10.5,151.37415940216582
40649,-38.0,-10.0,144.939349686542
40650,-38.0,-9.5,148.22578179862708
40651,-38.0,-8.5,149.12817886053887
40652,-38.0,-8.0,148.10495574622897
40653,-38.0,-7.5,147.44626478023383
40654,-38.0,-7.0,150.0132160754144
40655,-38.0,-6.5,149.93252232823633
40656,-38.0,-6.0,149.33666673363368
40657,-38.0,-5.5,150.92878696294778
40658,-38.0,-4.5,154.6779994515052
40659,-38.0,-4.0,153.3895020645676
40660,-38.0,-3.5,149.5606528359522
40661,-38.0,-3.0,151.65075532203392
40662,-38.0,-2.5,148.66014981263478
40663,-38.0,-2.0,151.76597173758722
40664,-38.0,-1.5,148.09919203995884
40665,-38.0,-1.0,147.6482986468512
40666,-38.0,-0.5,148.35638138924398
40667,-38.0,0.0,147.05564795995306
40668,-38.0,0.5,146.8635247920498
40669,-38.0,1.0,150.57227344897484
40670,-38.0,1.5,148.53955635541553
40671,-38.0,2.0,150.82481497745056
40672,-38.0,2.5,151.11654920222378
40673,-38.0,3.0,150.07089702020866
40674,-38.0,4.5,149.70385798756473
40675,-38.0,5.0,149.9673089965763
40676,-38.0,5.5,154.89324389637292
40677,-38.0,6.0,154.23448159529892
40678,-38.0,6.5,156.0928786425045
40679,-38.0,7.0,154.3701671574222
40680,-38.0,7.5,154.75524014559886
40681,-38.0,8.0,157.98685714568234
40682,-38.0,8.5,154.8757217384945
40683,-38.0,9.0,159.60702082507981
40684,-38.0,9.5,152.9352166330451
40685,-38.0,10.0,153.025562416383
40686,-38.0,10.5,159.55396226318118
40687,-38.0,11.0,176.26026865112377
40688,-38.0,11.5,148.7006340055899
40689,-38.0,12.0,151.91063938749517
40690,-38.0,12.5,153.04863859150092
40691,-38.0,13.0,155.3188735481019
40692,-38.0,13.5,151.09945378860704
40693,-38.0,14.0,150.12531215602291
40694,-38.0,14.5,150.13754288711485
40695,-38.0,15.0,151.33161305003318
40696,-38.0,15.5,149.715815747758
40697,-38.0,16.0,149.9372454532264
40698,-38.0,16.5,151.71551231775658
40699,-38.0,17.0,152.0897950935706
40700,-38.0,17.5,149.1207724603639
40701,-38.0,18.0,148.73514891994907
40702,-38.0,18.5,148.52451003345388
40703,-38.0,19.0,150.06762406015577
40704,-38.0,19.5,150.16265467201993
40705,-38.0,20.0,149.05968278926838
40706,-38.0,20.5,148.96644044627567
40707,-38.0,21.0,149.23319764962514
40708,-38.0,21.5,147.9655137100044
40709,-38.0,22.0,148.57191664414333
40710,-38.0,22.5,147.6103092960068
40711,-38.0,23.0,152.57844977381455
40712,-38.0,23.5,149.00693077478897
40713,-38.0,24.0,149.36895619653862
40714,-38.0,24.5,148.8453697112155
40715,-38.0,25.0,147.85912989581323
40716,-38.0,25.5,148.68691692345385
40717,-38.0,26.0,151.72722004904642
40718,-38.0,26.5,150.0957080738675
40719,-38.0,27.0,151.7535504555857
40720,-38.0,27.5,155.96071545402012
40721,-38.0,28.0,159.29092464584312
40722,-38.0,28.5,155.9845616937124
40723,-38.0,29.0,159.92346675716448
40724,-38.0,29.5,155.43402677466753
40725,-38.0,30.0,155.05560632104812
40726,-38.0,30.5,151.51095567684638
40727,-38.0,31.0,153.05094047019148
40728,-38.0,31.5,155.95073412015697
40729,-38.0,32.0,155.5517465375451
40730,-38.0,32.5,153.49889344537183
40731,-38.0,33.0,151.28618480073825
40732,-38.0,33.5,151.35156398479285
40733,-38.0,34.0,153.52435761772972
40734,-38.0,34.5,153.0280544150678
40735,-38.0,35.0,151.4237102548779
40736,-38.0,35.5,161.3106591670979
40737,-38.0,36.0,155.5303959836051
40738,-38.0,36.5,149.77891876469064
40739,-38.0,37.0,148.26825113932077
40740,-38.0,38.0,161.6640325532758
40741,-37.5,-37.5,153.5710584261664
40742,-37.5,-37.0,150.94729202042654
40743,-37.5,-36.5,153.62271604104916
40744,-37.5,-36.0,149.01840862919295
40745,-37.5,-35.5,148.46710443297698
40746,-37.5,-35.0,148.0490361863519
40747,-37.5,-34.5,148.34855303677986
40748,-37.5,-34.0,147.91951020116147
40749,-37.5,-33.5,153.82941554622371
40750,-37.5,-33.0,147.0049614040733
40751,-37.5,-32.5,148.80556855859987
40752,-37.5,-32.0,149.20865715071105
40753,-37.5,-31.5,150.35631358973578
40754,-37.5,-31.0,152.99727222650046
40755,-37.5,-30.5,155.5130882230352
40756,-37.5,-30.0,148.7957612283459
40757,-37.5,-29.5,148.93340611255869
40758,-37.5,-29.0,149.35211746571477
40759,-37.5,-28.5,150.1859990712697
40760,-37.5,-28.0,151.7443374074826
40761,-37.5,-27.5,162.1738300766092
40762,-37.5,-27.0,150.51784763573104
40763,-37.5,-26.5,152.2412801755405
40764,-37.5,-26.0,151.2848606406545
40765,-37.5,-25.5,149.6698479826849
40766,-37.5,-25.0,150.3264359331339
40767,-37.5,-24.5,151.1929974960836
40768,-37.5,-24.0,150.8335269955036
40769,-37.5,-23.5,152.42186560105372
40770,-37.5,-23.0,150.3567809880853
40771,-37.5,-22.5,150.22937344550724
40772,-37.5,-22.0,150.2884036456866
40773,-37.5,-21.5,149.56891939535575
40774,-37.5,-21.0,148.86417843855588
40775,-37.5,-20.5,151.41198449344535
40776,-37.5,-20.0,150.08461825485242
40777,-37.5,-19.5,150.91964461238027
40778,-37.5,-19.0,151.88652927227028
40779,-37.5,-18.5,157.34774753142108
40780,-37.5,-18.0,153.46270131644945
40781,-37.5,-17.5,148.3612085453027
40782,-37.5,-17.0,153.20147095154962
40783,-37.5,-16.5,149.2886320947803
40784,-37.5,-16.0,146.6751266232844
40785,-37.5,-15.5,146.9928580120307
40786,-37.5,-15.0,149.13840196013248
40787,-37.5,-14.5,149.44681742132605
40788,-37.5,-14.0,147.95291399263212
40789,-37.5,-13.5,145.88348948434142
40790,-37.5,-12.0,153.71335532059686
40791,-37.5,-11.5,153.31599187309672
40792,-37.5,-11.0,150.68413205455582
40793,-37.5,-10.5,154.22278531363514
40794,-37.5,-9.5,145.45631068045816
40795,-37.5,-9.0,150.07945492583715
40796,-37.5,-8.5,148.69032545541756
40797,-37.5,-8.0,147.8507950171528
40798,-37.5,-7.0,153.61330286256168
40799,-37.5,-6.5,150.63598615810466
40800,-37.5,-6.0,152.229712347305
40801,-37.5,-5.5,153.60626466765706
40802,-37.5,-4.5,152.80795047060974
40803,-37.5,-4.0,151.67080397827178
40804,-37.5,-3.5,151.63656597505693
40805,-37.5,-3.0,150.0011905790544
40806,-37.5,-2.5,150.82315700698888
40807,-37.5,-2.0,150.36126750468452
40808,-37.5,-1.5,148.68682350962177
40809,-37.5,-1.0,147.7368282496145
40810,-37.5,-0.5,146.99162832748013
40811,-37.5,0.0,147.06481774307395
40812,-37.5,0.5,151.6521382182115
40813,-37.5,1.0,147.24277355928106
40814,-37.5,1.5,150.75935319178316
40815,-37.5,2.0,151.90817283071218
40816,-37.5,2.5,153.3457543952226
40817,-37.5,3.0,150.42769878247375
40818,-37.5,3.5,150.81506889256278
40819,-37.5,4.0,149.7683092217067
40820,-37.5,5.0,153.30327650729748
40821,-37.5,5.5,151.80291725739303
40822,-37.5,6.0,158.19377266477548
40823,-37.5,6.5,154.6034197960024
40824,-37.5,7.0,155.23491578931498
40825,-37.5,7.5,156.71501109766433
40826,-37.5,8.0,155.24073892955988
40827,-37.5,8.5,154.95652270354194
40828,-37.5,9.0,154.38504227568868
40829,-37.5,9.5,153.54938382469177
40830,-37.5,10.0,156.6024858830855
40831,-37.5,10.5,158.60416745035195
40832,-37.5,11.0,150.0885077312243
40833,-37.5,11.5,153.32860935449494
40834,-37.5,12.0,153.25893991258386
40835,-37.5,12.5,152.64695504200097
40836,-37.5,13.0,160.37452209730085
40837,-37.5,13.5,148.818800847917
40838,-37.5,14.0,151.29905512883886
40839,-37.5,14.5,151.9328362726739
40840,-37.5,15.0,148.13351092025198
40841,-37.5,15.5,149.6913650673017
40842,-37.5,16.0,150.24477849587572
40843,-37.5,16.5,149.68573450217954
40844,-37.5,17.0,153.40179242636395
40845,-37.5,17.5,148.93670683342353
40846,-37.5,18.0,148.57441378547642
40847,-37.5,18.5,149.03387307468694
40848,-37.5,19.0,149.7117100119236
40849,-37.5,19.5,151.24755681191687
40850,-37.5,20.0,149.15992545803184
40851,-37.5,20.5,149.50225680294972
40852,-37.5,21.0,151.87659747405186
40853,-37.5,21.5,149.08491000219462
40854,-37.5,22.0,148.06984405564367
40855,-37.5,22.5,151.1059704424898
40856,-37.5,23.0,148.99031980095566
40857,-37.5,23.5,147.64992472587414
40858,-37.5,24.0,149.21715881186248
40859,-37.5,24.5,148.65310711533874
40860,-37.5,25.0,148.37983775460003
40861,-37.5,25.5,150.61810056929502
40862,-37.5,26.0,151.46121523760777
40863,-37.5,26.5,149.16075209445347
40864,-37.5,27.0,152.0798492831624
40865,-37.5,27.5,155.656218932317
40866,-37.5,28.0,157.1884913672717
40867,-37.5,28.5,156.614412848143
40868,-37.5,29.0,159.99150136207805
40869,-37.5,29.5,156.35775803281206
40870,-37.5,30.0,156.16015604065913
40871,-37.5,30.5,151.7991572101332
40872,-37.5,31.0,153.74376898956763
40873,-37.5,31.5,156.19372108452495
40874,-37.5,32.0,154.81517841436644
40875,-37.5,32.5,154.31708590454681
40876,-37.5,33.0,151.73069711847504
40877,-37.5,33.5,150.23037885206264
40878,-37.5,34.0,160.9793116150241
40879,-37.5,34.5,153.66312596097012
40880,-37.5,35.0,149.8608797414782
40881,-37.5,35.5,158.6578043615572
40882,-37.5,36.0,155.9964504995957
40883,-37.5,36.5,149.10106287310862
40884,-37.5,37.0,148.11822421593976
40885,-37.5,37.5,161.43604314701454
40886,-37.0,-37.5,152.96068208703724
40887,-37.0,-37.0,151.09101408078533
40888,-37.0,-36.5,154.39570549980493
40889,-37.0,-36.0,148.63157763370106
40890,-37.0,-35.5,148.23307747609218
40891,-37.0,-35.0,147.9431689994165
40892,-37.0,-34.5,148.51014295154675
40893,-37.0,-34.0,148.08594577882477
40894,-37.0,-33.5,155.4551827993732
40895,-37.0,-33.0,146.93337888978536
40896,-37.0,-32.5,149.06015699395698
40897,-37.0,-32.0,149.46540655432378
40898,-37.0,-31.5,150.47038298013564
40899,-37.0,-31.0,151.76859776676716
40900,-37.0,-30.5,161.4116270144628
40901,-37.0,-30.0,149.61485220766397
40902,-37.0,-29.5,148.9717357410169
40903,-37.0,-29.0,147.88022624698053
40904,-37.0,-28.5,149.43713993088238
40905,-37.0,-28.0,153.6706193325436
40906,-37.0,-27.5,149.83893808274846
40907,-37.0,-27.0,155.7118817887306
40908,-37.0,-26.5,151.07223483048116
40909,-37.0,-26.0,150.63077475020944
40910,-37.0,-25.5,152.3824788656496
40911,-37.0,-25.0,150.28875158860657
40912,-37.0,-24.5,150.8704193057063
40913,-37.0,-24.0,152.48415394839412
40914,-37.0,-23.5,151.9402509124645
40915,-37.0,-23.0,150.58698312499135
40916,-37.0,-22.5,150.0411930790014
40917,-37.0,-21.5,151.62433435771274
40918,-37.0,-21.0,148.95356064011847
40919,-37.0,-20.5,150.30921462515957
40920,-37.0,-20.0,149.37843105760015
40921,-37.0,-19.5,153.2417638688697
40922,-37.0,-19.0,149.81261905015492
40923,-37.0,-18.5,153.52450212235163
40924,-37.0,-17.5,150.6829527592444
40925,-37.0,-17.0,156.9876104139763
40926,-37.0,-16.5,150.89052071931397
40927,-37.0,-16.0,150.4227068279039
40928,-37.0,-15.5,146.80552314755275
40929,-37.0,-15.0,146.80203037044953
40930,-37.0,-14.5,149.25225833311305
40931,-37.0,-14.0,153.52576378149485
40932,-37.0,-13.5,149.0460411871726
40933,-37.0,-13.0,145.89557062184224
40934,-37.0,-12.5,153.1130964460859
40935,-37.0,-12.0,153.45349121919963
40936,-37.0,-11.5,150.70762454062574
40937,-37.0,-11.0,152.8524095830851
40938,-37.0,-10.5,157.24002073615952
40939,-37.0,-10.0,156.37615182038743
40940,-37.0,-9.5,154.2710459869644
40941,-37.0,-9.0,148.14510404410285
40942,-37.0,-8.5,148.39647125251622
40943,-37.0,-8.0,148.01654360488482
40944,-37.0,-7.5,147.2214896697411
40945,-37.0,-7.0,149.30316486833615
40946,-37.0,-6.5,153.10338229011722
40947,-37.0,-6.0,150.46512392226742
40948,-37.0,-5.5,151.46656439830113
40949,-37.0,-4.5,151.237252828169
40950,-37.0,-4.0,149.0216294674626
40951,-37.0,-3.5,153.32832501211846
40952,-37.0,-3.0,149.7288781574042
40953,-37.0,-2.5,151.31094083020386
40954,-37.0,-2.0,147.97755790244508
40955,-37.0,-1.5,148.48819075684048
40956,-37.0,-1.0,151.35434025020862
40957,-37.0,-0.5,146.91854060177798
40958,-37.0,0.0,153.1541561377496
40959,-37.0,0.5,148.85149183204345
40960,-37.0,1.0,149.7364013966234
40961,-37.0,1.5,151.17672898581816
40962,-37.0,2.5,153.79248320716076
40963,-37.0,3.0,154.28334354657508
40964,-37.0,3.5,150.43604360181993
40965,-37.0,4.0,150.28581953555582
40966,-37.0,4.5,154.2614961231338
40967,-37.0,5.0,154.046943239336
40968,-37.0,5.5,153.72256082860812
40969,-37.0,6.0,152.92036528275952
40970,-37.0,6.5,156.04578101871334
40971,-37.0,7.0,155.7616221311968
40972,-37.0,7.5,156.13245091592142
40973,-37.0,8.0,155.40067724288443
40974,-37.0,8.5,154.95373967739738
40975,-37.0,9.0,154.69828882838974
40976,-37.0,9.5,154.81512785797386
40977,-37.0,10.0,157.24448843258617
40978,-37.0,10.5,148.71864374618582
40979,-37.0,11.0,155.68645926121724
40980,-37.0,11.5,156.20436692611975
40981,-37.0,12.0,152.45768824360607
40982,-37.0,12.5,158.87709798346089
40983,-37.0,13.0,149.89486016592633
40984,-37.0,13.5,149.33531553687547
40985,-37.0,14.0,151.3918359953107
40986,-37.0,14.5,149.57772345121774
40987,-37.0,15.0,149.0909639024321
40988,-37.0,15.5,149.12997979815282
40989,-37.0,16.0,149.87669754786617
40990,-37.0,16.5,150.8188252614891
40991,-37.0,17.5,149.01494286661344
40992,-37.0,18.0,148.68560878874467
40993,-37.0,18.5,149.67545614870005
40994,-37.0,19.0,151.19970998889968
40995,-37.0,19.5,150.48470820549514
40996,-37.0,20.0,148.74128865736708
40997,-37.0,20.5,148.92374015847895
40998,-37.0,21.0,152.10362646737957
40999,-37.0,21.5,147.76590322032746
41000,-37.0,22.0,148.32311643167523
41001,-37.0,22.5,153.20798984155505
41002,-37.0,23.0,149.29004704376223
41003,-37.0,23.5,146.618173775757
41004,-37.0,24.0,149.0788283462956
41005,-37.0,24.5,148.81304598938678
41006,-37.0,25.0,148.8402196167392
41007,-37.0,25.5,149.65259908273964
41008,-37.0,26.0,151.7422271294624
41009,-37.0,26.5,148.71468209479158
41010,-37.0,27.0,151.26442141750135
41011,-37.0,27.5,154.4500436891864
41012,-37.0,28.0,155.73762946413805
41013,-37.0,28.5,164.0545140200904
41014,-37.0,29.0,157.48707867193076
41015,-37.0,29.5,157.81474096949904
41016,-37.0,30.0,158.28893675326765
41017,-37.0,30.5,151.88099889004826
41018,-37.0,31.0,155.25816430356633
41019,-37.0,31.5,153.68804492213198
41020,-37.0,32.0,155.55474786429207
41021,-37.0,32.5,154.349850334834
41022,-37.0,33.0,153.1783884144245
41023,-37.0,33.5,151.29726781059057
41024,-37.0,34.0,154.74656478678918
41025,-37.0,34.5,153.84055157887786
41026,-37.0,35.0,151.26043840540672
41027,-37.0,35.5,158.40755436761376
41028,-37.0,36.0,153.04519234634537
41029,-37.0,36.5,148.8792527819476
41030,-37.0,37.0,148.11218280621506
41031,-37.0,37.5,160.8834007559604
41032,-37.0,40.5,169.04570633592658
41033,-36.5,-37.5,154.1012635689421
41034,-36.5,-37.0,152.5462842275833
41035,-36.5,-36.5,152.68313179839316
41036,-36.5,-36.0,149.11399707094594
41037,-36.5,-35.5,148.02922360867217
41038,-36.5,-35.0,147.535152267937
41039,-36.5,-34.5,148.15751662692455
41040,-36.5,-34.0,148.46832478913754
41041,-36.5,-33.5,151.65465881688212
41042,-36.5,-33.0,153.84522813473149
41043,-36.5,-32.5,148.95014141336773
41044,-36.5,-32.0,149.46344867931148
41045,-36.5,-31.5,153.68237920023756
41046,-36.5,-31.0,151.95989950566562
41047,-36.5,-30.5,149.72533347923067
41048,-36.5,-30.0,149.5524301323892
41049,-36.5,-29.5,149.4510902232108
41050,-36.5,-29.0,147.73139608669896
41051,-36.5,-28.5,148.4545568656435
41052,-36.5,-28.0,153.39819404110276
41053,-36.5,-27.5,151.67000839677564
41054,-36.5,-27.0,152.32202557258464
41055,-36.5,-26.5,150.08918226372563
41056,-36.5,-26.0,150.94916278069863
41057,-36.5,-25.5,152.36219908068404
41058,-36.5,-25.0,150.65610800192883
41059,-36.5,-24.5,151.15188318020935
41060,-36.5,-24.0,153.0465794505292
41061,-36.5,-23.5,151.75156258972876
41062,-36.5,-23.0,151.706041794305
41063,-36.5,-22.5,148.8621485034295
41064,-36.5,-21.5,151.27555057078845
41065,-36.5,-21.0,150.90103614949163
41066,-36.5,-20.5,147.46824562935942
41067,-36.5,-20.0,152.55299548563414
41068,-36.5,-19.5,150.80086340570583
41069,-36.5,-19.0,148.38662422684948
41070,-36.5,-18.5,152.23981393997497
41071,-36.5,-18.0,150.26742004942986
41072,-36.5,-17.5,152.15748929617973
41073,-36.5,-17.0,148.40042515842052
41074,-36.5,-16.5,150.71389727657802
41075,-36.5,-16.0,151.03466821134117
41076,-36.5,-15.5,149.39888479330787
41077,-36.5,-15.0,146.88985842403187
41078,-36.5,-14.5,148.75397581178024
41079,-36.5,-14.0,151.2634470631122
41080,-36.5,-13.5,176.85691871572143
41081,-36.5,-13.0,146.63029168170144
41082,-36.5,-12.5,152.08867881570183
41083,-36.5,-12.0,148.70697952647734
41084,-36.5,-11.5,151.0992189686958
41085,-36.5,-10.0,155.3981869845093
41086,-36.5,-9.5,151.1484884434427
41087,-36.5,-9.0,149.64631148221602
41088,-36.5,-8.5,147.11335006784768
41089,-36.5,-7.5,147.55238639205123
41090,-36.5,-6.5,147.98765820442625
41091,-36.5,-6.0,149.6094996073126
41092,-36.5,-5.5,149.1062663376656
41093,-36.5,-5.0,152.21061253523905
41094,-36.5,-4.5,148.73141462589373
41095,-36.5,-4.0,149.5075059856156
41096,-36.5,-3.5,148.9622918493381
41097,-36.5,-3.0,162.06730920647811
41098,-36.5,-2.5,149.06388726777288
41099,-36.5,-2.0,148.65400306974465
41100,-36.5,-1.5,148.38565653037574
41101,-36.5,-1.0,149.2382819428411
41102,-36.5,-0.5,151.90811403611508
41103,-36.5,0.0,150.02235028501758
41104,-36.5,0.5,148.624393333909
41105,-36.5,1.0,153.44636529044692
41106,-36.5,1.5,150.8110916497907
41107,-36.5,3.0,153.26997251053936
41108,-36.5,3.5,149.51075995086032
41109,-36.5,4.0,151.68335657261576
41110,-36.5,4.5,153.669962436058
41111,-36.5,5.0,153.8774366417137
41112,-36.5,5.5,156.12946739317502
41113,-36.5,6.0,152.48451447470794
41114,-36.5,6.5,154.8465292958544
41115,-36.5,7.0,155.8553599262009
41116,-36.5,7.5,156.59198806018688
41117,-36.5,8.0,156.32318740702485
41118,-36.5,8.5,154.6371520256057
41119,-36.5,9.0,154.89257743998536
41120,-36.5,9.5,156.89688457304675
41121,-36.5,10.0,163.4114503292908
41122,-36.5,10.5,154.92670143894415
41123,-36.5,11.0,155.892538793742
41124,-36.5,11.5,149.20585384764212
41125,-36.5,12.0,158.87784230275315
41126,-36.5,12.5,156.47482557736492
41127,-36.5,13.0,149.17238923867683
41128,-36.5,13.5,152.19563723424352
41129,-36.5,14.0,149.95552037294354
41130,-36.5,14.5,150.20217037483337
41131,-36.5,15.0,149.71133090070052
41132,-36.5,15.5,149.31134324924065
41133,-36.5,16.0,149.75291315305205
41134,-36.5,16.5,150.1618701137095
41135,-36.5,17.0,149.34364426207478
41136,-36.5,17.5,148.61481740738228
41137,-36.5,18.0,149.42871216596635
41138,-36.5,18.5,149.08313243676548
41139,-36.5,19.0,150.56152079290302
41140,-36.5,19.5,149.23586520586815
41141,-36.5,20.0,152.25904261541996
41142,-36.5,20.5,148.61433340814472
41143,-36.5,21.0,148.06312929207468
41144,-36.5,22.0,151.7501707409685
41145,-36.5,22.5,149.9444120345365
41146,-36.5,23.0,149.53087893982448
41147,-36.5,23.5,147.82079968158433
41148,-36.5,24.0,147.31739198213745
41149,-36.5,24.5,150.28512565420775
41150,-36.5,25.0,149.805853596579
41151,-36.5,25.5,148.5405448755388
41152,-36.5,26.0,151.90087883733358
41153,-36.5,26.5,148.9458506490783
41154,-36.5,27.0,150.67763917275994
41155,-36.5,27.5,153.26679707794426
41156,-36.5,28.0,155.05164271633103
41157,-36.5,28.5,160.81253590683903
41158,-36.5,29.0,156.15100616328164
41159,-36.5,29.5,158.6823780061001
41160,-36.5,30.0,157.4834864429126
41161,-36.5,30.5,159.6712890221891
41162,-36.5,31.0,154.69189936632935
41163,-36.5,31.5,152.15200778176268
41164,-36.5,32.0,156.15653433794645
41165,-36.5,32.5,155.76612998125907
41166,-36.5,33.0,155.4993380392767
41167,-36.5,33.5,151.1806273680282
41168,-36.5,34.0,155.0847529017801
41169,-36.5,34.5,153.96234887603973
41170,-36.5,35.0,156.46683060537467
41171,-36.5,35.5,152.47806150080106
41172,-36.5,36.0,155.8787418339948
41173,-36.5,36.5,149.0263430527854
41174,-36.5,37.0,148.61873595171122
41175,-36.5,37.5,160.48031844238633
41176,-36.5,40.5,168.96082876064017
41177,-36.0,-37.5,153.215700426706
41178,-36.0,-37.0,153.51203291996623
41179,-36.0,-36.5,149.05772674243246
41180,-36.0,-36.0,149.41337378706194
41181,-36.0,-35.5,147.85721285050008
41182,-36.0,-35.0,147.31593401529318
41183,-36.0,-34.5,148.64017794090324
41184,-36.0,-34.0,148.73448089827934
41185,-36.0,-33.5,147.89490040261236
41186,-36.0,-33.0,155.20157241115214
41187,-36.0,-32.5,149.39639581693456
41188,-36.0,-32.0,149.12526622299674
41189,-36.0,-31.5,153.53697675680584
41190,-36.0,-31.0,150.5346590281083
41191,-36.0,-30.5,149.51202140405638
41192,-36.0,-30.0,150.337484655644
41193,-36.0,-29.5,148.81437767797584
41194,-36.0,-29.0,147.80027369345083
41195,-36.0,-28.5,153.38796539681982
41196,-36.0,-28.0,152.43444041048258
41197,-36.0,-27.5,151.71423505220125
41198,-36.0,-27.0,150.15380224517946
41199,-36.0,-26.5,150.0886822382121
41200,-36.0,-26.0,150.67448776849002
41201,-36.0,-25.5,151.5421117433496
41202,-36.0,-25.0,152.59346327742594
41203,-36.0,-24.5,151.7949767994352
41204,-36.0,-24.0,150.86747506950033
41205,-36.0,-23.5,150.42459029775367
41206,-36.0,-23.0,151.612200906457
41207,-36.0,-22.5,150.46526450777372
41208,-36.0,-22.0,150.96502307202863
41209,-36.0,-21.5,150.947256610874
41210,-36.0,-21.0,150.26041382001515
41211,-36.0,-20.5,149.6738280771507
41212,-36.0,-20.0,149.57542887795853
41213,-36.0,-19.5,150.38402719139575
41214,-36.0,-19.0,153.86847955565167
41215,-36.0,-18.0,150.5743544697532
41216,-36.0,-17.0,148.54190107106274
41217,-36.0,-16.5,148.54626840099232
41218,-36.0,-16.0,150.6453644594347
41219,-36.0,-15.5,149.9277068010996
41220,-36.0,-15.0,146.9155124620408
41221,-36.0,-14.5,149.79069700084256
41222,-36.0,-14.0,149.82693144599415
41223,-36.0,-13.5,161.80918777516428
41224,-36.0,-13.0,159.27254509274593
41225,-36.0,-12.5,146.6719509743123
41226,-36.0,-12.0,150.06998346948757
41227,-36.0,-11.5,147.93759591946605
41228,-36.0,-10.5,155.35498617602929
41229,-36.0,-10.0,154.78848204964996
41230,-36.0,-9.5,150.6989118792304
41231,-36.0,-9.0,149.13933609600483
41232,-36.0,-8.5,146.94697560612394
41233,-36.0,-8.0,145.60634087074965
41234,-36.0,-7.5,144.97857754774296
41235,-36.0,-7.0,147.05446772351422
41236,-36.0,-6.5,147.4939419728642
41237,-36.0,-5.5,147.7521740569227
41238,-36.0,-5.0,150.65794476242021
41239,-36.0,-4.5,150.33244917676623
41240,-36.0,-4.0,148.96317000053483
41241,-36.0,-3.0,148.16683405630252
41242,-36.0,-2.5,147.7471805709067
41243,-36.0,-2.0,149.26484619903118
41244,-36.0,-1.5,148.558316941092
41245,-36.0,-0.5,151.63076418826554
41246,-36.0,0.0,147.39040295230015
41247,-36.0,0.5,152.0166786034976
41248,-36.0,1.0,152.27669895669771
41249,-36.0,2.5,149.22843437454063
41250,-36.0,3.0,149.2322808965262
41251,-36.0,3.5,155.70464388182523
41252,-36.0,4.0,153.22885648384784
41253,-36.0,4.5,152.82019322432092
41254,-36.0,5.0,155.24108210529178
41255,-36.0,5.5,159.92148803423535
41256,-36.0,6.0,152.55207039612046
41257,-36.0,6.5,154.12520878226826
41258,-36.0,7.0,153.95648941336975
41259,-36.0,7.5,156.12007352223515
41260,-36.0,8.0,156.9708070237472
41261,-36.0,8.5,156.077503298535
41262,-36.0,9.0,155.66114457931815
41263,-36.0,9.5,156.00724391512446
41264,-36.0,10.0,151.99225859322613
41265,-36.0,10.5,156.87594121027493
41266,-36.0,11.0,151.1637484360578
41267,-36.0,11.5,153.535889386244
41268,-36.0,12.0,156.26067670374812
41269,-36.0,13.0,149.8124171751644
41270,-36.0,13.5,151.00103043530066
41271,-36.0,14.0,150.0101292994624
41272,-36.0,14.5,150.21178402759017
41273,-36.0,15.0,150.36766053158615
41274,-36.0,15.5,149.9607195048463
41275,-36.0,16.0,148.73633749786288
41276,-36.0,16.5,149.23879911267647
41277,-36.0,17.0,149.54559332011618
41278,-36.0,17.5,148.92313242676454
41279,-36.0,18.0,150.08920326894005
41280,-36.0,18.5,149.25620796489355
41281,-36.0,19.0,149.84892369248303
41282,-36.0,19.5,149.66420101649877
41283,-36.0,20.0,150.19449729913381
41284,-36.0,20.5,150.3772199691359
41285,-36.0,21.0,148.0552274345773
41286,-36.0,21.5,150.67648820099805
41287,-36.0,22.0,154.73302660029813
41288,-36.0,22.5,149.2273876238823
41289,-36.0,23.0,148.22914600319987
41290,-36.0,23.5,148.81947039636535
41291,-36.0,24.0,146.86644141890218
41292,-36.0,24.5,149.8486795656664
41293,-36.0,25.0,149.1878578563547
41294,-36.0,25.5,148.02623011627836
41295,-36.0,26.0,151.34349475848362
41296,-36.0,26.5,148.8659800814805
41297,-36.0,27.0,151.4584807216008
41298,-36.0,27.5,152.02016882393795
41299,-36.0,28.0,155.92890062864058
41300,-36.0,28.5,157.89256374946936
41301,-36.0,29.0,157.38495452185873
41302,-36.0,29.5,158.6854033439299
41303,-36.0,30.0,155.73189102608822
41304,-36.0,30.5,160.7514005175349
41305,-36.0,31.0,152.1883211416018
41306,-36.0,31.5,152.4296687343281
41307,-36.0,32.0,155.51184341201753
41308,-36.0,32.5,156.02879342339438
41309,-36.0,33.0,156.47393099774052
41310,-36.0,33.5,154.8013033783934
41311,-36.0,34.0,152.6969986378408
41312,-36.0,34.5,152.14998769630526
41313,-36.0,35.0,155.04809998534145
41314,-36.0,35.5,154.67061590106786
41315,-36.0,36.0,149.52131246242212
41316,-36.0,36.5,150.54624007482477
41317,-36.0,37.0,152.56264754870034
41318,-36.0,40.5,168.890786255375
41319,-35.5,-37.5,152.42932413581394
41320,-35.5,-37.0,153.93493679893194
41321,-35.5,-36.5,148.62703083804624
41322,-35.5,-36.0,149.40738704607932
41323,-35.5,-35.5,148.33690789829285
41324,-35.5,-35.0,147.51132595594325
41325,-35.5,-34.5,148.35904064564426
41326,-35.5,-34.0,148.49045088497047
41327,-35.5,-33.5,147.58989792326284
41328,-35.5,-33.0,149.72131173315333
41329,-35.5,-32.5,149.48019840197767
41330,-35.5,-32.0,149.1882711091376
41331,-35.5,-31.5,150.57748690848436
41332,-35.5,-31.0,158.76632133698962
41333,-35.5,-30.5,153.17312064295058
41334,-35.5,-30.0,149.2785096282059
41335,-35.5,-29.5,148.89231513787684
41336,-35.5,-29.0,147.46469066513353
41337,-35.5,-28.5,153.76526012568928
41338,-35.5,-28.0,152.56660344327398
41339,-35.5,-27.5,151.051357209903
41340,-35.5,-27.0,148.28954439215963
41341,-35.5,-26.5,150.9036967841402
41342,-35.5,-26.0,150.31813141792222
41343,-35.5,-25.5,151.4878178602977
41344,-35.5,-25.0,151.9026989971731
41345,-35.5,-24.5,150.7422399053053
41346,-35.5,-24.0,151.01980771565138
41347,-35.5,-23.5,151.77443125690223
41348,-35.5,-23.0,151.83169945768967
41349,-35.5,-22.5,152.4756716594641
41350,-35.5,-22.0,149.46742153530022
41351,-35.5,-21.5,150.29622894463336
41352,-35.5,-21.0,147.31236989725375
41353,-35.5,-20.5,153.73003824427752
41354,-35.5,-20.0,149.58314613682836
41355,-35.5,-19.5,155.74808430209785
41356,-35.5,-19.0,153.08937057195715
41357,-35.5,-18.5,151.93919874161824
41358,-35.5,-18.0,150.42568799184446
41359,-35.5,-17.5,149.46326888668605
41360,-35.5,-17.0,159.43995104482386
41361,-35.5,-16.5,153.8886434421503
41362,-35.5,-16.0,151.29964416047605
41363,-35.5,-15.5,150.13755459963775
41364,-35.5,-15.0,149.5599191039295
41365,-35.5,-14.5,148.64562393929887
41366,-35.5,-14.0,147.18863598183327
41367,-35.5,-13.5,150.48977877260532
41368,-35.5,-13.0,158.692761995408
41369,-35.5,-12.5,150.98194712685088
41370,-35.5,-12.0,148.149523157633
41371,-35.5,-11.0,154.46997214310397
41372,-35.5,-10.5,154.84863146762513
41373,-35.5,-10.0,152.7002663667787
41374,-35.5,-9.5,151.5514464526377
41375,-35.5,-9.0,147.87162355284212
41376,-35.5,-8.5,146.90986034351027
41377,-35.5,-8.0,148.16926527330153
41378,-35.5,-7.5,149.76744085433327
41379,-35.5,-7.0,148.00085344159834
41380,-35.5,-6.5,151.2748680819606
41381,-35.5,-6.0,151.6317971648987
41382,-35.5,-5.5,149.8521810342475
41383,-35.5,-5.0,149.40123510404783
41384,-35.5,-4.5,149.76509752324185
41385,-35.5,-4.0,149.92420471070162
41386,-35.5,-3.5,148.08803447774417
41387,-35.5,-3.0,147.81464851678834
41388,-35.5,-2.5,147.89447152819304
41389,-35.5,-2.0,148.89192463722986
41390,-35.5,-1.5,148.6287599861155
41391,-35.5,-1.0,150.44557867201294
41392,-35.5,-0.5,148.9378131766247
41393,-35.5,0.0,151.9674719772008
41394,-35.5,0.5,153.04457639317334
41395,-35.5,2.5,149.06906310703422
41396,-35.5,3.5,153.86878279444036
41397,-35.5,4.0,155.41982190095376
41398,-35.5,4.5,153.5062700266324
41399,-35.5,5.0,152.8332212841234
41400,-35.5,5.5,159.66606044334986
41401,-35.5,6.0,157.2871844437696
41402,-35.5,6.5,152.84383694806846
41403,-35.5,7.0,154.5072881992204
41404,-35.5,7.5,155.2939427464478
41405,-35.5,8.0,155.94589818321563
41406,-35.5,8.5,156.61060944712543
41407,-35.5,9.0,158.91685267620932
41408,-35.5,9.5,151.14850110711626
41409,-35.5,10.0,155.0912262927383
41410,-35.5,10.5,155.47256323942838
41411,-35.5,11.0,151.1909093691345
41412,-35.5,11.5,156.36751205943
41413,-35.5,12.0,148.38665986827155
41414,-35.5,12.5,148.4779521831283
41415,-35.5,13.0,152.05345653429984
41416,-35.5,13.5,148.60642658686447
41417,-35.5,14.0,150.93341099143615
41418,-35.5,14.5,149.56269828487893
41419,-35.5,15.0,151.4871282715342
41420,-35.5,15.5,150.29401693509357
41421,-35.5,16.0,147.97247087779394
41422,-35.5,16.5,149.0775297741463
41423,-35.5,17.0,149.3243560735702
41424,-35.5,17.5,150.1692509690976
41425,-35.5,18.0,149.50772892954893
41426,-35.5,18.5,150.37600771938804
41427,-35.5,19.0,149.05129811501092
41428,-35.5,19.5,150.9527589260364
41429,-35.5,20.0,148.97316275665273
41430,-35.5,20.5,152.05127603464075
41431,-35.5,21.0,147.89947347457687
41432,-35.5,21.5,152.52387291977948
41433,-35.5,22.0,152.47627126009706
41434,-35.5,22.5,149.62933212034844
41435,-35.5,23.0,148.07240336317392
41436,-35.5,23.5,149.36503693010934
41437,-35.5,24.0,148.02477909215435
41438,-35.5,24.5,150.02608135276495
41439,-35.5,25.0,149.95227142936335
41440,-35.5,25.5,148.69961253977797
41441,-35.5,26.0,151.3948492228233
41442,-35.5,26.5,149.28306668504084
41443,-35.5,27.0,151.91814413381374
41444,-35.5,27.5,150.3205278384678
41445,-35.5,28.0,155.15205790818356
41446,-35.5,28.5,150.9497837391371
41447,-35.5,29.0,156.88052385882847
41448,-35.5,29.5,158.71104712995052
41449,-35.5,30.0,155.2213200016614
41450,-35.5,30.5,162.31980460530505
41451,-35.5,31.0,151.6800501836912
41452,-35.5,31.5,152.78929271077558
41453,-35.5,32.0,156.54114715054985
41454,-35.5,32.5,156.16856595338945
41455,-35.5,33.0,157.31644831803953
41456,-35.5,33.5,157.48609392696093
41457,-35.5,34.0,152.83565777904994
41458,-35.5,34.5,150.77058815960407
41459,-35.5,35.0,154.20058651828694
41460,-35.5,35.5,156.6592810578258
41461,-35.5,36.0,147.357644201315
41462,-35.5,36.5,151.03288067509493
41463,-35.5,37.0,152.08997543106085
41464,-35.5,40.5,168.82919916368618
41465,-35.0,-39.0,158.71307331404657
41466,-35.0,-37.5,153.051205913937
41467,-35.0,-37.0,153.81858343241345
41468,-35.0,-36.5,148.8838500083153
41469,-35.0,-36.0,148.23129334224413
41470,-35.0,-35.5,148.72931667076102
41471,-35.0,-35.0,147.64873188813647
41472,-35.0,-34.5,147.9041330066478
41473,-35.0,-34.0,148.78794004557648
41474,-35.0,-33.5,153.59563333515678
41475,-35.0,-33.0,149.1620587272845
41476,-35.0,-32.5,149.89424504517365
41477,-35.0,-32.0,148.8028697287048
41478,-35.0,-31.5,149.71995115024967
41479,-35.0,-30.5,165.14291333547934
41480,-35.0,-30.0,148.82375502070633
41481,-35.0,-29.5,149.08908042293777
41482,-35.0,-29.0,148.3532113561103
41483,-35.0,-28.5,153.37432405422686
41484,-35.0,-28.0,151.60094065723624
41485,-35.0,-27.5,149.99932656945197
41486,-35.0,-27.0,150.27971736845555
41487,-35.0,-26.5,150.29858932669057
41488,-35.0,-26.0,150.22562401769673
41489,-35.0,-25.5,150.96822763073334
41490,-35.0,-25.0,151.07803937552424
41491,-35.0,-24.5,151.89127572446512
41492,-35.0,-24.0,151.85292170819736
41493,-35.0,-23.5,150.58286301450144
41494,-35.0,-22.5,152.39440435545492
41495,-35.0,-22.0,148.7880228359703
41496,-35.0,-21.5,148.91045087420667
41497,-35.0,-21.0,150.92539278022485
41498,-35.0,-20.5,152.0154559589881
41499,-35.0,-20.0,151.0060394291446
41500,-35.0,-19.5,150.76136312145078
41501,-35.0,-19.0,153.6542785314324
41502,-35.0,-18.5,151.37466689526053
41503,-35.0,-18.0,149.3343010114205
41504,-35.0,-17.5,149.42189736781765
41505,-35.0,-17.0,154.0921845614995
41506,-35.0,-16.5,148.8498610074783
41507,-35.0,-16.0,149.61407128930657
41508,-35.0,-15.5,149.72941516406604
41509,-35.0,-15.0,150.54821875161048
41510,-35.0,-14.5,148.37832064372176
41511,-35.0,-14.0,147.4342443099274
41512,-35.0,-13.5,150.03442395334582
41513,-35.0,-13.0,149.04934021122983
41514,-35.0,-12.5,152.9167570054349
41515,-35.0,-12.0,146.1719721576136
41516,-35.0,-11.5,145.7344838721756
41517,-35.0,-11.0,154.14949359322998
41518,-35.0,-10.5,153.12715432795116
41519,-35.0,-10.0,152.05602057003108
41520,-35.0,-9.5,155.68464433534498
41521,-35.0,-9.0,150.91744580966127
41522,-35.0,-8.5,150.5703108748258
41523,-35.0,-7.5,149.93617121593863
41524,-35.0,-7.0,149.10380391600393
41525,-35.0,-6.5,149.1049767114099
41526,-35.0,-6.0,149.9575284527159
41527,-35.0,-5.5,150.17095428668293
41528,-35.0,-5.0,149.5017694195009
41529,-35.0,-4.5,149.46473832864268
41530,-35.0,-4.0,151.0111984419513
41531,-35.0,-3.5,148.06674156645641
41532,-35.0,-3.0,147.92705794191824
41533,-35.0,-2.0,147.30277174850812
41534,-35.0,-1.5,149.82617163386797
41535,-35.0,-1.0,149.77626333127353
41536,-35.0,-0.5,150.74043193030383
41537,-35.0,0.0,152.0330220301618
41538,-35.0,0.5,151.73493154780618
41539,-35.0,2.0,148.95184043601162
41540,-35.0,2.5,149.10105523855938
41541,-35.0,3.0,151.71034591136296
41542,-35.0,3.5,151.907234604047
41543,-35.0,4.0,156.1630607812553
41544,-35.0,4.5,155.27006678647922
41545,-35.0,5.0,152.81052091994073
41546,-35.0,5.5,154.0512472475552
41547,-35.0,6.0,157.26478800109967
41548,-35.0,6.5,157.00058071440984
41549,-35.0,7.0,154.47963134379526
41550,-35.0,7.5,156.21284337686626
41551,-35.0,8.0,156.33141051485572
41552,-35.0,8.5,156.41189007428594
41553,-35.0,9.0,154.5971675098064
41554,-35.0,9.5,157.68332904075137
41555,-35.0,10.0,155.11425295693968
41556,-35.0,10.5,149.04549869421388
41557,-35.0,11.0,154.85118115211836
41558,-35.0,11.5,149.0608227751849
41559,-35.0,12.5,150.9925024434591
41560,-35.0,13.0,151.4885770601631
41561,-35.0,13.5,150.97486175648461
41562,-35.0,14.0,150.01846332568056
41563,-35.0,14.5,151.49056043045186
41564,-35.0,15.0,150.4255663024721
41565,-35.0,15.5,150.4217987980627
41566,-35.0,16.0,149.6830721479894
41567,-35.0,16.5,147.982438476636
41568,-35.0,17.0,149.24433552122701
41569,-35.0,17.5,150.26825111489015
41570,-35.0,18.0,150.53573830629142
41571,-35.0,18.5,150.265029524598
41572,-35.0,19.0,148.63407240566727
41573,-35.0,19.5,149.3748947752374
41574,-35.0,20.0,148.00715675440614
41575,-35.0,20.5,148.89660314531335
41576,-35.0,21.0,153.06694711329953
41577,-35.0,21.5,152.83328628265517
41578,-35.0,22.0,148.63883234274797
41579,-35.0,22.5,149.7210267344408
41580,-35.0,23.0,148.61339332255136
41581,-35.0,23.5,147.93762511352904
41582,-35.0,24.0,149.93700415040408
41583,-35.0,24.5,147.11688039982775
41584,-35.0,25.0,149.92365340202267
41585,-35.0,25.5,148.57809581877842
41586,-35.0,26.0,151.73732674663478
41587,-35.0,26.5,149.39492352969654
41588,-35.0,27.0,152.10890932252588
41589,-35.0,27.5,149.93903146317982
41590,-35.0,28.0,154.67344900220803
41591,-35.0,28.5,150.28539727318582
41592,-35.0,29.0,155.08113897555896
41593,-35.0,29.5,156.1606818799869
41594,-35.0,30.0,158.44218256135443
41595,-35.0,30.5,158.81303321774575
41596,-35.0,31.0,156.5718138767474
41597,-35.0,31.5,153.312891126754
41598,-35.0,32.0,156.14848644855124
41599,-35.0,32.5,158.51817718119298
41600,-35.0,33.0,161.21299159741264
41601,-35.0,33.5,159.6894562354547
41602,-35.0,34.0,153.54231067699345
41603,-35.0,34.5,150.17845581753332
41604,-35.0,35.0,154.24784990617627
41605,-35.0,35.5,153.88615770999024
41606,-35.0,36.0,147.46514058864116
41607,-35.0,36.5,151.53718868943142
41608,-35.0,37.0,151.88690282641016
41609,-35.0,40.5,168.7785554999309
41610,-34.5,-37.5,152.97783304079425
41611,-34.5,-37.0,148.98502250243945
41612,-34.5,-36.5,148.47228911382462
41613,-34.5,-36.0,147.37206497629683
41614,-34.5,-35.5,148.82298805028552
41615,-34.5,-35.0,147.55911831613471
41616,-34.5,-34.5,148.60006373756264
41617,-34.5,-34.0,148.43500198052752
41618,-34.5,-33.5,152.89831376115362
41619,-34.5,-33.0,148.9338629894564
41620,-34.5,-32.5,150.29823991044225
41621,-34.5,-32.0,151.99636085847308
41622,-34.5,-31.5,147.25137423121453
41623,-34.5,-30.5,170.49494704567428
41624,-34.5,-30.0,148.48742281694683
41625,-34.5,-29.5,148.45207728684844
41626,-34.5,-29.0,148.7650436120339
41627,-34.5,-28.5,149.76014690410932
41628,-34.5,-28.0,148.92445808446405
41629,-34.5,-27.5,148.9814116365642
41630,-34.5,-27.0,151.73154284778113
41631,-34.5,-26.5,149.60116597218084
41632,-34.5,-26.0,150.7926655462783
41633,-34.5,-25.5,150.25393164857033
41634,-34.5,-25.0,150.51304272979073
41635,-34.5,-24.5,152.8624077157791
41636,-34.5,-24.0,151.11499560443104
41637,-34.5,-23.5,152.60147567325478
41638,-34.5,-22.5,151.63240959860502
41639,-34.5,-22.0,152.64795981226376
41640,-34.5,-21.5,147.85681340846335
41641,-34.5,-21.0,153.73129277694176
41642,-34.5,-20.5,150.44914071789108
41643,-34.5,-20.0,153.83815229749862
41644,-34.5,-19.5,151.78312077755737
41645,-34.5,-19.0,149.95185537532146
41646,-34.5,-18.5,150.91637474410484
41647,-34.5,-18.0,152.42532465889101
41648,-34.5,-17.5,149.6092243747572
41649,-34.5,-17.0,152.42874185109795
41650,-34.5,-16.5,149.96584337076936
41651,-34.5,-16.0,148.86120115493003
41652,-34.5,-15.5,150.70333457424763
41653,-34.5,-15.0,150.90063074765277
41654,-34.5,-14.5,149.86805146594543
41655,-34.5,-14.0,149.58728923149803
41656,-34.5,-13.5,147.89885889768365
41657,-34.5,-13.0,150.1607715044363
41658,-34.5,-12.5,151.03648689497652
41659,-34.5,-12.0,147.6310055994516
41660,-34.5,-11.5,148.34495234230675
41661,-34.5,-11.0,149.25717115496448
41662,-34.5,-10.5,153.12921531631568
41663,-34.5,-10.0,152.28189729305407
41664,-34.5,-9.5,154.90259633654372
41665,-34.5,-9.0,152.58812892344642
41666,-34.5,-8.5,149.5900829468951
41667,-34.5,-8.0,150.09740659815563
41668,-34.5,-7.5,148.8422098948775
41669,-34.5,-7.0,148.32131565130553
41670,-34.5,-6.5,147.1275483553756
41671,-34.5,-6.0,149.3320781538956
41672,-34.5,-5.5,150.59647247881165
41673,-34.5,-5.0,149.66616973790343
41674,-34.5,-4.5,149.4503185812559
41675,-34.5,-4.0,149.27963587306186
41676,-34.5,-3.5,148.34945803077093
41677,-34.5,-3.0,148.65096480528703
41678,-34.5,-2.5,147.3616171668342
41679,-34.5,-2.0,147.24528485857266
41680,-34.5,-1.5,150.38960720905683
41681,-34.5,-1.0,150.26388490118788
41682,-34.5,-0.5,151.21042167360866
41683,-34.5,0.0,149.89693416508183
41684,-34.5,0.5,151.41101872810376
41685,-34.5,1.5,148.58482807424878
41686,-34.5,2.0,148.59457494991153
41687,-34.5,3.0,151.41363648383413
41688,-34.5,4.0,153.17795104852956
41689,-34.5,4.5,159.06924428214109
41690,-34.5,5.0,154.98760708400732
41691,-34.5,5.5,154.61337198082705
41692,-34.5,6.0,156.69596473490756
41693,-34.5,6.5,156.0601467352088
41694,-34.5,7.0,157.8042464597558
41695,-34.5,7.5,155.73542357811291
41696,-34.5,8.0,157.2595238137457
41697,-34.5,8.5,156.05761425591245
41698,-34.5,9.0,155.46131450874017
41699,-34.5,9.5,156.16407478262576
41700,-34.5,10.0,154.55779984587863
41701,-34.5,10.5,152.4538541013482
41702,-34.5,11.0,148.99350027832065
41703,-34.5,11.5,149.2654219493361
41704,-34.5,12.0,149.4076545989518
41705,-34.5,12.5,151.9567394078278
41706,-34.5,13.0,149.50871304781984
41707,-34.5,13.5,151.64002533601953
41708,-34.5,14.0,149.5729029870243
41709,-34.5,14.5,150.90962974802002
41710,-34.5,15.0,150.8879938508304
41711,-34.5,15.5,149.22378457274058
41712,-34.5,16.0,149.81573929493823
41713,-34.5,16.5,148.7723176278289
41714,-34.5,17.0,149.55167016952484
41715,-34.5,17.5,149.46882743923345
41716,-34.5,18.0,150.55341878746665
41717,-34.5,18.5,149.7873194921451
41718,-34.5,19.0,158.24712857993566
41719,-34.5,19.5,148.67190298854916
41720,-34.5,20.0,148.05241734171486
41721,-34.5,20.5,147.94624276545503
41722,-34.5,21.0,154.7863508555532
41723,-34.5,21.5,148.08037221649522
41724,-34.5,22.0,149.12209542731222
41725,-34.5,22.5,149.08571695165045
41726,-34.5,23.0,149.12247685807716
41727,-34.5,23.5,147.97365498382499
41728,-34.5,24.0,150.64461750794158
41729,-34.5,24.5,148.27393291276832
41730,-34.5,25.0,148.6695079098809
41731,-34.5,25.5,150.2002480028673
41732,-34.5,26.0,150.1389447908307
41733,-34.5,26.5,148.9426318875322
41734,-34.5,27.0,151.58666947094255
41735,-34.5,27.5,151.95962898684968
41736,-34.5,28.0,149.8676865556951
41737,-34.5,28.5,152.16400791853667
41738,-34.5,29.0,155.94093846135848
41739,-34.5,29.5,154.783048369996
41740,-34.5,30.0,158.0874837736014
41741,-34.5,30.5,154.19016581712236
41742,-34.5,31.0,164.153549552354
41743,-34.5,31.5,153.3992775608728
41744,-34.5,32.0,155.8811414543148
41745,-34.5,32.5,159.96690725164984
41746,-34.5,33.0,161.8572107274208
41747,-34.5,33.5,157.91009685483303
41748,-34.5,34.0,153.65372644410016
41749,-34.5,34.5,152.26472893018658
41750,-34.5,35.0,152.93531576317415
41751,-34.5,35.5,151.4116295138763
41752,-34.5,36.5,151.21959887227743
41753,-34.5,37.0,148.44516793664937
41754,-34.5,40.5,168.73896367963434
41755,-34.0,-37.5,153.1950177628726
41756,-34.0,-37.0,148.4374554697416
41757,-34.0,-36.5,148.430554646941
41758,-34.0,-36.0,147.28491508762212
41759,-34.0,-35.5,148.74798450688323
41760,-34.0,-35.0,147.50371330496046
41761,-34.0,-34.5,148.36011378047726
41762,-34.0,-34.0,149.63026283556098
41763,-34.0,-33.5,152.5835931141887
41764,-34.0,-33.0,148.90865720229186
41765,-34.0,-32.5,149.76375940585172
41766,-34.0,-32.0,148.62821164167042
41767,-34.0,-31.5,146.75796271388216
41768,-34.0,-30.5,165.15777632599503
41769,-34.0,-30.0,153.20791821257933
41770,-34.0,-29.5,148.36819424100275
41771,-34.0,-29.0,149.01507760274296
41772,-34.0,-28.5,148.3286808712175
41773,-34.0,-28.0,149.1677554518533
41774,-34.0,-27.5,148.64155991403925
41775,-34.0,-27.0,151.21084685705247
41776,-34.0,-26.5,150.40353266598342
41777,-34.0,-26.0,150.7036566670358
41778,-34.0,-25.5,150.5104202147011
41779,-34.0,-25.0,150.30300928237753
41780,-34.0,-24.5,152.24608190658614
41781,-34.0,-24.0,151.48189878053557
41782,-34.0,-23.5,154.7462576468358
41783,-34.0,-23.0,150.03751285900444
41784,-34.0,-22.5,150.00781080532042
41785,-34.0,-22.0,152.17061978579093
41786,-34.0,-21.5,150.70019715225268
41787,-34.0,-21.0,150.31921914805278
41788,-34.0,-20.5,150.2574911389161
41789,-34.0,-20.0,154.51919823217412
41790,-34.0,-19.5,153.84627119967845
41791,-34.0,-19.0,148.98736713600942
41792,-34.0,-18.0,150.36447810345777
41793,-34.0,-17.5,153.11207850851707
41794,-34.0,-17.0,149.39889584762415
41795,-34.0,-16.5,149.15940431316946
41796,-34.0,-16.0,150.50152086384898
41797,-34.0,-15.5,149.5400383977574
41798,-34.0,-14.5,150.8404526668809
41799,-34.0,-14.0,149.2564934902311
41800,-34.0,-13.5,148.96694594519525
41801,-34.0,-13.0,149.0915460759833
41802,-34.0,-12.5,150.97850235519883
41803,-34.0,-12.0,155.1249160211961
41804,-34.0,-11.5,152.5804955068515
41805,-34.0,-11.0,149.3764240791922
41806,-34.0,-10.5,155.9504591225957
41807,-34.0,-9.5,150.2836246647142
41808,-34.0,-9.0,151.95497475877977
41809,-34.0,-8.5,151.03075717688307
41810,-34.0,-8.0,149.48257628238866
41811,-34.0,-7.5,149.097591751998
41812,-34.0,-7.0,148.56611102937177
41813,-34.0,-6.5,148.30946773749923
41814,-34.0,-6.0,149.1371951494151
41815,-34.0,-5.5,149.29873405726843
41816,-34.0,-5.0,150.2931752413736
41817,-34.0,-4.5,148.24406863608382
41818,-34.0,-4.0,148.47941660718786
41819,-34.0,-3.5,149.3828654140007
41820,-34.0,-3.0,147.43407911557023
41821,-34.0,-2.5,147.41960778102728
41822,-34.0,-2.0,146.8632159565682
41823,-34.0,-1.5,149.9151474580843
41824,-34.0,-1.0,151.0039426809026
41825,-34.0,-0.5,149.83715752532783
41826,-34.0,0.0,148.22021484472396
41827,-34.0,1.0,148.22360270319214
41828,-34.0,1.5,148.5519595600704
41829,-34.0,2.0,152.75401406199802
41830,-34.0,2.5,150.867798611475
41831,-34.0,3.0,151.0895576208237
41832,-34.0,3.5,152.52179616778773
41833,-34.0,4.5,160.0567979413511
41834,-34.0,5.0,155.8798689682619
41835,-34.0,5.5,154.72345250424215
41836,-34.0,6.0,154.64493972912953
41837,-34.0,6.5,156.3570121581557
41838,-34.0,7.0,156.5812889694794
41839,-34.0,7.5,154.8708020369731
41840,-34.0,8.0,155.20799738638658
41841,-34.0,8.5,156.7366444107011
41842,-34.0,9.0,155.88600158460463
41843,-34.0,9.5,154.36141768022068
41844,-34.0,10.0,156.91305265210238
41845,-34.0,10.5,153.41164869106603
41846,-34.0,11.0,149.32451460165174
41847,-34.0,11.5,148.93265414484458
41848,-34.0,12.0,152.05631551637921
41849,-34.0,12.5,149.76191803112062
41850,-34.0,13.0,151.80926480094138
41851,-34.0,13.5,150.2151047606408
41852,-34.0,14.0,152.99929759319525
41853,-34.0,14.5,151.2471911982707
41854,-34.0,15.0,150.0086051629768
41855,-34.0,15.5,149.2097672409967
41856,-34.0,16.0,149.28404771272773
41857,-34.0,16.5,149.84091404186074
41858,-34.0,17.0,148.5973039728285
41859,-34.0,17.5,149.82052780885866
41860,-34.0,18.0,150.5644870732587
41861,-34.0,18.5,149.87267933748322
41862,-34.0,19.0,151.59798436833148
41863,-34.0,19.5,148.3724328685004
41864,-34.0,20.0,147.99771977306722
41865,-34.0,20.5,156.2285731804538
41866,-34.0,21.0,150.77988164838646
41867,-34.0,21.5,148.03739965241866
41868,-34.0,22.0,149.83035557918052
41869,-34.0,22.5,148.68456271503206
41870,-34.0,23.5,150.347499790442
41871,-34.0,24.0,148.0039197913817
41872,-34.0,24.5,150.44073031350172
41873,-34.0,25.0,147.75900541724153
41874,-34.0,25.5,150.66487073592236
41875,-34.0,26.0,149.77009786714467
41876,-34.0,26.5,153.65307140174573
41877,-34.0,27.0,149.63796315684982
41878,-34.0,27.5,152.7344711834012
41879,-34.0,28.0,148.26460447331618
41880,-34.0,28.5,150.5370970893369
41881,-34.0,29.0,155.62811351098986
41882,-34.0,29.5,153.5603384138361
41883,-34.0,30.0,156.576937534506
41884,-34.0,30.5,153.9220414465156
41885,-34.0,31.0,162.41092375122543
41886,-34.0,31.5,155.06927553678943
41887,-34.0,32.0,155.04547788491476
41888,-34.0,32.5,160.40335420526134
41889,-34.0,33.0,162.65932851104918
41890,-34.0,33.5,153.20504071507662
41891,-34.0,34.0,152.77047609233085
41892,-34.0,34.5,154.80478869383523
41893,-34.0,35.0,152.64424591471388
41894,-34.0,35.5,153.2635878685095
41895,-34.0,36.5,151.86766138557067
41896,-34.0,37.0,148.524720060141
41897,-34.0,40.0,168.63999918812218
41898,-34.0,40.5,168.70287285074872
41899,-33.5,-37.5,152.9756738850081
41900,-33.5,-37.0,148.40058798664992
41901,-33.5,-36.5,147.84558706247003
41902,-33.5,-36.0,147.44513219946202
41903,-33.5,-35.5,146.79069528760738
41904,-33.5,-35.0,150.68553823201643
41905,-33.5,-34.5,149.18059568040923
41906,-33.5,-34.0,150.81746163548524
41907,-33.5,-33.5,150.95238240336676
41908,-33.5,-33.0,148.66863093996395
41909,-33.5,-32.5,149.43569221905432
41910,-33.5,-32.0,149.1725828172017
41911,-33.5,-31.5,147.64558730602957
41912,-33.5,-31.0,152.80660986718115
41913,-33.5,-30.5,156.1149221444563
41914,-33.5,-30.0,161.51533561577514
41915,-33.5,-29.5,149.98689711675257
41916,-33.5,-29.0,149.0768963951076
41917,-33.5,-28.5,149.17960915335436
41918,-33.5,-28.0,149.18916516601297
41919,-33.5,-27.5,147.70096493365057
41920,-33.5,-27.0,152.05863555903457
41921,-33.5,-26.5,150.69919393308945
41922,-33.5,-26.0,151.0383009442216
41923,-33.5,-25.5,150.55114191923568
41924,-33.5,-25.0,150.52463435798353
41925,-33.5,-24.5,148.86349867850038
41926,-33.5,-24.0,150.87205719210814
41927,-33.5,-23.5,151.3759300738482
41928,-33.5,-23.0,152.68338609646716
41929,-33.5,-22.5,148.96936784626254
41930,-33.5,-22.0,151.31383681075357
41931,-33.5,-21.5,154.7597461541985
41932,-33.5,-21.0,149.3303146561521
41933,-33.5,-20.0,153.98984921023407
41934,-33.5,-19.5,150.73169925265904
41935,-33.5,-19.0,152.02825498030867
41936,-33.5,-18.5,148.44159414501954
41937,-33.5,-18.0,150.7357718573981
41938,-33.5,-17.5,152.91129859765772
41939,-33.5,-17.0,148.7406626823518
41940,-33.5,-16.5,149.38691854529873
41941,-33.5,-16.0,150.1281856966708
41942,-33.5,-15.5,149.11463821275478
41943,-33.5,-15.0,149.19816209689276
41944,-33.5,-14.5,149.92417116358607
41945,-33.5,-14.0,150.02100744241423
41946,-33.5,-13.5,150.0214122536467
41947,-33.5,-13.0,147.49012714329461
41948,-33.5,-12.5,149.03066629785852
41949,-33.5,-12.0,152.13884342909824
41950,-33.5,-11.5,155.6317950588598
41951,-33.5,-11.0,150.48859955199615
41952,-33.5,-10.5,161.59498913569152
41953,-33.5,-10.0,167.43238561037526
41954,-33.5,-9.5,150.22482679404922
41955,-33.5,-9.0,149.50921080690347
41956,-33.5,-8.5,151.18481162293443
41957,-33.5,-7.5,148.55871709984035
41958,-33.5,-7.0,148.65625371797253
41959,-33.5,-6.5,149.03760598655765
41960,-33.5,-6.0,148.59785867876062
41961,-33.5,-5.5,149.1123731495661
41962,-33.5,-5.0,149.62940487824233
41963,-33.5,-4.5,148.96555610580177
41964,-33.5,-4.0,148.11865577786398
41965,-33.5,-3.5,148.96116941808825
41966,-33.5,-3.0,148.50532196685134
41967,-33.5,-2.5,146.72910675471257
41968,-33.5,-2.0,147.41844975034144
41969,-33.5,-1.5,148.49615307390016
41970,-33.5,-1.0,149.53041956024072
41971,-33.5,-0.5,149.82683352008024
41972,-33.5,0.0,149.12220281142416
41973,-33.5,0.5,147.8274146495142
41974,-33.5,1.0,148.50457631435654
41975,-33.5,1.5,151.62851523371992
41976,-33.5,2.0,150.91797979002806
41977,-33.5,2.5,150.58625637813705
41978,-33.5,3.0,151.87812832464604
41979,-33.5,3.5,152.10517724879142
41980,-33.5,4.5,153.28796032774207
41981,-33.5,5.0,153.75644323179034
41982,-33.5,5.5,153.48569776387106
41983,-33.5,6.0,154.31634136977357
41984,-33.5,6.5,155.13658787543724
41985,-33.5,7.0,155.06381449198574
41986,-33.5,7.5,155.6396721800624
41987,-33.5,8.0,153.54468949828933
41988,-33.5,8.5,156.1856632705665
41989,-33.5,9.0,158.11108915475194
41990,-33.5,9.5,153.54734682705643
41991,-33.5,10.0,155.32940733600995
41992,-33.5,10.5,156.54251296093256
41993,-33.5,11.0,150.4564882282767
41994,-33.5,11.5,150.18588041311455
41995,-33.5,12.0,151.56114580475543
41996,-33.5,12.5,152.9671111133953
41997,-33.5,13.0,151.6038468956758
41998,-33.5,13.5,151.77375347446693
41999,-33.5,14.0,152.01827913178965
42000,-33.5,14.5,150.6728198175376
42001,-33.5,15.0,150.27739558079332
42002,-33.5,15.5,149.6734978415297
42003,-33.5,16.0,149.29152161936204
42004,-33.5,16.5,150.54921460320946
42005,-33.5,17.0,149.25835730887107
42006,-33.5,17.5,149.30762306526626
42007,-33.5,18.0,149.42970288158602
42008,-33.5,18.5,156.34614722889506
42009,-33.5,19.0,154.2172726215705
42010,-33.5,19.5,148.06560924373574
42011,-33.5,20.0,149.67180389531407
42012,-33.5,20.5,155.8058765123978
42013,-33.5,21.0,147.8444340020785
42014,-33.5,21.5,149.09595152430853
42015,-33.5,22.0,148.4995467345545
42016,-33.5,22.5,148.47628691598567
42017,-33.5,23.0,151.32583040487395
42018,-33.5,23.5,151.45371852788145
42019,-33.5,24.0,148.02572980072227
42020,-33.5,24.5,148.13123413069994
42021,-33.5,25.0,149.22166397509778
42022,-33.5,25.5,151.06967730466715
42023,-33.5,26.0,149.9089235525528
42024,-33.5,26.5,154.85364475421318
42025,-33.5,27.0,149.26276483962653
42026,-33.5,27.5,151.7194113510296
42027,-33.5,28.0,148.21684926807805
42028,-33.5,28.5,149.47425264914594
42029,-33.5,29.0,155.12256619602445
42030,-33.5,29.5,154.63876973035875
42031,-33.5,30.0,152.00846087532008
42032,-33.5,30.5,156.27497983671879
42033,-33.5,31.0,156.37622562178652
42034,-33.5,31.5,154.9661759557941
42035,-33.5,32.0,156.2706996234044
42036,-33.5,32.5,158.99478100626965
42037,-33.5,33.0,160.90130734800064
42038,-33.5,33.5,162.33696562540413
42039,-33.5,34.0,149.5344703938568
42040,-33.5,34.5,154.0986539455684
42041,-33.5,35.0,152.47126961871416
42042,-33.5,35.5,150.94612283649465
42043,-33.5,36.0,165.34305989866095
42044,-33.5,36.5,153.00293533169108
42045,-33.5,37.0,148.95962317285435
42046,-33.5,40.0,168.68728756262212
42047,-33.0,-38.0,160.62238411397215
42048,-33.0,-37.5,151.4706359301785
42049,-33.0,-37.0,148.17180602809677
42050,-33.0,-36.5,147.56531920115052
42051,-33.0,-36.0,147.4954792452794
42052,-33.0,-35.5,146.3884779169582
42053,-33.0,-35.0,149.8634237837444
42054,-33.0,-34.5,148.80275464751645
42055,-33.0,-34.0,151.2201802675439
42056,-33.0,-33.5,151.38986784801497
42057,-33.0,-33.0,148.3468736537528
42058,-33.0,-32.5,147.9229403043861
42059,-33.0,-32.0,149.64630993235693
42060,-33.0,-31.5,148.3339669730144
42061,-33.0,-31.0,152.66978339002168
42062,-33.0,-30.5,147.31240806864292
42063,-33.0,-30.0,160.0757030029996
42064,-33.0,-29.5,152.9982881069152
42065,-33.0,-29.0,148.6391878620974
42066,-33.0,-28.5,149.59462349451672
42067,-33.0,-28.0,149.08445594476856
42068,-33.0,-27.5,147.76090309052154
42069,-33.0,-27.0,151.20412673343907
42070,-33.0,-26.5,150.15787565869957
42071,-33.0,-26.0,150.97088493860818
42072,-33.0,-25.5,150.50995015129755
42073,-33.0,-25.0,150.77388339430783
42074,-33.0,-24.5,150.65308365058192
42075,-33.0,-24.0,149.36920117325374
42076,-33.0,-23.5,149.65001178672227
42077,-33.0,-23.0,155.55673359420845
42078,-33.0,-22.5,148.25153956564156
42079,-33.0,-22.0,152.91655220588416
42080,-33.0,-21.5,154.0394256060049
42081,-33.0,-21.0,148.7857394352001
42082,-33.0,-20.5,152.47493746297164
42083,-33.0,-20.0,152.7207203066654
42084,-33.0,-19.5,152.4265381118085
42085,-33.0,-19.0,155.4736637050637
42086,-33.0,-18.5,149.70650493577818
42087,-33.0,-18.0,154.05807049182644
42088,-33.0,-17.5,151.3210850525239
42089,-33.0,-17.0,148.62885726126413
42090,-33.0,-16.5,149.5248170210662
42091,-33.0,-16.0,149.80151525852884
42092,-33.0,-15.0,149.36305028259645
42093,-33.0,-14.5,149.29864847681472
42094,-33.0,-14.0,150.89306938773132
42095,-33.0,-13.5,150.18069388408165
42096,-33.0,-13.0,147.14887791410425
42097,-33.0,-12.5,156.6399494729321
42098,-33.0,-12.0,151.83451820067407
42099,-33.0,-11.5,153.0878240149942
42100,-33.0,-11.0,153.78144600815466
42101,-33.0,-10.5,146.23533114212162
42102,-33.0,-10.0,152.82860610561195
42103,-33.0,-9.5,150.29918809019608
42104,-33.0,-9.0,149.7358157696723
42105,-33.0,-8.5,151.77250138225773
42106,-33.0,-8.0,151.59842797856632
42107,-33.0,-7.5,148.10170081395674
42108,-33.0,-7.0,148.25762855854845
42109,-33.0,-6.5,149.96812521707017
42110,-33.0,-6.0,148.95872740446356
42111,-33.0,-5.5,146.69801782492445
42112,-33.0,-5.0,149.0381361818227
42113,-33.0,-4.5,148.53469673756928
42114,-33.0,-4.0,149.94240151507032
42115,-33.0,-3.5,147.88031469307245
42116,-33.0,-3.0,148.853076479042
42117,-33.0,-2.5,150.51772054622887
42118,-33.0,-2.0,148.7994989058399
42119,-33.0,-1.5,149.02972151547002
42120,-33.0,0.0,149.8140963811654
42121,-33.0,0.5,148.30318174891354
42122,-33.0,1.0,150.72237627929618
42123,-33.0,1.5,151.39912153816147
42124,-33.0,2.0,150.40339410261785
42125,-33.0,2.5,151.257547826291
42126,-33.0,3.0,151.56454999287834
42127,-33.0,4.0,153.1321034715234
42128,-33.0,4.5,153.4399036012953
42129,-33.0,5.0,152.9640955478316
42130,-33.0,5.5,153.11818270921202
42131,-33.0,6.0,156.19892964502725
42132,-33.0,6.5,154.6716664526688
42133,-33.0,7.0,154.56198443254104
42134,-33.0,7.5,154.80814932381176
42135,-33.0,8.0,154.84949642391672
42136,-33.0,8.5,156.30775355837562
42137,-33.0,9.0,157.82148183829034
42138,-33.0,9.5,158.20311579622148
42139,-33.0,10.0,153.2201015793784
42140,-33.0,11.0,151.4515329065617
42141,-33.0,11.5,151.20065633031632
42142,-33.0,12.0,151.01900376129944
42143,-33.0,12.5,153.20629437323095
42144,-33.0,13.0,151.3040456889452
42145,-33.0,13.5,153.28296365293664
42146,-33.0,14.0,149.42722337391226
42147,-33.0,14.5,150.90575211057794
42148,-33.0,15.0,149.4779539998574
42149,-33.0,15.5,149.74548601391012
42150,-33.0,16.0,150.15326387537664
42151,-33.0,16.5,149.87191577634087
42152,-33.0,17.0,150.24148650090794
42153,-33.0,17.5,148.9341177435935
42154,-33.0,18.0,154.617105200947
42155,-33.0,18.5,150.67457703866165
42156,-33.0,19.0,149.5398196700452
42157,-33.0,19.5,156.0324396517205
42158,-33.0,20.0,155.2085665997274
42159,-33.0,20.5,147.67588939931963
42160,-33.0,21.0,148.18728370173332
42161,-33.0,21.5,149.36716194929764
42162,-33.0,22.0,148.5228108979442
42163,-33.0,22.5,148.29179819947117
42164,-33.0,23.0,149.72636585976974
42165,-33.0,24.0,147.8886445433785
42166,-33.0,24.5,148.22848480943833
42167,-33.0,25.0,150.13256952419155
42168,-33.0,25.5,150.35272653689233
42169,-33.0,26.0,152.31504214421076
42170,-33.0,26.5,151.9564093203609
42171,-33.0,27.0,149.04946058389257
42172,-33.0,27.5,154.6033804080051
42173,-33.0,28.0,148.8483775100373
42174,-33.0,28.5,153.7249864459098
42175,-33.0,29.0,154.93667583367784
42176,-33.0,29.5,153.93616852182066
42177,-33.0,30.0,154.3099415605952
42178,-33.0,30.5,156.40710312116474
42179,-33.0,31.0,153.0446798115711
42180,-33.0,31.5,157.18990579870072
42181,-33.0,32.0,158.23210236265572
42182,-33.0,32.5,158.3099675417252
42183,-33.0,33.0,160.44336226927032
42184,-33.0,33.5,164.1650362659239
42185,-33.0,34.0,149.6886823333282
42186,-33.0,34.5,154.0646102654223
42187,-33.0,35.0,152.49712312269253
42188,-33.0,35.5,148.27002589277782
42189,-33.0,36.0,160.09108630386245
42190,-33.0,36.5,150.3407558236615
42191,-33.0,37.0,149.67958946866642
42192,-33.0,40.0,168.62696103103818
42193,-32.5,-38.0,160.99605228263837
42194,-32.5,-37.5,150.76409421664852
42195,-32.5,-37.0,148.04809302127796
42196,-32.5,-36.5,147.4921621730562
42197,-32.5,-36.0,147.819931544903
42198,-32.5,-35.5,146.7822472120553
42199,-32.5,-35.0,148.20061684042145
42200,-32.5,-34.5,149.13542626727042
42201,-32.5,-34.0,149.4555284718043
42202,-32.5,-33.5,151.5664544237674
42203,-32.5,-33.0,148.6709926207394
42204,-32.5,-32.5,147.2982072539139
42205,-32.5,-32.0,147.51665540225386
42206,-32.5,-31.5,149.95885408670247
42207,-32.5,-31.0,148.05156197923765
42208,-32.5,-30.5,150.5840803673107
42209,-32.5,-30.0,158.2452398821884
42210,-32.5,-29.5,153.74253161447695
42211,-32.5,-29.0,150.20961849201734
42212,-32.5,-28.5,149.25633453027552
42213,-32.5,-28.0,148.69102467276755
42214,-32.5,-27.5,148.4781775107078
42215,-32.5,-27.0,149.52655338581928
42216,-32.5,-26.5,151.58515080973694
42217,-32.5,-26.0,150.94756749189855
42218,-32.5,-25.5,150.34494796881125
42219,-32.5,-25.0,150.28587570016336
42220,-32.5,-24.5,150.73104618700012
42221,-32.5,-24.0,148.79676185304183
42222,-32.5,-23.5,149.52615403083703
42223,-32.5,-23.0,148.83231703378138
42224,-32.5,-22.5,152.79759604378364
42225,-32.5,-22.0,152.32569385630424
42226,-32.5,-21.5,151.67587646928527
42227,-32.5,-21.0,157.66707642650428
42228,-32.5,-20.5,151.6072326799298
42229,-32.5,-20.0,150.23816948996304
42230,-32.5,-19.5,153.09783959766082
42231,-32.5,-19.0,149.1381423038033
42232,-32.5,-18.5,153.46034276908458
42233,-32.5,-18.0,148.9488255948643
42234,-32.5,-17.5,149.47281621345
42235,-32.5,-17.0,151.84417608668883
42236,-32.5,-16.5,149.53076129831098
42237,-32.5,-16.0,149.67847256999886
42238,-32.5,-15.5,149.62574293639963
42239,-32.5,-15.0,149.4231449604549
42240,-32.5,-14.5,149.70863818819265
42241,-32.5,-14.0,150.54905714466673
42242,-32.5,-13.5,151.0516860784169
42243,-32.5,-13.0,149.36304848653555
42244,-32.5,-12.5,151.6666720829723
42245,-32.5,-12.0,149.80328259919727
42246,-32.5,-11.5,152.0311122567311
42247,-32.5,-11.0,154.677187442614
42248,-32.5,-10.5,151.93190079599276
42249,-32.5,-10.0,149.16252345284767
42250,-32.5,-9.5,157.02685261840315
42251,-32.5,-9.0,149.84825652738655
42252,-32.5,-8.0,151.08238754545616
42253,-32.5,-7.5,149.48002439082626
42254,-32.5,-7.0,148.77766227355886
42255,-32.5,-6.5,149.11694723899296
42256,-32.5,-6.0,149.30275739780654
42257,-32.5,-5.5,148.51520328448277
42258,-32.5,-5.0,147.98854142775565
42259,-32.5,-4.5,149.0888502651823
42260,-32.5,-4.0,148.98291566126645
42261,-32.5,-3.5,148.8645197487944
42262,-32.5,-3.0,148.02048185902248
42263,-32.5,-2.5,149.05929852189306
42264,-32.5,-2.0,148.74001344486638
42265,-32.5,-1.5,149.47750433138268
42266,-32.5,-0.5,157.29517712195053
42267,-32.5,0.0,152.70761272059818
42268,-32.5,0.5,149.2476275809527
42269,-32.5,1.0,149.3037528125816
42270,-32.5,1.5,149.5449325426371
42271,-32.5,2.0,150.87612935018373
42272,-32.5,2.5,151.1291539509482
42273,-32.5,3.5,152.27500363563078
42274,-32.5,4.0,152.79448091072084
42275,-32.5,4.5,153.26347220161924
42276,-32.5,5.0,152.67994779472423
42277,-32.5,5.5,155.65619744487225
42278,-32.5,6.0,155.23879750521598
42279,-32.5,6.5,154.7854976627232
42280,-32.5,7.0,154.23915861297078
42281,-32.5,7.5,153.6779322528362
42282,-32.5,8.0,154.75422185641474
42283,-32.5,8.5,159.34755858207205
42284,-32.5,9.0,157.66028845729295
42285,-32.5,9.5,158.78865837698524
42286,-32.5,10.0,153.7051789282009
42287,-32.5,10.5,151.38755760718882
42288,-32.5,11.0,152.3709362758268
42289,-32.5,11.5,151.0261829938359
42290,-32.5,12.0,154.28853862593667
42291,-32.5,12.5,150.5864029399431
42292,-32.5,13.0,155.0528450174786
42293,-32.5,13.5,150.94401039801124
42294,-32.5,14.0,149.51039720276796
42295,-32.5,14.5,150.49584585005329
42296,-32.5,15.0,149.45368866509233
42297,-32.5,15.5,150.63777900034603
42298,-32.5,16.0,150.645232777471
42299,-32.5,16.5,149.84340255291096
42300,-32.5,17.0,151.34154367456222
42301,-32.5,17.5,149.6632036388254
42302,-32.5,18.0,150.2863993698051
42303,-32.5,18.5,149.78777401727214
42304,-32.5,19.0,149.59957369412834
42305,-32.5,19.5,155.4586904594621
42306,-32.5,20.0,156.6781750779198
42307,-32.5,20.5,147.67625116222027
42308,-32.5,21.0,148.65942773869085
42309,-32.5,21.5,149.66347482188073
42310,-32.5,22.0,148.50491181402646
42311,-32.5,22.5,149.33371890437252
42312,-32.5,23.0,148.80715967501197
42313,-32.5,24.5,148.221264230414
42314,-32.5,25.0,149.06369593573186
42315,-32.5,25.5,150.59340989220675
42316,-32.5,26.0,155.298673223482
42317,-32.5,26.5,151.65631712841028
42318,-32.5,27.0,152.45443734229534
42319,-32.5,27.5,155.73201780238307
42320,-32.5,28.0,149.78614622648374
42321,-32.5,28.5,152.5117411653581
42322,-32.5,29.0,156.3981313868493
42323,-32.5,29.5,152.59121087235974
42324,-32.5,30.0,154.67260941429288
42325,-32.5,30.5,154.19602705783606
42326,-32.5,31.0,152.81666111604125
42327,-32.5,31.5,157.7790176866595
42328,-32.5,32.0,157.70936252056362
42329,-32.5,32.5,157.2986293314605
42330,-32.5,33.0,158.61841412097817
42331,-32.5,33.5,164.03773470894873
42332,-32.5,34.0,152.55532561855603
42333,-32.5,34.5,153.77988443471878
42334,-32.5,35.0,154.68994166550544
42335,-32.5,35.5,147.88924337692035
42336,-32.5,36.0,159.56218970948228
42337,-32.5,36.5,151.44129495755476
42338,-32.5,37.0,149.9659951341292
42339,-32.5,40.0,168.5353078983435
42340,-32.0,-37.5,150.80698876158658
42341,-32.0,-37.0,147.972169066754
42342,-32.0,-36.5,147.51759757637137
42343,-32.0,-36.0,147.68251098812175
42344,-32.0,-35.5,146.77281017908112
42345,-32.0,-35.0,147.3830250126715
42346,-32.0,-34.5,149.26388626988881
42347,-32.0,-34.0,150.9507751133566
42348,-32.0,-33.5,152.35676934090887
42349,-32.0,-33.0,148.48686485830183
42350,-32.0,-32.5,146.89773469504547
42351,-32.0,-32.0,148.03221910639462
42352,-32.0,-31.5,149.77145123966568
42353,-32.0,-31.0,147.96654399337075
42354,-32.0,-30.5,150.33248908402214
42355,-32.0,-30.0,155.37115179196797
42356,-32.0,-29.5,150.81805276209192
42357,-32.0,-29.0,150.42935211484075
42358,-32.0,-28.5,149.04870303361804
42359,-32.0,-28.0,148.3968249379005
42360,-32.0,-27.5,149.42324081388952
42361,-32.0,-27.0,148.64944851196384
42362,-32.0,-26.5,152.76089062085615
42363,-32.0,-26.0,149.83735884992808
42364,-32.0,-25.5,149.68847059327433
42365,-32.0,-25.0,150.63301223639303
42366,-32.0,-24.5,151.77083130321094
42367,-32.0,-24.0,149.50031191761857
42368,-32.0,-23.5,148.79546830770346
42369,-32.0,-23.0,148.63276703370886
42370,-32.0,-22.5,155.7275171074188
42371,-32.0,-22.0,150.78463799173988
42372,-32.0,-21.0,156.92567349937005
42373,-32.0,-20.5,151.67695004956178
42374,-32.0,-20.0,150.89391593341836
42375,-32.0,-19.5,147.01178488554947
42376,-32.0,-19.0,149.96983623751038
42377,-32.0,-18.5,154.0472193502019
42378,-32.0,-18.0,149.98616146662215
42379,-32.0,-17.5,149.22539700314232
42380,-32.0,-17.0,150.65629750283415
42381,-32.0,-16.5,153.3789443900122
42382,-32.0,-16.0,149.622917485634
42383,-32.0,-15.5,149.6216590426437
42384,-32.0,-15.0,150.30640186636683
42385,-32.0,-14.5,150.15240237861522
42386,-32.0,-14.0,150.01055908609777
42387,-32.0,-13.5,150.75816898045701
42388,-32.0,-13.0,151.52241132363105
42389,-32.0,-12.5,148.42628259951852
42390,-32.0,-12.0,152.0830851110373
42391,-32.0,-11.5,148.07444540970317
42392,-32.0,-11.0,151.55760200763115
42393,-32.0,-10.5,151.1723021924498
42394,-32.0,-10.0,150.04878947698126
42395,-32.0,-9.5,151.29740210472247
42396,-32.0,-9.0,160.00622878674028
42397,-32.0,-8.0,148.43992062702904
42398,-32.0,-7.5,149.95548791867915
42399,-32.0,-7.0,150.1295873630688
42400,-32.0,-6.5,148.576982480562
42401,-32.0,-6.0,148.22969144112417
42402,-32.0,-5.5,148.57392960019072
42403,-32.0,-5.0,147.93287722284086
42404,-32.0,-4.5,146.56850900175576
42405,-32.0,-4.0,147.91514804731978
42406,-32.0,-3.5,149.01892512269373
42407,-32.0,-3.0,147.0173336954342
42408,-32.0,-2.5,148.75761655940514
42409,-32.0,-2.0,149.06034316891822
42410,-32.0,-0.5,156.5477113430538
42411,-32.0,0.0,149.42373583709454
42412,-32.0,0.5,151.81057711093973
42413,-32.0,1.0,149.44282727026942
42414,-32.0,1.5,148.06020242172414
42415,-32.0,2.0,150.67914642915665
42416,-32.0,2.5,150.8817375306781
42417,-32.0,3.5,152.058696226441
42418,-32.0,4.0,152.3511924378319
42419,-32.0,4.5,152.41607616688728
42420,-32.0,5.0,152.7168865625263
42421,-32.0,5.5,155.199025328924
42422,-32.0,6.0,155.20716290197788
42423,-32.0,6.5,153.83131548663275
42424,-32.0,7.0,156.19607124913034
42425,-32.0,7.5,153.88033561541704
42426,-32.0,8.0,158.71245724079574
42427,-32.0,8.5,155.92298683274305
42428,-32.0,9.0,159.08306032187565
42429,-32.0,9.5,156.55994639036135
42430,-32.0,10.0,153.5127839479731
42431,-32.0,10.5,152.39759407067464
42432,-32.0,11.0,151.54995694092992
42433,-32.0,11.5,154.32184447388377
42434,-32.0,12.0,151.73214618492779
42435,-32.0,12.5,153.7552294729468
42436,-32.0,13.0,152.75449424882555
42437,-32.0,13.5,151.06933276933987
42438,-32.0,14.0,151.32556216358347
42439,-32.0,14.5,150.30796382097128
42440,-32.0,15.0,149.96673464929688
42441,-32.0,15.5,150.89735500098996
42442,-32.0,16.0,150.09566725499937
42443,-32.0,16.5,150.36260617131316
42444,-32.0,17.0,150.66085058837237
42445,-32.0,17.5,155.37087673676757
42446,-32.0,18.0,148.8418432095739
42447,-32.0,18.5,148.98444644014901
42448,-32.0,19.0,150.58818469438748
42449,-32.0,19.5,158.44173769702127
42450,-32.0,20.0,147.80427882622422
42451,-32.0,20.5,147.9031835985556
42452,-32.0,21.0,149.83848519320225
42453,-32.0,21.5,149.06494957573096
42454,-32.0,22.0,148.21691357500404
42455,-32.0,22.5,149.28193376923895
42456,-32.0,23.0,148.01656841188998
42457,-32.0,23.5,148.1152619490856
42458,-32.0,24.5,155.08326180580735
42459,-32.0,25.0,148.96029911373955
42460,-32.0,25.5,152.55733639054156
42461,-32.0,26.0,154.7340457359694
42462,-32.0,26.5,150.41523287195676
42463,-32.0,27.0,153.84958031933343
42464,-32.0,27.5,149.48671287029876
42465,-32.0,28.0,150.5702727658546
42466,-32.0,28.5,153.50354435071702
42467,-32.0,29.0,156.822209569067
42468,-32.0,29.5,152.9396178661975
42469,-32.0,30.0,154.22189852471277
42470,-32.0,30.5,151.59972070515175
42471,-32.0,31.0,153.82618263148217
42472,-32.0,31.5,157.24525735858325
42473,-32.0,32.0,157.13940398966676
42474,-32.0,32.5,157.03204624926332
42475,-32.0,33.0,158.31201331102812
42476,-32.0,33.5,159.22967233230094
42477,-32.0,34.0,159.37274308708828
42478,-32.0,34.5,151.44749479153978
42479,-32.0,35.0,152.5032184126843
42480,-32.0,35.5,148.64645122171396
42481,-32.0,36.0,155.36425291526123
42482,-32.0,36.5,151.6559686820799
42483,-32.0,37.0,150.162107283029
42484,-32.0,40.0,168.49376950535807
42485,-31.5,-37.5,149.75174233154578
42486,-31.5,-37.0,147.95476684850823
42487,-31.5,-36.5,147.55629134550125
42488,-31.5,-36.0,147.72887977228456
42489,-31.5,-35.5,146.66326494962757
42490,-31.5,-35.0,147.80630842005587
42491,-31.5,-34.5,149.28727441332077
42492,-31.5,-34.0,151.47508140474707
42493,-31.5,-33.5,152.24687659734138
42494,-31.5,-33.0,148.32700438379567
42495,-31.5,-32.5,146.7787128898764
42496,-31.5,-32.0,148.18429418197977
42497,-31.5,-31.5,147.17016149531054
42498,-31.5,-31.0,149.75919357156445
42499,-31.5,-30.5,148.30565084159193
42500,-31.5,-30.0,151.58120568922396
42501,-31.5,-29.5,150.72588504818935
42502,-31.5,-29.0,150.11963617574972
42503,-31.5,-28.5,148.54469029224893
42504,-31.5,-28.0,148.62372717245864
42505,-31.5,-27.5,147.67837431968042
42506,-31.5,-27.0,150.05162270169583
42507,-31.5,-26.5,151.27547865978573
42508,-31.5,-26.0,149.99443504928797
42509,-31.5,-25.5,149.41854193125874
42510,-31.5,-25.0,150.90391621477187
42511,-31.5,-24.5,151.47238994876972
42512,-31.5,-24.0,149.51658199016788
42513,-31.5,-23.5,148.021685558404
42514,-31.5,-23.0,148.82969075579373
42515,-31.5,-22.5,151.20664051902108
42516,-31.5,-22.0,153.19461472075247
42517,-31.5,-21.0,152.88726840869558
42518,-31.5,-20.5,156.04367597549387
42519,-31.5,-20.0,150.37110787306335
42520,-31.5,-19.5,148.77463632146942
42521,-31.5,-19.0,151.8529712436544
42522,-31.5,-18.5,148.28850603895012
42523,-31.5,-18.0,152.76695127757628
42524,-31.5,-17.5,149.39226307351927
42525,-31.5,-17.0,149.18154386916143
42526,-31.5,-16.5,153.38728235222484
42527,-31.5,-16.0,149.044393611201
42528,-31.5,-15.5,149.55735934751155
42529,-31.5,-15.0,150.11290271404562
42530,-31.5,-14.5,150.79093536153414
42531,-31.5,-14.0,150.41362336948143
42532,-31.5,-13.5,151.53278057700587
42533,-31.5,-13.0,151.0144234515432
42534,-31.5,-12.5,151.5584783947474
42535,-31.5,-12.0,150.6510211596091
42536,-31.5,-11.5,147.4738062797927
42537,-31.5,-11.0,150.9308167288197
42538,-31.5,-10.5,151.5250960085704
42539,-31.5,-10.0,151.46813906856883
42540,-31.5,-9.5,148.6644358774253
42541,-31.5,-9.0,151.27587117355958
42542,-31.5,-8.5,150.82724338921594
42543,-31.5,-8.0,148.40772720830125
42544,-31.5,-7.5,149.94102942940563
42545,-31.5,-7.0,149.93477386122183
42546,-31.5,-6.5,149.9754482093035
42547,-31.5,-6.0,148.09362873396367
42548,-31.5,-5.5,148.53106873043623
42549,-31.5,-5.0,148.3083550466349
42550,-31.5,-4.5,147.28772124634708
42551,-31.5,-4.0,148.43506210869927
42552,-31.5,-3.5,147.3507825573342
42553,-31.5,-3.0,148.95113514689137
42554,-31.5,-2.5,148.93286716924146
42555,-31.5,-2.0,148.86699449073365
42556,-31.5,-1.5,148.7580724062328
42557,-31.5,-0.5,148.50558528705858
42558,-31.5,0.0,151.74068887205573
42559,-31.5,0.5,149.25484472199523
42560,-31.5,1.0,149.3929268126298
42561,-31.5,1.5,149.47877190775125
42562,-31.5,2.0,148.5032827667182
42563,-31.5,2.5,150.89697040304782
42564,-31.5,3.0,151.22418296226996
42565,-31.5,3.5,151.5428132275966
42566,-31.5,4.0,152.05805128307935
42567,-31.5,4.5,152.31394513317608
42568,-31.5,5.0,155.14837958063256
42569,-31.5,5.5,155.18747884445813
42570,-31.5,6.0,153.0893135504732
42571,-31.5,6.5,152.53849619707782
42572,-31.5,7.0,153.25286794617543
42573,-31.5,7.5,159.62171504957354
42574,-31.5,8.0,155.84322523641913
42575,-31.5,8.5,158.6393740445281
42576,-31.5,9.0,154.65101100401367
42577,-31.5,9.5,156.05020635302006
42578,-31.5,10.0,154.40030690243455
42579,-31.5,10.5,152.47767605811725
42580,-31.5,11.0,151.49851501408847
42581,-31.5,11.5,152.76699400822287
42582,-31.5,12.0,160.0724988513249
42583,-31.5,12.5,153.59285920020434
42584,-31.5,13.0,149.8916823226848
42585,-31.5,13.5,151.8324263151678
42586,-31.5,14.0,151.60430329367637
42587,-31.5,14.5,150.20601330458908
42588,-31.5,15.0,151.6665983724665
42589,-31.5,15.5,149.60573377429122
42590,-31.5,16.0,150.4907282773872
42591,-31.5,16.5,152.0476883672928
42592,-31.5,17.0,149.59726708605203
42593,-31.5,17.5,148.33223564437264
42594,-31.5,18.0,150.3030185317472
42595,-31.5,18.5,148.6780223563793
42596,-31.5,19.0,157.70241091941867
42597,-31.5,19.5,153.2551390382049
42598,-31.5,20.5,148.60044636424112
42599,-31.5,21.0,149.0845394786639
42600,-31.5,21.5,149.14942972218134
42601,-31.5,22.0,150.20597589500335
42602,-31.5,22.5,147.33582774547423
42603,-31.5,23.0,150.2988595628593
42604,-31.5,23.5,148.19515828739728
42605,-31.5,24.0,148.44281727839464
42606,-31.5,24.5,149.44792039557072
42607,-31.5,25.0,149.81039198845613
42608,-31.5,25.5,158.07886024923732
42609,-31.5,26.0,152.1314287683913
42610,-31.5,26.5,150.70622748344698
42611,-31.5,27.0,154.19911911324945
42612,-31.5,27.5,150.26806855894878
42613,-31.5,28.0,149.742693882116
42614,-31.5,28.5,154.7265199588295
42615,-31.5,29.0,155.3432469346198
42616,-31.5,29.5,152.91543000629034
42617,-31.5,30.0,154.48748476797084
42618,-31.5,30.5,152.2484737186481
42619,-31.5,31.0,152.92046670225622
42620,-31.5,31.5,156.56931810877097
42621,-31.5,32.0,157.720502252186
42622,-31.5,32.5,156.77385378592706
42623,-31.5,33.0,158.03249126391324
42624,-31.5,33.5,158.54985818137044
42625,-31.5,34.0,159.58481078167196
42626,-31.5,34.5,153.09196326477354
42627,-31.5,35.0,149.67648146958618
42628,-31.5,35.5,152.02414819894304
42629,-31.5,36.0,154.7995836649161
42630,-31.5,36.5,151.07614133040914
42631,-31.5,37.0,150.56152971066558
42632,-31.5,40.0,168.48409930226822
42633,-31.0,-37.5,150.00419604277474
42634,-31.0,-37.0,147.82555345475495
42635,-31.0,-36.5,147.56306746608763
42636,-31.0,-36.0,147.7400571098085
42637,-31.0,-35.5,146.91067365148493
42638,-31.0,-35.0,148.47989874193064
42639,-31.0,-34.5,148.6299678668656
42640,-31.0,-34.0,152.28837983623873
42641,-31.0,-33.5,151.57690850863494
42642,-31.0,-33.0,149.54632788477585
42643,-31.0,-32.5,146.9177983247866
42644,-31.0,-32.0,147.83341727276985
42645,-31.0,-31.5,147.86445311900152
42646,-31.0,-31.0,150.50638416404402
42647,-31.0,-30.5,148.50640804891387
42648,-31.0,-30.0,151.61096714825993
42649,-31.0,-29.5,150.14803744566765
42650,-31.0,-29.0,149.28807156219426
42651,-31.0,-28.5,150.38708093704284
42652,-31.0,-28.0,148.34037587647916
42653,-31.0,-27.5,148.93485020278183
42654,-31.0,-27.0,150.5257902429183
42655,-31.0,-26.5,149.82909321926772
42656,-31.0,-26.0,150.85987220739293
42657,-31.0,-25.5,150.41848227279303
42658,-31.0,-25.0,151.24251981486827
42659,-31.0,-24.5,149.81790575815847
42660,-31.0,-24.0,149.01771827685783
42661,-31.0,-23.5,148.27431922042496
42662,-31.0,-23.0,150.33067394226927
42663,-31.0,-22.5,149.53273629641498
42664,-31.0,-22.0,159.10655768941947
42665,-31.0,-21.5,153.7386043302975
42666,-31.0,-21.0,150.74081192380837
42667,-31.0,-20.5,156.2090024134671
42668,-31.0,-20.0,148.3421828205543
42669,-31.0,-19.5,149.99934847783342
42670,-31.0,-19.0,150.86023438055273
42671,-31.0,-18.5,149.34142287365313
42672,-31.0,-18.0,148.7715927095665
42673,-31.0,-17.5,155.6429563788402
42674,-31.0,-17.0,148.63587971152964
42675,-31.0,-16.5,149.28585582092924
42676,-31.0,-16.0,152.36201681887684
42677,-31.0,-15.5,149.62669604129857
42678,-31.0,-15.0,150.0061030292531
42679,-31.0,-14.5,150.9526820120562
42680,-31.0,-14.0,151.26151145049764
42681,-31.0,-13.5,150.47645440794605
42682,-31.0,-13.0,151.4831742371837
42683,-31.0,-12.5,152.77855133171127
42684,-31.0,-12.0,149.57415227225312
42685,-31.0,-11.5,147.10785770104346
42686,-31.0,-11.0,149.18013767253908
42687,-31.0,-10.5,151.59285724597854
42688,-31.0,-10.0,150.68002605307046
42689,-31.0,-9.5,151.39597950292386
42690,-31.0,-9.0,145.8846622188153
42691,-31.0,-8.5,152.6591964733735
42692,-31.0,-8.0,150.14838823901388
42693,-31.0,-7.5,149.9707135575194
42694,-31.0,-7.0,149.92328911417889
42695,-31.0,-6.5,149.1983491843536
42696,-31.0,-6.0,148.60487341497927
42697,-31.0,-5.5,147.53822681020802
42698,-31.0,-5.0,148.16436480627877
42699,-31.0,-4.5,148.40863062191025
42700,-31.0,-4.0,146.55567476465382
42701,-31.0,-3.5,149.1115728493397
42702,-31.0,-3.0,148.96123762900868
42703,-31.0,-2.5,149.27727096180044
42704,-31.0,-2.0,148.69507446959275
42705,-31.0,-1.5,148.8068268513892
42706,-31.0,-1.0,148.36138801130934
42707,-31.0,-0.5,150.89217516395945
42708,-31.0,0.5,149.0581670970705
42709,-31.0,1.5,149.97195472372283
42710,-31.0,2.0,148.47652258161176
42711,-31.0,2.5,149.13558174662793
42712,-31.0,3.0,151.23374716611713
42713,-31.0,3.5,151.00140738019604
42714,-31.0,4.0,151.64032749420232
42715,-31.0,4.5,152.09200752934947
42716,-31.0,5.0,154.69854131610472
42717,-31.0,5.5,155.15864381231577
42718,-31.0,6.0,152.40642682083669
42719,-31.0,6.5,152.4826692481713
42720,-31.0,7.0,155.5322828718619
42721,-31.0,7.5,163.2333071921663
42722,-31.0,8.0,159.56455395719775
42723,-31.0,8.5,157.09263830857782
42724,-31.0,9.0,154.22020302560657
42725,-31.0,9.5,152.67524426721135
42726,-31.0,10.0,155.8203089433717
42727,-31.0,10.5,150.69620718059025
42728,-31.0,11.0,152.58402396853396
42729,-31.0,11.5,151.20953972317054
42730,-31.0,12.0,158.3038566479701
42731,-31.0,12.5,152.59529707924995
42732,-31.0,13.0,151.89916208692696
42733,-31.0,13.5,151.0336611148688
42734,-31.0,14.0,150.87014439915248
42735,-31.0,14.5,151.40711061864633
42736,-31.0,15.0,151.45177426232283
42737,-31.0,15.5,151.14498194152017
42738,-31.0,16.0,150.3753909290669
42739,-31.0,16.5,151.52035562291096
42740,-31.0,17.0,149.40022672253474
42741,-31.0,17.5,149.45351224265036
42742,-31.0,18.0,149.04135295040606
42743,-31.0,18.5,149.90433429762888
42744,-31.0,19.0,155.87967120730445
42745,-31.0,19.5,148.8270177935638
42746,-31.0,20.0,150.02825967830006
42747,-31.0,20.5,150.30385284381836
42748,-31.0,21.0,149.00510182185513
42749,-31.0,21.5,149.9665083885874
42750,-31.0,22.0,150.79041141211977
42751,-31.0,22.5,147.43538284908536
42752,-31.0,23.0,166.54079833949692
42753,-31.0,23.5,148.3933589322171
42754,-31.0,24.0,148.31016453931738
42755,-31.0,24.5,149.36036052884276
42756,-31.0,25.0,152.16938232071232
42757,-31.0,25.5,155.81902900387306
42758,-31.0,26.0,152.09546260405634
42759,-31.0,26.5,153.22378122629485
42760,-31.0,27.0,152.8438041558634
42761,-31.0,27.5,150.1795052285511
42762,-31.0,28.0,150.5103008732534
42763,-31.0,28.5,154.66256212990888
42764,-31.0,29.0,157.38809362808524
42765,-31.0,29.5,151.72459249429937
42766,-31.0,30.0,154.59887119067415
42767,-31.0,30.5,151.9590376827899
42768,-31.0,31.0,152.38794609874665
42769,-31.0,31.5,155.79537874571432
42770,-31.0,32.0,161.47042078949457
42771,-31.0,32.5,154.92971236169643
42772,-31.0,33.0,158.1982919163734
42773,-31.0,33.5,157.65719535220154
42774,-31.0,34.0,159.01095058549672
42775,-31.0,34.5,155.8403305254079
42776,-31.0,35.0,151.60647389440433
42777,-31.0,35.5,151.1974381684461
42778,-31.0,36.0,154.53113257405957
42779,-31.0,36.5,150.01922675649212
42780,-31.0,37.0,150.98326438999345
42781,-31.0,40.0,168.4345724450406
42782,-30.5,-37.5,149.38228013011036
42783,-30.5,-37.0,149.5560868485765
42784,-30.5,-36.5,147.5995449447219
42785,-30.5,-35.5,148.5305022580815
42786,-30.5,-35.0,148.69190507918333
42787,-30.5,-34.5,149.2032036824531
42788,-30.5,-34.0,151.6813496673775
42789,-30.5,-33.5,152.27994718389783
42790,-30.5,-33.0,151.14942644871158
42791,-30.5,-32.5,146.6948663952827
42792,-30.5,-32.0,147.62361269514787
42793,-30.5,-31.5,148.18033981084926
42794,-30.5,-31.0,150.30711917959883
42795,-30.5,-30.5,152.20327321077434
42796,-30.5,-30.0,157.39189512660226
42797,-30.5,-29.5,149.87761159394742
42798,-30.5,-29.0,149.2380000410634
42799,-30.5,-28.5,150.81500758192325
42800,-30.5,-28.0,147.75038191645174
42801,-30.5,-27.5,149.657509233634
42802,-30.5,-27.0,149.82092581931144
42803,-30.5,-26.5,150.6670615023107
42804,-30.5,-26.0,149.49245755118875
42805,-30.5,-25.5,150.99758652415468
42806,-30.5,-25.0,151.26585758573518
42807,-30.5,-24.5,149.9002150366124
42808,-30.5,-24.0,147.69865781725483
42809,-30.5,-23.5,149.74966600820537
42810,-30.5,-23.0,150.10420362247098
42811,-30.5,-22.5,149.13130987955955
42812,-30.5,-22.0,150.0799183414068
42813,-30.5,-21.5,155.31510373534516
42814,-30.5,-21.0,149.33767014922483
42815,-30.5,-20.5,150.17382849207866
42816,-30.5,-20.0,154.79493453520297
42817,-30.5,-19.5,149.96373201240468
42818,-30.5,-19.0,148.51945426882193
42819,-30.5,-18.5,150.31191259714663
42820,-30.5,-18.0,149.81094448827673
42821,-30.5,-17.5,162.2400486764992
42822,-30.5,-17.0,153.40148709261933
42823,-30.5,-16.5,148.6330373678061
42824,-30.5,-16.0,153.11372791726527
42825,-30.5,-15.5,151.7213498028624
42826,-30.5,-15.0,150.2582387989203
42827,-30.5,-14.5,150.50883631892944
42828,-30.5,-14.0,151.2554822191228
42829,-30.5,-13.5,150.1802345757767
42830,-30.5,-13.0,152.32854869635926
42831,-30.5,-12.5,153.34796249591378
42832,-30.5,-12.0,151.33981767250498
42833,-30.5,-11.5,149.65862004410667
42834,-30.5,-11.0,149.47056127042413
42835,-30.5,-10.5,149.51585186298007
42836,-30.5,-10.0,152.48721766311647
42837,-30.5,-9.5,151.50972427835956
42838,-30.5,-9.0,149.07932557596865
42839,-30.5,-8.5,147.88338229931344
42840,-30.5,-8.0,150.98356179349184
42841,-30.5,-7.5,150.05059208525836
42842,-30.5,-7.0,149.12938737363595
42843,-30.5,-6.5,149.08798606924557
42844,-30.5,-6.0,148.76595637696948
42845,-30.5,-5.5,147.39531095648883
42846,-30.5,-5.0,147.4989112319331
42847,-30.5,-4.5,147.9002304400883
42848,-30.5,-4.0,148.10070627088237
42849,-30.5,-3.5,147.85110848076962
42850,-30.5,-3.0,149.8079662503079
42851,-30.5,-2.5,149.32000079724523
42852,-30.5,-2.0,149.20155729675014
42853,-30.5,-1.5,148.52515229389962
42854,-30.5,-1.0,149.38388681183977
42855,-30.5,-0.5,151.56188599437826
42856,-30.5,0.0,148.82423706082278
42857,-30.5,0.5,148.97037661358436
42858,-30.5,1.0,149.71199031823406
42859,-30.5,1.5,149.77959220203613
42860,-30.5,2.0,149.72571597904945
42861,-30.5,2.5,149.68552313851475
42862,-30.5,3.0,150.22675574645905
42863,-30.5,3.5,150.84014647378564
42864,-30.5,4.0,150.91199760434634
42865,-30.5,4.5,153.41688791970955
42866,-30.5,5.0,156.4375989406922
42867,-30.5,5.5,152.15540620309645
42868,-30.5,6.5,152.09556502171165
42869,-30.5,7.0,164.7452137722075
42870,-30.5,7.5,157.54208521647593
42871,-30.5,8.0,160.8756681620252
42872,-30.5,8.5,154.30943956488895
42873,-30.5,9.0,153.57985358148954
42874,-30.5,9.5,154.8203632784404
42875,-30.5,10.0,152.43466627536628
42876,-30.5,10.5,157.34515158954133
42877,-30.5,11.0,152.49982199908382
42878,-30.5,11.5,151.8316278618883
42879,-30.5,12.0,152.18769305324054
42880,-30.5,13.0,152.49396027295225
42881,-30.5,13.5,151.39396435983832
42882,-30.5,14.0,150.46064319854784
42883,-30.5,14.5,153.4087862602748
42884,-30.5,15.0,152.31702664838522
42885,-30.5,15.5,151.49326477088286
42886,-30.5,16.0,156.3515188020451
42887,-30.5,16.5,149.54562422399798
42888,-30.5,17.0,148.7292730125033
42889,-30.5,17.5,149.91582260312393
42890,-30.5,18.0,151.34579994130212
42891,-30.5,18.5,150.67467854205591
42892,-30.5,19.0,148.81002709953322
42893,-30.5,19.5,148.4167783244642
42894,-30.5,20.0,150.1983398394087
42895,-30.5,20.5,151.3175341269056
42896,-30.5,21.0,149.06436207034375
42897,-30.5,21.5,149.14264838975794
42898,-30.5,22.5,155.19448006511996
42899,-30.5,23.0,160.79637485245132
42900,-30.5,23.5,148.58522907809814
42901,-30.5,24.0,148.83717370126743
42902,-30.5,24.5,149.13083453088169
42903,-30.5,25.0,155.72162759268946
42904,-30.5,25.5,149.02219754150897
42905,-30.5,26.0,151.47688217544675
42906,-30.5,26.5,153.63108373585328
42907,-30.5,27.0,151.71059960044394
42908,-30.5,27.5,150.27555667257326
42909,-30.5,28.0,155.6427557405576
42910,-30.5,28.5,154.09721488077508
42911,-30.5,29.0,154.4641529034724
42912,-30.5,29.5,152.75690226230031
42913,-30.5,30.0,155.01456125128695
42914,-30.5,30.5,153.10541492610832
42915,-30.5,31.0,153.11629041555443
42916,-30.5,31.5,155.48663164923178
42917,-30.5,32.0,159.49317592899502
42918,-30.5,32.5,154.44328985597977
42919,-30.5,33.0,155.12656454994817
42920,-30.5,33.5,160.45878878925507
42921,-30.5,34.0,158.5034238038737
42922,-30.5,34.5,154.51308986352413
42923,-30.5,35.0,152.37221764452133
42924,-30.5,35.5,148.97685859326253
42925,-30.5,36.0,152.63964953500394
42926,-30.5,36.5,149.33770902903404
42927,-30.5,37.0,151.0556222107754
42928,-30.5,40.0,168.44389679301557
42929,-30.0,-37.5,148.83561117662518
42930,-30.0,-37.0,149.79751178014047
42931,-30.0,-36.5,147.57567968857012
42932,-30.0,-35.5,148.76318599515508
42933,-30.0,-35.0,148.53735468586257
42934,-30.0,-34.5,149.27315283331887
42935,-30.0,-34.0,151.01418663349818
42936,-30.0,-33.5,152.8237579164153
42937,-30.0,-33.0,151.73205601956747
42938,-30.0,-32.5,146.4824660648274
42939,-30.0,-32.0,147.7325057457008
42940,-30.0,-31.5,148.30459567516263
42941,-30.0,-31.0,152.74009802094318
42942,-30.0,-30.5,155.09555031956683
42943,-30.0,-30.0,157.80471471837205
42944,-30.0,-29.5,149.47699779103394
42945,-30.0,-29.0,151.5230997030029
42946,-30.0,-28.5,149.54475236341543
42947,-30.0,-28.0,148.9236221916511
42948,-30.0,-27.5,150.94865690780648
42949,-30.0,-27.0,149.50574249474124
42950,-30.0,-26.5,152.26841930536108
42951,-30.0,-26.0,148.09017705493693
42952,-30.0,-25.5,151.69113949972976
42953,-30.0,-25.0,150.7745886779546
42954,-30.0,-24.5,149.43518050038674
42955,-30.0,-24.0,148.97813317364057
42956,-30.0,-23.5,151.43654572895068
42957,-30.0,-23.0,149.33698598387068
42958,-30.0,-22.5,148.75844790346702
42959,-30.0,-22.0,150.69184965525545
42960,-30.0,-21.5,154.72104733094437
42961,-30.0,-21.0,155.553226583646
42962,-30.0,-20.5,147.3005048685512
42963,-30.0,-20.0,153.9348623585512
42964,-30.0,-19.5,153.73500449219046
42965,-30.0,-19.0,149.18246667275446
42966,-30.0,-18.5,148.4015504442506
42967,-30.0,-18.0,157.5916336757337
42968,-30.0,-17.0,159.13122240075026
42969,-30.0,-16.5,148.8850128231102
42970,-30.0,-16.0,149.22947183105825
42971,-30.0,-15.5,153.43649482803934
42972,-30.0,-15.0,150.7906682728685
42973,-30.0,-14.5,150.49235044456427
42974,-30.0,-14.0,150.60673729436644
42975,-30.0,-13.5,151.45290414739523
42976,-30.0,-13.0,153.07557513263671
42977,-30.0,-12.5,149.96166765421287
42978,-30.0,-12.0,151.1374916177669
42979,-30.0,-11.5,151.14428780117584
42980,-30.0,-11.0,149.15168919540196
42981,-30.0,-10.5,147.52917183003004
42982,-30.0,-10.0,148.43802523000733
42983,-30.0,-9.5,150.7587553369707
42984,-30.0,-9.0,148.84092170355834
42985,-30.0,-8.5,148.69023193560045
42986,-30.0,-8.0,149.0532542125234
42987,-30.0,-7.5,150.67694812347585
42988,-30.0,-7.0,149.2896187535916
42989,-30.0,-6.5,148.90447321326786
42990,-30.0,-6.0,148.94461477586054
42991,-30.0,-5.5,148.58861631016995
42992,-30.0,-5.0,146.85492945358274
42993,-30.0,-4.5,146.97129382881127
42994,-30.0,-4.0,148.72662255525663
42995,-30.0,-3.5,148.64485811483448
42996,-30.0,-3.0,147.64316511236203
42997,-30.0,-2.5,149.8658025314312
42998,-30.0,-2.0,148.97409249752397
42999,-30.0,-1.5,149.11372532531206
43000,-30.0,-1.0,149.48804602804273
43001,-30.0,-0.5,148.8075129484483
43002,-30.0,0.0,148.73589882268914
43003,-30.0,0.5,149.5478500663033
43004,-30.0,1.0,149.66400223890327
43005,-30.0,2.0,150.92760336249742
43006,-30.0,2.5,149.97884079320013
43007,-30.0,3.0,148.8751827243569
43008,-30.0,3.5,150.64749617234733
43009,-30.0,4.0,151.63640328485351
43010,-30.0,4.5,153.044852134178
43011,-30.0,5.0,151.69862028022158
43012,-30.0,5.5,151.589379774877
43013,-30.0,6.0,151.4551099679176
43014,-30.0,6.5,164.81598422609363
43015,-30.0,7.0,160.2762195108567
43016,-30.0,7.5,162.22620103523735
43017,-30.0,8.0,156.36524654719267
43018,-30.0,9.0,154.20304176720566
43019,-30.0,9.5,154.2816903609916
43020,-30.0,10.0,152.1085297449489
43021,-30.0,10.5,156.7951787508692
43022,-30.0,11.0,156.54558825705016
43023,-30.0,11.5,153.89367969552757
43024,-30.0,12.0,151.09670850808806
43025,-30.0,12.5,152.20179709525001
43026,-30.0,13.0,152.62081002675922
43027,-30.0,13.5,152.14236257721944
43028,-30.0,14.0,153.0496414913163
43029,-30.0,14.5,151.3111241217423
43030,-30.0,15.0,152.21540534910233
43031,-30.0,15.5,153.25142170633495
43032,-30.0,16.0,153.85329673345564
43033,-30.0,16.5,152.0854918906384
43034,-30.0,17.0,149.74276859848044
43035,-30.0,17.5,150.3513755128705
43036,-30.0,18.0,149.9226646287802
43037,-30.0,18.5,147.9560097054708
43038,-30.0,19.0,148.4896513667161
43039,-30.0,19.5,149.23889437401618
43040,-30.0,20.0,149.68780932202768
43041,-30.0,20.5,150.9169834244657
43042,-30.0,21.0,155.9468199746126
43043,-30.0,21.5,152.6636091244936
43044,-30.0,22.0,147.56830912592824
43045,-30.0,22.5,164.35082811196872
43046,-30.0,23.0,147.3001579147232
43047,-30.0,23.5,148.79173397011002
43048,-30.0,24.0,149.07365350936118
43049,-30.0,24.5,151.03606256931235
43050,-30.0,25.0,157.00666748881122
43051,-30.0,25.5,148.137754323468
43052,-30.0,26.0,152.45540164517175
43053,-30.0,26.5,150.44695615090527
43054,-30.0,27.0,150.21024460885542
43055,-30.0,27.5,150.8793895466958
43056,-30.0,28.0,150.70967460198622
43057,-30.0,28.5,156.84672872849234
43058,-30.0,29.0,152.5786183363206
43059,-30.0,29.5,153.9831068105835
43060,-30.0,30.0,152.50463228926003
43061,-30.0,30.5,153.07232115883758
43062,-30.0,31.0,152.101723890972
43063,-30.0,31.5,155.14724803945066
43064,-30.0,32.0,157.5188823511888
43065,-30.0,32.5,155.1526025846279
43066,-30.0,33.0,155.1859635100503
43067,-30.0,33.5,161.46546449631498
43068,-30.0,34.0,154.57020914375983
43069,-30.0,34.5,159.06205711739693
43070,-30.0,35.0,151.90522274763538
43071,-30.0,35.5,149.61189598369484
43072,-30.0,36.0,153.66086497417888
43073,-30.0,36.5,149.62246615810574
43074,-30.0,37.0,151.16463811654356
43075,-30.0,40.0,168.40300085589058
43076,-29.5,-37.5,148.05634522258788
43077,-29.5,-37.0,149.66586455416615
43078,-29.5,-36.5,147.7131353196454
43079,-29.5,-35.5,149.89709847085717
43080,-29.5,-35.0,148.76899594883085
43081,-29.5,-34.5,148.94265537832737
43082,-29.5,-34.0,151.1744538186823
43083,-29.5,-33.5,150.07954641003622
43084,-29.5,-33.0,154.10824766516063
43085,-29.5,-32.5,147.16582720851514
43086,-29.5,-32.0,147.59459688890857
43087,-29.5,-31.5,149.01377856229456
43088,-29.5,-31.0,150.05331078082318
43089,-29.5,-30.5,153.0790021422365
43090,-29.5,-30.0,156.0424555618792
43091,-29.5,-29.5,149.90101148588124
43092,-29.5,-29.0,151.04937997494568
43093,-29.5,-28.5,148.51456810597037
43094,-29.5,-28.0,149.52226788993374
43095,-29.5,-27.5,149.2223294983686
43096,-29.5,-27.0,149.72948257348736
43097,-29.5,-26.5,150.84816446656714
43098,-29.5,-26.0,147.7479650698858
43099,-29.5,-25.5,151.62442850386873
43100,-29.5,-25.0,150.87554611073307
43101,-29.5,-24.5,148.1812044373735
43102,-29.5,-24.0,150.30208488620042
43103,-29.5,-23.5,150.72113359011044
43104,-29.5,-23.0,149.53317918969617
43105,-29.5,-22.5,148.80194723064753
43106,-29.5,-22.0,151.08425944703208
43107,-29.5,-21.5,149.49088233501138
43108,-29.5,-21.0,156.68324833988393
43109,-29.5,-20.5,149.24042917209925
43110,-29.5,-20.0,149.82862682352197
43111,-29.5,-19.5,152.4478594996348
43112,-29.5,-19.0,149.52764636109598
43113,-29.5,-18.5,150.7353289824642
43114,-29.5,-18.0,159.33231087343998
43115,-29.5,-17.5,148.24791862943073
43116,-29.5,-17.0,150.29220208418806
43117,-29.5,-16.5,153.49848702972818
43118,-29.5,-16.0,149.13269420816258
43119,-29.5,-15.5,150.99707243191423
43120,-29.5,-15.0,154.7634263525322
43121,-29.5,-14.5,150.67947559786685
43122,-29.5,-14.0,150.86854608611927
43123,-29.5,-13.5,152.46001862274838
43124,-29.5,-13.0,155.92300054419115
43125,-29.5,-12.5,150.14577211928193
43126,-29.5,-12.0,151.91784994090426
43127,-29.5,-11.5,151.10537594213946
43128,-29.5,-11.0,149.82036486738588
43129,-29.5,-10.5,147.48529779663048
43130,-29.5,-10.0,155.18134339836746
43131,-29.5,-9.5,150.57921662672942
43132,-29.5,-9.0,151.77431765572342
43133,-29.5,-8.5,150.13139915676675
43134,-29.5,-8.0,148.11729314052758
43135,-29.5,-7.5,147.94509159696202
43136,-29.5,-7.0,149.21358034676766
43137,-29.5,-6.5,147.80455560806482
43138,-29.5,-6.0,148.4324999463631
43139,-29.5,-5.5,148.47226921632029
43140,-29.5,-5.0,147.29588935968886
43141,-29.5,-4.5,146.99547828533244
43142,-29.5,-4.0,149.96108383845663
43143,-29.5,-3.5,149.45859331699958
43144,-29.5,-3.0,147.36854471829977
43145,-29.5,-2.5,148.40930096693532
43146,-29.5,-2.0,149.2673562479483
43147,-29.5,-1.5,149.61574172124574
43148,-29.5,-1.0,148.5332649585263
43149,-29.5,-0.5,148.74714845009277
43150,-29.5,0.0,149.01084123814843
43151,-29.5,0.5,149.39810142393605
43152,-29.5,1.5,150.78152817730282
43153,-29.5,2.0,150.20667750966902
43154,-29.5,2.5,150.0566726570182
43155,-29.5,3.0,149.88116288146588
43156,-29.5,3.5,148.1810609457436
43157,-29.5,4.0,152.2619577089961
43158,-29.5,4.5,151.04916102473013
43159,-29.5,5.0,151.3434790504167
43160,-29.5,5.5,150.9649422271369
43161,-29.5,6.0,151.50640622047126
43162,-29.5,6.5,167.0433613620938
43163,-29.5,7.0,160.33485078511325
43164,-29.5,7.5,157.66728956045228
43165,-29.5,8.5,156.78267351234612
43166,-29.5,9.0,157.28151756072978
43167,-29.5,9.5,152.92941653568735
43168,-29.5,10.0,154.076896402066
43169,-29.5,10.5,152.23671249144837
43170,-29.5,11.0,160.16013241315474
43171,-29.5,11.5,154.6571227652597
43172,-29.5,12.0,151.93022960519994
43173,-29.5,12.5,151.31712730961797
43174,-29.5,13.0,151.75945086882493
43175,-29.5,13.5,153.29538559577097
43176,-29.5,14.0,153.75374007286382
43177,-29.5,14.5,151.7031393970856
43178,-29.5,15.0,151.11646886073217
43179,-29.5,15.5,153.78093712029258
43180,-29.5,16.0,151.08261062316367
43181,-29.5,16.5,158.50179783760362
43182,-29.5,17.0,155.30822673445
43183,-29.5,17.5,149.51176496189666
43184,-29.5,18.0,148.81715515452953
43185,-29.5,18.5,149.17461415841726
43186,-29.5,19.0,148.59454494375996
43187,-29.5,19.5,149.07837213804416
43188,-29.5,20.0,150.62796316294956
43189,-29.5,20.5,150.5707761659134
43190,-29.5,21.0,157.59834527465551
43191,-29.5,21.5,156.56819246513263
43192,-29.5,22.0,155.09093729309652
43193,-29.5,22.5,163.42806103470335
43194,-29.5,23.0,147.35592514710987
43195,-29.5,23.5,149.37202612484438
43196,-29.5,24.0,148.81775632764848
43197,-29.5,24.5,153.36208962339572
43198,-29.5,25.0,153.42328564590275
43199,-29.5,25.5,148.67240296171468
43200,-29.5,26.0,151.75218017429646
43201,-29.5,26.5,150.02411413319135
43202,-29.5,27.0,149.78138923911726
43203,-29.5,27.5,150.89539588406996
43204,-29.5,28.0,153.78763720819126
43205,-29.5,28.5,159.13197983511617
43206,-29.5,29.0,151.36888798524387
43207,-29.5,29.5,153.48772743423746
43208,-29.5,30.0,152.48789658182133
43209,-29.5,30.5,152.90114397322574
43210,-29.5,31.0,153.5579619191504
43211,-29.5,31.5,155.47482474210022
43212,-29.5,32.0,155.14254000541297
43213,-29.5,32.5,159.51838338907112
43214,-29.5,33.0,154.18657660445535
43215,-29.5,33.5,160.70581457064094
43216,-29.5,34.0,154.30875911128894
43217,-29.5,34.5,154.64082919469422
43218,-29.5,35.0,153.0170703460033
43219,-29.5,35.5,149.16755752458016
43220,-29.5,36.0,155.4898371363415
43221,-29.5,36.5,150.73034664272836
43222,-29.5,37.0,150.9215475780061
43223,-29.5,40.0,168.40628956095827
43224,-29.0,-37.5,148.30143416429544
43225,-29.0,-37.0,149.44615749071016
43226,-29.0,-36.5,147.72886428858783
43227,-29.0,-35.5,149.30950273484999
43228,-29.0,-35.0,150.1492938842018
43229,-29.0,-34.5,148.36847077828364
43230,-29.0,-34.0,151.1485765351867
43231,-29.0,-33.5,150.14657458185818
43232,-29.0,-33.0,153.94395754645885
43233,-29.0,-32.5,147.18326882872705
43234,-29.0,-32.0,147.65250776759763
43235,-29.0,-31.5,149.21188639983671
43236,-29.0,-31.0,148.48320216354713
43237,-29.0,-30.5,152.99319444048575
43238,-29.0,-30.0,150.8995042390733
43239,-29.0,-29.5,159.44649433362198
43240,-29.0,-29.0,149.83131512673188
43241,-29.0,-28.5,148.34228899590755
43242,-29.0,-28.0,150.32509632904407
43243,-29.0,-27.5,148.97734918979475
43244,-29.0,-27.0,151.628880275935
43245,-29.0,-26.5,150.0582555659958
43246,-29.0,-26.0,149.97842817653415
43247,-29.0,-25.5,151.6525926719961
43248,-29.0,-25.0,151.44711789061367
43249,-29.0,-24.5,147.69178334847876
43250,-29.0,-24.0,150.26617456890662
43251,-29.0,-23.5,149.4315811414719
43252,-29.0,-23.0,150.5266692628373
43253,-29.0,-22.5,150.29528408676194
43254,-29.0,-22.0,149.94615019610393
43255,-29.0,-21.5,150.02137130206836
43256,-29.0,-21.0,156.88104307907145
43257,-29.0,-20.5,157.5885229712362
43258,-29.0,-20.0,148.8494101720489
43259,-29.0,-19.5,149.05885547491152
43260,-29.0,-19.0,148.61286393499293
43261,-29.0,-18.5,153.4117970753558
43262,-29.0,-17.5,147.99408670718663
43263,-29.0,-16.5,148.78869631388974
43264,-29.0,-16.0,149.59581818638446
43265,-29.0,-15.5,150.43961375052908
43266,-29.0,-15.0,153.54893893589482
43267,-29.0,-14.5,156.67377912952918
43268,-29.0,-14.0,150.92029088951767
43269,-29.0,-13.5,153.28367455311508
43270,-29.0,-13.0,150.9767070232779
43271,-29.0,-12.5,151.47213261002128
43272,-29.0,-12.0,151.1440532357516
43273,-29.0,-11.5,151.46808969022632
43274,-29.0,-11.0,151.09044900430754
43275,-29.0,-10.5,147.29779382952398
43276,-29.0,-10.0,150.80530173479906
43277,-29.0,-9.5,151.77014332568666
43278,-29.0,-9.0,151.6040561500049
43279,-29.0,-8.5,150.39650365257842
43280,-29.0,-8.0,150.0452333527578
43281,-29.0,-7.5,147.8951632886388
43282,-29.0,-7.0,147.9392777863492
43283,-29.0,-6.5,148.5375626953041
43284,-29.0,-6.0,148.49730209758945
43285,-29.0,-5.5,147.41934841522715
43286,-29.0,-5.0,148.0522377503157
43287,-29.0,-4.5,149.19709119228685
43288,-29.0,-4.0,148.38589685815563
43289,-29.0,-3.0,148.99179414365943
43290,-29.0,-2.5,147.25136980845426
43291,-29.0,-2.0,149.64076749298982
43292,-29.0,-1.5,148.67843997507183
43293,-29.0,-1.0,148.43715879036523
43294,-29.0,-0.5,148.71229223855
43295,-29.0,0.0,148.90965780503186
43296,-29.0,0.5,148.98543102423397
43297,-29.0,1.0,150.60614708785374
43298,-29.0,1.5,150.15805916266822
43299,-29.0,2.0,149.9252149547433
43300,-29.0,2.5,150.12981497697274
43301,-29.0,3.0,149.7195977632411
43302,-29.0,3.5,150.90876374431787
43303,-29.0,4.0,147.9054822916078
43304,-29.0,4.5,150.93579721775686
43305,-29.0,5.0,150.6521210891622
43306,-29.0,5.5,150.58806915088306
43307,-29.0,6.5,152.55121906907303
43308,-29.0,7.0,153.84052201089395
43309,-29.0,7.5,153.4210210220093
43310,-29.0,8.5,156.83835118164293
43311,-29.0,9.0,158.63717164621923
43312,-29.0,9.5,154.09351087928076
43313,-29.0,10.0,153.78835798624866
43314,-29.0,10.5,152.07329721012312
43315,-29.0,11.0,155.8499868885242
43316,-29.0,11.5,162.4326873289856
43317,-29.0,12.0,154.07070779520652
43318,-29.0,12.5,151.56909434328873
43319,-29.0,13.0,150.9771038303154
43320,-29.0,13.5,156.6985570786033
43321,-29.0,14.0,152.7265552042919
43322,-29.0,14.5,153.00130151258958
43323,-29.0,15.0,151.36632327541878
43324,-29.0,15.5,152.42328650845542
43325,-29.0,16.0,152.5867666337486
43326,-29.0,16.5,153.07901747203044
43327,-29.0,17.0,157.96506924105276
43328,-29.0,17.5,147.82381446038033
43329,-29.0,18.0,148.24061523084248
43330,-29.0,18.5,148.97829681646897
43331,-29.0,19.0,149.09331407516308
43332,-29.0,19.5,148.18219242714423
43333,-29.0,20.0,150.1188979824327
43334,-29.0,20.5,157.15721354621533
43335,-29.0,21.0,152.00720819871333
43336,-29.0,21.5,160.42718139433381
43337,-29.0,22.0,154.62326442319736
43338,-29.0,22.5,152.2734267426091
43339,-29.0,23.0,147.292072805787
43340,-29.0,23.5,148.3267040781788
43341,-29.0,24.0,151.83514334773676
43342,-29.0,24.5,152.7921070613792
43343,-29.0,25.0,150.6335277037153
43344,-29.0,25.5,154.0407855594546
43345,-29.0,26.0,150.20430551159305
43346,-29.0,26.5,149.27375157146008
43347,-29.0,27.0,149.2105784704059
43348,-29.0,27.5,150.59877020202092
43349,-29.0,28.0,155.65094659411992
43350,-29.0,28.5,155.86234116909392
43351,-29.0,29.0,151.49087010004178
43352,-29.0,29.5,153.58611702634727
43353,-29.0,30.0,153.14079432786116
43354,-29.0,30.5,153.12337110903525
43355,-29.0,31.0,153.08118035269717
43356,-29.0,31.5,156.2928103744412
43357,-29.0,32.0,152.9986681341195
43358,-29.0,32.5,157.4212082459029
43359,-29.0,33.0,154.6782474237495
43360,-29.0,33.5,159.25804462474468
43361,-29.0,34.0,155.44090201259766
43362,-29.0,34.5,152.85085353094098
43363,-29.0,35.0,152.62978474888905
43364,-29.0,35.5,149.42851459838207
43365,-29.0,36.0,153.52594758524393
43366,-29.0,36.5,150.88380606706176
43367,-29.0,37.0,151.2469986450023
43368,-29.0,40.0,168.3690154258094
43369,-28.5,-37.5,148.7293154140503
43370,-28.5,-37.0,148.76023139421278
43371,-28.5,-36.5,147.6779359547463
43372,-28.5,-35.5,150.812841172189
43373,-28.5,-35.0,150.35592614838507
43374,-28.5,-34.5,150.4379215210693
43375,-28.5,-34.0,149.82200290814157
43376,-28.5,-33.5,150.90929025986128
43377,-28.5,-33.0,151.86235130146056
43378,-28.5,-32.5,147.45954366902902
43379,-28.5,-32.0,149.8273998525711
43380,-28.5,-31.5,148.57699479096334
43381,-28.5,-31.0,149.8812208233119
43382,-28.5,-30.5,152.43147881589366
43383,-28.5,-30.0,150.87733451425942
43384,-28.5,-29.5,157.45525693820488
43385,-28.5,-29.0,149.5559731861473
43386,-28.5,-28.5,149.36070822860174
43387,-28.5,-28.0,151.75511831882642
43388,-28.5,-27.5,149.42704183573375
43389,-28.5,-27.0,151.7111387562933
43390,-28.5,-26.5,150.22896326884276
43391,-28.5,-26.0,150.61933382596217
43392,-28.5,-25.5,151.15053228019582
43393,-28.5,-25.0,149.87309402481267
43394,-28.5,-24.5,148.40745443095963
43395,-28.5,-24.0,150.00937154840454
43396,-28.5,-23.5,149.1486948945258
43397,-28.5,-23.0,150.79339904119038
43398,-28.5,-22.5,150.5687560407162
43399,-28.5,-22.0,149.2380802184931
43400,-28.5,-21.5,148.91426933709613
43401,-28.5,-21.0,150.0941631957289
43402,-28.5,-20.5,149.45245956836035
43403,-28.5,-20.0,148.21563166445114
43404,-28.5,-19.5,149.12885407146004
43405,-28.5,-19.0,151.1618188211395
43406,-28.5,-18.5,153.2339480997159
43407,-28.5,-18.0,148.72115537272077
43408,-28.5,-17.5,147.8830822156349
43409,-28.5,-17.0,148.55051899240905
43410,-28.5,-16.5,149.0779959376377
43411,-28.5,-16.0,150.13143119898584
43412,-28.5,-15.5,149.72345477171282
43413,-28.5,-15.0,150.200900261164
43414,-28.5,-14.5,151.33482224215788
43415,-28.5,-14.0,156.74330180269214
43416,-28.5,-13.5,152.27201350256175
43417,-28.5,-13.0,150.89008854071974
43418,-28.5,-12.5,152.45577783714205
43419,-28.5,-12.0,151.06940692301137
43420,-28.5,-11.5,151.24513860827764
43421,-28.5,-11.0,151.10727032237355
43422,-28.5,-10.5,149.82779589859763
43423,-28.5,-10.0,147.71034682593088
43424,-28.5,-9.5,150.6066164035342
43425,-28.5,-9.0,150.24417342744266
43426,-28.5,-8.5,151.89528163638187
43427,-28.5,-8.0,149.97410245197472
43428,-28.5,-7.5,149.20604915205638
43429,-28.5,-7.0,147.42924150332797
43430,-28.5,-6.5,149.80912275314535
43431,-28.5,-6.0,147.76372206745114
43432,-28.5,-5.5,147.56031898450223
43433,-28.5,-5.0,148.77614008819958
43434,-28.5,-4.5,150.8283048949624
43435,-28.5,-4.0,147.3312121602254
43436,-28.5,-3.5,148.56706132956356
43437,-28.5,-3.0,148.315350370439
43438,-28.5,-2.5,149.49094911153148
43439,-28.5,-2.0,146.50165709268302
43440,-28.5,-1.5,148.86210561833317
43441,-28.5,-1.0,148.54382099898191
43442,-28.5,-0.5,148.8089659956
43443,-28.5,0.0,148.64923638538477
43444,-28.5,0.5,148.8486335943842
43445,-28.5,1.0,150.46168506481163
43446,-28.5,1.5,149.55529401010205
43447,-28.5,2.0,150.02577789357377
43448,-28.5,2.5,149.5830464153062
43449,-28.5,3.0,151.46242518231276
43450,-28.5,3.5,151.09130197893145
43451,-28.5,4.0,149.57709082715374
43452,-28.5,4.5,147.3775358400237
43453,-28.5,5.0,150.58724794406035
43454,-28.5,5.5,151.23260082388143
43455,-28.5,6.0,151.86045592660605
43456,-28.5,6.5,151.8941528059662
43457,-28.5,7.0,152.10172177073653
43458,-28.5,8.0,154.91841434143365
43459,-28.5,8.5,156.95578404289984
43460,-28.5,9.0,159.20994959613358
43461,-28.5,9.5,158.28463058594218
43462,-28.5,10.0,151.83834535350755
43463,-28.5,10.5,155.35267215844226
43464,-28.5,11.0,151.04232290102945
43465,-28.5,11.5,160.16823655280018
43466,-28.5,12.0,156.5666987449064
43467,-28.5,12.5,153.0481144037872
43468,-28.5,13.0,153.1404751102949
43469,-28.5,13.5,151.69814784809896
43470,-28.5,14.0,153.24567495453923
43471,-28.5,14.5,153.89965528875302
43472,-28.5,15.0,153.1365005217061
43473,-28.5,15.5,151.36262940371788
43474,-28.5,16.0,153.81318516872645
43475,-28.5,16.5,152.4700582781739
43476,-28.5,17.0,155.97848318835545
43477,-28.5,17.5,160.66454046790562
43478,-28.5,18.0,148.2432450017378
43479,-28.5,18.5,147.8973030103285
43480,-28.5,19.0,149.63867214177557
43481,-28.5,19.5,150.19397865075032
43482,-28.5,20.0,150.4834167386276
43483,-28.5,20.5,154.68610287267282
43484,-28.5,21.0,153.18603136346508
43485,-28.5,21.5,154.9765281351721
43486,-28.5,22.0,156.47161817167083
43487,-28.5,22.5,151.3404810860451
43488,-28.5,23.0,149.43228843228567
43489,-28.5,23.5,148.3439778138523
43490,-28.5,24.0,153.57162314494667
43491,-28.5,24.5,151.3256985965281
43492,-28.5,25.0,149.74919313342832
43493,-28.5,25.5,153.42576478258502
43494,-28.5,26.0,150.6461890945347
43495,-28.5,26.5,148.65470593656605
43496,-28.5,27.0,149.8314927032156
43497,-28.5,27.5,151.51036284242554
43498,-28.5,28.0,158.48783837961997
43499,-28.5,28.5,153.665470701446
43500,-28.5,29.0,151.6997472521265
43501,-28.5,29.5,151.66331438471562
43502,-28.5,30.0,153.55911254597447
43503,-28.5,30.5,153.97466145598335
43504,-28.5,31.0,153.97938035225113
43505,-28.5,31.5,155.4025975281379
43506,-28.5,32.0,155.09251751709746
43507,-28.5,32.5,152.82404400603306
43508,-28.5,33.0,158.33215831051388
43509,-28.5,33.5,157.3618768831476
43510,-28.5,34.0,158.6065888592508
43511,-28.5,34.5,152.77509390211432
43512,-28.5,35.0,154.39781693969337
43513,-28.5,35.5,149.03247217677932
43514,-28.5,36.0,152.60006965282074
43515,-28.5,36.5,150.51474850863985
43516,-28.5,37.0,153.2642922998004
43517,-28.5,39.5,168.37471970499308
43518,-28.5,40.0,168.52501046070233
43519,-28.0,-37.5,148.6839609681204
43520,-28.0,-37.0,148.64542398052532
43521,-28.0,-36.5,147.75374783127094
43522,-28.0,-35.5,151.43463840553528
43523,-28.0,-35.0,150.47314545225305
43524,-28.0,-34.5,150.49627078594523
43525,-28.0,-34.0,150.7406774485271
43526,-28.0,-33.5,150.8423633442644
43527,-28.0,-33.0,150.75798259230243
43528,-28.0,-32.5,147.67384571349817
43529,-28.0,-32.0,150.95046383758137
43530,-28.0,-31.5,146.85929134651167
43531,-28.0,-31.0,151.32322554353524
43532,-28.0,-30.5,150.15512003498324
43533,-28.0,-30.0,154.42827602763853
43534,-28.0,-29.5,156.34354025323134
43535,-28.0,-29.0,152.2825320642475
43536,-28.0,-28.5,148.8770728378463
43537,-28.0,-28.0,150.40459734925082
43538,-28.0,-27.5,150.67226991910456
43539,-28.0,-27.0,150.36155721907852
43540,-28.0,-26.5,151.33347713217148
43541,-28.0,-26.0,151.18814616097615
43542,-28.0,-25.5,150.37221322243292
43543,-28.0,-25.0,148.73823176681404
43544,-28.0,-24.5,150.77569538209173
43545,-28.0,-24.0,149.28973199386778
43546,-28.0,-23.5,149.73728747317136
43547,-28.0,-23.0,149.68409650235117
43548,-28.0,-22.5,149.85883956684168
43549,-28.0,-22.0,149.65625035462068
43550,-28.0,-21.5,148.67657949019465
43551,-28.0,-21.0,149.73777344916246
43552,-28.0,-20.5,148.59536557277337
43553,-28.0,-20.0,149.2044353813654
43554,-28.0,-19.5,147.7759126705668
43555,-28.0,-19.0,154.04674824330291
43556,-28.0,-18.5,149.9206629698686
43557,-28.0,-18.0,148.7101647059562
43558,-28.0,-17.5,148.64609383050902
43559,-28.0,-17.0,148.36702462433163
43560,-28.0,-16.5,150.18806250642416
43561,-28.0,-16.0,149.7249899913867
43562,-28.0,-15.5,149.79526442112962
43563,-28.0,-15.0,150.6452056005314
43564,-28.0,-14.5,151.09285695701706
43565,-28.0,-14.0,156.17367174151127
43566,-28.0,-13.5,150.7707859284106
43567,-28.0,-13.0,151.66388435552543
43568,-28.0,-12.5,151.5489160114506
43569,-28.0,-12.0,151.90245678414558
43570,-28.0,-11.5,150.56152889627782
43571,-28.0,-10.5,149.83424929461844
43572,-28.0,-10.0,150.87182281788358
43573,-28.0,-9.5,149.18740714848212
43574,-28.0,-9.0,150.3201990582728
43575,-28.0,-8.5,154.13049201987417
43576,-28.0,-8.0,150.82406769051235
43577,-28.0,-7.5,147.9862370522486
43578,-28.0,-7.0,150.11947607945723
43579,-28.0,-6.5,148.44252770844952
43580,-28.0,-6.0,148.51123259852363
43581,-28.0,-5.5,148.95654346790195
43582,-28.0,-5.0,149.884409879823
43583,-28.0,-4.5,150.6982806872988
43584,-28.0,-4.0,151.9818369124321
43585,-28.0,-3.5,147.39495910394132
43586,-28.0,-3.0,148.61051090034076
43587,-28.0,-2.5,150.22544222730767
43588,-28.0,-2.0,148.30646617404642
43589,-28.0,-1.5,147.27388019621085
43590,-28.0,-1.0,149.02035305351825
43591,-28.0,-0.5,148.66290468909048
43592,-28.0,0.5,149.57013162995426
43593,-28.0,1.0,149.28412548042147
43594,-28.0,1.5,149.7470960229947
43595,-28.0,2.0,149.32482133863135
43596,-28.0,2.5,150.9296239114198
43597,-28.0,3.0,151.88873338586816
43598,-28.0,3.5,149.92766659882105
43599,-28.0,4.0,149.8162753838556
43600,-28.0,4.5,148.3492087712989
43601,-28.0,5.0,149.61256214576204
43602,-28.0,5.5,151.41062166069102
43603,-28.0,6.0,151.73370840923442
43604,-28.0,6.5,151.1154799729215
43605,-28.0,7.5,154.49636065417178
43606,-28.0,8.0,155.9263807557545
43607,-28.0,8.5,156.7573270425467
43608,-28.0,9.0,158.98369930583013
43609,-28.0,10.0,160.0024301986881
43610,-28.0,10.5,153.4477919090973
43611,-28.0,11.0,153.01033505737735
43612,-28.0,11.5,153.21621150124494
43613,-28.0,12.0,159.9772836856963
43614,-28.0,12.5,153.12620481795827
43615,-28.0,13.0,153.4527650524127
43616,-28.0,13.5,151.28872615179984
43617,-28.0,14.0,153.12632232085528
43618,-28.0,14.5,152.94371123566614
43619,-28.0,15.0,153.90237602767237
43620,-28.0,15.5,151.86927962376876
43621,-28.0,16.0,154.9369824702095
43622,-28.0,16.5,153.23928430733292
43623,-28.0,17.0,155.26956999325753
43624,-28.0,17.5,157.23909594326614
43625,-28.0,18.0,152.17749422459403
43626,-28.0,18.5,148.78169230735287
43627,-28.0,19.0,149.11034855024877
43628,-28.0,19.5,150.77310599758232
43629,-28.0,20.0,153.11620524988342
43630,-28.0,20.5,150.3158775198244
43631,-28.0,21.0,156.01822943910176
43632,-28.0,21.5,154.9552139350865
43633,-28.0,22.0,150.24606263829023
43634,-28.0,22.5,151.58319454787062
43635,-28.0,23.0,151.40994925541077
43636,-28.0,23.5,151.2521159281124
43637,-28.0,24.0,152.39807952955212
43638,-28.0,24.5,152.59842620489215
43639,-28.0,25.0,152.53129163979807
43640,-28.0,25.5,149.41381941728008
43641,-28.0,26.0,151.41503057371105
43642,-28.0,26.5,149.63971287798884
43643,-28.0,27.0,149.65398499631596
43644,-28.0,27.5,156.5513717613526
43645,-28.0,28.0,155.356968979486
43646,-28.0,28.5,152.95150964132324
43647,-28.0,29.0,151.78003918288402
43648,-28.0,29.5,151.0775881161297
43649,-28.0,30.0,153.61929875928965
43650,-28.0,30.5,152.53800366340062
43651,-28.0,31.0,154.14487809072756
43652,-28.0,31.5,153.32522653852254
43653,-28.0,32.0,155.9173746414855
43654,-28.0,32.5,152.26797150900572
43655,-28.0,33.0,161.3105410695998
43656,-28.0,33.5,154.53156503354938
43657,-28.0,34.0,158.62677619269743
43658,-28.0,34.5,150.51762273230435
43659,-28.0,35.0,154.51264161455586
43660,-28.0,35.5,149.2178170080919
43661,-28.0,36.0,149.3787772188159
43662,-28.0,36.5,152.75933291141985
43663,-28.0,37.0,154.78398372283908
43664,-28.0,39.5,168.35570923424282
43665,-27.5,-37.5,148.85837943507005
43666,-27.5,-37.0,148.18092697171886
43667,-27.5,-36.5,147.84519090646398
43668,-27.5,-35.5,152.9997682718331
43669,-27.5,-35.0,149.4079373504327
43670,-27.5,-34.5,150.6518114019496
43671,-27.5,-34.0,150.96052107602944
43672,-27.5,-33.5,149.79663434902855
43673,-27.5,-33.0,150.78741875937354
43674,-27.5,-32.5,149.38209231728968
43675,-27.5,-32.0,149.70189372241606
43676,-27.5,-31.5,146.86356250264788
43677,-27.5,-31.0,151.4483732126482
43678,-27.5,-30.5,149.6844071603378
43679,-27.5,-30.0,153.87005470572686
43680,-27.5,-29.5,155.58215766591337
43681,-27.5,-29.0,151.04593176432383
43682,-27.5,-28.5,155.21223687242207
43683,-27.5,-28.0,149.72846160471826
43684,-27.5,-27.5,151.744948179608
43685,-27.5,-27.0,151.11811260216655
43686,-27.5,-26.5,150.4403456916274
43687,-27.5,-26.0,151.8320146299294
43688,-27.5,-25.5,151.2581311618094
43689,-27.5,-25.0,148.8911949314962
43690,-27.5,-24.5,149.37329018774506
43691,-27.5,-24.0,148.37621289609427
43692,-27.5,-23.5,149.79621446761607
43693,-27.5,-23.0,148.90450735850195
43694,-27.5,-22.5,150.07113227328668
43695,-27.5,-22.0,149.7330201389103
43696,-27.5,-21.5,149.00383806283725
43697,-27.5,-21.0,149.30100146610678
43698,-27.5,-20.5,149.25059424936856
43699,-27.5,-20.0,149.11020029592916
43700,-27.5,-19.5,151.66114460236955
43701,-27.5,-19.0,154.7481445332853
43702,-27.5,-18.5,148.85192406875632
43703,-27.5,-18.0,150.0336732073376
43704,-27.5,-17.5,148.9648304128905
43705,-27.5,-17.0,150.01304561725982
43706,-27.5,-16.5,150.14850914715407
43707,-27.5,-16.0,149.79511522039212
43708,-27.5,-15.5,150.95957532250836
43709,-27.5,-15.0,150.4049222431143
43710,-27.5,-14.5,156.8588526154236
43711,-27.5,-14.0,157.17565580988023
43712,-27.5,-13.5,153.47970511277944
43713,-27.5,-13.0,152.16835786414003
43714,-27.5,-12.5,151.28492423683718
43715,-27.5,-11.5,150.65042393457884
43716,-27.5,-11.0,150.43540926977434
43717,-27.5,-10.0,151.11774627830593
43718,-27.5,-9.5,150.0635256369448
43719,-27.5,-9.0,149.40104771370645
43720,-27.5,-8.5,150.89582352878006
43721,-27.5,-8.0,154.21659507597366
43722,-27.5,-7.5,153.87147051766001
43723,-27.5,-7.0,149.97370823673702
43724,-27.5,-6.5,147.08443911458787
43725,-27.5,-6.0,148.61202933327783
43726,-27.5,-5.5,149.22432047728879
43727,-27.5,-5.0,151.0260070624414
43728,-27.5,-4.5,152.873633853602
43729,-27.5,-4.0,150.00396211984923
43730,-27.5,-3.5,149.02047766538112
43731,-27.5,-3.0,147.73936269052743
43732,-27.5,-2.5,147.29980827977724
43733,-27.5,-2.0,148.54693322288063
43734,-27.5,-1.5,147.58379018927792
43735,-27.5,-1.0,148.1385369825477
43736,-27.5,-0.5,149.47353217273582
43737,-27.5,0.0,149.0803352827543
43738,-27.5,0.5,149.2990648600511
43739,-27.5,1.0,149.4015540911392
43740,-27.5,1.5,149.1271530804173
43741,-27.5,2.0,149.6024062626755
43742,-27.5,2.5,151.46502136346663
43743,-27.5,3.0,149.73889056217428
43744,-27.5,3.5,150.2036789600058
43745,-27.5,4.0,149.64214800888496
43746,-27.5,4.5,149.4996444265079
43747,-27.5,5.0,147.08879604675647
43748,-27.5,5.5,150.9181765178639
43749,-27.5,6.0,151.46667181787097
43750,-27.5,7.5,155.18440851989178
43751,-27.5,8.0,156.08498349798722
43752,-27.5,8.5,157.92320315725334
43753,-27.5,9.0,158.7102871321482
43754,-27.5,10.5,151.66055839360112
43755,-27.5,11.0,153.9356337290814
43756,-27.5,11.5,152.98963483222312
43757,-27.5,12.0,152.2262109057805
43758,-27.5,12.5,156.78690119093446
43759,-27.5,13.0,152.90855905919148
43760,-27.5,13.5,152.93531046966672
43761,-27.5,14.0,150.54805875264495
43762,-27.5,14.5,152.77288098610595
43763,-27.5,15.0,152.51010866421112
43764,-27.5,15.5,154.95552918487627
43765,-27.5,16.0,151.91453705171168
43766,-27.5,16.5,158.68875401182592
43767,-27.5,17.0,159.4755543121974
43768,-27.5,17.5,152.99850833650675
43769,-27.5,18.0,155.95660542194767
43770,-27.5,18.5,149.64681543038952
43771,-27.5,19.0,149.01325466800452
43772,-27.5,19.5,152.6442935111518
43773,-27.5,20.0,153.61542545932053
43774,-27.5,20.5,146.92295089774456
43775,-27.5,21.0,153.0475200063491
43776,-27.5,21.5,155.76430558676256
43777,-27.5,22.0,154.07148172343702
43778,-27.5,22.5,148.80359250598454
43779,-27.5,23.0,152.71287113200526
43780,-27.5,23.5,152.60930300397865
43781,-27.5,24.0,147.4572387619251
43782,-27.5,24.5,153.05369918250418
43783,-27.5,25.0,151.4449651709625
43784,-27.5,25.5,149.2765362445937
43785,-27.5,26.0,152.54356523292444
43786,-27.5,26.5,150.29338351443354
43787,-27.5,27.0,149.0614023065098
43788,-27.5,27.5,160.0084286541943
43789,-27.5,28.0,155.20238310634443
43790,-27.5,28.5,151.98113611440866
43791,-27.5,29.0,151.87919453991222
43792,-27.5,29.5,150.55365712659804
43793,-27.5,30.0,154.48062180973594
43794,-27.5,30.5,152.78226425797365
43795,-27.5,31.0,157.45358284142054
43796,-27.5,31.5,151.45188801171403
43797,-27.5,32.0,155.05757276391688
43798,-27.5,32.5,152.44996452324264
43799,-27.5,33.0,161.84454641477106
43800,-27.5,33.5,154.65177543649952
43801,-27.5,34.0,156.14369337142088
43802,-27.5,34.5,156.74937619024192
43803,-27.5,35.0,152.17382996893318
43804,-27.5,35.5,149.71116595914268
43805,-27.5,36.0,148.28187630727197
43806,-27.5,36.5,153.32175552251587
43807,-27.5,37.0,155.895817844737
43808,-27.5,39.5,168.42823807205252
43809,-27.0,-37.5,148.96124916024215
43810,-27.0,-37.0,148.30240266894512
43811,-27.0,-36.5,147.8614201719567
43812,-27.0,-35.5,152.14588340683682
43813,-27.0,-35.0,148.7876302657681
43814,-27.0,-34.5,149.79302150008323
43815,-27.0,-34.0,151.40443763851096
43816,-27.0,-33.5,150.64657819737866
43817,-27.0,-33.0,149.1603644562556
43818,-27.0,-32.5,151.14548114244568
43819,-27.0,-32.0,148.04178595335813
43820,-27.0,-31.5,148.96636973942933
43821,-27.0,-31.0,149.62056861338985
43822,-27.0,-30.5,149.98070421230756
43823,-27.0,-30.0,151.40529343090043
43824,-27.0,-29.5,155.0434167258766
43825,-27.0,-29.0,151.82447344647068
43826,-27.0,-28.5,152.453675423844
43827,-27.0,-28.0,149.8110391742368
43828,-27.0,-27.5,151.60286489423362
43829,-27.0,-27.0,151.0038434898259
43830,-27.0,-26.5,151.71420907136243
43831,-27.0,-26.0,152.182733730953
43832,-27.0,-25.5,150.28215362973148
43833,-27.0,-25.0,150.38317588981312
43834,-27.0,-24.5,148.77183639715943
43835,-27.0,-24.0,147.72344631037237
43836,-27.0,-23.5,149.79810006016697
43837,-27.0,-23.0,149.10717095968198
43838,-27.0,-22.5,149.3159584026796
43839,-27.0,-22.0,150.1291828385243
43840,-27.0,-21.5,149.72207837583582
43841,-27.0,-21.0,148.38489071638543
43842,-27.0,-20.5,149.74179911608206
43843,-27.0,-20.0,148.67564879608977
43844,-27.0,-19.5,151.8106715550047
43845,-27.0,-19.0,147.4895524185038
43846,-27.0,-18.5,147.64110314902456
43847,-27.0,-18.0,149.4762314835608
43848,-27.0,-17.5,149.10015092193711
43849,-27.0,-17.0,150.37722799071796
43850,-27.0,-16.5,149.58041513135473
43851,-27.0,-16.0,149.67741785222523
43852,-27.0,-15.5,151.0043120372701
43853,-27.0,-15.0,150.19192441419995
43854,-27.0,-14.5,154.099670496143
43855,-27.0,-13.5,152.2535902101924
43856,-27.0,-12.5,151.18814259951165
43857,-27.0,-12.0,150.93069083719107
43858,-27.0,-11.5,150.33439884195863
43859,-27.0,-11.0,150.66780181981483
43860,-27.0,-10.5,150.83752745424664
43861,-27.0,-10.0,151.3230130472514
43862,-27.0,-9.5,151.2736683986432
43863,-27.0,-9.0,149.0893579523946
43864,-27.0,-8.5,149.4818761068476
43865,-27.0,-8.0,152.55033220122635
43866,-27.0,-7.5,152.80914273795943
43867,-27.0,-7.0,149.12669555151464
43868,-27.0,-6.5,148.64928148387307
43869,-27.0,-6.0,148.02225075563422
43870,-27.0,-5.5,148.77381295534298
43871,-27.0,-5.0,152.5601694775828
43872,-27.0,-4.5,152.5515475914027
43873,-27.0,-4.0,149.02480987894955
43874,-27.0,-3.5,149.00171459553235
43875,-27.0,-2.5,147.01838466692988
43876,-27.0,-1.5,148.71987379473512
43877,-27.0,-1.0,146.2892167342581
43878,-27.0,-0.5,148.9553147504288
43879,-27.0,0.0,149.4343785755106
43880,-27.0,0.5,148.65682882308906
43881,-27.0,1.0,149.09533887024406
43882,-27.0,1.5,149.17693997131428
43883,-27.0,2.0,150.66929006123584
43884,-27.0,2.5,151.50227610155383
43885,-27.0,3.0,149.3467634851815
43886,-27.0,3.5,149.26532791967384
43887,-27.0,4.0,149.18804314775036
43888,-27.0,4.5,149.70728177758295
43889,-27.0,5.0,149.7565916234262
43890,-27.0,5.5,148.9752990607793
43891,-27.0,6.0,150.71190945993584
43892,-27.0,6.5,152.01910386009163
43893,-27.0,7.0,153.97533120010513
43894,-27.0,7.5,155.15803190734758
43895,-27.0,8.0,157.3908632071841
43896,-27.0,8.5,157.41921475199825
43897,-27.0,10.5,160.27017400247547
43898,-27.0,11.0,155.40341523589234
43899,-27.0,11.5,154.09130109373606
43900,-27.0,12.0,151.34467660554
43901,-27.0,12.5,152.8114748565194
43902,-27.0,13.0,155.45706764866858
43903,-27.0,13.5,153.66442530652654
43904,-27.0,14.0,150.32139697704466
43905,-27.0,14.5,151.84890654664085
43906,-27.0,15.0,151.18581216730436
43907,-27.0,15.5,153.29922609900112
43908,-27.0,16.0,153.20180442941523
43909,-27.0,17.0,154.15436124043936
43910,-27.0,17.5,161.66693926440252
43911,-27.0,18.0,154.391199172706
43912,-27.0,18.5,153.02287065633791
43913,-27.0,19.0,151.78197995106697
43914,-27.0,19.5,152.11744798214576
43915,-27.0,20.0,151.39554530336986
43916,-27.0,20.5,150.68614486755868
43917,-27.0,21.0,149.81973664680612
43918,-27.0,21.5,151.08724725484956
43919,-27.0,22.0,154.47761362108022
43920,-27.0,22.5,150.72672148485165
43921,-27.0,23.0,150.900495165805
43922,-27.0,23.5,154.26874557884787
43923,-27.0,24.0,147.38691664850012
43924,-27.0,24.5,152.29443694663783
43925,-27.0,25.0,149.0490735948963
43926,-27.0,25.5,153.00034649121073
43927,-27.0,26.0,150.49200768108875
43928,-27.0,26.5,150.35674960949768
43929,-27.0,27.0,149.5258553433145
43930,-27.0,27.5,157.46925350596055
43931,-27.0,28.0,154.95442571482067
43932,-27.0,28.5,152.18258989514447
43933,-27.0,29.0,152.7651305602779
43934,-27.0,29.5,154.5658608212556
43935,-27.0,30.0,154.16256473271855
43936,-27.0,30.5,153.04480324915002
43937,-27.0,31.0,155.1743017397302
43938,-27.0,31.5,153.225787557632
43939,-27.0,32.0,151.60159677169247
43940,-27.0,32.5,152.7135481008401
43941,-27.0,33.0,159.7984402954377
43942,-27.0,33.5,155.81682904161897
43943,-27.0,34.0,155.13759727127155
43944,-27.0,34.5,157.46830020960033
43945,-27.0,35.0,149.3638747670507
43946,-27.0,35.5,149.02283849712944
43947,-27.0,36.0,148.6340642122869
43948,-27.0,36.5,152.73672696496496
43949,-27.0,37.0,155.90683979534285
43950,-27.0,39.5,168.47378745674627
43951,-26.5,-37.5,148.8625836108744
43952,-26.5,-37.0,148.3068560236378
43953,-26.5,-36.5,148.0407264487884
43954,-26.5,-36.0,151.9807360188498
43955,-26.5,-35.5,151.1797367869494
43956,-26.5,-35.0,149.67966677983256
43957,-26.5,-34.5,154.6422389370152
43958,-26.5,-34.0,151.05439310036712
43959,-26.5,-33.5,147.5279076643973
43960,-26.5,-33.0,149.0483134982418
43961,-26.5,-32.5,150.27767334423444
43962,-26.5,-32.0,148.47183960208852
43963,-26.5,-31.5,150.59468888254384
43964,-26.5,-31.0,148.74954768688025
43965,-26.5,-30.5,152.9212283358341
43966,-26.5,-30.0,150.37879830885848
43967,-26.5,-29.5,158.67914480355248
43968,-26.5,-29.0,152.64697408115128
43969,-26.5,-28.5,150.64034321048828
43970,-26.5,-28.0,151.7616286005862
43971,-26.5,-27.5,151.27570975646793
43972,-26.5,-27.0,151.3097069425479
43973,-26.5,-26.5,152.81751444502362
43974,-26.5,-26.0,150.93087358827447
43975,-26.5,-25.5,150.46396315967212
43976,-26.5,-25.0,149.16458771173387
43977,-26.5,-24.5,149.52554963844415
43978,-26.5,-24.0,148.32073999490242
43979,-26.5,-23.5,149.787234797525
43980,-26.5,-23.0,149.20487341888784
43981,-26.5,-22.5,148.9041424378547
43982,-26.5,-22.0,150.4470253055111
43983,-26.5,-21.5,149.64224145083787
43984,-26.5,-21.0,147.962014678085
43985,-26.5,-20.5,148.2098054446788
43986,-26.5,-20.0,152.28599661008215
43987,-26.5,-19.5,150.1816955337062
43988,-26.5,-19.0,148.23298498978784
43989,-26.5,-18.0,148.91933664941885
43990,-26.5,-17.5,150.15863750774244
43991,-26.5,-17.0,149.92422416180443
43992,-26.5,-16.5,149.56540232080457
43993,-26.5,-16.0,150.90774854993956
43994,-26.5,-15.5,151.2038340176323
43995,-26.5,-15.0,158.1993794757589
43996,-26.5,-14.5,153.68302728109362
43997,-26.5,-14.0,153.1528143343576
43998,-26.5,-13.5,152.56377647206514
43999,-26.5,-13.0,152.0466553551486
44000,-26.5,-12.5,151.4375457895856
44001,-26.5,-12.0,151.3914704847123
44002,-26.5,-11.5,150.90409106262356
44003,-26.5,-10.5,151.0669494849069
44004,-26.5,-10.0,151.0292497470926
44005,-26.5,-9.5,150.84700174934443
44006,-26.5,-9.0,150.9422919400876
44007,-26.5,-8.5,148.1409512787074
44008,-26.5,-8.0,151.35852421982517
44009,-26.5,-7.5,151.69158362540736
44010,-26.5,-7.0,151.5551140003834
44011,-26.5,-6.5,149.16724281236802
44012,-26.5,-6.0,148.49386590467137
44013,-26.5,-5.5,147.6260167050638
44014,-26.5,-5.0,150.55336997020066
44015,-26.5,-4.5,148.28331182611836
44016,-26.5,-4.0,149.54651591245408
44017,-26.5,-3.5,148.66733486837424
44018,-26.5,-3.0,147.8539300344583
44019,-26.5,-2.5,147.08859479346611
44020,-26.5,-2.0,147.3447048985123
44021,-26.5,-1.5,148.23534330211677
44022,-26.5,-1.0,149.37813068179798
44023,-26.5,-0.5,147.92473531521884
44024,-26.5,0.0,149.13361744144268
44025,-26.5,0.5,148.71902487125527
44026,-26.5,1.0,148.5227747510179
44027,-26.5,1.5,150.28309600521203
44028,-26.5,2.0,149.87037288053898
44029,-26.5,2.5,149.0311482856456
44030,-26.5,3.0,150.18757354789207
44031,-26.5,3.5,148.84142864604416
44032,-26.5,4.5,150.45371258703918
44033,-26.5,5.0,150.04624299362902
44034,-26.5,5.5,149.09578602308343
44035,-26.5,6.0,147.02631832226695
44036,-26.5,6.5,152.82987892484363
44037,-26.5,7.0,153.41907629110048
44038,-26.5,7.5,154.59163372057333
44039,-26.5,8.0,156.83758819035668
44040,-26.5,10.0,161.8811508159244
44041,-26.5,10.5,161.83342550293466
44042,-26.5,11.0,158.97419275073688
44043,-26.5,11.5,153.62039015951152
44044,-26.5,12.0,152.96290141994047
44045,-26.5,12.5,153.11064746545796
44046,-26.5,13.0,155.39702031247586
44047,-26.5,14.0,152.87353260624653
44048,-26.5,14.5,151.04950907925658
44049,-26.5,15.0,152.01566278314115
44050,-26.5,15.5,151.3672919367119
44051,-26.5,16.0,156.61911926078412
44052,-26.5,16.5,172.5926784304565
44053,-26.5,17.0,148.88585534273165
44054,-26.5,17.5,156.53621047646678
44055,-26.5,18.0,151.56056217906914
44056,-26.5,18.5,155.1131985781528
44057,-26.5,19.0,152.9288930340513
44058,-26.5,19.5,147.4996721228954
44059,-26.5,20.0,150.60249031795573
44060,-26.5,20.5,153.51637997838247
44061,-26.5,21.0,146.5345632188158
44062,-26.5,21.5,151.12270191832334
44063,-26.5,22.0,149.69086080417827
44064,-26.5,22.5,153.5172774227929
44065,-26.5,23.0,151.16457195925676
44066,-26.5,23.5,152.88760727623853
44067,-26.5,24.0,153.03784641201312
44068,-26.5,24.5,150.53765508778085
44069,-26.5,25.0,148.97565893942544
44070,-26.5,25.5,154.0024707293969
44071,-26.5,26.0,150.57468276201865
44072,-26.5,26.5,150.8302899045648
44073,-26.5,27.0,160.69505490182857
44074,-26.5,27.5,154.0397242001152
44075,-26.5,28.0,156.37883052020064
44076,-26.5,28.5,151.16082019039428
44077,-26.5,29.0,154.09626434452622
44078,-26.5,29.5,152.1808907823778
44079,-26.5,30.0,154.9329596570109
44080,-26.5,30.5,152.65591495952583
44081,-26.5,31.0,153.76106206920772
44082,-26.5,31.5,153.26254644919157
44083,-26.5,32.0,152.04700621318872
44084,-26.5,32.5,157.9652867632217
44085,-26.5,33.0,155.11445238079844
44086,-26.5,33.5,156.26538118522762
44087,-26.5,34.0,154.23744015192702
44088,-26.5,34.5,157.12135238305743
44089,-26.5,35.0,149.82363273782192
44090,-26.5,35.5,149.356418778705
44091,-26.5,36.0,148.8593055728539
44092,-26.5,36.5,152.82988784122168
44093,-26.5,37.0,156.2682405147358
44094,-26.5,39.5,168.49783196883809
44095,-26.0,-37.5,148.9087987103666
44096,-26.0,-37.0,148.00511429858852
44097,-26.0,-36.5,149.7868809064224
44098,-26.0,-36.0,152.50206232300266
44099,-26.0,-35.5,151.26757336999873
44100,-26.0,-35.0,151.54950832750066
44101,-26.0,-34.5,151.74076183318007
44102,-26.0,-34.0,151.43072791599883
44103,-26.0,-33.5,146.3121571826934
44104,-26.0,-33.0,149.15018254239538
44105,-26.0,-32.5,149.81698458298595
44106,-26.0,-32.0,149.55830622576113
44107,-26.0,-31.5,149.9814823325758
44108,-26.0,-31.0,147.02236610319125
44109,-26.0,-30.5,153.04432679653405
44110,-26.0,-30.0,149.94247708505924
44111,-26.0,-29.5,154.22368020844797
44112,-26.0,-29.0,152.49901020694531
44113,-26.0,-28.5,150.80442421206234
44114,-26.0,-28.0,152.70752195815442
44115,-26.0,-27.5,152.03323253174125
44116,-26.0,-27.0,151.69554438568872
44117,-26.0,-26.5,151.49006358827322
44118,-26.0,-26.0,152.04323199746344
44119,-26.0,-25.5,151.44554101386794
44120,-26.0,-25.0,148.3389916910533
44121,-26.0,-24.5,149.4555737646996
44122,-26.0,-24.0,149.2229554564926
44123,-26.0,-23.5,148.73347159008446
44124,-26.0,-23.0,149.55121759244588
44125,-26.0,-22.5,150.10242609136
44126,-26.0,-22.0,149.21031090148023
44127,-26.0,-21.5,148.4449957069407
44128,-26.0,-21.0,149.84738406509808
44129,-26.0,-20.5,148.849425456946
44130,-26.0,-20.0,151.90239039462443
44131,-26.0,-19.5,148.54685125019978
44132,-26.0,-19.0,149.85150817167528
44133,-26.0,-18.5,147.752896696486
44134,-26.0,-18.0,149.56021143333385
44135,-26.0,-17.5,150.16979353909375
44136,-26.0,-17.0,149.54379770111322
44137,-26.0,-16.5,150.34187483028632
44138,-26.0,-16.0,151.01106395348503
44139,-26.0,-15.0,158.33617791663494
44140,-26.0,-14.0,151.8542457852537
44141,-26.0,-13.5,153.5388136310421
44142,-26.0,-13.0,151.1317435878845
44143,-26.0,-12.5,155.71277561236562
44144,-26.0,-12.0,151.36216821075953
44145,-26.0,-11.5,151.3118691698962
44146,-26.0,-11.0,151.47269912033033
44147,-26.0,-10.5,151.21303838878816
44148,-26.0,-10.0,150.96919594198178
44149,-26.0,-9.5,151.62993147693763
44150,-26.0,-9.0,150.59569621703386
44151,-26.0,-8.5,151.7202544156983
44152,-26.0,-8.0,149.78124228681125
44153,-26.0,-7.5,150.38442778260583
44154,-26.0,-7.0,151.47815023254782
44155,-26.0,-6.5,151.3485045149314
44156,-26.0,-6.0,148.7595236733512
44157,-26.0,-5.5,149.53166164160018
44158,-26.0,-5.0,147.40841255076677
44159,-26.0,-4.5,149.0856820677704
44160,-26.0,-4.0,150.24346988604796
44161,-26.0,-3.5,147.2682164186778
44162,-26.0,-3.0,147.7951660926824
44163,-26.0,-2.5,148.0256668608169
44164,-26.0,-2.0,147.32565324531456
44165,-26.0,-1.5,146.9147326494339
44166,-26.0,-1.0,149.91813157087637
44167,-26.0,-0.5,149.0677674170901
44168,-26.0,0.0,147.8302749949167
44169,-26.0,0.5,149.0726553371514
44170,-26.0,1.0,149.08455052175754
44171,-26.0,1.5,150.8917810229198
44172,-26.0,2.0,149.34186036630203
44173,-26.0,2.5,149.0945031975913
44174,-26.0,3.0,148.60261313452347
44175,-26.0,3.5,148.74765899943424
44176,-26.0,4.5,150.11433827621173
44177,-26.0,5.0,150.03531236863756
44178,-26.0,5.5,149.69057904126078
44179,-26.0,6.0,149.13609652041407
44180,-26.0,6.5,152.53740251851153
44181,-26.0,7.0,152.48830539674404
44182,-26.0,7.5,154.90832838211077
44183,-26.0,8.0,156.37635711777733
44184,-26.0,10.0,162.0985254746375
44185,-26.0,10.5,162.2228837930155
44186,-26.0,11.0,159.78217007323983
44187,-26.0,11.5,157.39257876646033
44188,-26.0,12.0,153.2744682312041
44189,-26.0,12.5,153.3048064121751
44190,-26.0,13.0,150.6917902868161
44191,-26.0,13.5,153.89938396662356
44192,-26.0,14.0,153.4482572852091
44193,-26.0,14.5,152.18282760347836
44194,-26.0,15.0,151.29968622850177
44195,-26.0,15.5,150.6153919911284
44196,-26.0,16.0,156.81968943828764
44197,-26.0,16.5,160.10637148423018
44198,-26.0,17.0,178.64299095995918
44199,-26.0,17.5,149.55507402951957
44200,-26.0,18.0,150.29377298271095
44201,-26.0,18.5,153.53156436498384
44202,-26.0,19.0,154.91127069170346
44203,-26.0,20.0,151.2053386081144
44204,-26.0,20.5,151.66916769152573
44205,-26.0,21.0,146.4096784753033
44206,-26.0,21.5,150.5565592190386
44207,-26.0,22.0,151.1645646085787
44208,-26.0,22.5,152.366361648566
44209,-26.0,23.0,152.3138283355265
44210,-26.0,23.5,147.86730987062742
44211,-26.0,24.0,152.94080037346524
44212,-26.0,24.5,150.04785695667923
44213,-26.0,25.0,148.88652641287814
44214,-26.0,25.5,157.1674465007554
44215,-26.0,26.0,150.68266583689484
44216,-26.0,26.5,150.21007094027843
44217,-26.0,27.0,160.62675657898114
44218,-26.0,27.5,153.57880839864663
44219,-26.0,28.0,154.19135938147215
44220,-26.0,28.5,152.559796112785
44221,-26.0,29.0,154.10992714058307
44222,-26.0,29.5,152.81967828252886
44223,-26.0,30.0,155.30781154023788
44224,-26.0,30.5,152.53033385277357
44225,-26.0,31.0,151.99661703273307
44226,-26.0,31.5,153.82113356451185
44227,-26.0,32.0,152.05098916002478
44228,-26.0,32.5,160.86703611680667
44229,-26.0,33.0,153.13923448827217
44230,-26.0,33.5,159.21115203356987
44231,-26.0,34.0,152.96130717483675
44232,-26.0,34.5,155.2335963104558
44233,-26.0,35.0,149.81277344242858
44234,-26.0,35.5,148.33327357192954
44235,-26.0,36.0,148.93432461691074
44236,-26.0,36.5,151.98246450551255
44237,-26.0,37.0,156.3008057660348
44238,-26.0,39.5,168.4942994667916
44239,-25.5,-37.0,147.9373557169425
44240,-25.5,-36.5,149.60239403642714
44241,-25.5,-36.0,152.95855251299704
44242,-25.5,-35.5,150.32488724563905
44243,-25.5,-35.0,155.00077679014666
44244,-25.5,-34.5,149.5736664507481
44245,-25.5,-34.0,151.84089021822714
44246,-25.5,-33.5,147.22089944109794
44247,-25.5,-33.0,150.33293411824667
44248,-25.5,-32.5,148.98668739074208
44249,-25.5,-32.0,149.45467534638976
44250,-25.5,-31.5,150.02454608713674
44251,-25.5,-31.0,147.5948246752361
44252,-25.5,-30.5,151.93792335335985
44253,-25.5,-30.0,148.56912306816776
44254,-25.5,-29.5,149.70104456427669
44255,-25.5,-29.0,150.6299798633628
44256,-25.5,-28.5,152.59127287376668
44257,-25.5,-28.0,152.13012131990422
44258,-25.5,-27.5,151.83697276351106
44259,-25.5,-27.0,152.90326544771096
44260,-25.5,-26.5,151.21888354871473
44261,-25.5,-26.0,152.25358728842508
44262,-25.5,-25.5,151.66113237760354
44263,-25.5,-25.0,147.7925452347302
44264,-25.5,-24.5,149.04750000688975
44265,-25.5,-24.0,148.8302205058999
44266,-25.5,-23.5,148.63053656934463
44267,-25.5,-23.0,149.67470776168696
44268,-25.5,-22.5,149.66236260354725
44269,-25.5,-22.0,148.31215896901168
44270,-25.5,-21.5,149.17598619153242
44271,-25.5,-21.0,148.95754408017788
44272,-25.5,-20.5,150.38921647460973
44273,-25.5,-20.0,147.64983487251595
44274,-25.5,-19.5,149.89292043224702
44275,-25.5,-19.0,149.07877596072817
44276,-25.5,-18.5,149.17340515000294
44277,-25.5,-18.0,149.74212939121594
44278,-25.5,-17.5,149.78407868909358
44279,-25.5,-17.0,150.15968494322402
44280,-25.5,-16.5,150.55943746620315
44281,-25.5,-16.0,150.43733281613765
44282,-25.5,-15.5,158.84577659715814
44283,-25.5,-15.0,158.60492644036822
44284,-25.5,-14.0,152.51100983368394
44285,-25.5,-13.5,153.40909891371982
44286,-25.5,-12.5,152.70842079226983
44287,-25.5,-12.0,151.41499953644728
44288,-25.5,-11.5,151.96617556151782
44289,-25.5,-11.0,151.50719859430853
44290,-25.5,-10.5,151.38933178485289
44291,-25.5,-10.0,151.4133302255507
44292,-25.5,-9.5,150.3176756469545
44293,-25.5,-9.0,151.94509297737272
44294,-25.5,-8.5,151.72469484568
44295,-25.5,-8.0,148.5450735032114
44296,-25.5,-7.5,148.47268519458308
44297,-25.5,-7.0,149.82107830526462
44298,-25.5,-6.5,153.39062026217871
44299,-25.5,-6.0,153.3479221255204
44300,-25.5,-5.5,149.07003788533223
44301,-25.5,-5.0,148.08412021241782
44302,-25.5,-4.5,148.70604461111967
44303,-25.5,-4.0,150.61445280427728
44304,-25.5,-3.5,147.29426456930716
44305,-25.5,-2.5,147.9818314592242
44306,-25.5,-2.0,147.90049883374746
44307,-25.5,-1.5,147.7762878848146
44308,-25.5,-1.0,148.32979670416574
44309,-25.5,-0.5,149.2259773143286
44310,-25.5,0.0,148.60427746033645
44311,-25.5,0.5,148.36742837780162
44312,-25.5,1.0,150.43578007512016
44313,-25.5,1.5,148.6809483989287
44314,-25.5,2.0,148.85120611511618
44315,-25.5,2.5,149.35528317324338
44316,-25.5,3.0,148.54939324198418
44317,-25.5,4.0,149.36795861337302
44318,-25.5,4.5,149.69972102728477
44319,-25.5,5.0,150.02602192127512
44320,-25.5,6.0,152.80365588545212
44321,-25.5,6.5,150.65011045762
44322,-25.5,7.0,154.06893820017035
44323,-25.5,7.5,152.65364857215465
44324,-25.5,9.5,162.64151577696651
44325,-25.5,10.0,162.27042054700306
44326,-25.5,10.5,162.4161777366749
44327,-25.5,11.0,159.4493624240305
44328,-25.5,11.5,159.40015228419568
44329,-25.5,12.0,154.5653782004059
44330,-25.5,12.5,151.8626804111513
44331,-25.5,13.0,150.30719092566457
44332,-25.5,13.5,153.6099050537677
44333,-25.5,14.0,154.57306443260327
44334,-25.5,14.5,152.42147474810972
44335,-25.5,15.0,150.40559972384798
44336,-25.5,15.5,150.93971463142685
44337,-25.5,16.0,151.81994623907232
44338,-25.5,16.5,155.2682275028084
44339,-25.5,17.0,161.42142955391483
44340,-25.5,17.5,150.4565838493294
44341,-25.5,18.0,151.7612758304308
44342,-25.5,18.5,152.71122064212204
44343,-25.5,19.0,155.87006533700745
44344,-25.5,19.5,156.24661688277857
44345,-25.5,20.0,150.067967126122
44346,-25.5,20.5,147.17341837526243
44347,-25.5,21.0,151.62219334843235
44348,-25.5,21.5,147.46926229260865
44349,-25.5,22.0,151.80927659638573
44350,-25.5,22.5,151.53726344534445
44351,-25.5,23.0,157.17526880207382
44352,-25.5,23.5,149.47338442746903
44353,-25.5,24.0,151.99864848642449
44354,-25.5,24.5,150.7730081241364
44355,-25.5,25.0,154.24213580711043
44356,-25.5,25.5,153.94708866106535
44357,-25.5,26.0,150.0077415138508
44358,-25.5,26.5,150.07011838137953
44359,-25.5,27.0,159.33173614873584
44360,-25.5,27.5,156.14741504260516
44361,-25.5,28.0,150.70157438012606
44362,-25.5,28.5,153.49297207185845
44363,-25.5,29.0,151.92700030870114
44364,-25.5,29.5,152.94735659982837
44365,-25.5,30.0,154.7727083558747
44366,-25.5,30.5,156.31442252644507
44367,-25.5,31.0,155.88911933672256
44368,-25.5,31.5,151.82587490434247
44369,-25.5,32.0,152.82582275166456
44370,-25.5,32.5,160.63565465617648
44371,-25.5,33.0,153.4962946626988
44372,-25.5,33.5,158.4082240570021
44373,-25.5,34.0,153.91943819130688
44374,-25.5,34.5,152.92947938297922
44375,-25.5,35.0,149.78351099434886
44376,-25.5,36.0,149.37741518901515
44377,-25.5,36.5,152.1526566125283
44378,-25.5,37.0,162.08552316226226
44379,-25.5,39.5,168.52966745593
44380,-25.0,-37.0,147.86486680337833
44381,-25.0,-36.5,149.2614884223417
44382,-25.0,-36.0,153.48285612756436
44383,-25.0,-35.5,149.50107137558558
44384,-25.0,-35.0,154.62580146379474
44385,-25.0,-34.5,150.95639304302037
44386,-25.0,-34.0,151.36939148484214
44387,-25.0,-33.5,148.82702481871345
44388,-25.0,-33.0,149.91734347060796
44389,-25.0,-32.5,149.2376326107821
44390,-25.0,-32.0,148.81433821499638
44391,-25.0,-31.5,149.4066110903384
44392,-25.0,-31.0,150.36895236210813
44393,-25.0,-30.5,150.05338058278562
44394,-25.0,-30.0,149.0009706537127
44395,-25.0,-29.5,151.2107203919911
44396,-25.0,-29.0,149.36065020725457
44397,-25.0,-28.5,153.4610199021227
44398,-25.0,-28.0,151.89095639821028
44399,-25.0,-27.5,151.4966176875953
44400,-25.0,-27.0,151.17182288353524
44401,-25.0,-26.5,153.36525754971575
44402,-25.0,-26.0,151.54585392081606
44403,-25.0,-25.5,151.6794787348266
44404,-25.0,-25.0,148.23900037587703
44405,-25.0,-24.5,148.90344229566668
44406,-25.0,-24.0,148.15371888956318
44407,-25.0,-23.5,148.96929749851122
44408,-25.0,-23.0,149.3071510468184
44409,-25.0,-22.5,149.1169205633551
44410,-25.0,-22.0,147.66555908516477
44411,-25.0,-21.5,148.1647207913272
44412,-25.0,-21.0,149.97580864632775
44413,-25.0,-20.5,151.80268274590256
44414,-25.0,-20.0,148.3593891828676
44415,-25.0,-19.5,151.991385077173
44416,-25.0,-19.0,149.13055908232104
44417,-25.0,-18.5,150.22007405820256
44418,-25.0,-18.0,149.7664748168819
44419,-25.0,-17.5,149.12389921635076
44420,-25.0,-17.0,150.91522721669136
44421,-25.0,-16.5,150.91840236414131
44422,-25.0,-16.0,150.67748439126478
44423,-25.0,-15.5,159.04940057232378
44424,-25.0,-14.0,154.5445975976408
44425,-25.0,-13.5,151.7371766538331
44426,-25.0,-13.0,154.76326552115052
44427,-25.0,-12.5,151.93654064028084
44428,-25.0,-12.0,151.40233895955265
44429,-25.0,-11.5,152.31788717913787
44430,-25.0,-11.0,151.84781704174662
44431,-25.0,-10.5,151.4605773922229
44432,-25.0,-10.0,151.62589231801857
44433,-25.0,-9.5,150.85636627078955
44434,-25.0,-9.0,151.80452161208333
44435,-25.0,-8.5,151.56867049305282
44436,-25.0,-8.0,150.94279734733715
44437,-25.0,-7.5,149.24676129184616
44438,-25.0,-7.0,150.85846915704124
44439,-25.0,-6.5,151.15213494759936
44440,-25.0,-6.0,154.47241752196024
44441,-25.0,-5.5,150.27852194607058
44442,-25.0,-5.0,149.06533240612876
44443,-25.0,-4.5,149.07247224162455
44444,-25.0,-4.0,147.62684909392866
44445,-25.0,-3.0,147.81978039564348
44446,-25.0,-2.0,148.27977482916256
44447,-25.0,-1.5,149.66584020929346
44448,-25.0,-1.0,147.70023012778228
44449,-25.0,-0.5,149.0296778488488
44450,-25.0,0.0,149.09943901563963
44451,-25.0,0.5,149.49054510679613
44452,-25.0,1.0,149.63050146615637
44453,-25.0,1.5,148.454917560475
44454,-25.0,2.0,151.5003008717691
44455,-25.0,2.5,149.5893642132271
44456,-25.0,3.0,149.10130885402378
44457,-25.0,3.5,149.03587102114219
44458,-25.0,4.0,149.12414346130728
44459,-25.0,4.5,149.22058739370345
44460,-25.0,6.0,152.51672264243678
44461,-25.0,6.5,151.30554980889232
44462,-25.0,7.0,152.18844644446855
44463,-25.0,7.5,152.2796413129131
44464,-25.0,8.0,152.80159552399672
44465,-25.0,9.0,162.1048139083874
44466,-25.0,9.5,162.5382246627291
44467,-25.0,10.0,162.29104647969808
44468,-25.0,10.5,159.8192050657265
44469,-25.0,11.0,161.2832757483062
44470,-25.0,11.5,162.0233881065476
44471,-25.0,12.0,158.31684676871953
44472,-25.0,12.5,151.0254597530086
44473,-25.0,13.0,152.26101819149173
44474,-25.0,13.5,154.036246511948
44475,-25.0,14.0,153.88035356173802
44476,-25.0,14.5,152.31682221105996
44477,-25.0,15.0,149.51455087940565
44478,-25.0,15.5,149.04376286966544
44479,-25.0,16.0,149.6560438388532
44480,-25.0,16.5,150.48003637630356
44481,-25.0,17.0,158.00555678368414
44482,-25.0,17.5,158.05870121620165
44483,-25.0,18.0,152.69353604897526
44484,-25.0,18.5,149.02847624444595
44485,-25.0,19.0,159.64821952375897
44486,-25.0,19.5,157.30985123195967
44487,-25.0,20.5,147.30747223251385
44488,-25.0,21.0,149.49723041965873
44489,-25.0,21.5,148.85903338915165
44490,-25.0,22.0,150.82787202092607
44491,-25.0,22.5,151.57714874284784
44492,-25.0,23.0,158.77833497094875
44493,-25.0,23.5,151.5094435792448
44494,-25.0,24.0,149.36529074643346
44495,-25.0,24.5,153.33474732305118
44496,-25.0,25.0,156.8226341616054
44497,-25.0,25.5,149.93576661836653
44498,-25.0,26.0,151.2518586704414
44499,-25.0,26.5,153.0022621636231
44500,-25.0,27.0,157.2381944729418
44501,-25.0,27.5,155.4353737250698
44502,-25.0,28.0,149.95294348312214
44503,-25.0,28.5,153.60734565415484
44504,-25.0,29.0,150.2058845529621
44505,-25.0,29.5,154.75683926205826
44506,-25.0,30.0,154.56347267353658
44507,-25.0,30.5,151.37756296094383
44508,-25.0,31.0,157.10933110539
44509,-25.0,31.5,152.09606481506137
44510,-25.0,32.0,153.9780472950044
44511,-25.0,32.5,157.18691823230208
44512,-25.0,33.0,154.621819120569
44513,-25.0,33.5,154.31942024472363
44514,-25.0,34.0,154.99215990464313
44515,-25.0,34.5,152.7628923422656
44516,-25.0,35.0,149.65023357073952
44517,-25.0,36.0,150.05629306868326
44518,-25.0,36.5,152.29343842661905
44519,-25.0,37.0,166.6561680472278
44520,-25.0,39.5,168.5644995364896
44521,-24.5,-37.0,147.90789459645666
44522,-24.5,-36.5,148.84337523888294
44523,-24.5,-36.0,153.84291604899238
44524,-24.5,-35.5,150.22263746907666
44525,-24.5,-35.0,154.9614131662782
44526,-24.5,-34.5,154.86155087354925
44527,-24.5,-34.0,149.41961822241421
44528,-24.5,-33.5,149.0295832949202
44529,-24.5,-33.0,152.6124141508569
44530,-24.5,-32.5,149.37488883776794
44531,-24.5,-32.0,148.98631715043038
44532,-24.5,-31.5,148.47868091277383
44533,-24.5,-31.0,151.51683449257285
44534,-24.5,-30.5,149.91186911436316
44535,-24.5,-30.0,148.75032135235404
44536,-24.5,-29.5,150.95210328190683
44537,-24.5,-29.0,149.84205333691844
44538,-24.5,-28.5,152.57927422142606
44539,-24.5,-28.0,152.4275669060884
44540,-24.5,-27.5,151.7674774695518
44541,-24.5,-27.0,151.2333416353533
44542,-24.5,-26.5,152.5870952405846
44543,-24.5,-26.0,151.77451265937952
44544,-24.5,-25.5,151.32461524685922
44545,-24.5,-25.0,150.7680949951659
44546,-24.5,-24.5,150.06198259702288
44547,-24.5,-24.0,149.00208445846874
44548,-24.5,-23.5,149.02629438703212
44549,-24.5,-23.0,149.33154869037844
44550,-24.5,-22.5,148.77028929114596
44551,-24.5,-22.0,147.74955834686725
44552,-24.5,-21.5,148.1182291675558
44553,-24.5,-21.0,150.75243278485758
44554,-24.5,-20.5,150.2606051788485
44555,-24.5,-20.0,149.2280320437021
44556,-24.5,-19.5,147.97708351293454
44557,-24.5,-19.0,150.97129684281214
44558,-24.5,-18.5,149.82423990123164
44559,-24.5,-18.0,150.0110696746226
44560,-24.5,-17.5,150.9827641654684
44561,-24.5,-16.5,151.18902466510994
44562,-24.5,-16.0,150.7385999601984
44563,-24.5,-15.5,155.93440185336894
44564,-24.5,-14.5,155.54500848170358
44565,-24.5,-14.0,155.04802776338366
44566,-24.5,-13.5,154.5454512513779
44567,-24.5,-13.0,152.5726752938053
44568,-24.5,-12.5,152.23572148397557
44569,-24.5,-12.0,152.26173852374993
44570,-24.5,-11.5,151.64679091443466
44571,-24.5,-11.0,152.1451337489862
44572,-24.5,-10.5,152.3390169218942
44573,-24.5,-10.0,150.13600048076805
44574,-24.5,-9.5,151.96090190162303
44575,-24.5,-9.0,151.31018739861506
44576,-24.5,-8.5,150.62277151925645
44577,-24.5,-8.0,151.06424289121134
44578,-24.5,-7.5,150.7138470077149
44579,-24.5,-7.0,149.70044867953538
44580,-24.5,-6.5,150.7579238092055
44581,-24.5,-6.0,150.46514096465867
44582,-24.5,-5.5,150.37345456218532
44583,-24.5,-5.0,152.2478936856108
44584,-24.5,-4.5,147.49650414308005
44585,-24.5,-4.0,147.3434438921626
44586,-24.5,-3.5,147.65046499774164
44587,-24.5,-3.0,147.88558990928345
44588,-24.5,-2.5,149.75130110843216
44589,-24.5,-2.0,149.4085085709593
44590,-24.5,-1.5,147.90868296472428
44591,-24.5,-1.0,148.78990495509723
44592,-24.5,-0.5,147.62657205392316
44593,-24.5,0.0,151.33166854409527
44594,-24.5,0.5,150.20513327256282
44595,-24.5,1.0,147.2072564020458
44596,-24.5,1.5,150.1865638016356
44597,-24.5,2.0,149.6549725974714
44598,-24.5,2.5,147.9653775644892
44599,-24.5,3.0,150.13529934751884
44600,-24.5,3.5,148.79915284929336
44601,-24.5,4.0,148.89699464427548
44602,-24.5,6.0,152.2339443995158
44603,-24.5,6.5,154.05370697606435
44604,-24.5,7.0,150.4994454714625
44605,-24.5,7.5,149.042195667812
44606,-24.5,8.0,154.40498032492084
44607,-24.5,8.5,153.38689010000138
44608,-24.5,9.5,162.0360064027899
44609,-24.5,10.0,159.7117222523096
44610,-24.5,10.5,160.83001034602486
44611,-24.5,11.0,161.8640129599292
44612,-24.5,11.5,162.0350122139539
44613,-24.5,12.0,159.00605832979684
44614,-24.5,13.0,153.8973138460093
44615,-24.5,13.5,153.25406721011979
44616,-24.5,14.0,151.71332178348533
44617,-24.5,14.5,152.79202246997298
44618,-24.5,15.5,149.39206202833265
44619,-24.5,16.0,148.35841640565377
44620,-24.5,16.5,151.0470102385149
44621,-24.5,17.0,151.19221494742303
44622,-24.5,17.5,156.76124172917645
44623,-24.5,18.0,152.60538084466518
44624,-24.5,18.5,148.61292066145788
44625,-24.5,19.0,159.89323414192376
44626,-24.5,19.5,154.504773001593
44627,-24.5,20.0,157.63125253138804
44628,-24.5,20.5,148.05418147879254
44629,-24.5,21.0,148.15148268045718
44630,-24.5,21.5,150.0818780969832
44631,-24.5,22.0,149.6947890669644
44632,-24.5,22.5,151.30128335087133
44633,-24.5,23.0,151.78489317730813
44634,-24.5,23.5,155.4886443916038
44635,-24.5,24.0,149.14647210440754
44636,-24.5,24.5,151.4960575456857
44637,-24.5,25.0,154.81916035206856
44638,-24.5,25.5,148.83721467187692
44639,-24.5,26.0,150.76621348096427
44640,-24.5,26.5,154.86874648089156
44641,-24.5,27.0,153.0357176395477
44642,-24.5,27.5,154.78324289069027
44643,-24.5,28.0,149.27376002319355
44644,-24.5,28.5,152.51026635681325
44645,-24.5,29.0,149.6749378589928
44646,-24.5,29.5,153.6207220520953
44647,-24.5,30.0,154.48538794748663
44648,-24.5,30.5,153.02574499703945
44649,-24.5,31.0,153.2013608613405
44650,-24.5,31.5,151.64902333517176
44651,-24.5,32.0,155.30195128590262
44652,-24.5,32.5,153.18029049731817
44653,-24.5,33.0,156.77729402708343
44654,-24.5,33.5,154.2640860579055
44655,-24.5,34.0,155.49608484580364
44656,-24.5,34.5,153.33952843470217
44657,-24.5,35.0,151.52516019684825
44658,-24.5,36.0,150.000203235934
44659,-24.5,36.5,155.5099045805533
44660,-24.5,37.0,155.40573098032266
44661,-24.5,38.0,161.87243797761315
44662,-24.5,39.0,168.69004057605645
44663,-24.0,-37.0,147.7946958607083
44664,-24.0,-36.5,148.79663089605347
44665,-24.0,-36.0,154.43675300648187
44666,-24.0,-35.5,150.79651695430996
44667,-24.0,-35.0,154.7839719971311
44668,-24.0,-34.5,153.21235099348027
44669,-24.0,-34.0,148.2486891713447
44670,-24.0,-33.5,148.94299583859888
44671,-24.0,-33.0,153.27527028962527
44672,-24.0,-32.5,150.0153935379605
44673,-24.0,-32.0,148.5832073348236
44674,-24.0,-31.5,149.1143145009225
44675,-24.0,-31.0,149.62508898416053
44676,-24.0,-30.5,149.26755255006879
44677,-24.0,-30.0,149.15724908629113
44678,-24.0,-29.5,149.61138406335155
44679,-24.0,-29.0,156.35143734776133
44680,-24.0,-28.5,151.97732303237103
44681,-24.0,-28.0,152.0903595027559
44682,-24.0,-27.5,151.7132456813987
44683,-24.0,-27.0,151.24378788623815
44684,-24.0,-26.5,152.84810771847427
44685,-24.0,-26.0,151.6988068947221
44686,-24.0,-25.5,151.02920580920977
44687,-24.0,-25.0,149.8437026471356
44688,-24.0,-24.5,149.11840009410457
44689,-24.0,-24.0,150.3813382956229
44690,-24.0,-23.5,148.73739879393136
44691,-24.0,-23.0,148.11536775806147
44692,-24.0,-22.5,148.48609725054223
44693,-24.0,-22.0,148.16112125518578
44694,-24.0,-21.5,148.38179696059478
44695,-24.0,-21.0,148.9896969378968
44696,-24.0,-20.5,149.7074415987807
44697,-24.0,-20.0,151.96635754447584
44698,-24.0,-19.5,148.67978011792297
44699,-24.0,-19.0,152.47271328231807
44700,-24.0,-18.5,151.28540393753002
44701,-24.0,-18.0,150.3550875891473
44702,-24.0,-17.5,151.55870480782028
44703,-24.0,-16.5,151.52743034403113
44704,-24.0,-16.0,153.36559457972527
44705,-24.0,-15.5,152.32317610122215
44706,-24.0,-15.0,151.38635461028989
44707,-24.0,-14.5,155.94787853559887
44708,-24.0,-13.5,154.12085709749047
44709,-24.0,-13.0,152.57731323488517
44710,-24.0,-12.5,152.83991288548577
44711,-24.0,-12.0,153.47281635475386
44712,-24.0,-11.5,151.8434650219039
44713,-24.0,-11.0,152.90914430680684
44714,-24.0,-10.5,152.01682121792456
44715,-24.0,-10.0,151.34364322030126
44716,-24.0,-9.5,151.42970635420207
44717,-24.0,-9.0,150.96768352030935
44718,-24.0,-8.5,149.611392301152
44719,-24.0,-8.0,150.67117974284554
44720,-24.0,-7.5,151.22127239925328
44721,-24.0,-7.0,150.3503225039866
44722,-24.0,-6.5,149.68391732266244
44723,-24.0,-6.0,150.0787487306275
44724,-24.0,-5.5,151.0351050493108
44725,-24.0,-5.0,151.27090861904045
44726,-24.0,-4.5,147.15753468077125
44727,-24.0,-4.0,147.33769656680468
44728,-24.0,-3.5,147.659293121633
44729,-24.0,-3.0,147.35782188596792
44730,-24.0,-2.5,149.69374504580452
44731,-24.0,-2.0,148.10110376242324
44732,-24.0,-1.5,148.44023928651973
44733,-24.0,-1.0,148.3191600725461
44734,-24.0,-0.5,148.60226733177797
44735,-24.0,0.0,148.78380768594542
44736,-24.0,0.5,148.50112667861146
44737,-24.0,1.0,149.2463230322808
44738,-24.0,1.5,149.4353961028018
44739,-24.0,2.0,148.89148562762946
44740,-24.0,2.5,148.05573912803172
44741,-24.0,3.0,148.88158563930565
44742,-24.0,3.5,149.44566163662734
44743,-24.0,4.0,149.0457428094629
44744,-24.0,4.5,149.45897639401946
44745,-24.0,5.5,151.65066901172264
44746,-24.0,6.0,153.67847044715788
44747,-24.0,6.5,154.06468828677143
44748,-24.0,7.0,152.0503903808917
44749,-24.0,7.5,150.7362463983877
44750,-24.0,8.0,151.2898655388149
44751,-24.0,8.5,154.70478372729536
44752,-24.0,9.0,158.72675508399922
44753,-24.0,9.5,161.50102196938556
44754,-24.0,10.0,159.18326847510104
44755,-24.0,10.5,160.43660863466266
44756,-24.0,11.0,162.40519059016654
44757,-24.0,11.5,159.1947186159947
44758,-24.0,12.5,155.93118682699708
44759,-24.0,13.0,154.99410443894723
44760,-24.0,13.5,151.34410107570662
44761,-24.0,14.0,152.57078080376996
44762,-24.0,14.5,149.20843775766673
44763,-24.0,15.0,150.96563664414867
44764,-24.0,15.5,150.51131337981718
44765,-24.0,16.0,149.403638834402
44766,-24.0,16.5,149.8093075718321
44767,-24.0,17.0,151.38828432431865
44768,-24.0,17.5,151.87148473045323
44769,-24.0,18.0,165.37450525626255
44770,-24.0,18.5,152.30394799524092
44771,-24.0,19.0,152.4976491173947
44772,-24.0,19.5,159.883297604539
44773,-24.0,20.0,153.30875802116998
44774,-24.0,20.5,149.47530639876635
44775,-24.0,21.0,147.75435782780173
44776,-24.0,21.5,150.37562584051582
44777,-24.0,22.0,149.79838713888014
44778,-24.0,22.5,146.68650210082245
44779,-24.0,23.0,151.2647565868638
44780,-24.0,23.5,150.6878322691387
44781,-24.0,24.0,150.87261978788143
44782,-24.0,24.5,152.86295486138238
44783,-24.0,25.0,153.75706953352773
44784,-24.0,25.5,148.4358409133546
44785,-24.0,26.0,151.81984933433358
44786,-24.0,26.5,154.4702842040552
44787,-24.0,27.0,152.17401443741304
44788,-24.0,27.5,153.21100235330115
44789,-24.0,28.0,156.83418035146508
44790,-24.0,28.5,151.37825262879628
44791,-24.0,29.0,149.91985159608157
44792,-24.0,29.5,154.56877712110628
44793,-24.0,30.0,155.42857326491122
44794,-24.0,30.5,152.79443769292666
44795,-24.0,31.0,151.44654895432595
44796,-24.0,31.5,153.44888714574577
44797,-24.0,32.0,155.21007841304387
44798,-24.0,32.5,152.68679366426653
44799,-24.0,33.0,160.1928815063991
44800,-24.0,33.5,152.29617578656718
44801,-24.0,34.0,156.31153575076516
44802,-24.0,34.5,151.67058197077202
44803,-24.0,35.0,153.17403653166065
44804,-24.0,36.0,150.67515647988685
44805,-24.0,36.5,158.92976886170717
44806,-24.0,37.0,149.17565520364312
44807,-24.0,38.0,161.14307747054474
44808,-24.0,39.0,168.72386122579076
44809,-23.5,-37.0,147.72358195979288
44810,-23.5,-36.5,148.5508099162617
44811,-23.5,-36.0,157.3269590623617
44812,-23.5,-35.5,147.69664064274167
44813,-23.5,-35.0,156.8058855967347
44814,-23.5,-34.0,148.28116171713143
44815,-23.5,-33.5,150.36829900573122
44816,-23.5,-33.0,155.29658396826386
44817,-23.5,-32.5,149.67404321697833
44818,-23.5,-32.0,148.2650292915986
44819,-23.5,-31.5,146.7734276555583
44820,-23.5,-31.0,147.89038037629788
44821,-23.5,-30.5,150.06249001179927
44822,-23.5,-30.0,148.731347284286
44823,-23.5,-29.5,149.68221544885816
44824,-23.5,-29.0,159.08036206846148
44825,-23.5,-28.5,150.79591117258911
44826,-23.5,-28.0,153.05398430597785
44827,-23.5,-27.5,151.35142141175928
44828,-23.5,-27.0,150.83412234539375
44829,-23.5,-26.5,152.86867060219814
44830,-23.5,-26.0,150.74549652767902
44831,-23.5,-25.5,151.23661373635153
44832,-23.5,-25.0,146.68728417492133
44833,-23.5,-24.5,150.13757517768292
44834,-23.5,-24.0,150.0725392711392
44835,-23.5,-23.5,150.538826114083
44836,-23.5,-23.0,147.70707182588674
44837,-23.5,-22.5,148.53259310084803
44838,-23.5,-22.0,148.3822509999558
44839,-23.5,-21.5,148.99556102140392
44840,-23.5,-21.0,147.80633937843604
44841,-23.5,-20.5,148.60486672902954
44842,-23.5,-20.0,149.97977348791397
44843,-23.5,-19.5,152.21408479832283
44844,-23.5,-19.0,152.79230491672186
44845,-23.5,-18.5,150.3183024789941
44846,-23.5,-18.0,153.0635575246688
44847,-23.5,-17.5,151.70698221910106
44848,-23.5,-16.0,151.84516257244567
44849,-23.5,-15.0,152.76609716842896
44850,-23.5,-14.5,156.49497227985913
44851,-23.5,-14.0,153.7619804109548
44852,-23.5,-13.5,153.35132165880688
44853,-23.5,-12.5,153.17036188556506
44854,-23.5,-12.0,152.3728786173619
44855,-23.5,-11.5,152.57618144616467
44856,-23.5,-11.0,152.8580692742943
44857,-23.5,-10.5,151.11986760200085
44858,-23.5,-10.0,152.09421853158148
44859,-23.5,-9.5,150.98647267996725
44860,-23.5,-9.0,150.23390730383304
44861,-23.5,-8.5,150.75217252317577
44862,-23.5,-8.0,150.94049455234136
44863,-23.5,-7.5,151.86397332028568
44864,-23.5,-7.0,152.15519443654915
44865,-23.5,-6.5,149.5595474338995
44866,-23.5,-6.0,150.6210260025592
44867,-23.5,-5.5,149.99131191094045
44868,-23.5,-5.0,148.19529732796835
44869,-23.5,-4.0,147.66307043044128
44870,-23.5,-3.5,147.35320162091355
44871,-23.5,-3.0,148.32581876394462
44872,-23.5,-2.5,148.06661732950317
44873,-23.5,-2.0,148.22211708858495
44874,-23.5,-1.5,148.73981536437603
44875,-23.5,-1.0,148.51956348807585
44876,-23.5,-0.5,150.5859813421967
44877,-23.5,0.0,148.28390831643952
44878,-23.5,0.5,148.3878127430769
44879,-23.5,1.0,150.38167381902858
44880,-23.5,1.5,149.46221301838764
44881,-23.5,2.0,147.33376981738772
44882,-23.5,2.5,148.83230094210077
44883,-23.5,3.0,148.42040043365367
44884,-23.5,3.5,150.47370901794557
44885,-23.5,4.0,149.6721284644334
44886,-23.5,4.5,149.28071082252615
44887,-23.5,5.0,151.13961115122623
44888,-23.5,5.5,152.71502428257895
44889,-23.5,6.0,153.8669685265389
44890,-23.5,7.5,153.47362643556067
44891,-23.5,8.0,150.54736461702691
44892,-23.5,8.5,159.29750422608618
44893,-23.5,9.0,158.4059887977225
44894,-23.5,9.5,158.70407811571883
44895,-23.5,10.0,160.14279368858112
44896,-23.5,10.5,161.56365810843067
44897,-23.5,11.0,159.56864552554438
44898,-23.5,11.5,159.30579042925748
44899,-23.5,12.0,156.09662858205726
44900,-23.5,12.5,155.64728898642795
44901,-23.5,13.0,155.96041147557878
44902,-23.5,13.5,153.280251803841
44903,-23.5,14.0,150.93926133992076
44904,-23.5,14.5,149.3256765340215
44905,-23.5,15.0,151.23375808270845
44906,-23.5,16.0,150.7540112269077
44907,-23.5,16.5,149.7878873070637
44908,-23.5,17.0,152.55194057093638
44909,-23.5,17.5,151.43635115727596
44910,-23.5,18.0,156.56104630931176
44911,-23.5,18.5,155.77424852453893
44912,-23.5,19.5,164.23271086331604
44913,-23.5,20.0,151.1729969583737
44914,-23.5,20.5,154.24496281564006
44915,-23.5,21.0,149.2234233183573
44916,-23.5,21.5,150.76062959086877
44917,-23.5,22.0,149.8653118273035
44918,-23.5,22.5,149.93354723851473
44919,-23.5,23.0,149.5185874452277
44920,-23.5,23.5,150.9409123438201
44921,-23.5,24.0,151.15371413702917
44922,-23.5,24.5,152.15945374081724
44923,-23.5,25.0,149.7536595927301
44924,-23.5,25.5,153.28366302022545
44925,-23.5,26.0,151.77613632226988
44926,-23.5,26.5,155.82905333821526
44927,-23.5,27.0,152.93869038620065
44928,-23.5,27.5,152.06339410275913
44929,-23.5,28.0,157.65100657598379
44930,-23.5,28.5,151.59804634498218
44931,-23.5,29.0,149.44991164155294
44932,-23.5,29.5,157.063717091427
44933,-23.5,30.0,152.98653151295437
44934,-23.5,30.5,153.479240733097
44935,-23.5,31.0,151.2691682038204
44936,-23.5,31.5,154.55026227657177
44937,-23.5,32.0,154.01607316498246
44938,-23.5,32.5,154.88755390327137
44939,-23.5,33.0,156.8238626461924
44940,-23.5,33.5,152.3006085239237
44941,-23.5,34.0,157.27670637583034
44942,-23.5,34.5,150.168135036452
44943,-23.5,35.0,154.2982608572237
44944,-23.5,36.0,150.84588086547674
44945,-23.5,36.5,153.90595591642656
44946,-23.5,37.0,149.51468311524556
44947,-23.5,38.0,159.76602705172792
44948,-23.5,39.0,168.82607266323788
44949,-23.0,-37.0,147.78502536304882
44950,-23.0,-36.5,148.7272180592553
44951,-23.0,-36.0,157.36643617519684
44952,-23.0,-35.5,147.37850127537862
44953,-23.0,-35.0,155.69017114361466
44954,-23.0,-34.0,148.70438185678495
44955,-23.0,-33.5,150.9682213225874
44956,-23.0,-33.0,149.7612835224658
44957,-23.0,-32.5,149.66171270071513
44958,-23.0,-32.0,149.1067985510394
44959,-23.0,-31.5,146.82761271438565
44960,-23.0,-31.0,146.8658285769683
44961,-23.0,-30.5,149.4726795966261
44962,-23.0,-30.0,148.318659846533
44963,-23.0,-29.5,151.00677088146168
44964,-23.0,-29.0,151.08776221312053
44965,-23.0,-28.5,154.07190115498133
44966,-23.0,-28.0,153.89278583075736
44967,-23.0,-27.5,151.01868818719007
44968,-23.0,-27.0,151.26189795935588
44969,-23.0,-26.5,152.83715688763178
44970,-23.0,-26.0,151.07942687284935
44971,-23.0,-25.5,151.74354137911172
44972,-23.0,-25.0,148.31433564297066
44973,-23.0,-24.5,149.08649570168205
44974,-23.0,-24.0,149.9911658926152
44975,-23.0,-23.5,149.8342850839196
44976,-23.0,-23.0,147.82779265070647
44977,-23.0,-22.5,148.7392002151945
44978,-23.0,-22.0,148.86642307398245
44979,-23.0,-21.5,148.79256106317456
44980,-23.0,-21.0,147.75777950165727
44981,-23.0,-20.5,148.2523009623957
44982,-23.0,-20.0,150.48413923809395
44983,-23.0,-19.5,153.0669279024037
44984,-23.0,-19.0,149.4594403804384
44985,-23.0,-18.5,148.66955901306406
44986,-23.0,-18.0,152.97366833479035
44987,-23.0,-17.5,151.98919620475766
44988,-23.0,-17.0,152.10184991727147
44989,-23.0,-15.5,152.35245166821457
44990,-23.0,-15.0,155.0253654341777
44991,-23.0,-14.5,152.43096977939717
44992,-23.0,-14.0,153.48196167029297
44993,-23.0,-13.0,155.22522496558923
44994,-23.0,-12.5,154.81931421181432
44995,-23.0,-12.0,152.90934948860945
44996,-23.0,-11.5,153.1846348288414
44997,-23.0,-11.0,151.26624842736
44998,-23.0,-10.5,151.36427655096176
44999,-23.0,-10.0,152.23704559603638
45000,-23.0,-9.5,150.88890734998563
45001,-23.0,-9.0,149.65127882558525
45002,-23.0,-8.5,151.61634948680563
45003,-23.0,-8.0,151.70024530037202
45004,-23.0,-7.5,151.42149808203456
45005,-23.0,-7.0,151.50133525554384
45006,-23.0,-6.5,150.27566334505576
45007,-23.0,-6.0,150.59904750785353
45008,-23.0,-5.5,147.19599419473718
45009,-23.0,-5.0,149.30792411326462
45010,-23.0,-4.5,148.5094005567848
45011,-23.0,-4.0,158.17973970183746
45012,-23.0,-3.5,148.1759620860641
45013,-23.0,-3.0,148.12395106925757
45014,-23.0,-2.5,147.45519522594412
45015,-23.0,-2.0,148.7199256852997
45016,-23.0,-1.5,148.11921967726178
45017,-23.0,-1.0,151.49642397583642
45018,-23.0,-0.5,148.8248200711439
45019,-23.0,0.0,148.2049879009816
45020,-23.0,0.5,147.55214042359063
45021,-23.0,1.0,149.37205698999216
45022,-23.0,1.5,150.3738245946963
45023,-23.0,2.0,147.84295812522774
45024,-23.0,2.5,148.13473463339244
45025,-23.0,3.0,148.67594999310842
45026,-23.0,3.5,148.28870303027819
45027,-23.0,4.5,148.90088590189876
45028,-23.0,5.0,150.39037443555537
45029,-23.0,5.5,153.9734390840569
45030,-23.0,7.5,153.60932748045653
45031,-23.0,8.0,153.38342409482138
45032,-23.0,8.5,154.42191385845717
45033,-23.0,9.0,158.199738201304
45034,-23.0,9.5,158.5165434948129
45035,-23.0,10.0,159.7151742540261
45036,-23.0,10.5,162.1730899158128
45037,-23.0,11.0,159.69322843193828
45038,-23.0,11.5,160.03879028032605
45039,-23.0,12.0,157.0832457909723
45040,-23.0,12.5,155.1638540099888
45041,-23.0,13.0,154.85929256648512
45042,-23.0,13.5,154.86645895728674
45043,-23.0,14.0,150.003771679902
45044,-23.0,14.5,151.2467346722028
45045,-23.0,15.0,149.79587737434196
45046,-23.0,15.5,151.8800531941514
45047,-23.0,16.0,152.10748948681768
45048,-23.0,16.5,151.2988342722269
45049,-23.0,17.0,151.47089088961513
45050,-23.0,18.0,150.99075709988486
45051,-23.0,18.5,157.44548762868828
45052,-23.0,19.5,148.4795576955809
45053,-23.0,20.0,154.1243292552156
45054,-23.0,20.5,150.14874903562236
45055,-23.0,21.0,150.52043906520876
45056,-23.0,21.5,147.34707352256584
45057,-23.0,22.5,149.87236973033725
45058,-23.0,23.0,150.29479583229724
45059,-23.0,23.5,152.5517736186167
45060,-23.0,24.0,152.42877226627724
45061,-23.0,24.5,152.19868250088112
45062,-23.0,25.0,151.76122702873994
45063,-23.0,25.5,151.7795459293722
45064,-23.0,26.0,153.65521565428395
45065,-23.0,26.5,153.91642714205477
45066,-23.0,27.0,152.48420284510783
45067,-23.0,27.5,152.49812301757368
45068,-23.0,28.0,153.07005033006362
45069,-23.0,28.5,150.35094338048125
45070,-23.0,29.0,150.64884997642187
45071,-23.0,29.5,156.70238036735955
45072,-23.0,30.0,152.92346796567278
45073,-23.0,30.5,153.14052832229774
45074,-23.0,31.0,150.70154148380007
45075,-23.0,31.5,156.7911511274987
45076,-23.0,32.0,153.21124731233635
45077,-23.0,32.5,154.8751365008358
45078,-23.0,33.0,155.4861113386653
45079,-23.0,33.5,152.1469203204808
45080,-23.0,34.0,157.02836291074414
45081,-23.0,34.5,150.05614826228083
45082,-23.0,35.0,155.54550483950027
45083,-23.0,35.5,156.14750175726718
45084,-23.0,36.0,151.03044990708446
45085,-23.0,36.5,153.97937206088073
45086,-23.0,37.0,150.04548304073901
45087,-23.0,38.0,158.55213930634915
45088,-23.0,39.0,168.90229882271908
45089,-22.5,-37.0,147.85473235775424
45090,-22.5,-36.5,147.8663695693205
45091,-22.5,-36.0,155.69159391386862
45092,-22.5,-35.5,148.24417321595956
45093,-22.5,-35.0,152.62790588390774
45094,-22.5,-34.5,150.6252430857129
45095,-22.5,-34.0,148.43762941907576
45096,-22.5,-33.5,150.96458944406476
45097,-22.5,-33.0,151.17327975931826
45098,-22.5,-32.5,149.42391374957967
45099,-22.5,-32.0,150.08011537977953
45100,-22.5,-31.5,147.15726456238454
45101,-22.5,-31.0,146.95206158004163
45102,-22.5,-30.5,151.66334949518165
45103,-22.5,-30.0,148.540022821568
45104,-22.5,-29.5,150.2978615482137
45105,-22.5,-29.0,150.8482640118091
45106,-22.5,-28.5,155.73022851943398
45107,-22.5,-28.0,152.73605785325918
45108,-22.5,-27.5,151.16775785482685
45109,-22.5,-27.0,152.51161914233435
45110,-22.5,-26.5,152.16736421394862
45111,-22.5,-26.0,151.88063567632855
45112,-22.5,-25.5,151.0818256418916
45113,-22.5,-25.0,148.75188409119465
45114,-22.5,-24.5,149.64668128591003
45115,-22.5,-24.0,148.21437130185973
45116,-22.5,-23.5,148.49524738086933
45117,-22.5,-23.0,149.68284601703365
45118,-22.5,-22.5,147.73960021827304
45119,-22.5,-22.0,149.1195797402924
45120,-22.5,-21.5,147.79181179047882
45121,-22.5,-21.0,148.03823989834103
45122,-22.5,-20.5,148.3323627551596
45123,-22.5,-20.0,151.90895337736612
45124,-22.5,-19.5,151.49338787893012
45125,-22.5,-19.0,150.45607169083294
45126,-22.5,-18.5,150.18557420763943
45127,-22.5,-18.0,153.2173164107645
45128,-22.5,-17.5,153.51341096406756
45129,-22.5,-17.0,152.29565481602617
45130,-22.5,-15.5,152.42913868361344
45131,-22.5,-15.0,152.56661324544137
45132,-22.5,-14.5,152.3436884709583
45133,-22.5,-13.5,156.44825165961998
45134,-22.5,-13.0,153.9393422564308
45135,-22.5,-12.5,153.91082601879486
45136,-22.5,-12.0,152.94454058352804
45137,-22.5,-11.5,152.71139240044673
45138,-22.5,-11.0,151.1624712943202
45139,-22.5,-10.5,151.78702742054747
45140,-22.5,-10.0,150.70850927288058
45141,-22.5,-9.5,151.64239436388263
45142,-22.5,-9.0,151.53849097604882
45143,-22.5,-8.5,151.19678288986833
45144,-22.5,-8.0,151.93387789729613
45145,-22.5,-7.5,151.31941452886767
45146,-22.5,-7.0,150.5746052333424
45147,-22.5,-6.5,153.06661123321308
45148,-22.5,-6.0,150.2898453438529
45149,-22.5,-5.5,149.45234331874502
45150,-22.5,-5.0,148.23871181729967
45151,-22.5,-4.5,149.27361698013593
45152,-22.5,-4.0,159.14205115344902
45153,-22.5,-3.5,150.97949845567607
45154,-22.5,-3.0,147.43056124072518
45155,-22.5,-2.5,147.92464471412552
45156,-22.5,-2.0,147.5158584718115
45157,-22.5,-1.5,150.75315586051357
45158,-22.5,-1.0,150.09641912220155
45159,-22.5,-0.5,147.80419837644033
45160,-22.5,0.0,148.40805941715885
45161,-22.5,0.5,147.97294688314224
45162,-22.5,1.0,147.20333663323987
45163,-22.5,2.0,149.07783478315883
45164,-22.5,2.5,147.72807827164698
45165,-22.5,3.0,149.0881151303244
45166,-22.5,3.5,148.51638859847975
45167,-22.5,4.0,150.99042908722708
45168,-22.5,4.5,152.190278015548
45169,-22.5,5.0,152.5292729122124
45170,-22.5,5.5,151.0733708085337
45171,-22.5,6.0,156.0276017375481
45172,-22.5,8.0,155.94950007263665
45173,-22.5,8.5,154.06631344757102
45174,-22.5,9.0,155.67067509602688
45175,-22.5,9.5,158.560657135121
45176,-22.5,10.0,159.5767787443537
45177,-22.5,10.5,159.40104424069844
45178,-22.5,11.5,160.7246681499953
45179,-22.5,12.0,159.76308978073854
45180,-22.5,12.5,154.87210288966966
45181,-22.5,13.0,155.08936988825585
45182,-22.5,14.0,150.19627285726938
45183,-22.5,14.5,150.87998039702902
45184,-22.5,15.0,150.618003995011
45185,-22.5,15.5,151.14137501494127
45186,-22.5,16.0,152.13664692696412
45187,-22.5,16.5,152.5536013349631
45188,-22.5,17.0,149.94634385157386
45189,-22.5,17.5,150.09866227099786
45190,-22.5,18.0,151.15259319998324
45191,-22.5,18.5,153.55626234996288
45192,-22.5,19.0,155.41507429950718
45193,-22.5,19.5,149.63485569745038
45194,-22.5,20.0,150.26932578287668
45195,-22.5,20.5,151.53411925269396
45196,-22.5,21.0,154.48260833490593
45197,-22.5,21.5,147.2932714213542
45198,-22.5,22.0,150.19452664037223
45199,-22.5,22.5,147.7117987378758
45200,-22.5,23.0,150.29143368751932
45201,-22.5,24.0,153.75645676642603
45202,-22.5,24.5,152.21165939408112
45203,-22.5,25.0,148.31266902121953
45204,-22.5,25.5,150.57667971069512
45205,-22.5,26.0,151.60624947646969
45206,-22.5,27.0,154.0632868500132
45207,-22.5,27.5,150.90463972250998
45208,-22.5,28.0,152.71292898971686
45209,-22.5,29.0,154.46123184353465
45210,-22.5,29.5,155.13211309585247
45211,-22.5,30.0,154.24362863428783
45212,-22.5,30.5,150.84087275077746
45213,-22.5,31.0,151.1227724287324
45214,-22.5,31.5,157.07119120476807
45215,-22.5,32.0,153.09287028657457
45216,-22.5,32.5,157.3684749499743
45217,-22.5,33.0,153.1190643231843
45218,-22.5,33.5,151.78577218137085
45219,-22.5,34.0,154.13029661544945
45220,-22.5,34.5,150.11713203822518
45221,-22.5,35.0,154.94243328640016
45222,-22.5,35.5,156.28705091126028
45223,-22.5,36.0,150.73514741309776
45224,-22.5,36.5,155.55303002292777
45225,-22.5,37.0,154.0221045422959
45226,-22.5,38.0,157.49234226617688
45227,-22.5,39.0,168.949159492544
45228,-22.0,-40.5,165.32760432834652
45229,-22.0,-37.0,148.1488488408771
45230,-22.0,-36.5,147.19517540133253
45231,-22.0,-36.0,155.8139000228331
45232,-22.0,-35.5,149.06113322937318
45233,-22.0,-35.0,149.29387141199888
45234,-22.0,-34.5,150.92855394984616
45235,-22.0,-34.0,148.51534012285677
45236,-22.0,-33.5,150.87333562490986
45237,-22.0,-33.0,151.25647542839457
45238,-22.0,-32.5,149.30265870941338
45239,-22.0,-32.0,150.55951142840823
45240,-22.0,-31.5,147.2576974504044
45241,-22.0,-31.0,147.06784125954425
45242,-22.0,-30.5,150.60784642142343
45243,-22.0,-30.0,149.56637092528254
45244,-22.0,-29.5,150.60394091939605
45245,-22.0,-29.0,151.7169149055298
45246,-22.0,-28.5,155.88192839684342
45247,-22.0,-28.0,151.30762226236607
45248,-22.0,-27.5,150.52120200501398
45249,-22.0,-27.0,153.87795024550255
45250,-22.0,-26.5,152.2599411053326
45251,-22.0,-26.0,152.60968824405765
45252,-22.0,-25.5,150.74489213308192
45253,-22.0,-25.0,149.00871428241152
45254,-22.0,-24.5,148.66811635619192
45255,-22.0,-24.0,147.45835666839693
45256,-22.0,-23.5,148.8064585224032
45257,-22.0,-23.0,148.15321651140317
45258,-22.0,-22.5,149.3518324580175
45259,-22.0,-22.0,149.38491047683414
45260,-22.0,-21.5,147.95743137889355
45261,-22.0,-21.0,147.43726118854423
45262,-22.0,-20.5,148.40703661316857
45263,-22.0,-20.0,150.82633044786758
45264,-22.0,-19.5,148.9178110849454
45265,-22.0,-19.0,152.55756146849689
45266,-22.0,-18.5,150.51808904273094
45267,-22.0,-17.5,153.7165599023663
45268,-22.0,-17.0,155.36845944427643
45269,-22.0,-16.5,152.57725009726593
45270,-22.0,-15.0,152.79475223666765
45271,-22.0,-14.5,151.95864883480587
45272,-22.0,-14.0,152.17081737789425
45273,-22.0,-13.5,156.12438287100247
45274,-22.0,-13.0,151.76507790480525
45275,-22.0,-12.5,154.40056900238758
45276,-22.0,-11.5,153.32723372939972
45277,-22.0,-11.0,151.85297895873998
45278,-22.0,-10.5,151.03444391046193
45279,-22.0,-10.0,151.07999978409356
45280,-22.0,-9.5,151.28819414118456
45281,-22.0,-9.0,152.0323805049643
45282,-22.0,-8.5,151.07662528388155
45283,-22.0,-8.0,150.93821922510435
45284,-22.0,-7.5,150.87598511387773
45285,-22.0,-7.0,151.36483978100236
45286,-22.0,-6.5,151.84111383326413
45287,-22.0,-6.0,150.43569728539015
45288,-22.0,-5.5,149.45007522374405
45289,-22.0,-5.0,148.80431253838884
45290,-22.0,-4.5,148.72775836229292
45291,-22.0,-4.0,149.75556841390025
45292,-22.0,-3.5,154.4850445114637
45293,-22.0,-3.0,147.98198290141565
45294,-22.0,-2.5,147.40213763613932
45295,-22.0,-2.0,148.47158066472167
45296,-22.0,-1.5,149.07993638055146
45297,-22.0,-1.0,148.73804481100356
45298,-22.0,-0.5,148.66264879507577
45299,-22.0,0.0,147.82496391936857
45300,-22.0,0.5,147.73357530083015
45301,-22.0,1.0,147.1344279649867
45302,-22.0,1.5,147.44257993177092
45303,-22.0,2.0,148.12389498871
45304,-22.0,2.5,151.05160095193074
45305,-22.0,3.0,148.98170074050145
45306,-22.0,3.5,149.57140529549395
45307,-22.0,4.0,150.23775932295467
45308,-22.0,4.5,153.90182462666013
45309,-22.0,5.0,151.49232497538674
45310,-22.0,5.5,149.34462780319137
45311,-22.0,6.0,154.5653510567824
45312,-22.0,7.5,155.78621071001442
45313,-22.0,8.0,156.09394417257343
45314,-22.0,8.5,156.50355789920854
45315,-22.0,9.0,156.4234146045421
45316,-22.0,9.5,158.6698611285335
45317,-22.0,10.0,158.75072530756015
45318,-22.0,10.5,163.5469427144731
45319,-22.0,11.0,161.74978057408734
45320,-22.0,11.5,160.938570476313
45321,-22.0,12.5,156.234379451528
45322,-22.0,14.0,152.9895071422921
45323,-22.0,14.5,149.3491464709092
45324,-22.0,15.0,151.67947441857413
45325,-22.0,15.5,151.0522778051185
45326,-22.0,16.0,152.42262068901974
45327,-22.0,16.5,152.76428376893637
45328,-22.0,17.0,148.87063183107205
45329,-22.0,17.5,149.24806217329453
45330,-22.0,18.5,149.8583523073226
45331,-22.0,19.0,153.45164443843694
45332,-22.0,19.5,151.83927203450705
45333,-22.0,20.0,148.78088874588158
45334,-22.0,20.5,152.46938387995252
45335,-22.0,21.0,153.49993097757408
45336,-22.0,21.5,152.17224428859006
45337,-22.0,22.0,149.40024867567192
45338,-22.0,22.5,148.6320294012789
45339,-22.0,23.0,149.7931870432521
45340,-22.0,23.5,153.59989366652033
45341,-22.0,24.0,154.2768149650383
45342,-22.0,24.5,154.11659673941415
45343,-22.0,25.0,147.99829632776692
45344,-22.0,25.5,152.6286259506568
45345,-22.0,26.0,151.0234092701129
45346,-22.0,26.5,151.16418607902546
45347,-22.0,27.0,153.85236538495076
45348,-22.0,27.5,151.69172621217706
45349,-22.0,28.0,152.4221756426676
45350,-22.0,29.0,155.0377826948337
45351,-22.0,29.5,152.89474111563138
45352,-22.0,30.0,158.68091463668583
45353,-22.0,30.5,150.127633692843
45354,-22.0,31.0,152.1098375822511
45355,-22.0,31.5,156.56993089089633
45356,-22.0,32.0,154.3163484727786
45357,-22.0,32.5,157.06193737704058
45358,-22.0,33.0,152.92283790112407
45359,-22.0,33.5,152.60884390257567
45360,-22.0,34.0,150.30855798266685
45361,-22.0,34.5,150.14135967059963
45362,-22.0,35.0,154.37832266786452
45363,-22.0,35.5,155.2714230013858
45364,-22.0,36.0,151.49737983909165
45365,-22.0,36.5,156.12554410337822
45366,-22.0,37.0,151.72633998384404
45367,-22.0,38.0,156.60651925207551
45368,-22.0,39.0,169.09029429570467
45369,-21.5,-40.5,164.99374919330614
45370,-21.5,-40.0,164.7678696539953
45371,-21.5,-37.0,148.1089929874731
45372,-21.5,-36.5,147.43447528625663
45373,-21.5,-36.0,154.09688778008984
45374,-21.5,-35.5,149.62868865105307
45375,-21.5,-35.0,149.8154587015277
45376,-21.5,-34.5,151.24202954737916
45377,-21.5,-34.0,148.94407567289477
45378,-21.5,-33.5,151.08277135881266
45379,-21.5,-33.0,150.5810150936218
45380,-21.5,-32.5,148.5439497026655
45381,-21.5,-32.0,150.57410456446453
45382,-21.5,-31.5,147.50640213968595
45383,-21.5,-31.0,147.06629350918513
45384,-21.5,-30.5,149.9655502962347
45385,-21.5,-30.0,150.7214214500698
45386,-21.5,-29.5,150.99318648608963
45387,-21.5,-29.0,152.55944541857002
45388,-21.5,-28.5,152.03181952582406
45389,-21.5,-28.0,151.05957139364403
45390,-21.5,-27.5,150.268853569492
45391,-21.5,-27.0,154.10697641433666
45392,-21.5,-26.5,152.24352538966218
45393,-21.5,-26.0,151.47128370073557
45394,-21.5,-25.5,151.13005466305705
45395,-21.5,-25.0,150.1871570990945
45396,-21.5,-24.5,148.0969569771256
45397,-21.5,-24.0,147.02207051776864
45398,-21.5,-23.5,148.17684285343316
45399,-21.5,-23.0,149.42398879753495
45400,-21.5,-22.5,149.71932105099563
45401,-21.5,-22.0,148.7658071236629
45402,-21.5,-21.5,148.93359391507596
45403,-21.5,-21.0,147.31275738451032
45404,-21.5,-20.5,153.2327194037277
45405,-21.5,-20.0,148.26781994591101
45406,-21.5,-19.5,148.80632478647104
45407,-21.5,-19.0,151.53799204777752
45408,-21.5,-18.5,152.90069373131823
45409,-21.5,-18.0,152.16195205775077
45410,-21.5,-17.5,154.64792630938703
45411,-21.5,-17.0,154.60066933345763
45412,-21.5,-16.5,152.90319463161086
45413,-21.5,-16.0,153.1732156610761
45414,-21.5,-15.5,152.12621714335177
45415,-21.5,-15.0,152.64987517826665
45416,-21.5,-14.5,153.39488993146858
45417,-21.5,-14.0,152.54985146771352
45418,-21.5,-13.5,153.50642472856757
45419,-21.5,-13.0,154.9932862729323
45420,-21.5,-12.5,154.72232437675794
45421,-21.5,-12.0,152.2589584590199
45422,-21.5,-11.5,150.6346045012316
45423,-21.5,-11.0,152.62171946175621
45424,-21.5,-10.5,150.74325779590603
45425,-21.5,-10.0,151.31441977506125
45426,-21.5,-9.5,151.61515370633995
45427,-21.5,-9.0,151.4991515073162
45428,-21.5,-8.5,152.13551035530915
45429,-21.5,-8.0,150.05867214955126
45430,-21.5,-7.5,150.9857617527838
45431,-21.5,-7.0,152.71731044450365
45432,-21.5,-6.5,149.702492722455
45433,-21.5,-6.0,153.03509638854945
45434,-21.5,-5.5,148.79765930916315
45435,-21.5,-4.5,149.6225364238023
45436,-21.5,-4.0,148.81776400277764
45437,-21.5,-3.5,149.30016604773553
45438,-21.5,-3.0,154.70239742420782
45439,-21.5,-2.5,147.45007956867843
45440,-21.5,-2.0,148.9441013283094
45441,-21.5,-1.5,148.33944150533475
45442,-21.5,-1.0,147.87820702709615
45443,-21.5,-0.5,147.4795624219293
45444,-21.5,0.0,147.79868286049643
45445,-21.5,0.5,147.50438493307615
45446,-21.5,1.0,147.7802793780672
45447,-21.5,1.5,147.5197956713773
45448,-21.5,2.0,147.41930270923316
45449,-21.5,3.0,150.87292450476923
45450,-21.5,3.5,147.55552318313
45451,-21.5,4.0,152.17846845054677
45452,-21.5,4.5,148.5085755210335
45453,-21.5,5.0,152.5673405992568
45454,-21.5,5.5,153.6124120632572
45455,-21.5,6.0,149.72488051878744
45456,-21.5,6.5,149.8508997064062
45457,-21.5,7.5,155.68144219192632
45458,-21.5,8.5,157.09121388457936
45459,-21.5,9.0,157.24690123236903
45460,-21.5,9.5,155.45349782100348
45461,-21.5,10.0,161.00582270013632
45462,-21.5,10.5,157.98961061012497
45463,-21.5,11.0,158.57409387339885
45464,-21.5,11.5,160.6065560354667
45465,-21.5,12.0,158.43824790097713
45466,-21.5,12.5,158.04911254267532
45467,-21.5,13.5,154.25304883260026
45468,-21.5,14.0,153.6031004594357
45469,-21.5,14.5,154.33676888649728
45470,-21.5,15.0,150.5548521737947
45471,-21.5,15.5,152.23115543264595
45472,-21.5,16.0,151.60568068962357
45473,-21.5,16.5,153.19575132282728
45474,-21.5,17.0,150.66399115314508
45475,-21.5,17.5,148.6439424794258
45476,-21.5,18.0,148.0918862247366
45477,-21.5,18.5,149.61113970681168
45478,-21.5,19.0,149.83835380123287
45479,-21.5,19.5,153.15199401269092
45480,-21.5,20.0,150.0678800239488
45481,-21.5,20.5,148.3417172340072
45482,-21.5,21.0,152.50865952680013
45483,-21.5,21.5,151.6768074737129
45484,-21.5,22.0,147.69404693818748
45485,-21.5,22.5,149.2448225056745
45486,-21.5,23.0,150.0820433817139
45487,-21.5,23.5,152.56907902721753
45488,-21.5,24.0,156.90953295167847
45489,-21.5,24.5,155.0376128428576
45490,-21.5,25.0,151.0266610922573
45491,-21.5,25.5,151.84996256072515
45492,-21.5,26.0,150.46215694791636
45493,-21.5,26.5,152.77204115014348
45494,-21.5,27.0,154.0273950887771
45495,-21.5,27.5,152.1125510876259
45496,-21.5,28.0,153.70456886131137
45497,-21.5,28.5,153.4224686142081
45498,-21.5,29.0,160.33475442875104
45499,-21.5,29.5,154.76783580171235
45500,-21.5,30.0,150.99697240842664
45501,-21.5,30.5,150.2891792929069
45502,-21.5,31.0,157.4438950515752
45503,-21.5,31.5,152.91765395991624
45504,-21.5,32.0,154.66199893358282
45505,-21.5,32.5,156.2211731423899
45506,-21.5,33.0,153.6785685651584
45507,-21.5,33.5,152.76021406236273
45508,-21.5,34.0,150.07539211573072
45509,-21.5,34.5,150.4941013173977
45510,-21.5,35.0,152.7117591031757
45511,-21.5,35.5,156.60315578599923
45512,-21.5,36.0,153.16821295663982
45513,-21.5,36.5,156.78453004211093
45514,-21.5,37.0,151.23575307163625
45515,-21.5,37.5,169.92281873263008
45516,-21.5,38.0,155.79124140805823
45517,-21.5,38.5,169.17704505299832
45518,-21.5,39.0,169.30035972783594
45519,-21.0,-40.0,164.60327209933405
45520,-21.0,-37.0,148.35631356958848
45521,-21.0,-36.5,147.21568570381146
45522,-21.0,-36.0,150.69652141773577
45523,-21.0,-35.5,149.69701584909842
45524,-21.0,-35.0,151.68139964946909
45525,-21.0,-34.5,151.61170196319725
45526,-21.0,-34.0,150.31997849774535
45527,-21.0,-33.5,152.08515839943715
45528,-21.0,-33.0,149.15214067010564
45529,-21.0,-32.5,149.33709811412746
45530,-21.0,-32.0,150.7093983192902
45531,-21.0,-31.5,147.69101879936608
45532,-21.0,-31.0,147.70484732482467
45533,-21.0,-30.5,149.21046211655002
45534,-21.0,-30.0,154.38047638792793
45535,-21.0,-29.5,151.4550289157256
45536,-21.0,-29.0,150.33300335515207
45537,-21.0,-28.5,153.8520066091559
45538,-21.0,-28.0,152.80849281671246
45539,-21.0,-27.5,150.65720727163182
45540,-21.0,-27.0,154.02857490736181
45541,-21.0,-26.5,152.62768649843198
45542,-21.0,-26.0,150.8550244598766
45543,-21.0,-25.5,151.97178722751218
45544,-21.0,-25.0,149.77996042666064
45545,-21.0,-24.5,147.48789036683593
45546,-21.0,-24.0,147.91226755366654
45547,-21.0,-23.5,147.834176738685
45548,-21.0,-23.0,149.05087568454894
45549,-21.0,-22.5,148.7736655873034
45550,-21.0,-22.0,150.03906129078916
45551,-21.0,-21.5,149.10832175848944
45552,-21.0,-21.0,148.54760780565042
45553,-21.0,-20.5,154.33861935823657
45554,-21.0,-20.0,148.49735564019048
45555,-21.0,-19.5,148.52797012780422
45556,-21.0,-19.0,149.0593312342392
45557,-21.0,-18.5,152.5254506646535
45558,-21.0,-18.0,152.53448859678528
45559,-21.0,-17.5,153.9694534606045
45560,-21.0,-17.0,154.68213159053002
45561,-21.0,-16.0,153.67075776937816
45562,-21.0,-15.5,151.9721748710157
45563,-21.0,-14.5,153.74153172699874
45564,-21.0,-14.0,151.59841506426005
45565,-21.0,-13.5,153.55603564697464
45566,-21.0,-13.0,155.49225722707877
45567,-21.0,-12.0,152.11891219450317
45568,-21.0,-11.5,150.25321043851886
45569,-21.0,-11.0,150.48379519780678
45570,-21.0,-10.5,152.67569431610073
45571,-21.0,-10.0,151.3978465469231
45572,-21.0,-9.5,151.1866066245792
45573,-21.0,-9.0,150.14723936724045
45574,-21.0,-8.5,152.0116185799771
45575,-21.0,-8.0,150.90470692779698
45576,-21.0,-7.5,151.95545959555594
45577,-21.0,-7.0,150.195607537222
45578,-21.0,-6.5,151.4330844949825
45579,-21.0,-6.0,150.1914053642218
45580,-21.0,-5.5,152.39774157679395
45581,-21.0,-5.0,150.1329913227745
45582,-21.0,-4.5,149.7411902854419
45583,-21.0,-4.0,147.6304261449116
45584,-21.0,-3.5,148.87670002952444
45585,-21.0,-3.0,147.8844474015821
45586,-21.0,-2.5,151.28256176237124
45587,-21.0,-2.0,148.1835424108714
45588,-21.0,-1.5,147.74773709037098
45589,-21.0,-1.0,148.16506379930482
45590,-21.0,-0.5,147.64860899074506
45591,-21.0,0.5,148.15121653321762
45592,-21.0,1.0,147.55393266355975
45593,-21.0,1.5,148.40837443092397
45594,-21.0,2.0,147.14143566066443
45595,-21.0,3.0,151.25778651627618
45596,-21.0,3.5,152.44072143008702
45597,-21.0,4.0,148.45298042406318
45598,-21.0,4.5,149.21387535099188
45599,-21.0,5.0,155.43854580372712
45600,-21.0,5.5,153.9147311918905
45601,-21.0,6.0,150.2950622954334
45602,-21.0,6.5,149.7900495215972
45603,-21.0,7.0,155.47536179148943
45604,-21.0,7.5,155.41776979740607
45605,-21.0,8.0,155.09835404606667
45606,-21.0,8.5,156.4393145167211
45607,-21.0,9.0,158.72408506937992
45608,-21.0,9.5,159.31397073171942
45609,-21.0,10.0,158.10153653118334
45610,-21.0,10.5,156.52290388598573
45611,-21.0,11.0,155.70864546221452
45612,-21.0,12.0,157.37415203963351
45613,-21.0,13.5,153.75117005605728
45614,-21.0,14.0,155.34194987497267
45615,-21.0,14.5,155.08543694101928
45616,-21.0,15.0,153.72044569589175
45617,-21.0,15.5,151.18937219526757
45618,-21.0,16.0,152.76167390335254
45619,-21.0,16.5,150.66623309032497
45620,-21.0,17.0,150.52300534987668
45621,-21.0,17.5,148.60941048851998
45622,-21.0,18.0,148.09973049294206
45623,-21.0,18.5,150.63459015785975
45624,-21.0,19.0,149.49058476137526
45625,-21.0,19.5,150.7079339318752
45626,-21.0,20.0,152.4048624547874
45627,-21.0,20.5,148.34054092442986
45628,-21.0,21.0,151.2287418139785
45629,-21.0,21.5,151.89533687458731
45630,-21.0,22.0,149.57054814560047
45631,-21.0,22.5,150.1053618554468
45632,-21.0,23.0,153.2422689076329
45633,-21.0,23.5,151.33328428372366
45634,-21.0,24.0,156.0512983794627
45635,-21.0,24.5,159.38941797569674
45636,-21.0,25.0,153.52925339241023
45637,-21.0,25.5,150.95367297443659
45638,-21.0,26.0,152.74635255084382
45639,-21.0,26.5,150.49511074426832
45640,-21.0,27.0,153.45765113154582
45641,-21.0,27.5,152.59100887103736
45642,-21.0,28.0,153.8937079428949
45643,-21.0,28.5,157.20987691873367
45644,-21.0,29.0,155.31788315938402
45645,-21.0,29.5,155.84292857563037
45646,-21.0,30.0,150.56755291557891
45647,-21.0,30.5,150.13800437712317
45648,-21.0,31.0,158.7589597686483
45649,-21.0,31.5,151.69942942344494
45650,-21.0,32.0,157.41800118401596
45651,-21.0,32.5,154.77156682799026
45652,-21.0,33.0,153.92532530742534
45653,-21.0,33.5,152.17075308709946
45654,-21.0,34.0,150.07317523265974
45655,-21.0,34.5,150.82168422284983
45656,-21.0,35.0,152.26967576567876
45657,-21.0,35.5,156.03568523720986
45658,-21.0,36.0,155.45497192103204
45659,-21.0,36.5,158.04833271272656
45660,-21.0,37.0,151.66696183784765
45661,-21.0,37.5,163.1720749555028
45662,-21.0,38.5,169.34166474286437
45663,-20.5,-40.0,164.26759080702794
45664,-20.5,-37.0,148.33132830929486
45665,-20.5,-36.5,150.63823868596205
45666,-20.5,-36.0,148.09623178389867
45667,-20.5,-35.5,151.43862125718672
45668,-20.5,-35.0,151.65679209559966
45669,-20.5,-34.5,160.63849460798662
45670,-20.5,-34.0,150.77791116238652
45671,-20.5,-33.5,153.75544550700258
45672,-20.5,-33.0,148.41831690521872
45673,-20.5,-32.5,151.08462852243642
45674,-20.5,-32.0,150.8343533205969
45675,-20.5,-31.5,152.0214288397664
45676,-20.5,-31.0,148.05182477333025
45677,-20.5,-30.5,147.9863885173356
45678,-20.5,-30.0,152.93559917891068
45679,-20.5,-29.5,150.6844851422487
45680,-20.5,-29.0,148.94077881972055
45681,-20.5,-28.5,151.05455132130444
45682,-20.5,-28.0,152.6252183083851
45683,-20.5,-27.5,151.68447407178405
45684,-20.5,-27.0,153.12403244903985
45685,-20.5,-26.5,152.95331448278247
45686,-20.5,-26.0,151.21462327643104
45687,-20.5,-25.5,151.36538152968902
45688,-20.5,-25.0,148.7722075578495
45689,-20.5,-24.5,148.67963827330215
45690,-20.5,-24.0,148.48189384402744
45691,-20.5,-23.5,147.75517406805318
45692,-20.5,-23.0,148.45190297209135
45693,-20.5,-22.5,149.31859776989305
45694,-20.5,-22.0,148.35993222040207
45695,-20.5,-21.5,149.02344984697683
45696,-20.5,-21.0,150.99519397920238
45697,-20.5,-20.5,148.54578216123923
45698,-20.5,-20.0,153.1421380121829
45699,-20.5,-19.5,148.3227653986486
45700,-20.5,-19.0,150.136464177723
45701,-20.5,-18.5,152.08593642841424
45702,-20.5,-18.0,153.21155890853845
45703,-20.5,-17.5,151.77675787685615
45704,-20.5,-17.0,152.6177850695999
45705,-20.5,-16.5,155.2223854055638
45706,-20.5,-16.0,152.39592078411698
45707,-20.5,-15.5,153.9578903955489
45708,-20.5,-14.5,150.93095348507484
45709,-20.5,-14.0,153.53665385347216
45710,-20.5,-13.5,156.22825397320472
45711,-20.5,-13.0,153.2601804126046
45712,-20.5,-12.5,153.11622623839912
45713,-20.5,-12.0,150.31873498113563
45714,-20.5,-11.5,149.588219344583
45715,-20.5,-11.0,150.0983368700308
45716,-20.5,-10.5,152.78177573993628
45717,-20.5,-10.0,152.0491470798208
45718,-20.5,-9.5,150.9380024464085
45719,-20.5,-9.0,151.36158170040179
45720,-20.5,-8.5,150.51748719544375
45721,-20.5,-8.0,153.1790616853575
45722,-20.5,-7.5,150.3877129358342
45723,-20.5,-7.0,146.62803579551255
45724,-20.5,-6.5,151.28981080934557
45725,-20.5,-6.0,146.64363703214582
45726,-20.5,-5.5,153.34215351662266
45727,-20.5,-5.0,150.86838598192895
45728,-20.5,-4.5,147.0784772231663
45729,-20.5,-4.0,148.33207938654945
45730,-20.5,-3.5,147.87622255111094
45731,-20.5,-3.0,149.50589405060612
45732,-20.5,-2.5,149.91473735100288
45733,-20.5,-2.0,149.06196315789953
45734,-20.5,-1.5,147.58119935009884
45735,-20.5,-1.0,148.12719293653228
45736,-20.5,-0.5,147.38839774317842
45737,-20.5,0.5,148.17961427463197
45738,-20.5,1.0,148.2765985661951
45739,-20.5,1.5,147.16001367992067
45740,-20.5,2.0,146.81396168289461
45741,-20.5,2.5,147.24642178703013
45742,-20.5,3.0,153.44893509971425
45743,-20.5,3.5,151.61736473043044
45744,-20.5,4.0,148.63598379081125
45745,-20.5,4.5,151.55519494459952
45746,-20.5,5.0,150.81328435369403
45747,-20.5,5.5,151.35670202139218
45748,-20.5,6.0,153.8805884487341
45749,-20.5,6.5,149.17725820905898
45750,-20.5,7.0,151.49773518945963
45751,-20.5,7.5,153.49087075881067
45752,-20.5,8.0,155.06167557498563
45753,-20.5,8.5,157.99731988647557
45754,-20.5,9.0,159.47645966026474
45755,-20.5,9.5,159.53994503500672
45756,-20.5,10.0,156.98388327250436
45757,-20.5,10.5,156.960479856111
45758,-20.5,11.0,156.6414542368319
45759,-20.5,11.5,156.72814175900558
45760,-20.5,12.0,157.73491568542025
45761,-20.5,13.0,153.51097542988788
45762,-20.5,13.5,153.75416794301054
45763,-20.5,14.0,155.65800358925878
45764,-20.5,14.5,155.68840829965555
45765,-20.5,15.0,153.88902545997254
45766,-20.5,15.5,153.20404712637085
45767,-20.5,16.0,151.84915873746803
45768,-20.5,16.5,151.30608493462427
45769,-20.5,18.0,148.9497940911096
45770,-20.5,18.5,149.09108106436648
45771,-20.5,19.0,148.83177281177942
45772,-20.5,19.5,149.85835031177874
45773,-20.5,20.0,152.8987934045014
45774,-20.5,21.0,149.9540605669629
45775,-20.5,21.5,150.07321271216298
45776,-20.5,22.0,151.46449446594391
45777,-20.5,22.5,148.10702640820662
45778,-20.5,23.0,152.6992436646088
45779,-20.5,23.5,150.358281253814
45780,-20.5,24.0,152.86223826606286
45781,-20.5,24.5,157.17380493027682
45782,-20.5,25.5,150.99934198097702
45783,-20.5,26.0,152.98539907960762
45784,-20.5,26.5,150.9801034944303
45785,-20.5,27.0,152.0859298848747
45786,-20.5,27.5,154.60476218910412
45787,-20.5,28.0,152.4616062768728
45788,-20.5,28.5,158.63213636851316
45789,-20.5,29.0,155.8808339845301
45790,-20.5,29.5,157.96936523243943
45791,-20.5,30.0,151.00804441004527
45792,-20.5,30.5,154.6936104723868
45793,-20.5,31.0,156.63156599445307
45794,-20.5,31.5,152.5762354646493
45795,-20.5,32.0,157.9651370477272
45796,-20.5,32.5,154.83553394698632
45797,-20.5,33.0,155.6814262305382
45798,-20.5,33.5,151.63686936704795
45799,-20.5,34.0,150.4089509110295
45800,-20.5,34.5,150.70023264738256
45801,-20.5,35.0,152.7949723857152
45802,-20.5,35.5,158.0379991252256
45803,-20.5,36.0,155.00606648164447
45804,-20.5,36.5,159.5263428076706
45805,-20.5,37.0,150.83897538886416
45806,-20.5,37.5,157.55838208302188
45807,-20.5,38.0,155.52229264263858
45808,-20.5,38.5,169.49128682494538
45809,-20.0,-40.0,163.93585393432053
45810,-20.0,-37.0,148.45803272425218
45811,-20.0,-36.5,151.4325264743149
45812,-20.0,-36.0,147.70375066945059
45813,-20.0,-35.5,151.55056951429404
45814,-20.0,-35.0,151.62375795722178
45815,-20.0,-34.5,159.94571981566543
45816,-20.0,-34.0,150.71206726617973
45817,-20.0,-33.5,156.093554932012
45818,-20.0,-33.0,148.6295088705571
45819,-20.0,-32.5,152.2882978224224
45820,-20.0,-32.0,150.61530349145465
45821,-20.0,-31.5,153.8900347005167
45822,-20.0,-31.0,148.43532297094197
45823,-20.0,-30.5,147.6162175319709
45824,-20.0,-30.0,153.06244783405782
45825,-20.0,-29.5,153.11740084976577
45826,-20.0,-29.0,150.73740001781448
45827,-20.0,-28.5,148.3286466840991
45828,-20.0,-28.0,152.31124299023818
45829,-20.0,-27.5,151.57413530334995
45830,-20.0,-27.0,153.37137175998612
45831,-20.0,-26.5,150.3636112370549
45832,-20.0,-26.0,152.807685903831
45833,-20.0,-25.5,151.2153927205381
45834,-20.0,-25.0,149.01075381194315
45835,-20.0,-24.5,147.61867604577404
45836,-20.0,-24.0,148.13223183951848
45837,-20.0,-23.5,148.15344558552363
45838,-20.0,-23.0,147.87637985607552
45839,-20.0,-22.5,148.6795412596008
45840,-20.0,-22.0,148.90022810926706
45841,-20.0,-21.5,150.00045672265654
45842,-20.0,-21.0,150.71686975030116
45843,-20.0,-20.5,149.99533098919468
45844,-20.0,-20.0,145.9407951359678
45845,-20.0,-19.5,148.31249763390954
45846,-20.0,-19.0,150.46206474616287
45847,-20.0,-18.5,149.13115708717382
45848,-20.0,-18.0,152.72677175819294
45849,-20.0,-17.5,152.95325357695313
45850,-20.0,-17.0,152.44008167414825
45851,-20.0,-16.5,154.68934839667932
45852,-20.0,-16.0,153.05959815549193
45853,-20.0,-15.5,154.83871578189576
45854,-20.0,-15.0,151.15507785931908
45855,-20.0,-14.5,150.86381092909144
45856,-20.0,-14.0,156.8381667964012
45857,-20.0,-13.5,155.14623432341202
45858,-20.0,-13.0,153.84035535890422
45859,-20.0,-12.5,152.20133711262713
45860,-20.0,-12.0,149.52184731940287
45861,-20.0,-11.5,149.85870220411164
45862,-20.0,-11.0,150.97122702166857
45863,-20.0,-10.5,151.71649796803922
45864,-20.0,-10.0,152.47064200267934
45865,-20.0,-9.5,150.27172547741802
45866,-20.0,-9.0,150.8365295900209
45867,-20.0,-8.5,151.05818184953606
45868,-20.0,-8.0,151.408379081829
45869,-20.0,-7.5,151.1121633704048
45870,-20.0,-7.0,146.85230812008322
45871,-20.0,-6.5,149.39504420514797
45872,-20.0,-6.0,154.94929773149772
45873,-20.0,-5.5,151.5343703626539
45874,-20.0,-5.0,150.335146900696
45875,-20.0,-4.5,147.94509459792857
45876,-20.0,-4.0,147.71095616523706
45877,-20.0,-3.5,148.8787596630206
45878,-20.0,-3.0,149.1343834391883
45879,-20.0,-2.5,148.75448058049082
45880,-20.0,-2.0,149.69832374773875
45881,-20.0,-1.5,148.59047898327174
45882,-20.0,-1.0,147.41743892187145
45883,-20.0,-0.5,148.48617891443922
45884,-20.0,0.0,147.39222600741584
45885,-20.0,0.5,148.1987885653545
45886,-20.0,1.5,147.1786189715503
45887,-20.0,2.0,147.38520208418825
45888,-20.0,2.5,151.6081648052062
45889,-20.0,3.0,149.63729376410006
45890,-20.0,4.0,152.7109565710918
45891,-20.0,4.5,150.9227330216945
45892,-20.0,5.0,151.23690568762825
45893,-20.0,5.5,151.21207339556454
45894,-20.0,6.0,152.28203802731755
45895,-20.0,6.5,153.54764556189204
45896,-20.0,7.0,150.52227091005483
45897,-20.0,7.5,152.36442807032304
45898,-20.0,8.0,157.2710813855135
45899,-20.0,8.5,157.75301274488174
45900,-20.0,9.0,159.03214867986856
45901,-20.0,9.5,158.90211651751034
45902,-20.0,10.0,158.00335862529454
45903,-20.0,10.5,154.91797232671283
45904,-20.0,11.0,158.52558697839135
45905,-20.0,11.5,156.96754151257863
45906,-20.0,12.0,156.8576951047306
45907,-20.0,12.5,155.22881502573452
45908,-20.0,13.0,154.1538205791674
45909,-20.0,13.5,156.29339996125194
45910,-20.0,14.0,156.39149131765535
45911,-20.0,14.5,156.21271547325009
45912,-20.0,15.0,156.86657832650337
45913,-20.0,15.5,157.55796987961872
45914,-20.0,16.0,150.75573135309853
45915,-20.0,16.5,151.75285331491048
45916,-20.0,17.0,151.97860560650474
45917,-20.0,18.0,151.1869179464479
45918,-20.0,18.5,148.1335053495356
45919,-20.0,19.0,149.6302553891501
45920,-20.0,19.5,149.14774353116226
45921,-20.0,20.0,151.43611152938774
45922,-20.0,20.5,151.77420269980314
45923,-20.0,21.0,150.49827100966954
45924,-20.0,21.5,149.6277893526776
45925,-20.0,22.0,154.6849474845578
45926,-20.0,22.5,153.43270527798634
45927,-20.0,23.0,150.55415460514135
45928,-20.0,23.5,149.25128901484763
45929,-20.0,24.0,149.5016262207386
45930,-20.0,24.5,156.818437617114
45931,-20.0,25.0,152.78638026635187
45932,-20.0,25.5,150.51038288012782
45933,-20.0,26.0,151.9174075824706
45934,-20.0,26.5,151.36806549779172
45935,-20.0,27.0,151.25675916088747
45936,-20.0,27.5,155.56818906727074
45937,-20.0,28.0,163.90281367100155
45938,-20.0,28.5,154.02357777120488
45939,-20.0,29.0,157.63895829051998
45940,-20.0,29.5,150.61726667883673
45941,-20.0,30.0,151.39263907056122
45942,-20.0,30.5,159.639966581211
45943,-20.0,31.0,153.00307082489616
45944,-20.0,31.5,154.90558435372657
45945,-20.0,32.0,156.51957882744819
45946,-20.0,32.5,155.0656387567768
45947,-20.0,33.0,155.5212505436624
45948,-20.0,33.5,151.43572792565865
45949,-20.0,34.0,151.10060928017953
45950,-20.0,34.5,150.912742129758
45951,-20.0,35.0,152.83910896944136
45952,-20.0,35.5,158.21782346360382
45953,-20.0,36.0,154.38420933027749
45954,-20.0,36.5,157.66990696871665
45955,-20.0,37.0,150.89850964046568
45956,-20.0,37.5,153.4728871063345
45957,-20.0,38.0,159.13107410372803
45958,-20.0,38.5,169.61663381946653
45959,-19.5,-40.0,163.64846754058644
45960,-19.5,-39.5,163.43864879959688
45961,-19.5,-37.0,148.67592787372325
45962,-19.5,-36.5,151.65405264644355
45963,-19.5,-36.0,147.7464303872987
45964,-19.5,-35.5,151.69045596467362
45965,-19.5,-35.0,151.7950036261911
45966,-19.5,-34.5,159.2343608691482
45967,-19.5,-34.0,153.25059202070221
45968,-19.5,-33.5,153.02434393362688
45969,-19.5,-33.0,149.2105043011993
45970,-19.5,-32.5,151.44359582981383
45971,-19.5,-32.0,150.00005240984038
45972,-19.5,-31.5,153.53038410929076
45973,-19.5,-31.0,148.88844280585772
45974,-19.5,-30.5,147.82482642871932
45975,-19.5,-30.0,151.7069650750498
45976,-19.5,-29.5,151.54260763821276
45977,-19.5,-29.0,151.4909723364917
45978,-19.5,-28.5,148.35041125747873
45979,-19.5,-28.0,150.93138420544008
45980,-19.5,-27.5,153.44241202647888
45981,-19.5,-27.0,155.96230093896594
45982,-19.5,-26.5,148.12661816000687
45983,-19.5,-26.0,153.2274152992034
45984,-19.5,-25.5,150.5712963193812
45985,-19.5,-25.0,149.0980574299473
45986,-19.5,-24.5,147.3675348958106
45987,-19.5,-24.0,149.94077764047026
45988,-19.5,-23.5,147.64445017121952
45989,-19.5,-23.0,148.16729935747543
45990,-19.5,-22.5,148.74560190380606
45991,-19.5,-22.0,149.20456556537908
45992,-19.5,-21.5,150.4609392572304
45993,-19.5,-21.0,149.99089800195267
45994,-19.5,-20.5,150.28433041714783
45995,-19.5,-20.0,146.08564767877576
45996,-19.5,-19.5,151.0803863663789
45997,-19.5,-19.0,149.1473045334502
45998,-19.5,-18.5,150.8797787683196
45999,-19.5,-18.0,149.28896366600708
46000,-19.5,-17.5,152.43295378285194
46001,-19.5,-17.0,153.16283575357005
46002,-19.5,-16.5,151.23530236255942
46003,-19.5,-16.0,156.09582371043334
46004,-19.5,-15.0,152.15927556815433
46005,-19.5,-14.5,159.44545257577855
46006,-19.5,-14.0,158.81813627702553
46007,-19.5,-13.5,155.6324362083166
46008,-19.5,-13.0,154.33946924831392
46009,-19.5,-12.5,152.76308875833604
46010,-19.5,-12.0,150.7785130561425
46011,-19.5,-11.5,151.56808260120238
46012,-19.5,-11.0,150.30193427936914
46013,-19.5,-10.5,150.5421573822418
46014,-19.5,-10.0,151.29609746737555
46015,-19.5,-9.5,152.85654555419146
46016,-19.5,-9.0,150.4835856804482
46017,-19.5,-8.5,153.23154185148218
46018,-19.5,-8.0,148.7157980318848
46019,-19.5,-7.5,156.05218094363738
46020,-19.5,-7.0,150.1605600272768
46021,-19.5,-6.0,152.68307437560318
46022,-19.5,-5.5,152.04233091352427
46023,-19.5,-5.0,150.15928474672833
46024,-19.5,-4.5,148.43703630941098
46025,-19.5,-4.0,147.22837640584692
46026,-19.5,-3.5,151.36213491441538
46027,-19.5,-3.0,149.1458075022045
46028,-19.5,-2.5,148.15414046796295
46029,-19.5,-2.0,148.8334120805413
46030,-19.5,-1.5,151.5613431832918
46031,-19.5,-1.0,147.2699912646934
46032,-19.5,-0.5,148.03375543924585
46033,-19.5,0.0,148.4690042911683
46034,-19.5,0.5,147.51918814926864
46035,-19.5,2.0,150.88660216948085
46036,-19.5,2.5,151.2126548612635
46037,-19.5,3.0,147.5428103069823
46038,-19.5,3.5,152.49002295462157
46039,-19.5,4.0,153.64901041992076
46040,-19.5,4.5,152.2512908293919
46041,-19.5,5.0,148.23437075251448
46042,-19.5,5.5,150.05825050401205
46043,-19.5,6.0,151.883000886816
46044,-19.5,6.5,152.95456009058947
46045,-19.5,7.0,152.34382176293002
46046,-19.5,7.5,151.56838461437488
46047,-19.5,8.0,155.44871972304887
46048,-19.5,8.5,157.99616361506781
46049,-19.5,9.0,158.8392097094074
46050,-19.5,9.5,158.3077606523452
46051,-19.5,10.0,158.36678420101344
46052,-19.5,10.5,156.8233526634491
46053,-19.5,11.0,157.52099065608817
46054,-19.5,12.0,156.14098222799228
46055,-19.5,12.5,155.92170331568968
46056,-19.5,13.5,156.88365003506132
46057,-19.5,14.0,156.18244075653476
46058,-19.5,14.5,155.62488187277222
46059,-19.5,15.0,159.69133792109764
46060,-19.5,15.5,156.1367633741859
46061,-19.5,16.0,151.5588763782212
46062,-19.5,16.5,151.12833847382788
46063,-19.5,17.0,152.3134521610344
46064,-19.5,17.5,153.33827642927514
46065,-19.5,18.0,151.54844132625846
46066,-19.5,18.5,149.56215464885983
46067,-19.5,19.0,148.6658805737345
46068,-19.5,19.5,150.0463734916201
46069,-19.5,20.0,149.46241981058205
46070,-19.5,20.5,151.51599766998766
46071,-19.5,21.0,148.9676241778058
46072,-19.5,21.5,148.87099030897204
46073,-19.5,22.0,151.47951963127383
46074,-19.5,22.5,152.74614181604232
46075,-19.5,23.0,151.35060206657514
46076,-19.5,24.0,149.18622563375132
46077,-19.5,24.5,155.15206379036343
46078,-19.5,25.0,152.74713518834952
46079,-19.5,26.0,151.3438285493631
46080,-19.5,26.5,157.0651632130744
46081,-19.5,27.0,150.8160752518245
46082,-19.5,27.5,155.63894504151602
46083,-19.5,28.0,163.80979065236926
46084,-19.5,28.5,154.9842705943036
46085,-19.5,29.0,159.79431663795918
46086,-19.5,29.5,152.5358029425537
46087,-19.5,30.0,152.11714234728063
46088,-19.5,30.5,159.588860500948
46089,-19.5,31.0,152.0126882578326
46090,-19.5,31.5,156.54122088494057
46091,-19.5,32.0,156.3915177241988
46092,-19.5,32.5,154.2203592930162
46093,-19.5,33.0,155.00056843185504
46094,-19.5,33.5,154.86018197214187
46095,-19.5,34.0,150.71409750004014
46096,-19.5,34.5,151.42312613137884
46097,-19.5,35.0,153.30706180019396
46098,-19.5,35.5,154.7816655499644
46099,-19.5,36.0,155.88170403943727
46100,-19.5,36.5,158.49777420178685
46101,-19.5,37.0,150.90605822052663
46102,-19.5,37.5,153.05882227487126
46103,-19.5,38.0,154.61017774457193
46104,-19.5,38.5,169.75722674158416
46105,-19.0,-39.5,163.13117105751996
46106,-19.0,-37.0,149.1707746607956
46107,-19.0,-36.5,151.13533683763276
46108,-19.0,-36.0,148.0632949761155
46109,-19.0,-35.5,151.90675554002073
46110,-19.0,-35.0,154.97431203214538
46111,-19.0,-34.0,154.76814195060228
46112,-19.0,-33.5,153.11317753013486
46113,-19.0,-33.0,149.68017295264025
46114,-19.0,-32.5,149.6021633991057
46115,-19.0,-32.0,149.59507802506292
46116,-19.0,-31.5,153.79562989721404
46117,-19.0,-31.0,148.43332513203626
46118,-19.0,-30.5,148.9321550356785
46119,-19.0,-30.0,153.4279607699324
46120,-19.0,-29.5,151.49675851159745
46121,-19.0,-29.0,153.4666129844837
46122,-19.0,-28.5,149.23120994751645
46123,-19.0,-28.0,151.4673160777425
46124,-19.0,-27.5,154.10008422392968
46125,-19.0,-27.0,152.61501870065365
46126,-19.0,-26.5,149.9131489934813
46127,-19.0,-26.0,153.39822501032663
46128,-19.0,-25.5,149.6351483914318
46129,-19.0,-25.0,149.3212778752205
46130,-19.0,-24.5,148.02827603352137
46131,-19.0,-24.0,147.7111076403193
46132,-19.0,-23.5,148.58340988669593
46133,-19.0,-23.0,148.0806377524801
46134,-19.0,-22.5,148.75240301549954
46135,-19.0,-22.0,150.35762189533352
46136,-19.0,-21.5,149.78910551341713
46137,-19.0,-21.0,150.20226429991394
46138,-19.0,-20.5,150.23102211140173
46139,-19.0,-20.0,148.22587682823456
46140,-19.0,-19.5,149.7517820003908
46141,-19.0,-19.0,151.78277704454743
46142,-19.0,-18.5,149.46481827214888
46143,-19.0,-18.0,149.98901040425858
46144,-19.0,-17.5,153.1804317261629
46145,-19.0,-17.0,153.17975819191858
46146,-19.0,-16.5,152.4301335254327
46147,-19.0,-16.0,156.4196493086525
46148,-19.0,-15.5,152.79892067329243
46149,-19.0,-15.0,153.47315593332877
46150,-19.0,-14.5,157.5603512353574
46151,-19.0,-13.5,155.1165994711918
46152,-19.0,-13.0,153.2683154730483
46153,-19.0,-12.5,150.19418013899795
46154,-19.0,-12.0,154.00338840877208
46155,-19.0,-11.5,151.526870173137
46156,-19.0,-11.0,152.02723544003032
46157,-19.0,-10.5,149.66660179787618
46158,-19.0,-10.0,150.06278171622628
46159,-19.0,-9.5,151.91195126202663
46160,-19.0,-9.0,156.65344596581969
46161,-19.0,-8.5,150.33663880428654
46162,-19.0,-8.0,152.6780128024986
46163,-19.0,-7.5,149.35801171733505
46164,-19.0,-7.0,154.24867368789063
46165,-19.0,-6.5,152.69002327668716
46166,-19.0,-6.0,150.34604278971673
46167,-19.0,-5.5,150.61590561027407
46168,-19.0,-5.0,151.33612734709672
46169,-19.0,-4.5,147.48247339464277
46170,-19.0,-4.0,151.3613893174218
46171,-19.0,-3.5,149.2112167495775
46172,-19.0,-3.0,147.31339015649033
46173,-19.0,-2.5,147.9638905386618
46174,-19.0,-2.0,149.0019560078005
46175,-19.0,-1.5,148.85226354121372
46176,-19.0,-1.0,154.57119190737657
46177,-19.0,-0.5,147.2331123833187
46178,-19.0,0.0,149.07236404384847
46179,-19.0,0.5,148.41729738399357
46180,-19.0,1.5,156.1291117985072
46181,-19.0,2.0,152.79908453412716
46182,-19.0,2.5,147.8006727973287
46183,-19.0,3.0,154.38484155022013
46184,-19.0,3.5,150.1136628274762
46185,-19.0,4.0,151.73638313004474
46186,-19.0,4.5,152.15435598596665
46187,-19.0,5.0,151.3912376345629
46188,-19.0,5.5,149.39552844175142
46189,-19.0,6.0,150.39781456080448
46190,-19.0,6.5,152.11506544275605
46191,-19.0,7.0,153.1670369514393
46192,-19.0,7.5,153.5118328047487
46193,-19.0,8.0,154.18881968678477
46194,-19.0,8.5,156.9436763882185
46195,-19.0,9.0,157.6531346983596
46196,-19.0,9.5,159.44076375565336
46197,-19.0,10.5,160.8982443457575
46198,-19.0,11.0,155.97852884340188
46199,-19.0,11.5,151.4010254221138
46200,-19.0,12.0,155.03439061668718
46201,-19.0,12.5,152.8484169665679
46202,-19.0,13.0,157.6659884285776
46203,-19.0,13.5,154.89333083521632
46204,-19.0,14.0,154.71295436886612
46205,-19.0,14.5,159.32233537747544
46206,-19.0,15.0,159.3039747383522
46207,-19.0,15.5,155.0467693680692
46208,-19.0,16.0,155.54546434342132
46209,-19.0,16.5,150.89123203734468
46210,-19.0,17.0,151.71646394226232
46211,-19.0,17.5,152.69639722270188
46212,-19.0,18.0,148.40524410405084
46213,-19.0,18.5,150.57299010865236
46214,-19.0,19.0,148.11699056366064
46215,-19.0,19.5,148.1556288659829
46216,-19.0,20.0,149.92127164777878
46217,-19.0,20.5,152.12193338188453
46218,-19.0,21.0,151.22753288892292
46219,-19.0,21.5,148.32942212154904
46220,-19.0,22.0,151.25934981249998
46221,-19.0,22.5,152.83511560621525
46222,-19.0,23.0,151.17063960199894
46223,-19.0,23.5,147.50229883762353
46224,-19.0,24.0,150.7499343377166
46225,-19.0,24.5,150.8998023293835
46226,-19.0,25.0,151.77394824446168
46227,-19.0,25.5,154.96615439487405
46228,-19.0,26.0,149.08369384953488
46229,-19.0,26.5,153.75229546315848
46230,-19.0,27.0,149.73005062348463
46231,-19.0,27.5,157.86214518261406
46232,-19.0,28.0,163.71678619522177
46233,-19.0,28.5,157.54863785856548
46234,-19.0,29.0,153.79925905560327
46235,-19.0,29.5,156.28641657311923
46236,-19.0,30.0,158.0126067415775
46237,-19.0,30.5,155.56396346520526
46238,-19.0,31.0,153.4463215755452
46239,-19.0,31.5,159.06945023437797
46240,-19.0,32.0,153.93903220817407
46241,-19.0,32.5,155.35789979398717
46242,-19.0,33.0,155.89842490964455
46243,-19.0,33.5,154.56997479064864
46244,-19.0,34.0,150.30441054011177
46245,-19.0,34.5,152.67170443142143
46246,-19.0,35.0,153.54720971388426
46247,-19.0,35.5,154.2722951278965
46248,-19.0,36.0,156.15263425477482
46249,-19.0,36.5,158.48592470426533
46250,-19.0,37.0,150.97606451015147
46251,-19.0,37.5,152.98879262252987
46252,-19.0,38.0,161.31861319514604
46253,-19.0,38.5,169.91720474384292
46254,-18.5,-39.5,162.7473233040706
46255,-18.5,-37.0,149.6358385065058
46256,-18.5,-36.5,149.12444450520482
46257,-18.5,-36.0,150.352754053044
46258,-18.5,-35.5,150.77678761965572
46259,-18.5,-35.0,154.9356543358704
46260,-18.5,-34.5,150.95364929871766
46261,-18.5,-34.0,154.6220412106592
46262,-18.5,-33.5,151.15363920142332
46263,-18.5,-33.0,151.40081252580777
46264,-18.5,-32.5,150.14060432975802
46265,-18.5,-32.0,150.19129065001118
46266,-18.5,-31.5,152.56215361195765
46267,-18.5,-31.0,151.7441720508136
46268,-18.5,-30.5,150.56331820645883
46269,-18.5,-30.0,152.45533721615791
46270,-18.5,-29.5,152.01628468042108
46271,-18.5,-29.0,150.81828146680328
46272,-18.5,-28.5,150.20796424494614
46273,-18.5,-28.0,150.27477802934249
46274,-18.5,-27.5,154.2722250321838
46275,-18.5,-27.0,151.83345477153046
46276,-18.5,-26.5,150.86854194824397
46277,-18.5,-26.0,150.73220645685112
46278,-18.5,-25.5,149.62657054518024
46279,-18.5,-25.0,147.79581872720178
46280,-18.5,-24.5,150.70379819207918
46281,-18.5,-24.0,147.92421654460475
46282,-18.5,-23.5,149.3056129201948
46283,-18.5,-23.0,147.58878429302823
46284,-18.5,-22.5,149.59497164339092
46285,-18.5,-22.0,151.9510116411294
46286,-18.5,-21.5,149.3151347896231
46287,-18.5,-21.0,149.88095918560114
46288,-18.5,-20.5,148.7975633977598
46289,-18.5,-20.0,150.6031181401487
46290,-18.5,-19.5,146.31471177631576
46291,-18.5,-19.0,151.61394819243458
46292,-18.5,-18.5,148.59714625180985
46293,-18.5,-18.0,149.71716533332403
46294,-18.5,-17.5,151.3631384075175
46295,-18.5,-17.0,152.65917093979124
46296,-18.5,-16.5,153.51621022598204
46297,-18.5,-16.0,151.20861841755615
46298,-18.5,-15.5,152.79402290716385
46299,-18.5,-15.0,157.70539775273934
46300,-18.5,-14.5,156.7710285422991
46301,-18.5,-13.5,152.67001804939432
46302,-18.5,-13.0,151.37023541382246
46303,-18.5,-12.5,154.0330055044848
46304,-18.5,-12.0,153.94046510010494
46305,-18.5,-11.5,152.19392210621456
46306,-18.5,-11.0,151.55222445465742
46307,-18.5,-10.5,149.7999046366427
46308,-18.5,-10.0,150.04793789731994
46309,-18.5,-9.5,151.11600174594352
46310,-18.5,-9.0,152.88694912458828
46311,-18.5,-8.5,148.31835105361864
46312,-18.5,-8.0,151.42237082400848
46313,-18.5,-7.5,148.27418891919123
46314,-18.5,-7.0,158.91615972381385
46315,-18.5,-6.5,152.27552213511194
46316,-18.5,-6.0,146.70230188866134
46317,-18.5,-5.5,150.37679300112976
46318,-18.5,-5.0,152.0942104569486
46319,-18.5,-4.5,152.31859607407785
46320,-18.5,-4.0,151.15392299654104
46321,-18.5,-3.5,147.65756972994055
46322,-18.5,-3.0,148.2514660928028
46323,-18.5,-2.5,147.61977551663747
46324,-18.5,-2.0,149.8854443121259
46325,-18.5,-1.5,149.66521350114147
46326,-18.5,-1.0,148.63725280091813
46327,-18.5,-0.5,152.67271174736678
46328,-18.5,0.0,146.90227191036303
46329,-18.5,0.5,150.32069127657974
46330,-18.5,1.0,149.12230218080256
46331,-18.5,1.5,155.8880857182513
46332,-18.5,2.0,149.06320018201956
46333,-18.5,2.5,147.09916651357608
46334,-18.5,3.0,151.09164897863764
46335,-18.5,3.5,150.46043372475805
46336,-18.5,4.0,149.73245716221234
46337,-18.5,5.0,153.00340895516922
46338,-18.5,5.5,150.9274756162779
46339,-18.5,6.0,151.08261319046466
46340,-18.5,6.5,151.8041717823514
46341,-18.5,7.0,154.4116481568197
46342,-18.5,7.5,155.00454528205105
46343,-18.5,8.0,153.42288584984465
46344,-18.5,8.5,152.93756123276293
46345,-18.5,9.0,157.24110984134154
46346,-18.5,10.0,161.39207930071817
46347,-18.5,10.5,160.23092481794654
46348,-18.5,11.0,157.0671197285781
46349,-18.5,11.5,151.20645698423644
46350,-18.5,12.5,158.0945866733587
46351,-18.5,13.0,155.4324457879933
46352,-18.5,13.5,153.01175818982912
46353,-18.5,14.5,158.21923231600152
46354,-18.5,15.0,155.7665847757636
46355,-18.5,17.0,151.69710461571606
46356,-18.5,17.5,152.10625930698683
46357,-18.5,18.0,151.25813329751105
46358,-18.5,18.5,149.3845106750695
46359,-18.5,19.5,148.1933716241308
46360,-18.5,20.0,151.02238047980836
46361,-18.5,20.5,149.94431007924365
46362,-18.5,21.0,152.75879692304426
46363,-18.5,21.5,155.2211336306464
46364,-18.5,22.0,150.54646474344858
46365,-18.5,22.5,152.22792987807736
46366,-18.5,23.0,150.8915340410114
46367,-18.5,23.5,149.35067252585839
46368,-18.5,24.0,150.71037686274298
46369,-18.5,24.5,148.9017518312673
46370,-18.5,25.0,151.69319291545494
46371,-18.5,25.5,154.33961738912393
46372,-18.5,26.0,150.25371880024622
46373,-18.5,26.5,151.25460356239628
46374,-18.5,27.0,153.94459986473967
46375,-18.5,27.5,155.8461408061528
46376,-18.5,28.0,151.92298700873374
46377,-18.5,28.5,159.9982670763288
46378,-18.5,29.0,153.2865541826675
46379,-18.5,29.5,157.8088971989271
46380,-18.5,30.0,162.12241048138443
46381,-18.5,30.5,155.7696410161303
46382,-18.5,31.0,157.61039474042647
46383,-18.5,31.5,161.0200899452024
46384,-18.5,32.0,155.43759661809094
46385,-18.5,32.5,156.64168520387963
46386,-18.5,33.0,156.22606634584335
46387,-18.5,33.5,154.30646672546803
46388,-18.5,34.0,150.5656941494717
46389,-18.5,34.5,152.9767709330793
46390,-18.5,35.0,152.58694519261084
46391,-18.5,36.0,157.48886420824155
46392,-18.5,36.5,158.64243882283958
46393,-18.5,37.0,151.4402173162548
46394,-18.5,37.5,152.92524894105054
46395,-18.5,38.0,168.96031835372898
46396,-18.0,-37.0,149.9863256012692
46397,-18.0,-36.5,149.04981833800093
46398,-18.0,-36.0,150.26880764907312
46399,-18.0,-35.5,151.54814112751347
46400,-18.0,-35.0,154.03047778858644
46401,-18.0,-34.5,150.79751496942146
46402,-18.0,-34.0,154.41099869518706
46403,-18.0,-33.5,148.9620312226803
46404,-18.0,-33.0,152.5946646154281
46405,-18.0,-32.5,149.78557996595563
46406,-18.0,-32.0,149.9434673457263
46407,-18.0,-31.5,152.22959084418
46408,-18.0,-31.0,155.11444577772053
46409,-18.0,-30.5,149.37671145877172
46410,-18.0,-30.0,152.6504149567168
46411,-18.0,-29.5,151.80091417201905
46412,-18.0,-29.0,149.72802052153622
46413,-18.0,-28.5,151.2035181306513
46414,-18.0,-28.0,149.8732203006341
46415,-18.0,-27.5,153.15778036833197
46416,-18.0,-27.0,153.40345089519522
46417,-18.0,-26.5,150.5843532402594
46418,-18.0,-26.0,149.28317879267422
46419,-18.0,-25.5,149.03542309649936
46420,-18.0,-25.0,147.84724263514417
46421,-18.0,-24.5,149.59310801111647
46422,-18.0,-24.0,148.74449971267902
46423,-18.0,-23.5,147.43891735096682
46424,-18.0,-23.0,149.13161090436805
46425,-18.0,-22.5,150.58623732335568
46426,-18.0,-22.0,149.90321564857695
46427,-18.0,-21.5,149.6554563197358
46428,-18.0,-21.0,148.73454576919434
46429,-18.0,-20.5,149.72767794315718
46430,-18.0,-20.0,149.82637436266708
46431,-18.0,-19.5,151.07450653245058
46432,-18.0,-19.0,149.47699152449007
46433,-18.0,-18.5,150.16673996819227
46434,-18.0,-18.0,150.0000081672322
46435,-18.0,-17.5,150.19267117361113
46436,-18.0,-17.0,149.87128578744728
46437,-18.0,-16.5,154.12290687572334
46438,-18.0,-16.0,151.34926835967252
46439,-18.0,-15.0,158.06094793140886
46440,-18.0,-14.0,155.85344196449657
46441,-18.0,-13.5,152.1191799032779
46442,-18.0,-13.0,149.98355932261055
46443,-18.0,-12.5,155.56656838876034
46444,-18.0,-12.0,157.92931836720254
46445,-18.0,-11.5,153.9946815915507
46446,-18.0,-11.0,151.29490555652015
46447,-18.0,-10.5,149.74421993823807
46448,-18.0,-10.0,150.37414633683568
46449,-18.0,-9.5,148.95630524022442
46450,-18.0,-9.0,148.70288912592378
46451,-18.0,-8.5,159.3167720603195
46452,-18.0,-8.0,146.6891547106247
46453,-18.0,-7.5,154.3705118051216
46454,-18.0,-7.0,150.4706081812365
46455,-18.0,-6.5,154.43816151494576
46456,-18.0,-6.0,150.65408157521665
46457,-18.0,-5.5,148.08141277300174
46458,-18.0,-5.0,151.17450020438372
46459,-18.0,-4.5,152.69633984332913
46460,-18.0,-4.0,149.8207490277308
46461,-18.0,-3.5,147.77323320857005
46462,-18.0,-3.0,147.41272011178955
46463,-18.0,-2.5,150.52084254079713
46464,-18.0,-1.5,148.08490388420074
46465,-18.0,-1.0,149.11520792703342
46466,-18.0,-0.5,159.14723011468652
46467,-18.0,0.0,156.2675326768939
46468,-18.0,0.5,147.10404998466265
46469,-18.0,1.0,152.37567010131568
46470,-18.0,1.5,148.14784083000544
46471,-18.0,2.5,154.07184512594895
46472,-18.0,3.0,149.4424181494754
46473,-18.0,3.5,150.3183232619129
46474,-18.0,4.0,148.5056519833371
46475,-18.0,4.5,148.63189930195085
46476,-18.0,5.5,152.5823931531966
46477,-18.0,6.0,151.75345167657818
46478,-18.0,6.5,150.42382900235387
46479,-18.0,7.0,153.0875171618208
46480,-18.0,7.5,155.23676472178113
46481,-18.0,8.0,154.00902623066517
46482,-18.0,8.5,154.1583760664216
46483,-18.0,9.0,151.8831622038413
46484,-18.0,10.0,161.26059099644885
46485,-18.0,11.0,157.76127017428064
46486,-18.0,11.5,152.9459879348833
46487,-18.0,12.0,151.0089605544567
46488,-18.0,12.5,160.0735070471127
46489,-18.0,13.0,153.47333707304776
46490,-18.0,13.5,153.19745284506388
46491,-18.0,14.0,155.73101839694297
46492,-18.0,14.5,156.72488079250508
46493,-18.0,15.0,156.80409517621436
46494,-18.0,16.5,155.76045812722478
46495,-18.0,17.0,152.60343170640655
46496,-18.0,17.5,151.32050421912396
46497,-18.0,18.0,151.64043613602277
46498,-18.0,18.5,152.14747053395865
46499,-18.0,19.5,150.52749703425175
46500,-18.0,20.0,148.84761549382097
46501,-18.0,20.5,149.45318610094648
46502,-18.0,21.0,154.00242979472324
46503,-18.0,21.5,152.45963303028626
46504,-18.0,22.0,151.40914349921417
46505,-18.0,22.5,150.07613034151592
46506,-18.0,23.0,153.25544835062843
46507,-18.0,23.5,151.09303524479964
46508,-18.0,24.0,147.42425882497238
46509,-18.0,24.5,148.5411820283402
46510,-18.0,25.0,152.32793936843058
46511,-18.0,25.5,151.49724817221608
46512,-18.0,26.0,157.32604750439594
46513,-18.0,26.5,149.70499441090155
46514,-18.0,27.0,158.41544007124875
46515,-18.0,27.5,153.6211552067588
46516,-18.0,28.0,157.1130514679298
46517,-18.0,28.5,161.9572743045571
46518,-18.0,29.0,152.54913886707152
46519,-18.0,29.5,158.04986659214615
46520,-18.0,30.0,162.37738224999907
46521,-18.0,30.5,154.9662522906976
46522,-18.0,31.0,160.17934308895045
46523,-18.0,31.5,158.2188650139632
46524,-18.0,32.0,156.5825512255158
46525,-18.0,32.5,155.3700878714617
46526,-18.0,33.0,157.31290279015434
46527,-18.0,33.5,155.37324358586386
46528,-18.0,34.0,150.44587868587703
46529,-18.0,34.5,152.00851698425944
46530,-18.0,35.0,152.43345314878417
46531,-18.0,36.0,158.53151568564576
46532,-18.0,36.5,159.34855059154435
46533,-18.0,37.0,153.96595728779027
46534,-18.0,37.5,152.86102442006094
46535,-18.0,38.0,167.04579689316685
46536,-18.0,39.0,171.98155353973536
46537,-17.5,-39.0,162.01188360327717
46538,-17.5,-37.0,150.3599652469023
46539,-17.5,-36.5,149.3141214784542
46540,-17.5,-36.0,150.99341155913748
46541,-17.5,-35.5,152.5223385762926
46542,-17.5,-35.0,154.85436339461782
46543,-17.5,-34.5,150.75953773965915
46544,-17.5,-34.0,148.11242735736337
46545,-17.5,-33.5,151.08319157210548
46546,-17.5,-33.0,151.86747151295367
46547,-17.5,-32.5,150.87360610050723
46548,-17.5,-32.0,149.59464093104305
46549,-17.5,-31.5,152.62908668986046
46550,-17.5,-31.0,153.4114026672755
46551,-17.5,-30.5,148.83371806808813
46552,-17.5,-30.0,152.62250699384393
46553,-17.5,-29.5,151.27141778220013
46554,-17.5,-29.0,148.8096335079211
46555,-17.5,-28.5,152.36546984802243
46556,-17.5,-28.0,149.7128026633742
46557,-17.5,-27.5,148.01504096885174
46558,-17.5,-27.0,157.26295316861226
46559,-17.5,-26.5,149.5086507478359
46560,-17.5,-26.0,148.78570880087798
46561,-17.5,-25.5,149.19329092238672
46562,-17.5,-25.0,148.36127442117498
46563,-17.5,-24.5,148.0433636946367
46564,-17.5,-24.0,149.9418796046062
46565,-17.5,-23.5,148.32538031113228
46566,-17.5,-23.0,150.09234405893568
46567,-17.5,-22.5,150.83021035329926
46568,-17.5,-22.0,150.05492238728866
46569,-17.5,-21.5,149.40177679449562
46570,-17.5,-21.0,148.55755908180382
46571,-17.5,-20.5,149.50705700687178
46572,-17.5,-20.0,150.38476530150476
46573,-17.5,-19.5,150.6234468197591
46574,-17.5,-19.0,147.41901684366204
46575,-17.5,-18.5,149.2143531728699
46576,-17.5,-18.0,150.20729512741855
46577,-17.5,-17.5,149.43286527701957
46578,-17.5,-17.0,149.74505132403706
46579,-17.5,-16.5,151.4859275338591
46580,-17.5,-16.0,153.0035464915215
46581,-17.5,-15.5,155.0404839966349
46582,-17.5,-15.0,158.6436334109932
46583,-17.5,-14.5,158.7225569459004
46584,-17.5,-14.0,152.14857751045258
46585,-17.5,-13.5,150.8071010407376
46586,-17.5,-13.0,154.48456916796204
46587,-17.5,-12.5,154.72734449564973
46588,-17.5,-12.0,149.08397758481684
46589,-17.5,-11.5,149.2919175254698
46590,-17.5,-11.0,154.2935591882509
46591,-17.5,-10.5,150.68758265000875
46592,-17.5,-9.5,148.54173225585106
46593,-17.5,-8.5,148.8358414211648
46594,-17.5,-7.5,152.37129485497644
46595,-17.5,-7.0,151.9239694312589
46596,-17.5,-6.5,150.0149057642189
46597,-17.5,-6.0,153.60061632837883
46598,-17.5,-5.5,149.58570202772367
46599,-17.5,-5.0,151.7321374170132
46600,-17.5,-4.5,152.53550962524477
46601,-17.5,-4.0,149.68899156107906
46602,-17.5,-3.5,150.27458914147343
46603,-17.5,-3.0,149.27102126632627
46604,-17.5,-2.5,151.90862013571726
46605,-17.5,-2.0,147.3458134439204
46606,-17.5,-1.5,148.43354085827937
46607,-17.5,-1.0,147.83807349659682
46608,-17.5,-0.5,149.50653407759754
46609,-17.5,0.0,162.1935137893732
46610,-17.5,0.5,154.5924659242784
46611,-17.5,1.0,149.35704578327997
46612,-17.5,1.5,149.7229210290712
46613,-17.5,2.0,151.90133994916786
46614,-17.5,2.5,154.0737434532729
46615,-17.5,3.0,151.41617691449338
46616,-17.5,3.5,149.46883828097174
46617,-17.5,4.0,146.89980465715794
46618,-17.5,4.5,148.49726317617495
46619,-17.5,5.0,151.66445501288922
46620,-17.5,5.5,152.7039280923627
46621,-17.5,6.0,152.79034815027535
46622,-17.5,6.5,151.7628584796596
46623,-17.5,7.0,153.08705099515984
46624,-17.5,7.5,152.91115905026427
46625,-17.5,8.0,154.65121961158985
46626,-17.5,8.5,157.4126523731838
46627,-17.5,9.0,150.28541901516743
46628,-17.5,9.5,151.23873896226198
46629,-17.5,11.0,156.93361701620066
46630,-17.5,11.5,156.501360089272
46631,-17.5,12.0,155.25569682747985
46632,-17.5,12.5,152.77776721457406
46633,-17.5,13.0,152.13009353593327
46634,-17.5,13.5,154.71401143452488
46635,-17.5,14.0,154.10873219481462
46636,-17.5,14.5,151.15913734580866
46637,-17.5,15.0,158.1062785447394
46638,-17.5,16.5,158.95850932313274
46639,-17.5,17.0,154.3216817820625
46640,-17.5,17.5,152.92412936984638
46641,-17.5,18.0,151.4390379336551
46642,-17.5,18.5,151.04891864516424
46643,-17.5,19.0,151.60825526343444
46644,-17.5,19.5,152.56785988587558
46645,-17.5,20.0,149.47925279498568
46646,-17.5,20.5,149.81699395380883
46647,-17.5,21.0,152.65609279615086
46648,-17.5,21.5,153.42981397470118
46649,-17.5,22.0,152.25542925928255
46650,-17.5,22.5,149.31135202227475
46651,-17.5,23.0,152.55317076337369
46652,-17.5,23.5,150.4858956631134
46653,-17.5,24.0,147.99665477483407
46654,-17.5,24.5,148.9959212723811
46655,-17.5,25.0,149.07608846472522
46656,-17.5,25.5,151.86440698410996
46657,-17.5,26.0,153.00324326191478
46658,-17.5,26.5,152.52673672568503
46659,-17.5,27.0,156.42267731158856
46660,-17.5,27.5,150.9086710946993
46661,-17.5,28.0,157.87786422543692
46662,-17.5,28.5,156.24560381994445
46663,-17.5,29.0,157.44327140391633
46664,-17.5,29.5,160.44483494954562
46665,-17.5,30.0,158.3063925922485
46666,-17.5,30.5,155.70132379823116
46667,-17.5,31.0,159.02463940625285
46668,-17.5,31.5,153.34342365227377
46669,-17.5,32.0,155.3375973450948
46670,-17.5,32.5,154.02917104428144
46671,-17.5,33.0,157.2331977350005
46672,-17.5,33.5,155.00686027380638
46673,-17.5,34.0,150.85932066751698
46674,-17.5,34.5,151.6279990364119
46675,-17.5,35.0,152.69624077755978
46676,-17.5,36.0,156.46769852341765
46677,-17.5,36.5,158.77946774169774
46678,-17.5,37.0,154.51767186523534
46679,-17.5,37.5,152.2215759657469
46680,-17.5,38.0,162.08004223005818
46681,-17.0,-36.5,149.93120445453687
46682,-17.0,-36.0,150.96618483782458
46683,-17.0,-35.5,151.5994651545177
46684,-17.0,-35.0,148.7953260495054
46685,-17.0,-34.5,153.15565044559733
46686,-17.0,-34.0,146.88612090167746
46687,-17.0,-33.5,151.19072917460838
46688,-17.0,-33.0,151.83278404393994
46689,-17.0,-32.5,150.61670710969514
46690,-17.0,-32.0,150.2763589235337
46691,-17.0,-31.5,153.84358102131236
46692,-17.0,-31.0,151.5951336182322
46693,-17.0,-30.5,149.89613679651424
46694,-17.0,-30.0,154.42522095479458
46695,-17.0,-29.5,150.43541497452009
46696,-17.0,-29.0,149.32005740858466
46697,-17.0,-28.5,153.18956147265538
46698,-17.0,-28.0,149.7820756468927
46699,-17.0,-27.5,148.95155037032416
46700,-17.0,-27.0,151.67472067189752
46701,-17.0,-26.5,149.48176018931508
46702,-17.0,-26.0,149.4022204847602
46703,-17.0,-25.5,148.65538884083972
46704,-17.0,-25.0,150.05531698892375
46705,-17.0,-24.5,147.7441755207675
46706,-17.0,-24.0,149.25397417485743
46707,-17.0,-23.5,149.24927608723564
46708,-17.0,-23.0,151.7564738874414
46709,-17.0,-22.5,150.29224288674845
46710,-17.0,-22.0,149.70086340587892
46711,-17.0,-21.5,149.5327377032145
46712,-17.0,-21.0,148.60643281691455
46713,-17.0,-20.5,150.12467710364504
46714,-17.0,-20.0,150.130012163108
46715,-17.0,-19.5,148.12973023800424
46716,-17.0,-19.0,150.6377792521979
46717,-17.0,-18.5,149.37588984785265
46718,-17.0,-18.0,149.92388919877573
46719,-17.0,-17.5,148.95048335208222
46720,-17.0,-17.0,149.17221744158553
46721,-17.0,-16.5,149.61807938242018
46722,-17.0,-16.0,155.18642046339784
46723,-17.0,-15.5,154.23225075821804
46724,-17.0,-15.0,157.38197646977295
46725,-17.0,-14.5,154.85911744455066
46726,-17.0,-14.0,150.89623967890336
46727,-17.0,-13.5,152.40825831728566
46728,-17.0,-13.0,156.5080870672284
46729,-17.0,-12.5,147.94094103048457
46730,-17.0,-12.0,148.90008897380733
46731,-17.0,-11.5,149.52592453729784
46732,-17.0,-11.0,151.95950182718647
46733,-17.0,-10.5,156.35454686590245
46734,-17.0,-10.0,153.24381821367228
46735,-17.0,-9.5,148.5328360803076
46736,-17.0,-9.0,146.70743656160937
46737,-17.0,-8.5,146.63840218398607
46738,-17.0,-8.0,151.07041284875547
46739,-17.0,-7.5,155.1297144965617
46740,-17.0,-7.0,150.52500238923946
46741,-17.0,-6.5,149.75662932035505
46742,-17.0,-6.0,152.3237239854308
46743,-17.0,-5.5,153.87505486587392
46744,-17.0,-5.0,149.2172912502103
46745,-17.0,-4.5,149.59177132057337
46746,-17.0,-4.0,151.6032334009208
46747,-17.0,-3.5,151.24466379629382
46748,-17.0,-3.0,151.76398604543425
46749,-17.0,-2.5,147.44169213117829
46750,-17.0,-2.0,147.5367383832815
46751,-17.0,-1.5,147.72039736011897
46752,-17.0,-1.0,147.5529430039436
46753,-17.0,-0.5,149.09389867918986
46754,-17.0,0.0,153.32085166227472
46755,-17.0,0.5,156.89263714666237
46756,-17.0,1.0,150.70804649429198
46757,-17.0,1.5,152.60233897182843
46758,-17.0,2.0,150.19054108866814
46759,-17.0,2.5,151.23428780674496
46760,-17.0,3.0,151.5973580597645
46761,-17.0,4.0,147.0941735879015
46762,-17.0,4.5,152.2927370993315
46763,-17.0,5.0,151.138380851222
46764,-17.0,5.5,151.2208081460557
46765,-17.0,6.5,154.04019499593275
46766,-17.0,7.0,151.7107465807694
46767,-17.0,7.5,153.273570895682
46768,-17.0,8.0,157.64617571132231
46769,-17.0,8.5,152.90004220374922
46770,-17.0,9.0,150.32533566872826
46771,-17.0,9.5,151.24932025770931
46772,-17.0,10.0,152.5325948102425
46773,-17.0,11.5,156.07506355587265
46774,-17.0,12.0,157.43895191100998
46775,-17.0,12.5,153.11276202740748
46776,-17.0,13.0,161.66281574432765
46777,-17.0,13.5,156.99939601006048
46778,-17.0,14.0,155.58266109553296
46779,-17.0,14.5,158.4611974067172
46780,-17.0,15.0,158.6297842107461
46781,-17.0,15.5,157.53964464358907
46782,-17.0,16.0,159.9889691383845
46783,-17.0,16.5,156.93765994126127
46784,-17.0,17.0,155.55414789503268
46785,-17.0,17.5,155.29946511189894
46786,-17.0,18.0,152.84515937261955
46787,-17.0,18.5,151.3125537305729
46788,-17.0,19.0,151.72470750270645
46789,-17.0,19.5,151.5338143311334
46790,-17.0,20.0,151.38279467194502
46791,-17.0,20.5,150.45660600001105
46792,-17.0,21.0,155.70967196202932
46793,-17.0,21.5,154.30270484140988
46794,-17.0,22.0,152.55913705141566
46795,-17.0,22.5,148.86425163335417
46796,-17.0,23.0,150.33004168734533
46797,-17.0,23.5,152.40204342910158
46798,-17.0,24.0,149.24591091003143
46799,-17.0,24.5,146.8422701148508
46800,-17.0,25.0,148.56686267074164
46801,-17.0,25.5,152.2322711898142
46802,-17.0,26.0,149.64661617812217
46803,-17.0,26.5,155.1492141856563
46804,-17.0,27.0,154.9576712106949
46805,-17.0,27.5,152.60666164969587
46806,-17.0,28.0,158.349445919866
46807,-17.0,28.5,156.11188543621554
46808,-17.0,29.0,155.9437259518246
46809,-17.0,29.5,159.88225461696055
46810,-17.0,30.0,156.71500280178637
46811,-17.0,30.5,156.83563175729986
46812,-17.0,31.0,158.16457870676086
46813,-17.0,31.5,152.91836458440682
46814,-17.0,32.0,153.4624975541009
46815,-17.0,32.5,153.66856645533696
46816,-17.0,33.0,156.01786547097825
46817,-17.0,33.5,153.25647899744928
46818,-17.0,34.0,153.43726449866253
46819,-17.0,34.5,151.67681598713244
46820,-17.0,35.0,153.0216636840107
46821,-17.0,35.5,154.39782554774214
46822,-17.0,36.0,149.70579740659727
46823,-17.0,36.5,156.015957561641
46824,-17.0,37.0,155.29913432129553
46825,-17.0,37.5,152.37281921470174
46826,-17.0,38.0,161.82067820044705
46827,-16.5,-36.5,150.16966521900187
46828,-16.5,-36.0,150.95187619410217
46829,-16.5,-35.5,152.9068918770976
46830,-16.5,-35.0,148.2864380130857
46831,-16.5,-34.5,153.06442931616422
46832,-16.5,-34.0,147.09062472345354
46833,-16.5,-33.5,153.09743594345514
46834,-16.5,-33.0,151.39276793403286
46835,-16.5,-32.5,151.07055776064175
46836,-16.5,-32.0,151.36044417326755
46837,-16.5,-31.5,154.41558020736716
46838,-16.5,-31.0,152.27563455203793
46839,-16.5,-30.5,154.4708518150903
46840,-16.5,-30.0,154.85124579709708
46841,-16.5,-29.5,149.94752201592198
46842,-16.5,-29.0,149.9569503669794
46843,-16.5,-28.5,150.91528379563422
46844,-16.5,-28.0,149.68525063166365
46845,-16.5,-27.5,148.7837349315888
46846,-16.5,-27.0,149.85325668523723
46847,-16.5,-26.5,148.54585378371542
46848,-16.5,-26.0,148.14748538101944
46849,-16.5,-25.5,149.0465503706791
46850,-16.5,-25.0,148.36421553502495
46851,-16.5,-24.5,149.00543144728965
46852,-16.5,-24.0,148.31260260068035
46853,-16.5,-23.5,150.1274740477542
46854,-16.5,-23.0,151.08289982378682
46855,-16.5,-22.5,150.3616595038627
46856,-16.5,-22.0,148.6423863207166
46857,-16.5,-21.5,149.64066388558317
46858,-16.5,-21.0,148.94513490031375
46859,-16.5,-20.5,149.888022415756
46860,-16.5,-20.0,149.119776046514
46861,-16.5,-19.5,149.66650450678682
46862,-16.5,-19.0,149.53717981841842
46863,-16.5,-18.5,150.6728212356601
46864,-16.5,-18.0,147.4877400773364
46865,-16.5,-17.5,149.142403450172
46866,-16.5,-17.0,149.05170050897243
46867,-16.5,-16.5,149.89131508709508
46868,-16.5,-16.0,150.01377088730553
46869,-16.5,-15.5,154.89383975561043
46870,-16.5,-15.0,156.02589182647068
46871,-16.5,-14.5,148.57902289736842
46872,-16.5,-14.0,152.055870359357
46873,-16.5,-13.5,156.21691779477297
46874,-16.5,-13.0,158.93768901046747
46875,-16.5,-12.5,148.8116695209426
46876,-16.5,-12.0,153.59443904057485
46877,-16.5,-11.5,149.69815960473736
46878,-16.5,-11.0,151.75680436631308
46879,-16.5,-10.5,156.53547033315863
46880,-16.5,-10.0,152.63596248804694
46881,-16.5,-9.5,156.1496873778941
46882,-16.5,-9.0,146.62264051738399
46883,-16.5,-8.0,151.16146266754146
46884,-16.5,-7.5,154.3652857941195
46885,-16.5,-7.0,150.2630873351674
46886,-16.5,-6.5,151.80131291220422
46887,-16.5,-6.0,149.02726797490558
46888,-16.5,-5.5,153.4739535445649
46889,-16.5,-5.0,150.69200546086714
46890,-16.5,-4.5,148.0048232779329
46891,-16.5,-4.0,152.01711464933166
46892,-16.5,-3.5,151.6695817309053
46893,-16.5,-3.0,152.13158359745515
46894,-16.5,-2.5,147.4037251951649
46895,-16.5,-2.0,147.9586968715586
46896,-16.5,-0.5,150.57027753208004
46897,-16.5,0.0,151.77387210861673
46898,-16.5,0.5,148.8049102548188
46899,-16.5,1.0,164.32370667857685
46900,-16.5,1.5,149.76834135067452
46901,-16.5,2.0,152.9470023666389
46902,-16.5,2.5,150.3337422836557
46903,-16.5,3.0,151.57518168178876
46904,-16.5,4.0,149.50856308805928
46905,-16.5,4.5,151.00812900007884
46906,-16.5,5.0,149.71105187353385
46907,-16.5,5.5,150.56974017502608
46908,-16.5,6.0,154.12589290577156
46909,-16.5,6.5,154.43345357109547
46910,-16.5,7.0,153.12480344678073
46911,-16.5,7.5,154.67602749904214
46912,-16.5,8.0,153.23992040361892
46913,-16.5,8.5,152.506475844544
46914,-16.5,9.0,152.31961111589536
46915,-16.5,9.5,151.26526639754195
46916,-16.5,10.0,153.14710242178626
46917,-16.5,10.5,153.81549409523393
46918,-16.5,11.5,162.86373211706456
46919,-16.5,12.0,159.03412013140445
46920,-16.5,12.5,160.58506118354202
46921,-16.5,13.0,161.21707884969675
46922,-16.5,13.5,159.842231110354
46923,-16.5,14.0,163.47906119676946
46924,-16.5,14.5,163.33007145561172
46925,-16.5,15.5,154.6391057839559
46926,-16.5,16.0,155.62088216009397
46927,-16.5,16.5,159.74518229241022
46928,-16.5,17.0,158.47879919771893
46929,-16.5,17.5,154.06089193718
46930,-16.5,18.0,153.01518967051763
46931,-16.5,18.5,152.68795231136085
46932,-16.5,19.0,152.02398956934047
46933,-16.5,19.5,157.69073831515922
46934,-16.5,20.0,155.42470013820528
46935,-16.5,20.5,157.2746601746962
46936,-16.5,21.0,155.1606021876882
46937,-16.5,21.5,154.4213224143737
46938,-16.5,22.0,156.27612235135854
46939,-16.5,22.5,154.15126386040134
46940,-16.5,23.0,149.25459220770944
46941,-16.5,23.5,149.91816426192088
46942,-16.5,24.0,149.62676321190926
46943,-16.5,24.5,149.47727779992002
46944,-16.5,25.0,149.07679792301724
46945,-16.5,25.5,152.0385518876055
46946,-16.5,26.0,150.2363451424823
46947,-16.5,26.5,156.48801754383277
46948,-16.5,27.0,152.42452756143777
46949,-16.5,27.5,155.06574200643524
46950,-16.5,28.0,149.24236029830976
46951,-16.5,28.5,154.4015577237548
46952,-16.5,29.0,156.96015590716323
46953,-16.5,29.5,158.51284950820394
46954,-16.5,30.0,156.0039017823231
46955,-16.5,30.5,159.6143168987537
46956,-16.5,31.0,155.61947029085596
46957,-16.5,31.5,159.1821819204105
46958,-16.5,32.0,152.17889103535134
46959,-16.5,32.5,156.84451397965697
46960,-16.5,33.0,157.29396894513738
46961,-16.5,33.5,150.45813145563426
46962,-16.5,34.0,152.80796908705756
46963,-16.5,34.5,151.10181225461784
46964,-16.5,35.0,153.0862214109707
46965,-16.5,35.5,154.77113051759105
46966,-16.5,36.0,149.56501431708799
46967,-16.5,36.5,155.78077557555457
46968,-16.5,37.0,154.09798692843367
46969,-16.5,37.5,154.7102105589062
46970,-16.5,38.0,158.39181589926451
46971,-16.5,38.5,174.3365134631455
46972,-16.0,-36.5,150.2297438451802
46973,-16.0,-36.0,151.03316492353903
46974,-16.0,-35.5,151.1964519023905
46975,-16.0,-35.0,148.11015657869856
46976,-16.0,-34.5,152.64126325431434
46977,-16.0,-34.0,152.76828428075638
46978,-16.0,-33.5,150.16715704963568
46979,-16.0,-33.0,154.1816676423222
46980,-16.0,-32.5,151.0993474037356
46981,-16.0,-32.0,152.0906966972125
46982,-16.0,-31.5,150.59575013353756
46983,-16.0,-31.0,153.76860973176267
46984,-16.0,-30.5,154.77294482676405
46985,-16.0,-30.0,155.3253143781272
46986,-16.0,-29.5,154.31569133266547
46987,-16.0,-29.0,149.86386967020715
46988,-16.0,-28.5,149.48270984265463
46989,-16.0,-28.0,149.8742288761753
46990,-16.0,-27.5,148.36819301948333
46991,-16.0,-27.0,149.90542929809325
46992,-16.0,-26.5,148.422397063303
46993,-16.0,-26.0,147.76895507906093
46994,-16.0,-25.5,148.95396741389396
46995,-16.0,-25.0,149.03817402626152
46996,-16.0,-24.5,148.10654736397674
46997,-16.0,-24.0,148.8256601033
46998,-16.0,-23.5,150.74993171151678
46999,-16.0,-23.0,150.29110032365853
47000,-16.0,-22.5,150.32853996934904
47001,-16.0,-22.0,150.5734036946147
47002,-16.0,-21.5,148.54796648720173
47003,-16.0,-21.0,149.31327499713046
47004,-16.0,-20.5,149.20751300852274
47005,-16.0,-20.0,149.54837717885636
47006,-16.0,-19.5,148.76542922217934
47007,-16.0,-19.0,149.66957243337524
47008,-16.0,-18.5,150.30816786742116
47009,-16.0,-18.0,148.57945471312868
47010,-16.0,-17.5,148.66270334625185
47011,-16.0,-17.0,149.31763428704554
47012,-16.0,-16.5,148.99375913603174
47013,-16.0,-16.0,150.09349953503806
47014,-16.0,-15.5,157.9164775406417
47015,-16.0,-15.0,153.5888884707819
47016,-16.0,-14.5,150.30603666088743
47017,-16.0,-14.0,153.18232819312507
47018,-16.0,-13.5,160.5301767013827
47019,-16.0,-13.0,155.02205706377032
47020,-16.0,-12.5,154.0927414520431
47021,-16.0,-12.0,149.18655710794118
47022,-16.0,-11.5,151.7872718384284
47023,-16.0,-10.5,149.04680724810356
47024,-16.0,-10.0,163.17635852082023
47025,-16.0,-9.5,152.17775540434963
47026,-16.0,-8.5,154.4544883890624
47027,-16.0,-8.0,149.27164169743904
47028,-16.0,-7.5,150.21962258424296
47029,-16.0,-7.0,154.7163499829617
47030,-16.0,-6.5,150.18328258802563
47031,-16.0,-6.0,153.54401550183528
47032,-16.0,-5.5,147.97818661834526
47033,-16.0,-5.0,149.88940259813666
47034,-16.0,-4.5,150.0484325287493
47035,-16.0,-4.0,151.00339362203826
47036,-16.0,-3.5,155.2742390708477
47037,-16.0,-3.0,148.61503818126926
47038,-16.0,-2.5,147.78709333179452
47039,-16.0,-1.0,154.52641825969656
47040,-16.0,-0.5,154.71036577329764
47041,-16.0,0.0,148.68579461988762
47042,-16.0,0.5,151.76213293305693
47043,-16.0,1.0,153.59484790713637
47044,-16.0,1.5,146.70929641650957
47045,-16.0,2.0,149.75098655242653
47046,-16.0,2.5,152.7472565147165
47047,-16.0,3.0,147.79464827768237
47048,-16.0,4.0,152.05881335992063
47049,-16.0,4.5,150.99774869035872
47050,-16.0,5.0,147.3533871266185
47051,-16.0,5.5,150.1235969308179
47052,-16.0,6.0,152.85596598968297
47053,-16.0,6.5,152.01171775337417
47054,-16.0,7.0,152.96612177784067
47055,-16.0,7.5,153.5578226384169
47056,-16.0,8.0,152.29228952554007
47057,-16.0,8.5,153.1195949623701
47058,-16.0,9.0,152.24795554175807
47059,-16.0,10.0,152.02890881926604
47060,-16.0,10.5,153.77335303469994
47061,-16.0,11.0,154.44953962900365
47062,-16.0,11.5,163.06623496226263
47063,-16.0,12.0,160.51621816083116
47064,-16.0,12.5,157.58064391200665
47065,-16.0,13.0,155.50783111997347
47066,-16.0,13.5,160.0918222595276
47067,-16.0,14.5,156.2196948518262
47068,-16.0,15.5,156.49761510971362
47069,-16.0,16.0,157.09303724600463
47070,-16.0,16.5,161.25653753947296
47071,-16.0,18.0,154.10018479283298
47072,-16.0,18.5,157.24955561367275
47073,-16.0,19.0,155.29627747119704
47074,-16.0,19.5,150.86266369046314
47075,-16.0,20.0,156.13190163718937
47076,-16.0,20.5,160.07604222459827
47077,-16.0,21.0,155.94829966141967
47078,-16.0,21.5,154.39456504327532
47079,-16.0,22.0,157.4679035545658
47080,-16.0,22.5,154.626055222607
47081,-16.0,23.0,155.11872171495128
47082,-16.0,23.5,151.98018971581698
47083,-16.0,24.0,151.0459036716031
47084,-16.0,24.5,150.24276175789404
47085,-16.0,25.0,147.5356875568653
47086,-16.0,25.5,149.0330653747019
47087,-16.0,26.0,153.85506044937296
47088,-16.0,26.5,158.31937895009582
47089,-16.0,27.0,151.60466754495297
47090,-16.0,27.5,156.50067349575457
47091,-16.0,28.0,149.2132397765885
47092,-16.0,28.5,151.6829558333072
47093,-16.0,29.0,159.1280353645366
47094,-16.0,29.5,156.85612717081628
47095,-16.0,30.0,155.93137751672242
47096,-16.0,30.5,161.62711730025032
47097,-16.0,31.0,153.10320576857654
47098,-16.0,31.5,159.1051950576284
47099,-16.0,32.0,152.36849149263273
47100,-16.0,32.5,154.52139778838404
47101,-16.0,33.0,158.09703951743182
47102,-16.0,33.5,151.8567617381827
47103,-16.0,34.0,149.65686061343308
47104,-16.0,34.5,152.9372057016509
47105,-16.0,35.0,151.886834672818
47106,-16.0,35.5,154.4229239551666
47107,-16.0,36.0,150.0676505410279
47108,-16.0,36.5,155.67127585450558
47109,-16.0,37.0,153.01839141059116
47110,-16.0,37.5,158.03516167732897
47111,-16.0,38.0,157.2603494998228
47112,-15.5,-36.5,150.9315608414891
47113,-15.5,-36.0,151.07901241918157
47114,-15.5,-35.5,155.98776966496084
47115,-15.5,-35.0,147.82379152475215
47116,-15.5,-34.5,151.30152655393255
47117,-15.5,-34.0,156.45291377909794
47118,-15.5,-33.5,152.16043620769875
47119,-15.5,-33.0,153.27536737831488
47120,-15.5,-32.5,150.5596011084658
47121,-15.5,-32.0,152.99092712728472
47122,-15.5,-31.5,151.12378511886993
47123,-15.5,-31.0,156.3974655398886
47124,-15.5,-30.5,156.1878815589875
47125,-15.5,-30.0,154.36893286691927
47126,-15.5,-29.5,150.86186130949048
47127,-15.5,-29.0,149.10518976012
47128,-15.5,-28.5,148.87517979876753
47129,-15.5,-28.0,150.4057447711997
47130,-15.5,-27.5,148.34813534187873
47131,-15.5,-27.0,149.4687876812826
47132,-15.5,-26.5,148.3493902969424
47133,-15.5,-26.0,147.78845419373403
47134,-15.5,-25.5,148.09805686514295
47135,-15.5,-25.0,150.14364875931932
47136,-15.5,-24.5,148.13591465243837
47137,-15.5,-24.0,149.38040121316538
47138,-15.5,-23.5,150.58505727583787
47139,-15.5,-23.0,151.03578898955072
47140,-15.5,-22.5,150.20073832709042
47141,-15.5,-21.5,148.34310543926523
47142,-15.5,-21.0,149.7272720063848
47143,-15.5,-20.5,149.00883437652854
47144,-15.5,-20.0,148.80263558003415
47145,-15.5,-19.5,149.36984700328426
47146,-15.5,-19.0,149.6405919086137
47147,-15.5,-18.5,148.7627039032543
47148,-15.5,-18.0,152.32517554114918
47149,-15.5,-17.5,148.36774931398364
47150,-15.5,-17.0,149.44612062981767
47151,-15.5,-16.5,149.29367827426773
47152,-15.5,-16.0,149.48553403671846
47153,-15.5,-15.5,153.1719927022526
47154,-15.5,-15.0,153.9318078037723
47155,-15.5,-14.5,151.21226371024602
47156,-15.5,-13.5,161.77613618900747
47157,-15.5,-13.0,150.83864489737064
47158,-15.5,-12.5,154.7062859312667
47159,-15.5,-12.0,150.6992627964607
47160,-15.5,-11.5,154.4688810951932
47161,-15.5,-11.0,148.45658527177883
47162,-15.5,-10.5,149.86902005541518
47163,-15.5,-10.0,148.4211996873776
47164,-15.5,-9.5,165.1629329076065
47165,-15.5,-9.0,155.77938900003693
47166,-15.5,-8.5,151.57648888278902
47167,-15.5,-8.0,151.48309046772212
47168,-15.5,-7.5,149.71749277307273
47169,-15.5,-7.0,152.81037929077846
47170,-15.5,-6.5,154.42881158695084
47171,-15.5,-6.0,152.25742071489006
47172,-15.5,-5.5,148.73775333450118
47173,-15.5,-5.0,147.60318878165745
47174,-15.5,-4.5,151.27511757825525
47175,-15.5,-4.0,151.40555810923024
47176,-15.5,-3.5,152.16509631575548
47177,-15.5,-3.0,149.07182420149883
47178,-15.5,-2.5,147.72740912688215
47179,-15.5,-1.0,154.41168736320935
47180,-15.5,-0.5,148.5198545230196
47181,-15.5,0.0,148.37116694819255
47182,-15.5,0.5,151.42036442169953
47183,-15.5,1.0,153.33445718714827
47184,-15.5,1.5,151.0803814416157
47185,-15.5,2.0,149.6171846792298
47186,-15.5,2.5,151.35839776305312
47187,-15.5,3.0,153.8506791170926
47188,-15.5,3.5,150.92676069248571
47189,-15.5,4.0,152.4977806647027
47190,-15.5,5.0,147.90377669839953
47191,-15.5,5.5,153.13581772814408
47192,-15.5,6.0,150.60150997766513
47193,-15.5,6.5,152.1496060223958
47194,-15.5,7.5,153.63690013913646
47195,-15.5,8.0,153.23039956884915
47196,-15.5,8.5,153.04675168993876
47197,-15.5,9.0,152.45356349188043
47198,-15.5,9.5,153.04302307963295
47199,-15.5,10.5,152.78648578139197
47200,-15.5,11.0,157.03597912062025
47201,-15.5,11.5,161.36544828218481
47202,-15.5,12.5,157.0722032098562
47203,-15.5,13.0,156.02207082902783
47204,-15.5,13.5,159.8409441643559
47205,-15.5,14.0,159.45426166266623
47206,-15.5,15.0,157.65856568434614
47207,-15.5,15.5,154.4873846232022
47208,-15.5,16.0,155.20315222157942
47209,-15.5,16.5,157.24834140505268
47210,-15.5,17.5,148.11975441259315
47211,-15.5,18.0,153.24548155957206
47212,-15.5,18.5,154.74564830247618
47213,-15.5,19.0,157.39106680987314
47214,-15.5,19.5,153.33987254303545
47215,-15.5,20.0,159.24631295658222
47216,-15.5,20.5,153.92724098652315
47217,-15.5,21.0,156.70981627125238
47218,-15.5,21.5,155.5029207562715
47219,-15.5,22.0,155.35275737833254
47220,-15.5,22.5,159.38716376641332
47221,-15.5,23.0,155.99145774274808
47222,-15.5,23.5,154.5684191637272
47223,-15.5,24.0,155.53127312711624
47224,-15.5,24.5,151.01681577467255
47225,-15.5,25.0,149.04995157430028
47226,-15.5,25.5,148.70595598286664
47227,-15.5,26.0,158.460066268001
47228,-15.5,26.5,153.8312598266974
47229,-15.5,27.0,154.53023871772655
47230,-15.5,27.5,153.49485987820253
47231,-15.5,28.0,149.77829638808683
47232,-15.5,28.5,157.05572978886062
47233,-15.5,29.0,158.14633167503146
47234,-15.5,29.5,156.0047052342114
47235,-15.5,30.0,155.40358173915195
47236,-15.5,30.5,159.92043825069817
47237,-15.5,31.0,154.38364605195017
47238,-15.5,31.5,157.90471843592772
47239,-15.5,32.0,152.30666327644983
47240,-15.5,32.5,152.33092058723216
47241,-15.5,33.0,158.57239029616645
47242,-15.5,33.5,152.95596018756677
47243,-15.5,34.0,150.39645332378575
47244,-15.5,34.5,153.0779086108128
47245,-15.5,35.0,151.27676328489878
47246,-15.5,35.5,151.73410284790575
47247,-15.5,36.0,152.59917248696254
47248,-15.5,36.5,155.46991559849295
47249,-15.5,37.0,153.37964270551993
47250,-15.5,37.5,157.88946179975014
47251,-15.5,38.0,157.19565927955597
47252,-15.0,-36.5,153.6374141238534
47253,-15.0,-36.0,150.38691077971438
47254,-15.0,-35.5,152.26850093907584
47255,-15.0,-35.0,148.9840802991123
47256,-15.0,-34.5,150.814402266437
47257,-15.0,-34.0,156.00172392126237
47258,-15.0,-33.5,147.1450077330303
47259,-15.0,-33.0,152.6082817318961
47260,-15.0,-32.5,150.41197700554437
47261,-15.0,-32.0,152.98469809907942
47262,-15.0,-31.5,153.0744322183506
47263,-15.0,-31.0,158.40214206921766
47264,-15.0,-30.5,156.51095688028093
47265,-15.0,-30.0,158.09621701862196
47266,-15.0,-29.5,150.39038922321228
47267,-15.0,-29.0,149.9477692624057
47268,-15.0,-28.5,149.24743453091207
47269,-15.0,-28.0,149.50624678948654
47270,-15.0,-27.0,149.57466165007617
47271,-15.0,-26.5,148.25205105845154
47272,-15.0,-26.0,147.70810134208193
47273,-15.0,-25.5,148.47780441120517
47274,-15.0,-25.0,154.54341587988606
47275,-15.0,-24.5,150.338218172762
47276,-15.0,-24.0,151.01242346539522
47277,-15.0,-23.5,149.91859520307852
47278,-15.0,-23.0,151.53399377715854
47279,-15.0,-22.5,150.88673093235326
47280,-15.0,-22.0,149.3070751799707
47281,-15.0,-21.5,148.41695410118348
47282,-15.0,-21.0,149.0034447439753
47283,-15.0,-20.5,149.1159429197628
47284,-15.0,-20.0,148.94511517231956
47285,-15.0,-19.5,149.346451033533
47286,-15.0,-19.0,148.54637632665853
47287,-15.0,-18.5,149.9335635794888
47288,-15.0,-18.0,148.5598863523681
47289,-15.0,-17.5,150.27740132395618
47290,-15.0,-17.0,146.783116143876
47291,-15.0,-16.5,149.91655251274986
47292,-15.0,-16.0,150.36909588327327
47293,-15.0,-15.5,152.27359223411784
47294,-15.0,-15.0,149.10965863321104
47295,-15.0,-14.5,156.06052155348743
47296,-15.0,-14.0,157.56936584855424
47297,-15.0,-13.5,148.74763999731866
47298,-15.0,-13.0,155.66869717655788
47299,-15.0,-12.5,148.86268464845375
47300,-15.0,-12.0,153.2582552409373
47301,-15.0,-11.5,147.2607502161522
47302,-15.0,-11.0,148.88865285984213
47303,-15.0,-10.5,146.78074772265794
47304,-15.0,-10.0,153.89322373435698
47305,-15.0,-9.0,153.64192908392732
47306,-15.0,-8.5,149.58326652208004
47307,-15.0,-8.0,150.88402864249116
47308,-15.0,-7.5,150.622535347174
47309,-15.0,-7.0,151.00933007285715
47310,-15.0,-6.5,155.5454701831464
47311,-15.0,-6.0,148.174485558592
47312,-15.0,-5.5,152.52400317033343
47313,-15.0,-5.0,147.59766648629974
47314,-15.0,-4.5,152.24985308498063
47315,-15.0,-4.0,154.64654341174673
47316,-15.0,-3.5,147.54916115872467
47317,-15.0,-3.0,153.74841276507212
47318,-15.0,-2.5,158.07213770817742
47319,-15.0,-2.0,157.28478139646927
47320,-15.0,-1.5,154.31869718536376
47321,-15.0,-1.0,148.40155401473794
47322,-15.0,-0.5,148.41506372288893
47323,-15.0,0.0,153.1746508581873
47324,-15.0,0.5,151.08001352187466
47325,-15.0,1.0,152.20839359683873
47326,-15.0,1.5,151.31036754716385
47327,-15.0,2.0,151.72255184936063
47328,-15.0,2.5,146.56902735626957
47329,-15.0,3.0,154.57878574616646
47330,-15.0,3.5,151.57259368624713
47331,-15.0,5.0,152.58770684745252
47332,-15.0,5.5,148.132540651533
47333,-15.0,6.0,151.15721562087464
47334,-15.0,6.5,152.88283474439967
47335,-15.0,8.0,154.02746275690822
47336,-15.0,8.5,152.85688792815625
47337,-15.0,9.0,153.17334385319313
47338,-15.0,9.5,152.72837249327804
47339,-15.0,10.5,155.9321659848067
47340,-15.0,11.0,159.0165258569473
47341,-15.0,11.5,154.94952324067668
47342,-15.0,12.5,153.0088994499349
47343,-15.0,13.0,153.97177705577406
47344,-15.0,13.5,160.1534153900298
47345,-15.0,14.0,159.6977593276677
47346,-15.0,14.5,159.9650178447708
47347,-15.0,15.0,158.9350230389188
47348,-15.0,15.5,156.6623948619043
47349,-15.0,16.0,155.77978734832752
47350,-15.0,16.5,158.28415676752837
47351,-15.0,17.5,151.49498118951178
47352,-15.0,18.0,151.26418217195575
47353,-15.0,18.5,152.62798574056606
47354,-15.0,19.0,159.69877302026055
47355,-15.0,19.5,159.0219549455555
47356,-15.0,20.0,152.89890211294335
47357,-15.0,20.5,152.05893183372143
47358,-15.0,21.0,155.15025013537297
47359,-15.0,21.5,156.01489906075685
47360,-15.0,22.0,156.44852202603917
47361,-15.0,22.5,156.38176254471963
47362,-15.0,23.0,156.7483568918515
47363,-15.0,23.5,154.22483785801262
47364,-15.0,24.0,156.12502558551168
47365,-15.0,24.5,154.16353764723561
47366,-15.0,25.0,151.33712335593012
47367,-15.0,25.5,150.61977948114486
47368,-15.0,26.0,158.37941675256434
47369,-15.0,26.5,152.39526110983687
47370,-15.0,27.0,166.1115185702281
47371,-15.0,27.5,149.8257382097005
47372,-15.0,28.0,150.64539831151833
47373,-15.0,28.5,159.52737022486914
47374,-15.0,29.0,153.85596270409036
47375,-15.0,29.5,156.1904036674945
47376,-15.0,30.0,159.8176856912906
47377,-15.0,30.5,156.11125209366602
47378,-15.0,31.0,153.9181265760701
47379,-15.0,31.5,159.07142134727096
47380,-15.0,32.0,159.0331256332449
47381,-15.0,32.5,151.31594733729554
47382,-15.0,33.0,158.75526693883484
47383,-15.0,33.5,153.16084818447098
47384,-15.0,34.0,155.15417812766708
47385,-15.0,34.5,155.6090540139559
47386,-15.0,35.0,151.44791996054371
47387,-15.0,35.5,151.54637803948415
47388,-15.0,36.0,153.00133528853056
47389,-15.0,36.5,155.28440796381167
47390,-15.0,37.0,152.27769904866585
47391,-15.0,37.5,156.88635089321713
47392,-15.0,38.0,155.41396845709102
47393,-14.5,-36.5,154.72892319411315
47394,-14.5,-36.0,150.25604395692213
47395,-14.5,-35.5,150.71519237549575
47396,-14.5,-35.0,148.67335472162193
47397,-14.5,-34.5,150.08244920228648
47398,-14.5,-34.0,158.485031626417
47399,-14.5,-33.5,146.87847881705417
47400,-14.5,-33.0,152.4767086548664
47401,-14.5,-32.5,152.267293123256
47402,-14.5,-32.0,153.35881039803436
47403,-14.5,-31.5,154.54027601614706
47404,-14.5,-31.0,158.83398825040163
47405,-14.5,-30.5,154.7030791368169
47406,-14.5,-30.0,156.5079958579017
47407,-14.5,-29.5,151.25511542714744
47408,-14.5,-29.0,150.55221428664868
47409,-14.5,-28.5,149.06359049904125
47410,-14.5,-28.0,149.4287623680374
47411,-14.5,-27.5,147.35816035512758
47412,-14.5,-27.0,148.6623743084774
47413,-14.5,-26.5,147.92995107366824
47414,-14.5,-26.0,148.24016260562158
47415,-14.5,-25.5,150.970241319458
47416,-14.5,-25.0,149.84837160878155
47417,-14.5,-24.5,150.16699451034998
47418,-14.5,-24.0,150.02168873289204
47419,-14.5,-23.5,150.5747374719466
47420,-14.5,-23.0,151.07179022920604
47421,-14.5,-22.0,149.51920683873968
47422,-14.5,-21.5,149.9067559403856
47423,-14.5,-21.0,148.73349149728952
47424,-14.5,-20.5,149.245016067731
47425,-14.5,-20.0,149.4628877811776
47426,-14.5,-19.5,149.22451871319825
47427,-14.5,-19.0,149.01399735261955
47428,-14.5,-18.5,148.68016964631605
47429,-14.5,-18.0,149.27436752621057
47430,-14.5,-17.5,152.2455674791502
47431,-14.5,-17.0,149.3483683703542
47432,-14.5,-16.5,150.09271196352967
47433,-14.5,-16.0,153.64897694805188
47434,-14.5,-15.5,148.71192132287518
47435,-14.5,-15.0,149.35049925601996
47436,-14.5,-14.5,160.4594971564391
47437,-14.5,-14.0,154.8977265717273
47438,-14.5,-13.5,148.74362246384854
47439,-14.5,-13.0,150.25628783269633
47440,-14.5,-12.5,153.86855367317986
47441,-14.5,-12.0,146.97879281394952
47442,-14.5,-11.5,148.68815383118996
47443,-14.5,-11.0,146.78362522620625
47444,-14.5,-10.5,146.7341753325915
47445,-14.5,-10.0,158.80391291763357
47446,-14.5,-9.5,152.7111974981174
47447,-14.5,-9.0,147.2517157215121
47448,-14.5,-8.5,152.3118721513166
47449,-14.5,-8.0,147.67738087995767
47450,-14.5,-7.5,153.26958506245447
47451,-14.5,-7.0,150.74804989230933
47452,-14.5,-6.5,151.10561123144677
47453,-14.5,-6.0,154.66354923375434
47454,-14.5,-5.5,148.81589636354573
47455,-14.5,-5.0,152.6844441573058
47456,-14.5,-4.5,150.99275197011607
47457,-14.5,-4.0,151.27340675270545
47458,-14.5,-3.5,149.13479563102499
47459,-14.5,-3.0,157.75671444546091
47460,-14.5,-2.5,157.82456500353308
47461,-14.5,-2.0,155.21926910885992
47462,-14.5,-1.5,154.8650244871956
47463,-14.5,-1.0,148.48817592371938
47464,-14.5,-0.5,153.27420231064352
47465,-14.5,0.0,153.16276686582313
47466,-14.5,1.0,149.2695551956383
47467,-14.5,1.5,152.09540321956365
47468,-14.5,2.5,150.51490554064787
47469,-14.5,3.0,149.7556975524458
47470,-14.5,3.5,154.42208103241452
47471,-14.5,4.0,146.2238100393848
47472,-14.5,4.5,152.45868750251776
47473,-14.5,5.0,152.48034569369398
47474,-14.5,5.5,150.421200956699
47475,-14.5,6.0,149.65711615466205
47476,-14.5,6.5,150.68622201580746
47477,-14.5,7.0,157.2859957643192
47478,-14.5,8.5,154.3993233829717
47479,-14.5,9.0,153.70662465741776
47480,-14.5,9.5,153.23144160511748
47481,-14.5,10.0,152.3524437096761
47482,-14.5,10.5,157.97129610848287
47483,-14.5,11.0,155.13469388055717
47484,-14.5,11.5,152.7875771943976
47485,-14.5,12.0,153.39804330725158
47486,-14.5,12.5,153.50026947185415
47487,-14.5,13.0,154.5380140426784
47488,-14.5,13.5,157.12816874344273
47489,-14.5,14.0,158.64679699794146
47490,-14.5,14.5,160.2415224781982
47491,-14.5,15.0,158.5763924105089
47492,-14.5,15.5,159.59239296537638
47493,-14.5,16.0,158.97149989604796
47494,-14.5,16.5,156.3401151123065
47495,-14.5,17.0,154.04590829369323
47496,-14.5,17.5,152.22435424369343
47497,-14.5,18.0,146.67387275714964
47498,-14.5,18.5,155.8316336241032
47499,-14.5,19.0,159.14589545679164
47500,-14.5,19.5,160.51369000418197
47501,-14.5,20.0,153.46558296465798
47502,-14.5,20.5,148.73105842827542
47503,-14.5,21.0,154.96171595955363
47504,-14.5,21.5,155.63166362295584
47505,-14.5,22.0,156.33666852076183
47506,-14.5,22.5,155.18514673511245
47507,-14.5,23.0,157.5628609380744
47508,-14.5,23.5,156.9885847777029
47509,-14.5,24.0,156.07824152665088
47510,-14.5,24.5,157.89440395279084
47511,-14.5,25.0,155.55968001528998
47512,-14.5,25.5,159.63021779977763
47513,-14.5,26.0,156.99988607460963
47514,-14.5,26.5,156.6735684311545
47515,-14.5,27.0,151.4259416208115
47516,-14.5,27.5,150.53406346412382
47517,-14.5,28.0,152.0173932037
47518,-14.5,28.5,156.41097684966968
47519,-14.5,29.0,150.30915005037724
47520,-14.5,29.5,156.48434210922636
47521,-14.5,30.0,165.3240196932509
47522,-14.5,30.5,152.8642746733127
47523,-14.5,31.0,158.03801565697654
47524,-14.5,31.5,151.63153300010177
47525,-14.5,32.0,156.34954959299745
47526,-14.5,32.5,152.27757556906164
47527,-14.5,33.0,158.64247792783328
47528,-14.5,33.5,150.5241072044465
47529,-14.5,34.0,153.57814207126302
47530,-14.5,34.5,155.18826554667808
47531,-14.5,35.0,151.16434662162783
47532,-14.5,35.5,151.11822962714174
47533,-14.5,36.0,153.37885530465798
47534,-14.5,36.5,156.000442619355
47535,-14.5,37.0,151.84640217848505
47536,-14.5,37.5,156.38272466403689
47537,-14.5,38.0,157.03001713463502
47538,-14.5,39.0,174.96267517840894
47539,-14.0,-36.5,153.92047208382323
47540,-14.0,-36.0,149.92138703704705
47541,-14.0,-35.5,150.0651689405221
47542,-14.0,-35.0,148.46458530279943
47543,-14.0,-34.5,150.51292069560682
47544,-14.0,-34.0,158.799283616357
47545,-14.0,-33.5,146.65907898553408
47546,-14.0,-33.0,149.80701307571243
47547,-14.0,-32.5,154.5212129257383
47548,-14.0,-32.0,153.92105779381058
47549,-14.0,-31.5,155.182941290238
47550,-14.0,-31.0,159.05866388697896
47551,-14.0,-30.5,155.44386583508305
47552,-14.0,-30.0,154.1841039698915
47553,-14.0,-29.5,156.71501785816147
47554,-14.0,-29.0,149.48838804457665
47555,-14.0,-28.5,150.06763884753894
47556,-14.0,-28.0,148.93077280683914
47557,-14.0,-27.5,148.71705535512353
47558,-14.0,-27.0,148.85846495108694
47559,-14.0,-26.5,147.75365516583435
47560,-14.0,-26.0,148.1623577028429
47561,-14.0,-25.5,150.07395070686155
47562,-14.0,-25.0,150.45110971665807
47563,-14.0,-24.5,149.8492046232543
47564,-14.0,-24.0,152.27823909793563
47565,-14.0,-23.5,151.35871308728807
47566,-14.0,-23.0,149.38299273684004
47567,-14.0,-22.5,148.84170387171875
47568,-14.0,-22.0,153.77268527657534
47569,-14.0,-21.5,150.23445058468428
47570,-14.0,-21.0,148.39179464660515
47571,-14.0,-20.5,148.86748500954567
47572,-14.0,-20.0,149.96398364915876
47573,-14.0,-19.5,149.2680197196449
47574,-14.0,-19.0,149.15351565063153
47575,-14.0,-18.5,148.2820064860459
47576,-14.0,-18.0,149.44689004680367
47577,-14.0,-17.5,148.92098521186946
47578,-14.0,-17.0,151.87840242774072
47579,-14.0,-16.5,148.94522409711564
47580,-14.0,-16.0,155.4780989517895
47581,-14.0,-15.5,148.58161409439072
47582,-14.0,-15.0,150.34164007462587
47583,-14.0,-14.5,150.4342240580999
47584,-14.0,-14.0,153.18099382426337
47585,-14.0,-13.5,148.66450083383026
47586,-14.0,-13.0,148.75532962563705
47587,-14.0,-12.5,155.0778661240165
47588,-14.0,-12.0,148.54459421897138
47589,-14.0,-11.5,150.28177304375717
47590,-14.0,-11.0,146.78233296847455
47591,-14.0,-10.0,153.0255061858881
47592,-14.0,-9.5,154.7438377901774
47593,-14.0,-9.0,153.0308638694192
47594,-14.0,-8.5,150.40253749438742
47595,-14.0,-8.0,150.70605580565223
47596,-14.0,-7.5,151.96479231189312
47597,-14.0,-7.0,150.826251809095
47598,-14.0,-6.5,147.6544657563156
47599,-14.0,-6.0,160.28589202608038
47600,-14.0,-5.5,155.5561272262424
47601,-14.0,-5.0,152.23206487984658
47602,-14.0,-4.5,149.02045606186635
47603,-14.0,-4.0,148.02317075110244
47604,-14.0,-3.5,156.6561569084163
47605,-14.0,-2.5,153.78563610839103
47606,-14.0,-2.0,153.95373493494026
47607,-14.0,-1.5,151.39994621720518
47608,-14.0,-1.0,151.9701440582551
47609,-14.0,-0.5,153.0162548336684
47610,-14.0,0.5,150.8490670873839
47611,-14.0,1.0,151.3622215539069
47612,-14.0,1.5,148.7062046746554
47613,-14.0,2.0,154.68948383351412
47614,-14.0,2.5,151.5828706883198
47615,-14.0,3.0,150.88270925782857
47616,-14.0,3.5,150.5445912647777
47617,-14.0,4.0,153.2528839554727
47618,-14.0,4.5,151.05513052618562
47619,-14.0,5.0,151.85844787177828
47620,-14.0,5.5,151.85513606458423
47621,-14.0,6.0,148.36185917519177
47622,-14.0,6.5,148.85620457716084
47623,-14.0,7.0,152.06409229124213
47624,-14.0,7.5,158.82124944143425
47625,-14.0,8.5,154.65556197793185
47626,-14.0,9.0,155.01320727125804
47627,-14.0,9.5,154.73088331667958
47628,-14.0,10.0,157.91208064816914
47629,-14.0,10.5,151.10043235565544
47630,-14.0,11.0,152.0993260051999
47631,-14.0,11.5,152.22825531166586
47632,-14.0,12.0,154.1896961080147
47633,-14.0,12.5,152.84356194089338
47634,-14.0,13.5,157.4375911456766
47635,-14.0,14.0,159.45566848673081
47636,-14.0,14.5,159.61597983232764
47637,-14.0,15.0,159.79708509154094
47638,-14.0,15.5,162.2606688202322
47639,-14.0,16.0,160.48763158906254
47640,-14.0,16.5,155.84892134456
47641,-14.0,17.0,157.77051580840327
47642,-14.0,17.5,149.2214786824619
47643,-14.0,18.0,154.84739387655912
47644,-14.0,19.0,159.06962222004873
47645,-14.0,19.5,158.2781072913917
47646,-14.0,20.0,157.95868531730034
47647,-14.0,20.5,151.06515826714332
47648,-14.0,21.0,156.21338013338337
47649,-14.0,21.5,153.8314637398055
47650,-14.0,22.0,155.5182440254556
47651,-14.0,22.5,156.05558079102292
47652,-14.0,23.0,157.53650051226975
47653,-14.0,23.5,156.55503345109912
47654,-14.0,24.0,154.4387872436658
47655,-14.0,24.5,157.16931415089994
47656,-14.0,25.0,157.79157990681554
47657,-14.0,25.5,160.47301185095085
47658,-14.0,26.0,157.24365627435878
47659,-14.0,26.5,161.22252445930135
47660,-14.0,27.0,152.6627009592426
47661,-14.0,27.5,150.72311044904365
47662,-14.0,28.0,161.6802208147007
47663,-14.0,28.5,152.7075715394194
47664,-14.0,29.0,152.57386805933416
47665,-14.0,29.5,156.41630595942007
47666,-14.0,30.0,156.9965550798019
47667,-14.0,30.5,150.7898338537232
47668,-14.0,31.0,156.4220252538732
47669,-14.0,31.5,149.95881044640174
47670,-14.0,32.0,154.0885001640446
47671,-14.0,32.5,154.3921865242329
47672,-14.0,33.0,157.35747256083025
47673,-14.0,33.5,151.78037140419957
47674,-14.0,34.0,153.35194581809307
47675,-14.0,34.5,153.51786026780343
47676,-14.0,35.0,150.2368231185743
47677,-14.0,35.5,151.61860879963183
47678,-14.0,36.0,150.06162737675297
47679,-14.0,36.5,154.12712614506998
47680,-14.0,37.0,155.09402216374193
47681,-14.0,37.5,153.68840139129864
47682,-14.0,39.0,175.09776858658245
47683,-13.5,-37.0,150.61931044072404
47684,-13.5,-36.5,153.8451976363097
47685,-13.5,-36.0,149.91595640267104
47686,-13.5,-35.5,150.19200566074568
47687,-13.5,-35.0,148.44208440914352
47688,-13.5,-34.5,150.80415483938376
47689,-13.5,-34.0,157.85918334474144
47690,-13.5,-33.5,146.74398291377364
47691,-13.5,-33.0,150.1577692089155
47692,-13.5,-32.5,154.88562270086834
47693,-13.5,-32.0,153.75644463877668
47694,-13.5,-31.5,156.42272302314137
47695,-13.5,-31.0,159.00579655437915
47696,-13.5,-30.5,155.45804586687237
47697,-13.5,-30.0,152.72258775616584
47698,-13.5,-29.5,156.00986233188118
47699,-13.5,-29.0,148.71180372693982
47700,-13.5,-28.5,152.66257947731611
47701,-13.5,-28.0,148.76246977028293
47702,-13.5,-27.5,149.24277929178407
47703,-13.5,-27.0,148.0644884217626
47704,-13.5,-26.5,147.5256253415934
47705,-13.5,-26.0,149.01171132433254
47706,-13.5,-25.5,149.29305198712387
47707,-13.5,-25.0,149.97525286201935
47708,-13.5,-24.5,150.06544498904177
47709,-13.5,-24.0,152.3785685394645
47710,-13.5,-23.5,153.49035102808332
47711,-13.5,-23.0,149.44724924681145
47712,-13.5,-22.5,148.51391346835925
47713,-13.5,-22.0,150.80204379426365
47714,-13.5,-21.5,151.06020400826094
47715,-13.5,-21.0,149.02180272285705
47716,-13.5,-20.5,149.06036011926423
47717,-13.5,-20.0,149.23651309540583
47718,-13.5,-19.5,149.41912779900576
47719,-13.5,-19.0,149.10719470830517
47720,-13.5,-18.5,148.90302352207166
47721,-13.5,-18.0,148.50981192047155
47722,-13.5,-17.5,149.70439946844846
47723,-13.5,-17.0,148.58033825227474
47724,-13.5,-16.5,154.73221781324511
47725,-13.5,-16.0,149.37556521528396
47726,-13.5,-15.5,150.20719431326285
47727,-13.5,-15.0,149.57214655404798
47728,-13.5,-14.5,149.78400798641718
47729,-13.5,-14.0,149.17268017510304
47730,-13.5,-13.5,148.627291679728
47731,-13.5,-13.0,148.77988981232372
47732,-13.5,-12.5,148.65407001217082
47733,-13.5,-12.0,149.08722618008773
47734,-13.5,-11.5,146.90426241861078
47735,-13.5,-11.0,146.81473412459098
47736,-13.5,-10.5,153.63638995462364
47737,-13.5,-10.0,153.28245056456004
47738,-13.5,-9.5,150.32290047346524
47739,-13.5,-9.0,156.06693316154042
47740,-13.5,-8.5,154.00838377890412
47741,-13.5,-8.0,153.26639366891987
47742,-13.5,-7.5,150.14311105016543
47743,-13.5,-7.0,153.60846263008872
47744,-13.5,-6.5,153.94497169913632
47745,-13.5,-6.0,147.9949393399924
47746,-13.5,-5.5,152.6889124622075
47747,-13.5,-5.0,149.1099367817646
47748,-13.5,-4.5,149.9379613682163
47749,-13.5,-4.0,148.25129408606475
47750,-13.5,-3.5,156.86147308866506
47751,-13.5,-3.0,155.50396921593668
47752,-13.5,-2.5,153.6724165660212
47753,-13.5,-2.0,148.07485710060433
47754,-13.5,-1.5,149.96741361643373
47755,-13.5,-1.0,153.29843128623506
47756,-13.5,0.0,150.89742894735764
47757,-13.5,0.5,150.96811116568625
47758,-13.5,1.0,151.67876154332646
47759,-13.5,1.5,147.2499352044439
47760,-13.5,2.0,151.78147157099295
47761,-13.5,2.5,153.7593046243746
47762,-13.5,3.0,152.20073028641488
47763,-13.5,3.5,148.06991222708965
47764,-13.5,4.0,153.7709173843624
47765,-13.5,4.5,151.21478502338383
47766,-13.5,5.0,150.96901836667934
47767,-13.5,6.5,148.8472884539072
47768,-13.5,7.0,149.97668437380304
47769,-13.5,7.5,155.306312876002
47770,-13.5,8.0,160.53208913586178
47771,-13.5,9.0,151.90272813973354
47772,-13.5,9.5,157.3606378810748
47773,-13.5,10.0,154.20383578596488
47774,-13.5,10.5,150.40490541776032
47775,-13.5,11.0,147.5383264846438
47776,-13.5,11.5,149.90775943084006
47777,-13.5,12.0,153.0221673676971
47778,-13.5,12.5,155.16712153315572
47779,-13.5,13.5,158.46976997012325
47780,-13.5,14.0,158.44105206401778
47781,-13.5,14.5,158.63729558647668
47782,-13.5,15.0,159.00699652079336
47783,-13.5,15.5,157.61697316992206
47784,-13.5,16.5,158.97384841832908
47785,-13.5,17.0,158.0151618778383
47786,-13.5,17.5,152.5070460031204
47787,-13.5,19.0,160.14028460367624
47788,-13.5,19.5,156.90471197632644
47789,-13.5,20.0,152.22336998832947
47790,-13.5,20.5,155.32314365261468
47791,-13.5,21.0,157.0035872506866
47792,-13.5,21.5,155.34022952867994
47793,-13.5,22.0,154.83092380753712
47794,-13.5,22.5,156.20948347870737
47795,-13.5,23.0,156.25575842308564
47796,-13.5,23.5,157.91732824864013
47797,-13.5,24.0,154.28711396836837
47798,-13.5,24.5,156.08844871066785
47799,-13.5,25.0,160.01272318359543
47800,-13.5,25.5,157.28796408948412
47801,-13.5,26.0,158.59948064008896
47802,-13.5,26.5,158.319210024821
47803,-13.5,27.0,155.36869266210107
47804,-13.5,27.5,153.64782197283358
47805,-13.5,28.0,158.51567906791587
47806,-13.5,28.5,150.02540140758023
47807,-13.5,29.0,154.47157061824248
47808,-13.5,29.5,158.32864668528688
47809,-13.5,30.0,151.23990835481032
47810,-13.5,30.5,149.94687711191196
47811,-13.5,31.0,161.93129174005014
47812,-13.5,31.5,150.57315986625406
47813,-13.5,32.0,151.94777727975796
47814,-13.5,32.5,153.7326401643501
47815,-13.5,33.0,157.7879828128604
47816,-13.5,33.5,156.33597944541094
47817,-13.5,34.0,158.34840834226293
47818,-13.5,34.5,156.38481119295784
47819,-13.5,35.0,152.28454159183832
47820,-13.5,35.5,151.1634198587261
47821,-13.5,36.0,155.12825491908683
47822,-13.5,36.5,153.47780997365655
47823,-13.5,37.0,154.48015509603184
47824,-13.5,37.5,153.47902278007143
47825,-13.5,39.0,175.26846097688764
47826,-13.0,-37.0,150.4863024330024
47827,-13.0,-36.5,153.81976450699813
47828,-13.0,-36.0,149.54003527694266
47829,-13.0,-35.5,150.2264456733932
47830,-13.0,-35.0,148.30494581560072
47831,-13.0,-34.5,152.06116134371769
47832,-13.0,-34.0,151.90876267718275
47833,-13.0,-33.5,147.30156956123113
47834,-13.0,-33.0,150.95947729926186
47835,-13.0,-32.5,154.67285557819002
47836,-13.0,-32.0,153.5760871110563
47837,-13.0,-31.5,157.69238096323193
47838,-13.0,-31.0,159.20963825931182
47839,-13.0,-30.5,156.46291788064002
47840,-13.0,-30.0,151.85739128105908
47841,-13.0,-29.5,154.05884779800164
47842,-13.0,-29.0,149.39628639056525
47843,-13.0,-28.5,151.89985203184344
47844,-13.0,-28.0,148.9994485355899
47845,-13.0,-27.5,149.17422626937056
47846,-13.0,-27.0,148.17109137436762
47847,-13.0,-26.5,147.16670216263483
47848,-13.0,-26.0,149.28784277139948
47849,-13.0,-25.5,148.66305364678266
47850,-13.0,-25.0,150.03609407978192
47851,-13.0,-24.5,149.90236923536938
47852,-13.0,-24.0,151.10839205594766
47853,-13.0,-23.5,155.26981409649716
47854,-13.0,-23.0,150.97214866557346
47855,-13.0,-22.5,148.86829865812663
47856,-13.0,-22.0,149.90778388410402
47857,-13.0,-21.5,151.30583899431818
47858,-13.0,-21.0,150.18773953766566
47859,-13.0,-20.5,149.38083028090878
47860,-13.0,-20.0,148.66612541752488
47861,-13.0,-19.5,149.84933025373087
47862,-13.0,-19.0,148.9491959662753
47863,-13.0,-18.5,149.11704385833735
47864,-13.0,-18.0,148.89135774050598
47865,-13.0,-17.5,149.05292252477537
47866,-13.0,-17.0,149.08006548793298
47867,-13.0,-16.5,156.58248437207888
47868,-13.0,-16.0,149.12123022810474
47869,-13.0,-15.5,150.9810873223018
47870,-13.0,-15.0,150.37923333843932
47871,-13.0,-14.5,149.16310250000654
47872,-13.0,-14.0,149.58745745674838
47873,-13.0,-13.5,148.71943508334002
47874,-13.0,-13.0,147.29867139746403
47875,-13.0,-12.5,148.1412614983756
47876,-13.0,-12.0,147.0571627022528
47877,-13.0,-11.5,146.94518815505768
47878,-13.0,-10.5,153.7319064774069
47879,-13.0,-10.0,146.47126257370945
47880,-13.0,-9.5,150.8599230998988
47881,-13.0,-9.0,151.3632615238691
47882,-13.0,-8.5,160.85157005392813
47883,-13.0,-8.0,149.9857732489308
47884,-13.0,-7.5,149.07376632538208
47885,-13.0,-7.0,147.98854324133865
47886,-13.0,-6.5,155.2475366378805
47887,-13.0,-6.0,150.9258859273099
47888,-13.0,-5.5,148.22052155454213
47889,-13.0,-5.0,149.07144200514537
47890,-13.0,-4.5,148.28060230268332
47891,-13.0,-4.0,151.69800751746234
47892,-13.0,-3.5,153.62030366310802
47893,-13.0,-3.0,154.04854065335715
47894,-13.0,-2.5,148.0347996529
47895,-13.0,-2.0,147.97347546945488
47896,-13.0,-1.5,152.82999610667576
47897,-13.0,-1.0,153.05380753343172
47898,-13.0,-0.5,152.69139045921116
47899,-13.0,0.0,150.69561845002917
47900,-13.0,0.5,151.60729732203447
47901,-13.0,1.5,151.19984994634666
47902,-13.0,2.0,150.16743712913834
47903,-13.0,2.5,153.91338417881227
47904,-13.0,3.0,155.27378866409384
47905,-13.0,3.5,151.69583154711668
47906,-13.0,4.0,147.33905005088232
47907,-13.0,4.5,156.25193376038106
47908,-13.0,5.0,147.45362258305283
47909,-13.0,6.5,149.7489671209904
47910,-13.0,7.0,149.56037355920625
47911,-13.0,7.5,152.03844558976763
47912,-13.0,8.0,160.06496558653996
47913,-13.0,9.0,152.45525144343466
47914,-13.0,9.5,151.74358452762823
47915,-13.0,10.0,153.24861257029232
47916,-13.0,10.5,151.83089668005255
47917,-13.0,11.0,148.77568931276056
47918,-13.0,11.5,150.57276766609863
47919,-13.0,12.0,149.78238492035078
47920,-13.0,12.5,153.79586709610578
47921,-13.0,13.0,153.47547893651748
47922,-13.0,13.5,157.51515627968385
47923,-13.0,14.0,157.80966614787812
47924,-13.0,14.5,159.79108003209458
47925,-13.0,15.0,158.08581566292196
47926,-13.0,15.5,160.37886583523118
47927,-13.0,16.0,161.49761239085862
47928,-13.0,16.5,159.0881469950197
47929,-13.0,17.0,156.03306908125683
47930,-13.0,17.5,156.52317363005477
47931,-13.0,18.0,152.48823036139171
47932,-13.0,18.5,163.2448834516333
47933,-13.0,19.0,156.1392409755819
47934,-13.0,19.5,154.22056095564173
47935,-13.0,20.0,152.01637284059626
47936,-13.0,20.5,152.91150245477812
47937,-13.0,21.0,152.4516881488776
47938,-13.0,21.5,155.79525007865035
47939,-13.0,22.0,155.61644832746103
47940,-13.0,22.5,157.98624169776315
47941,-13.0,23.0,156.29912232121197
47942,-13.0,23.5,157.9260969874934
47943,-13.0,24.0,155.80438870934688
47944,-13.0,24.5,156.88776186904622
47945,-13.0,25.0,158.3374918881191
47946,-13.0,25.5,157.70436610109977
47947,-13.0,26.0,159.82305275361912
47948,-13.0,26.5,156.25296508006687
47949,-13.0,27.0,157.77065602002034
47950,-13.0,27.5,157.02498649674789
47951,-13.0,28.0,155.28921507001647
47952,-13.0,28.5,152.41836490494603
47953,-13.0,29.0,154.38977345884953
47954,-13.0,29.5,157.46759839924445
47955,-13.0,30.0,151.97108010146175
47956,-13.0,30.5,153.02982140128663
47957,-13.0,31.0,160.25682486428255
47958,-13.0,31.5,152.46908867835106
47959,-13.0,32.0,157.55797646326425
47960,-13.0,32.5,153.81542389876319
47961,-13.0,33.0,157.33082511018583
47962,-13.0,33.5,158.5650307410889
47963,-13.0,34.0,160.22439911677114
47964,-13.0,34.5,153.3288495912591
47965,-13.0,35.0,159.50398670898792
47966,-13.0,35.5,151.39453839525177
47967,-13.0,36.0,155.5044192655138
47968,-13.0,36.5,152.8371630743426
47969,-13.0,37.0,154.07332461178555
47970,-13.0,37.5,157.3786552596665
47971,-13.0,38.0,166.4172823667728
47972,-13.0,39.0,175.40462822586656
47973,-12.5,-37.0,150.686008407348
47974,-12.5,-36.5,153.85768901383196
47975,-12.5,-36.0,149.13251130303692
47976,-12.5,-35.5,148.40849230977057
47977,-12.5,-35.0,149.54860140109355
47978,-12.5,-34.5,151.39094465664797
47979,-12.5,-34.0,151.09650756564298
47980,-12.5,-33.5,148.12004378652506
47981,-12.5,-33.0,152.15339018620182
47982,-12.5,-32.5,154.97059744939148
47983,-12.5,-32.0,153.96819547098593
47984,-12.5,-31.5,158.29844685978728
47985,-12.5,-31.0,158.04708292202872
47986,-12.5,-30.5,159.14238407364718
47987,-12.5,-30.0,153.01227049168403
47988,-12.5,-29.5,150.21016182156825
47989,-12.5,-29.0,151.99127930377148
47990,-12.5,-28.5,150.1302018318253
47991,-12.5,-28.0,149.8998746906084
47992,-12.5,-27.5,148.84161115028482
47993,-12.5,-27.0,148.70376059761963
47994,-12.5,-26.5,146.95579961425676
47995,-12.5,-26.0,150.32823760242312
47996,-12.5,-25.5,148.6722766223076
47997,-12.5,-25.0,149.78789000250896
47998,-12.5,-24.5,150.7366997679146
47999,-12.5,-24.0,152.17858369374446
48000,-12.5,-23.5,150.82890499709302
48001,-12.5,-23.0,152.7972768110037
48002,-12.5,-22.5,149.93665600590643
48003,-12.5,-22.0,150.32732996163804
48004,-12.5,-21.5,154.51554581358968
48005,-12.5,-21.0,151.9376153557281
48006,-12.5,-20.5,149.60395962172296
48007,-12.5,-20.0,150.7856842400514
48008,-12.5,-19.5,148.28126229718026
48009,-12.5,-19.0,149.63696197561538
48010,-12.5,-18.5,149.59836855950306
48011,-12.5,-18.0,148.914633750931
48012,-12.5,-17.5,148.28266993561996
48013,-12.5,-17.0,151.20647963517405
48014,-12.5,-16.5,151.43753283522258
48015,-12.5,-16.0,150.31065462344782
48016,-12.5,-15.5,149.67354672416832
48017,-12.5,-15.0,150.2113637708536
48018,-12.5,-14.5,149.0392754839284
48019,-12.5,-14.0,149.29420664713282
48020,-12.5,-13.5,150.05159382797265
48021,-12.5,-13.0,147.5788714999865
48022,-12.5,-12.5,146.99408357273862
48023,-12.5,-12.0,147.03657285096125
48024,-12.5,-11.0,154.45089585311885
48025,-12.5,-10.5,147.89954940032158
48026,-12.5,-10.0,149.3370837550483
48027,-12.5,-9.5,149.6005424843461
48028,-12.5,-9.0,150.0188347587246
48029,-12.5,-8.5,152.1720232281252
48030,-12.5,-8.0,148.55129804343653
48031,-12.5,-7.5,149.0221326148462
48032,-12.5,-7.0,149.9130972577336
48033,-12.5,-6.5,153.02052523790454
48034,-12.5,-6.0,159.4641911009053
48035,-12.5,-5.5,147.28507970367488
48036,-12.5,-5.0,148.75442143501368
48037,-12.5,-4.5,150.8509604126436
48038,-12.5,-4.0,151.21713408757
48039,-12.5,-3.5,152.4000052107039
48040,-12.5,-2.5,148.06653467846525
48041,-12.5,-2.0,152.54819266465975
48042,-12.5,-1.5,152.7198866640132
48043,-12.5,-0.5,151.50000597865434
48044,-12.5,0.0,151.36056204048262
48045,-12.5,0.5,151.46890102675297
48046,-12.5,1.0,151.17422037902736
48047,-12.5,1.5,151.51107027459994
48048,-12.5,2.0,152.0380352853344
48049,-12.5,2.5,147.31160163989105
48050,-12.5,3.0,151.1007772804456
48051,-12.5,3.5,151.68561696069673
48052,-12.5,4.0,150.2125595950683
48053,-12.5,4.5,146.977249841884
48054,-12.5,5.0,160.53489237209112
48055,-12.5,5.5,148.27162615706743
48056,-12.5,7.0,150.467377180204
48057,-12.5,7.5,153.77822296063997
48058,-12.5,8.0,150.78233224046625
48059,-12.5,8.5,163.92306904323746
48060,-12.5,9.0,155.92329207063267
48061,-12.5,9.5,151.27482504306434
48062,-12.5,10.0,152.72084171086485
48063,-12.5,10.5,151.6515854491264
48064,-12.5,11.0,150.98042286015755
48065,-12.5,11.5,148.268078306753
48066,-12.5,12.0,149.36570163235893
48067,-12.5,12.5,152.6870193060117
48068,-12.5,13.0,153.307418591032
48069,-12.5,13.5,153.77341043647687
48070,-12.5,14.0,155.3092188840043
48071,-12.5,14.5,159.55601064957028
48072,-12.5,15.0,161.56137226844766
48073,-12.5,15.5,160.83759864399136
48074,-12.5,16.0,160.21048438597666
48075,-12.5,16.5,156.7766496818336
48076,-12.5,17.0,159.40290628459624
48077,-12.5,17.5,160.1299063884474
48078,-12.5,18.0,151.38069009243313
48079,-12.5,18.5,156.23025007690745
48080,-12.5,20.0,154.46842154025973
48081,-12.5,20.5,154.04252948813416
48082,-12.5,21.0,150.49422044970055
48083,-12.5,21.5,152.36729205007342
48084,-12.5,22.0,151.86725582801128
48085,-12.5,22.5,155.2470776235571
48086,-12.5,23.0,155.95848610982256
48087,-12.5,23.5,157.68031945024816
48088,-12.5,24.0,158.59907424160676
48089,-12.5,24.5,160.03163734935436
48090,-12.5,25.0,154.52945336948378
48091,-12.5,25.5,157.0200396900443
48092,-12.5,26.0,158.6160445493299
48093,-12.5,26.5,157.03376154358267
48094,-12.5,27.0,157.50743097485523
48095,-12.5,27.5,160.14843410770953
48096,-12.5,28.0,154.8027749432459
48097,-12.5,28.5,153.83905907363783
48098,-12.5,29.0,156.07621197940767
48099,-12.5,29.5,155.2771916907415
48100,-12.5,30.0,149.65264891948556
48101,-12.5,30.5,152.3354830957917
48102,-12.5,31.0,157.70039439108425
48103,-12.5,31.5,151.80328442235552
48104,-12.5,32.0,154.4852709657718
48105,-12.5,32.5,153.14562041367634
48106,-12.5,33.0,156.81101085432925
48107,-12.5,33.5,158.61587762687543
48108,-12.5,34.0,160.75623555527554
48109,-12.5,34.5,155.5278493635093
48110,-12.5,35.0,163.45819026278667
48111,-12.5,35.5,151.94002187895043
48112,-12.5,36.0,156.72375367003565
48113,-12.5,36.5,149.2924007000696
48114,-12.5,37.0,152.6734697177874
48115,-12.5,37.5,155.4992038081075
48116,-12.5,38.0,161.38902600175322
48117,-12.5,39.0,175.6697806284751
48118,-12.5,39.5,175.83974808697377
48119,-12.0,-37.0,151.0192001649612
48120,-12.0,-36.5,154.05008239046705
48121,-12.0,-36.0,149.15143682749806
48122,-12.0,-35.5,147.81571638656445
48123,-12.0,-35.0,148.71021405474212
48124,-12.0,-34.5,152.13192651095093
48125,-12.0,-34.0,149.12252975854747
48126,-12.0,-33.5,148.42644817059377
48127,-12.0,-33.0,154.55880206558692
48128,-12.0,-32.5,156.18917823963636
48129,-12.0,-32.0,156.38696154095015
48130,-12.0,-31.5,159.1383713477457
48131,-12.0,-31.0,157.78934738463317
48132,-12.0,-30.5,157.88748366422408
48133,-12.0,-30.0,151.92114930123824
48134,-12.0,-29.5,149.5320709368581
48135,-12.0,-29.0,151.85634283025328
48136,-12.0,-28.5,149.19170628897024
48137,-12.0,-28.0,151.07631758242903
48138,-12.0,-27.5,148.90194766903318
48139,-12.0,-27.0,148.48912385413414
48140,-12.0,-26.5,148.11544882274475
48141,-12.0,-26.0,150.96517989558146
48142,-12.0,-25.5,150.10469636524405
48143,-12.0,-25.0,149.55445156588473
48144,-12.0,-24.5,150.793513751129
48145,-12.0,-24.0,150.32900847906086
48146,-12.0,-23.5,150.02934667548956
48147,-12.0,-23.0,152.06744817425718
48148,-12.0,-22.5,152.30583103406025
48149,-12.0,-22.0,149.0798994913802
48150,-12.0,-21.5,151.1783358429015
48151,-12.0,-21.0,155.44198846208968
48152,-12.0,-20.5,151.65274419316097
48153,-12.0,-20.0,149.0581047321007
48154,-12.0,-19.5,148.7299230098052
48155,-12.0,-19.0,154.7803843726202
48156,-12.0,-18.5,149.94458847051956
48157,-12.0,-18.0,148.85859982955088
48158,-12.0,-17.5,148.58173941071792
48159,-12.0,-17.0,152.59720808626952
48160,-12.0,-16.5,149.1858585151863
48161,-12.0,-16.0,150.1481414545437
48162,-12.0,-15.5,149.29847250074954
48163,-12.0,-15.0,149.87452113844995
48164,-12.0,-14.5,150.2946724837842
48165,-12.0,-14.0,149.2844775024436
48166,-12.0,-13.5,148.78377774845353
48167,-12.0,-13.0,149.0343853650995
48168,-12.0,-12.5,147.4758882278797
48169,-12.0,-11.5,155.45771935091722
48170,-12.0,-11.0,153.82308240190272
48171,-12.0,-10.5,146.79185736255283
48172,-12.0,-10.0,150.9614455303155
48173,-12.0,-9.5,146.7892009251731
48174,-12.0,-9.0,151.53415411684097
48175,-12.0,-8.5,150.7159418456568
48176,-12.0,-8.0,148.20240083940385
48177,-12.0,-7.5,150.88863048307022
48178,-12.0,-7.0,150.4070091685268
48179,-12.0,-6.5,150.93984295763312
48180,-12.0,-6.0,153.5964769431804
48181,-12.0,-5.5,153.81956088520093
48182,-12.0,-4.5,150.43772329141214
48183,-12.0,-4.0,152.40010916248207
48184,-12.0,-3.5,151.29529118506466
48185,-12.0,-3.0,148.5073752140299
48186,-12.0,-2.5,150.76197710765243
48187,-12.0,-2.0,152.58659371580865
48188,-12.0,-1.0,155.41860457801388
48189,-12.0,-0.5,150.77841767945364
48190,-12.0,0.0,151.49362938245662
48191,-12.0,0.5,151.58165417396083
48192,-12.0,1.0,151.47208394572877
48193,-12.0,1.5,151.94445460841774
48194,-12.0,2.0,151.95917451058554
48195,-12.0,2.5,151.3346947582226
48196,-12.0,3.0,149.61824011094214
48197,-12.0,3.5,148.64038943046063
48198,-12.0,4.0,150.6419100743289
48199,-12.0,4.5,146.45766606438323
48200,-12.0,5.0,155.1245153189739
48201,-12.0,5.5,157.06256041977664
48202,-12.0,6.0,148.25903012686356
48203,-12.0,7.5,157.38286541007233
48204,-12.0,8.0,150.18149402105672
48205,-12.0,8.5,156.42520209863537
48206,-12.0,9.0,160.86432214585744
48207,-12.0,9.5,149.55459807437498
48208,-12.0,10.0,148.09741774156092
48209,-12.0,10.5,151.41228915723744
48210,-12.0,11.0,153.89663700232347
48211,-12.0,11.5,151.1480062423238
48212,-12.0,12.0,148.2839513097012
48213,-12.0,12.5,152.58962338402603
48214,-12.0,13.0,153.66665516688926
48215,-12.0,13.5,152.6224127453865
48216,-12.0,14.0,158.84358668465165
48217,-12.0,15.0,160.5675290228624
48218,-12.0,15.5,156.22152354281562
48219,-12.0,16.0,156.35242283969967
48220,-12.0,16.5,155.59813469804917
48221,-12.0,17.5,155.68469223141452
48222,-12.0,18.0,157.15698818380244
48223,-12.0,18.5,153.8631455759498
48224,-12.0,19.5,156.55655318091414
48225,-12.0,20.0,152.65832117929332
48226,-12.0,20.5,152.8748515889267
48227,-12.0,21.0,154.95435983360088
48228,-12.0,21.5,148.71444607671864
48229,-12.0,22.0,150.99021906850984
48230,-12.0,22.5,153.37198406439686
48231,-12.0,23.0,155.564420668239
48232,-12.0,23.5,158.34364952348096
48233,-12.0,24.0,160.3257729489375
48234,-12.0,24.5,161.79542660388435
48235,-12.0,25.0,158.23756468348938
48236,-12.0,25.5,158.79812945431283
48237,-12.0,26.0,153.2949055864155
48238,-12.0,26.5,156.7986732334365
48239,-12.0,27.0,155.01390524367793
48240,-12.0,27.5,162.2717021565779
48241,-12.0,28.0,154.7082054439361
48242,-12.0,28.5,154.71190159623495
48243,-12.0,29.0,158.79963776976675
48244,-12.0,29.5,153.27974848042678
48245,-12.0,30.0,149.1309495149803
48246,-12.0,30.5,157.1438346772693
48247,-12.0,31.0,156.78790973957004
48248,-12.0,31.5,148.74743270848109
48249,-12.0,32.0,150.86813924803766
48250,-12.0,32.5,152.06592050810247
48251,-12.0,33.0,154.43556911572074
48252,-12.0,33.5,156.37958496725855
48253,-12.0,34.0,160.25144395722933
48254,-12.0,34.5,157.56558453525645
48255,-12.0,35.0,165.67993587665086
48256,-12.0,35.5,154.04206571826924
48257,-12.0,36.0,154.8838034136463
48258,-12.0,36.5,156.4395135058515
48259,-12.0,37.0,151.81182421493523
48260,-12.0,37.5,154.52642805590412
48261,-12.0,38.0,156.5285487176158
48262,-12.0,39.5,175.7288603802717
48263,-11.5,-37.0,151.21990968478698
48264,-11.5,-36.5,153.77099139832274
48265,-11.5,-36.0,150.22794463166548
48266,-11.5,-35.5,148.05022573621685
48267,-11.5,-35.0,148.4734318187739
48268,-11.5,-34.5,152.55157089789432
48269,-11.5,-34.0,148.91225509894923
48270,-11.5,-33.5,148.4813802761265
48271,-11.5,-33.0,150.78738569490147
48272,-11.5,-32.5,155.4388815907532
48273,-11.5,-32.0,157.40299374158838
48274,-11.5,-31.5,159.1596709191123
48275,-11.5,-31.0,157.57422586184236
48276,-11.5,-30.5,157.55570123746753
48277,-11.5,-30.0,151.0115914560339
48278,-11.5,-29.5,149.23497264380134
48279,-11.5,-29.0,151.4105580782282
48280,-11.5,-28.5,149.87021620070712
48281,-11.5,-28.0,150.5461822632256
48282,-11.5,-27.5,149.081701414573
48283,-11.5,-27.0,148.31322114215473
48284,-11.5,-26.5,149.62826032545672
48285,-11.5,-26.0,149.6004191820403
48286,-11.5,-25.5,149.85593245920683
48287,-11.5,-25.0,149.59054614902647
48288,-11.5,-24.5,150.73894470942653
48289,-11.5,-24.0,151.2323016129256
48290,-11.5,-23.5,148.23335293944834
48291,-11.5,-23.0,148.08728598555038
48292,-11.5,-22.5,152.15563225458004
48293,-11.5,-22.0,151.7346022899656
48294,-11.5,-21.5,148.9824183496765
48295,-11.5,-21.0,153.75770205401008
48296,-11.5,-20.5,157.2430110031195
48297,-11.5,-20.0,150.37390755896584
48298,-11.5,-19.5,152.8853376551754
48299,-11.5,-19.0,156.48344718732358
48300,-11.5,-18.5,149.97893400602354
48301,-11.5,-18.0,149.14778874515605
48302,-11.5,-17.5,150.86335958895998
48303,-11.5,-17.0,152.83672606559114
48304,-11.5,-16.5,149.66039126294166
48305,-11.5,-16.0,150.02127588179886
48306,-11.5,-15.5,148.73113959360126
48307,-11.5,-15.0,148.81782015132404
48308,-11.5,-14.5,150.49541204338684
48309,-11.5,-14.0,149.52805006340145
48310,-11.5,-13.5,148.79865425262358
48311,-11.5,-13.0,149.57472932342571
48312,-11.5,-12.5,147.2605747819237
48313,-11.5,-12.0,153.29937477875228
48314,-11.5,-11.5,155.87693198311197
48315,-11.5,-11.0,146.55732615926672
48316,-11.5,-10.5,152.43172675184277
48317,-11.5,-10.0,146.7949868670007
48318,-11.5,-9.0,149.90386527608857
48319,-11.5,-8.5,147.71169032952875
48320,-11.5,-8.0,151.418843911894
48321,-11.5,-7.5,149.71836610660426
48322,-11.5,-7.0,151.14471801520946
48323,-11.5,-6.5,149.7699150109392
48324,-11.5,-6.0,148.0286205372997
48325,-11.5,-5.5,156.55453448980876
48326,-11.5,-5.0,165.09280566202577
48327,-11.5,-4.5,152.965030503226
48328,-11.5,-4.0,152.24642316449993
48329,-11.5,-3.5,151.47171441179185
48330,-11.5,-3.0,149.9504733535111
48331,-11.5,-2.5,152.56538101369205
48332,-11.5,-1.0,155.56572075622523
48333,-11.5,-0.5,151.37889110613906
48334,-11.5,0.0,151.49805490382704
48335,-11.5,0.5,151.22843732873127
48336,-11.5,1.0,151.5863990910762
48337,-11.5,1.5,152.01945523218703
48338,-11.5,2.0,151.06186119646605
48339,-11.5,2.5,151.33006112972
48340,-11.5,3.0,149.55892204830207
48341,-11.5,3.5,148.33740083122132
48342,-11.5,4.0,147.725875917527
48343,-11.5,5.0,146.7022377822845
48344,-11.5,5.5,164.2434487683123
48345,-11.5,6.0,149.42167136751897
48346,-11.5,7.5,148.07214243264949
48347,-11.5,8.0,151.3529815195049
48348,-11.5,8.5,148.708698363412
48349,-11.5,9.0,159.30224516817972
48350,-11.5,10.0,148.77873612423247
48351,-11.5,10.5,148.44483882701553
48352,-11.5,11.0,156.87048610748153
48353,-11.5,11.5,156.85821814937992
48354,-11.5,12.0,149.88663831328333
48355,-11.5,12.5,154.5317836596108
48356,-11.5,13.0,152.72494688912903
48357,-11.5,13.5,152.15652205014052
48358,-11.5,14.0,154.40039857554387
48359,-11.5,14.5,160.3188504434399
48360,-11.5,15.0,154.7393395857353
48361,-11.5,15.5,157.44455267706917
48362,-11.5,16.0,153.98927295199454
48363,-11.5,16.5,157.53961326975318
48364,-11.5,17.0,160.30464044081532
48365,-11.5,17.5,155.32688689532202
48366,-11.5,18.0,153.94892624333866
48367,-11.5,18.5,151.14107285417688
48368,-11.5,19.0,151.0998490945718
48369,-11.5,19.5,152.16229463843737
48370,-11.5,20.0,152.12615653633503
48371,-11.5,20.5,149.57699842642887
48372,-11.5,21.0,153.53080517696108
48373,-11.5,21.5,147.56857312511085
48374,-11.5,22.0,150.2273572760695
48375,-11.5,22.5,153.34220369440675
48376,-11.5,23.0,154.36254680814025
48377,-11.5,23.5,155.91161846721937
48378,-11.5,24.0,163.1172777135053
48379,-11.5,24.5,159.69957288281483
48380,-11.5,25.0,161.34514386745101
48381,-11.5,25.5,159.12416007022094
48382,-11.5,26.0,154.66780406368127
48383,-11.5,26.5,155.2781107710843
48384,-11.5,27.0,160.05976762744683
48385,-11.5,27.5,159.73924171563132
48386,-11.5,28.0,154.22139656967587
48387,-11.5,28.5,157.99477664263395
48388,-11.5,29.0,158.3832012033354
48389,-11.5,29.5,151.97128534806447
48390,-11.5,30.0,150.69239114747964
48391,-11.5,30.5,155.72032685640906
48392,-11.5,31.0,155.57911655620387
48393,-11.5,31.5,150.1142619530202
48394,-11.5,32.0,151.02642011343488
48395,-11.5,32.5,152.90202997892607
48396,-11.5,33.0,155.24800331881286
48397,-11.5,33.5,160.72739836244457
48398,-11.5,34.0,158.537100438613
48399,-11.5,34.5,161.02299565936917
48400,-11.5,35.0,164.269401894676
48401,-11.5,35.5,155.61373334817515
48402,-11.5,36.0,159.92621412522772
48403,-11.5,36.5,157.5898614838296
48404,-11.5,37.0,153.7928012334642
48405,-11.5,37.5,155.56645595197222
48406,-11.5,38.0,162.63078421974234
48407,-11.5,38.5,166.3781321401031
48408,-11.0,-37.0,151.17664237086154
48409,-11.0,-36.5,153.822756440564
48410,-11.0,-36.0,148.13590329250087
48411,-11.0,-35.5,148.3348124562
48412,-11.0,-35.0,148.3201081086188
48413,-11.0,-34.5,153.58107908095667
48414,-11.0,-34.0,148.3357317052818
48415,-11.0,-33.5,148.42161058383147
48416,-11.0,-33.0,150.83486664993777
48417,-11.0,-32.5,155.94134714546314
48418,-11.0,-32.0,158.53219252993648
48419,-11.0,-31.5,158.9207108278037
48420,-11.0,-31.0,157.39460665422854
48421,-11.0,-30.5,157.85975834852312
48422,-11.0,-30.0,150.8249000135624
48423,-11.0,-29.5,151.6178258463631
48424,-11.0,-29.0,149.6147541217574
48425,-11.0,-28.5,149.1706252086646
48426,-11.0,-28.0,149.24858291243535
48427,-11.0,-27.5,150.15757990076227
48428,-11.0,-27.0,148.5434855437475
48429,-11.0,-26.5,150.8773926979065
48430,-11.0,-26.0,149.12496031936863
48431,-11.0,-25.5,150.00891757061586
48432,-11.0,-25.0,149.79883057687118
48433,-11.0,-24.5,150.95648186081957
48434,-11.0,-24.0,149.43269008948542
48435,-11.0,-23.5,147.81334275802578
48436,-11.0,-23.0,147.93591596666857
48437,-11.0,-22.5,148.03381608052212
48438,-11.0,-22.0,151.88425478330242
48439,-11.0,-21.5,152.82349374447432
48440,-11.0,-21.0,148.96142898171664
48441,-11.0,-20.5,150.749939368371
48442,-11.0,-20.0,150.36851668883943
48443,-11.0,-19.5,161.33412549168443
48444,-11.0,-19.0,150.20134423429587
48445,-11.0,-18.5,147.8081112931827
48446,-11.0,-18.0,155.10666621806251
48447,-11.0,-17.5,150.74280345628438
48448,-11.0,-17.0,151.36908726194338
48449,-11.0,-16.5,148.8795653709985
48450,-11.0,-16.0,149.26435542181338
48451,-11.0,-15.5,149.266990389971
48452,-11.0,-15.0,148.54077859954347
48453,-11.0,-14.5,149.8177930961103
48454,-11.0,-14.0,151.34315052673924
48455,-11.0,-13.5,149.50047568898947
48456,-11.0,-13.0,148.94736023106054
48457,-11.0,-12.5,151.22675205907584
48458,-11.0,-12.0,155.948377197734
48459,-11.0,-11.5,149.16707635570748
48460,-11.0,-11.0,151.548768305266
48461,-11.0,-10.5,148.246880001562
48462,-11.0,-10.0,147.01024631711368
48463,-11.0,-9.5,150.10323570239413
48464,-11.0,-9.0,148.6320925048198
48465,-11.0,-8.5,147.89246025945687
48466,-11.0,-8.0,150.1526337398727
48467,-11.0,-7.5,151.42412729671315
48468,-11.0,-7.0,150.68797093037014
48469,-11.0,-6.5,148.86547047262093
48470,-11.0,-6.0,149.41970876665258
48471,-11.0,-5.5,150.60583579118492
48472,-11.0,-5.0,158.54627308665786
48473,-11.0,-4.5,153.39974855532228
48474,-11.0,-4.0,153.20747832284113
48475,-11.0,-3.5,148.94641273187875
48476,-11.0,-3.0,151.936262679876
48477,-11.0,-2.5,149.48614057191938
48478,-11.0,-1.5,150.36368312150148
48479,-11.0,-1.0,151.13398602069324
48480,-11.0,-0.5,157.16869216714636
48481,-11.0,0.0,151.4149021499477
48482,-11.0,0.5,151.18428948387697
48483,-11.0,1.0,151.44680944388176
48484,-11.0,1.5,151.42708601198612
48485,-11.0,2.0,151.36929965465902
48486,-11.0,2.5,151.31077704716697
48487,-11.0,3.0,150.4404095120049
48488,-11.0,3.5,147.38201897175588
48489,-11.0,4.0,148.60263288988799
48490,-11.0,4.5,147.67707699127678
48491,-11.0,5.5,147.10899552987703
48492,-11.0,6.0,148.29901698727545
48493,-11.0,6.5,149.0982578714692
48494,-11.0,7.5,149.09612292289214
48495,-11.0,8.0,150.69921630162509
48496,-11.0,8.5,148.12398718087556
48497,-11.0,9.0,146.29997326197142
48498,-11.0,9.5,148.2565246147399
48499,-11.0,10.0,150.56653807495633
48500,-11.0,10.5,148.97751038413244
48501,-11.0,11.0,153.69724089409058
48502,-11.0,11.5,158.66945147902027
48503,-11.0,12.0,154.23575430582574
48504,-11.0,12.5,152.53880870417464
48505,-11.0,13.0,151.41970279016454
48506,-11.0,13.5,153.55285246707155
48507,-11.0,14.0,153.91277712960388
48508,-11.0,14.5,158.35302404102652
48509,-11.0,15.0,156.71652484865825
48510,-11.0,15.5,155.6209404143164
48511,-11.0,16.0,154.74479781162663
48512,-11.0,16.5,153.1882867172954
48513,-11.0,17.0,156.61209300863408
48514,-11.0,17.5,155.1114741557431
48515,-11.0,18.0,151.2832499671791
48516,-11.0,18.5,154.26936366954797
48517,-11.0,19.0,151.09439233925147
48518,-11.0,19.5,149.28018523444362
48519,-11.0,20.0,158.57990853388247
48520,-11.0,20.5,150.41425146143743
48521,-11.0,21.0,153.1419943762492
48522,-11.0,21.5,152.59790397132662
48523,-11.0,22.0,151.8089471778809
48524,-11.0,22.5,155.57279592907113
48525,-11.0,23.0,159.12815151847505
48526,-11.0,23.5,156.7450512327545
48527,-11.0,24.0,160.39087537295123
48528,-11.0,24.5,158.54798536652595
48529,-11.0,25.0,161.25625582156525
48530,-11.0,25.5,159.29827015790983
48531,-11.0,26.0,157.77369036389686
48532,-11.0,26.5,155.08872455366338
48533,-11.0,27.0,158.81179305460503
48534,-11.0,27.5,148.95181305006514
48535,-11.0,28.0,155.7712077769692
48536,-11.0,28.5,153.12218516488082
48537,-11.0,29.0,152.65623913304756
48538,-11.0,29.5,150.90108075028851
48539,-11.0,30.0,153.23849385482956
48540,-11.0,30.5,153.40313559957417
48541,-11.0,31.0,158.68022183257327
48542,-11.0,31.5,152.16841830140766
48543,-11.0,32.0,159.64369714815575
48544,-11.0,32.5,149.4578456348332
48545,-11.0,33.0,154.08529340180132
48546,-11.0,33.5,158.8188125701001
48547,-11.0,34.0,154.07063035652462
48548,-11.0,34.5,159.2459052761733
48549,-11.0,35.0,163.6930553157111
48550,-11.0,35.5,157.5603647953701
48551,-11.0,36.0,161.5244879601771
48552,-11.0,36.5,159.51246927076414
48553,-11.0,37.0,157.472859160469
48554,-11.0,37.5,157.9806604799159
48555,-11.0,38.0,161.92016319101074
48556,-11.0,38.5,165.36421898324272
48557,-10.5,-37.0,151.41048421419595
48558,-10.5,-36.5,154.0503337045733
48559,-10.5,-36.0,148.4714918727722
48560,-10.5,-35.5,148.14174212982758
48561,-10.5,-35.0,148.3482075392937
48562,-10.5,-34.5,151.99221096603807
48563,-10.5,-34.0,148.28960252614812
48564,-10.5,-33.5,147.89111481775345
48565,-10.5,-33.0,150.8439004062483
48566,-10.5,-32.5,156.61429653903713
48567,-10.5,-32.0,158.9378755354413
48568,-10.5,-31.5,158.16537312920323
48569,-10.5,-31.0,157.63265419125486
48570,-10.5,-30.5,155.9033465258123
48571,-10.5,-30.0,150.9580694906322
48572,-10.5,-29.5,151.24002718256855
48573,-10.5,-29.0,148.90509828185606
48574,-10.5,-28.5,149.7748479915538
48575,-10.5,-28.0,149.18952309231244
48576,-10.5,-27.5,151.49407045845751
48577,-10.5,-27.0,149.3219244643224
48578,-10.5,-26.5,150.04983617144646
48579,-10.5,-26.0,149.69092218025915
48580,-10.5,-25.5,149.6000123740262
48581,-10.5,-25.0,151.5214106596122
48582,-10.5,-24.5,150.67089420626414
48583,-10.5,-24.0,149.47358719805266
48584,-10.5,-23.5,147.99293980541765
48585,-10.5,-23.0,147.6312299651355
48586,-10.5,-22.5,147.82566766157325
48587,-10.5,-22.0,148.75734881592535
48588,-10.5,-21.5,152.61246491476842
48589,-10.5,-21.0,150.20333900147324
48590,-10.5,-20.5,147.61634944251077
48591,-10.5,-20.0,161.34880683095298
48592,-10.5,-19.5,156.77472353575408
48593,-10.5,-19.0,150.90070439707364
48594,-10.5,-18.5,150.2592933170975
48595,-10.5,-18.0,154.73878098081104
48596,-10.5,-17.5,151.57220262260049
48597,-10.5,-17.0,149.3425505174728
48598,-10.5,-16.5,149.6628833870706
48599,-10.5,-16.0,149.06972147006456
48600,-10.5,-15.5,149.33806130262494
48601,-10.5,-15.0,149.63726871713973
48602,-10.5,-14.5,148.50101336965523
48603,-10.5,-14.0,151.287002753685
48604,-10.5,-13.5,150.04143006389538
48605,-10.5,-13.0,150.21143745495462
48606,-10.5,-12.5,152.50636843060522
48607,-10.5,-12.0,153.83594869730652
48608,-10.5,-11.5,149.16981028160322
48609,-10.5,-11.0,150.6846477268837
48610,-10.5,-10.5,147.1593655699061
48611,-10.5,-10.0,149.36595706069178
48612,-10.5,-9.5,149.78071792662232
48613,-10.5,-9.0,147.97514691924704
48614,-10.5,-8.5,149.3047605586533
48615,-10.5,-8.0,153.06934330514915
48616,-10.5,-7.5,152.50355068394632
48617,-10.5,-7.0,147.5774610395846
48618,-10.5,-6.5,149.73758575871722
48619,-10.5,-6.0,149.74142609778877
48620,-10.5,-5.5,152.79574325761752
48621,-10.5,-5.0,151.49108250437286
48622,-10.5,-4.5,154.0071407354474
48623,-10.5,-4.0,147.77668643150494
48624,-10.5,-3.5,151.45512218874742
48625,-10.5,-3.0,149.13925936193252
48626,-10.5,-2.5,149.32056141623494
48627,-10.5,-2.0,149.5915186219558
48628,-10.5,-1.5,150.5893783625868
48629,-10.5,-1.0,150.96179265457326
48630,-10.5,-0.5,153.6839516517268
48631,-10.5,0.0,154.40267181724798
48632,-10.5,1.0,151.05852273240697
48633,-10.5,1.5,150.90268198095717
48634,-10.5,2.0,152.72338178836122
48635,-10.5,2.5,150.39214524929096
48636,-10.5,4.0,154.13686186993408
48637,-10.5,4.5,147.84144938163104
48638,-10.5,5.5,147.59422389305755
48639,-10.5,6.0,148.02554252636997
48640,-10.5,6.5,148.78272562009735
48641,-10.5,7.0,147.6123468315291
48642,-10.5,7.5,148.3705031251373
48643,-10.5,8.0,147.53109871118787
48644,-10.5,8.5,149.6163670683707
48645,-10.5,9.0,146.7457029743972
48646,-10.5,9.5,147.2312059753451
48647,-10.5,10.5,149.5570029472693
48648,-10.5,11.0,151.93932746982523
48649,-10.5,11.5,154.50023812293108
48650,-10.5,12.0,156.8176057968883
48651,-10.5,12.5,151.51569630450433
48652,-10.5,13.0,153.03969272020066
48653,-10.5,13.5,151.85547456758403
48654,-10.5,14.0,154.93175044290444
48655,-10.5,14.5,153.386235642356
48656,-10.5,15.0,154.7900339847724
48657,-10.5,15.5,153.1159150257592
48658,-10.5,16.0,153.13413400535347
48659,-10.5,16.5,155.2265308204277
48660,-10.5,17.0,153.1323743090413
48661,-10.5,17.5,152.31588009972134
48662,-10.5,18.5,153.69119142173795
48663,-10.5,19.0,149.328042255471
48664,-10.5,19.5,147.6111901754761
48665,-10.5,20.0,154.2158832843655
48666,-10.5,20.5,153.456279827643
48667,-10.5,21.0,153.8177849205236
48668,-10.5,21.5,154.26471533137357
48669,-10.5,22.0,152.3340851871978
48670,-10.5,22.5,154.3727383941969
48671,-10.5,23.0,158.7761232161321
48672,-10.5,23.5,159.45565993802433
48673,-10.5,24.0,157.28781502099753
48674,-10.5,24.5,162.13853341695128
48675,-10.5,25.0,161.07526330043584
48676,-10.5,25.5,159.46504853742874
48677,-10.5,26.0,161.148046507359
48678,-10.5,26.5,158.1556074185969
48679,-10.5,27.0,155.36801254787892
48680,-10.5,27.5,149.05264453649372
48681,-10.5,28.0,157.49153310671343
48682,-10.5,28.5,153.18504870052587
48683,-10.5,29.0,154.7071182106309
48684,-10.5,29.5,152.17651682677072
48685,-10.5,30.0,153.73539888139246
48686,-10.5,30.5,154.0767765610716
48687,-10.5,31.0,150.0377699642554
48688,-10.5,31.5,152.70928357867146
48689,-10.5,32.0,161.1009211111104
48690,-10.5,32.5,149.09408140417958
48691,-10.5,33.0,153.30659431615027
48692,-10.5,33.5,158.19695634249607
48693,-10.5,34.0,154.2241850482072
48694,-10.5,34.5,156.5207941704575
48695,-10.5,35.0,157.36875734036158
48696,-10.5,35.5,160.16812046237632
48697,-10.5,36.0,161.99658473024837
48698,-10.5,36.5,163.89998477999075
48699,-10.5,37.0,158.73373592677058
48700,-10.5,37.5,157.92231810321346
48701,-10.5,38.0,161.86849611653267
48702,-10.5,38.5,164.9415563594878
48703,-10.0,-37.0,151.61101079367353
48704,-10.0,-36.5,153.4995545431974
48705,-10.0,-36.0,149.42624741687092
48706,-10.0,-35.5,147.81827466180772
48707,-10.0,-35.0,148.26310179236623
48708,-10.0,-34.5,150.72420248530824
48709,-10.0,-34.0,148.25471841027755
48710,-10.0,-33.5,148.94501864644565
48711,-10.0,-33.0,150.81341376195005
48712,-10.0,-32.5,157.13319997346775
48713,-10.0,-32.0,159.47004938367198
48714,-10.0,-31.5,157.67656786416933
48715,-10.0,-31.0,156.3780974068304
48716,-10.0,-30.5,153.32912577494386
48717,-10.0,-30.0,150.99958966700558
48718,-10.0,-29.5,150.888545165162
48719,-10.0,-29.0,148.34072273514704
48720,-10.0,-28.5,150.70473256156959
48721,-10.0,-28.0,148.79123449909707
48722,-10.0,-27.5,149.13283986920567
48723,-10.0,-27.0,151.19864878344228
48724,-10.0,-26.5,149.8685417128586
48725,-10.0,-26.0,150.21689669252964
48726,-10.0,-25.5,149.24409990877425
48727,-10.0,-25.0,152.47957396232087
48728,-10.0,-24.5,149.926029635898
48729,-10.0,-24.0,150.41037597900024
48730,-10.0,-23.5,147.89767075505588
48731,-10.0,-23.0,147.74056213991452
48732,-10.0,-22.5,148.03803842854643
48733,-10.0,-22.0,148.42987185527105
48734,-10.0,-21.5,148.86804079669824
48735,-10.0,-21.0,152.56000639134828
48736,-10.0,-20.5,148.99010544712127
48737,-10.0,-20.0,171.48663138318517
48738,-10.0,-19.0,150.63090134570993
48739,-10.0,-18.5,155.83392527799163
48740,-10.0,-18.0,147.74440390829022
48741,-10.0,-17.5,152.56386640936907
48742,-10.0,-17.0,149.5804196870078
48743,-10.0,-16.5,149.27081370511144
48744,-10.0,-16.0,149.31393490643777
48745,-10.0,-15.5,149.4494900524644
48746,-10.0,-15.0,149.47257527980116
48747,-10.0,-14.5,149.67629926758863
48748,-10.0,-14.0,148.73914978997044
48749,-10.0,-13.5,152.43207390065183
48750,-10.0,-13.0,152.17869462884414
48751,-10.0,-12.5,153.9970439798594
48752,-10.0,-12.0,149.07797888354725
48753,-10.0,-11.5,153.96471213677455
48754,-10.0,-11.0,147.2334037244128
48755,-10.0,-10.0,149.66325856669434
48756,-10.0,-9.5,148.20880867421602
48757,-10.0,-9.0,149.4506643160241
48758,-10.0,-8.5,151.21372634598222
48759,-10.0,-8.0,153.12509224340087
48760,-10.0,-7.5,147.7883508553829
48761,-10.0,-7.0,150.09571362107542
48762,-10.0,-6.5,150.1638059445306
48763,-10.0,-6.0,150.10588088058307
48764,-10.0,-5.5,150.58251437159385
48765,-10.0,-5.0,154.29644852959896
48766,-10.0,-4.5,148.96653869092523
48767,-10.0,-4.0,151.9760030082828
48768,-10.0,-3.5,152.08373515468398
48769,-10.0,-3.0,148.79413511671
48770,-10.0,-2.5,148.63924865079971
48771,-10.0,-2.0,150.1140275242883
48772,-10.0,-1.5,150.8991684921593
48773,-10.0,-1.0,150.9819488032441
48774,-10.0,-0.5,151.2277419554844
48775,-10.0,0.0,161.91404857129444
48776,-10.0,0.5,152.1746080673707
48777,-10.0,1.0,151.04960669629574
48778,-10.0,1.5,151.11493729713678
48779,-10.0,2.0,150.42748491589168
48780,-10.0,2.5,150.43134137374017
48781,-10.0,4.5,147.98309146003444
48782,-10.0,5.0,148.31040258647124
48783,-10.0,6.0,146.89311055192113
48784,-10.0,6.5,147.71218038926966
48785,-10.0,7.0,150.0538521445838
48786,-10.0,7.5,148.72741301517686
48787,-10.0,8.5,149.02428733617612
48788,-10.0,9.0,148.7305163167412
48789,-10.0,9.5,147.42186056990576
48790,-10.0,10.0,147.9392943194907
48791,-10.0,10.5,158.70957871041338
48792,-10.0,11.0,154.7999861869059
48793,-10.0,11.5,154.29310000829858
48794,-10.0,12.0,151.22717874221658
48795,-10.0,12.5,155.7498527948553
48796,-10.0,13.0,154.08954837283528
48797,-10.0,13.5,157.27915580179953
48798,-10.0,14.0,154.5369245816647
48799,-10.0,14.5,153.1640687999514
48800,-10.0,15.0,156.05607120396715
48801,-10.0,15.5,160.2499491143231
48802,-10.0,16.0,154.1282699215929
48803,-10.0,16.5,156.23782084508503
48804,-10.0,17.0,149.59391032707316
48805,-10.0,17.5,151.16061543069614
48806,-10.0,18.0,153.4499974030692
48807,-10.0,18.5,149.283097017194
48808,-10.0,19.0,150.30331758651369
48809,-10.0,19.5,153.13241037504363
48810,-10.0,20.0,149.70890061450277
48811,-10.0,20.5,155.59778914010542
48812,-10.0,21.0,152.61237867777285
48813,-10.0,21.5,152.87968340863347
48814,-10.0,22.0,152.90098019169966
48815,-10.0,22.5,157.48653821909022
48816,-10.0,23.0,157.47682818889973
48817,-10.0,23.5,159.05177110988512
48818,-10.0,24.0,156.8751687495958
48819,-10.0,24.5,162.72021827338216
48820,-10.0,25.0,158.88475819451804
48821,-10.0,25.5,158.99480737649557
48822,-10.0,26.0,158.89349408874594
48823,-10.0,26.5,159.87165925711798
48824,-10.0,27.0,151.48512654649227
48825,-10.0,27.5,154.2669882640017
48826,-10.0,28.0,162.63545005188996
48827,-10.0,28.5,153.16035292578522
48828,-10.0,29.0,148.721344601701
48829,-10.0,29.5,153.0261228867208
48830,-10.0,30.0,155.72719417935724
48831,-10.0,30.5,156.20221596504172
48832,-10.0,31.0,150.422042164154
48833,-10.0,31.5,159.72578266296088
48834,-10.0,32.0,160.11204000401267
48835,-10.0,32.5,150.7967735347215
48836,-10.0,33.0,151.2343235169593
48837,-10.0,33.5,157.8251091107162
48838,-10.0,34.0,152.7177206609593
48839,-10.0,34.5,152.8845129213862
48840,-10.0,35.0,157.62266261020815
48841,-10.0,35.5,160.75734397068086
48842,-10.0,36.0,163.04812666932395
48843,-10.0,36.5,170.5781421494209
48844,-10.0,37.0,156.69329803588673
48845,-10.0,38.0,162.23451883475568
48846,-10.0,38.5,164.29595671771673
48847,-9.5,-37.0,151.87075225171222
48848,-9.5,-36.5,153.18243567438125
48849,-9.5,-36.0,149.53808668758094
48850,-9.5,-35.5,147.60406077832067
48851,-9.5,-35.0,148.60020952371664
48852,-9.5,-34.5,150.01669469280492
48853,-9.5,-34.0,149.46082466051016
48854,-9.5,-33.5,149.8439628805615
48855,-9.5,-33.0,148.57314189280913
48856,-9.5,-32.5,157.43163467238494
48857,-9.5,-32.0,159.2547301680779
48858,-9.5,-31.5,156.15193813180628
48859,-9.5,-31.0,156.31903094382508
48860,-9.5,-30.5,153.6894750118465
48861,-9.5,-30.0,151.8633013042133
48862,-9.5,-29.5,150.36832969572947
48863,-9.5,-29.0,148.8308579397462
48864,-9.5,-28.5,149.74243809739056
48865,-9.5,-28.0,149.94341791264122
48866,-9.5,-27.5,148.73728984846568
48867,-9.5,-27.0,151.87956368650035
48868,-9.5,-26.5,150.2911547261316
48869,-9.5,-26.0,149.26996009554853
48870,-9.5,-25.5,150.64417810980427
48871,-9.5,-25.0,152.4522036640927
48872,-9.5,-24.5,150.3015687125916
48873,-9.5,-24.0,149.79982567678934
48874,-9.5,-23.5,148.5580484343511
48875,-9.5,-23.0,147.90955745033224
48876,-9.5,-22.5,148.31548384547364
48877,-9.5,-22.0,148.14347540317507
48878,-9.5,-21.5,148.4687645146371
48879,-9.5,-21.0,150.43924343813333
48880,-9.5,-20.5,160.5936427788806
48881,-9.5,-20.0,160.60500866639265
48882,-9.5,-19.5,147.26856329645346
48883,-9.5,-19.0,157.14418689282792
48884,-9.5,-18.5,152.14143848497648
48885,-9.5,-18.0,151.59176520992966
48886,-9.5,-17.5,158.19981320599555
48887,-9.5,-17.0,150.3009168327568
48888,-9.5,-16.5,149.10288724351298
48889,-9.5,-16.0,149.3816266250589
48890,-9.5,-15.5,149.35294971148588
48891,-9.5,-15.0,149.65432815707763
48892,-9.5,-14.5,149.78969054474393
48893,-9.5,-14.0,148.33560295746543
48894,-9.5,-13.5,149.90516940720048
48895,-9.5,-13.0,153.9223881128067
48896,-9.5,-12.5,148.62976197811327
48897,-9.5,-12.0,152.07949361495037
48898,-9.5,-11.5,149.57066596326803
48899,-9.5,-10.5,149.7201955000943
48900,-9.5,-10.0,149.37237605635423
48901,-9.5,-9.5,147.923390840209
48902,-9.5,-9.0,149.98386687153604
48903,-9.5,-8.5,153.34307493077918
48904,-9.5,-8.0,147.7446443213504
48905,-9.5,-7.5,148.79660569004142
48906,-9.5,-7.0,150.21216923827924
48907,-9.5,-6.5,150.42623245208495
48908,-9.5,-6.0,151.09560309588932
48909,-9.5,-5.5,152.21025051964878
48910,-9.5,-5.0,150.0350648902397
48911,-9.5,-4.5,149.34077816492666
48912,-9.5,-4.0,150.6030216719796
48913,-9.5,-2.5,149.3149536418489
48914,-9.5,-2.0,152.85614848760207
48915,-9.5,-1.5,150.01822169759356
48916,-9.5,-1.0,150.8533200860182
48917,-9.5,0.5,150.78982073367652
48918,-9.5,1.0,151.52675200776963
48919,-9.5,1.5,151.91287915275183
48920,-9.5,2.0,150.1008440129264
48921,-9.5,4.5,148.4998386969337
48922,-9.5,5.0,148.96261252017152
48923,-9.5,5.5,147.84157129750872
48924,-9.5,6.5,150.17089135517185
48925,-9.5,7.0,149.65433975878466
48926,-9.5,7.5,144.62780148437918
48927,-9.5,8.5,151.5226722090346
48928,-9.5,9.0,144.61157149368412
48929,-9.5,9.5,146.42156107339224
48930,-9.5,10.0,151.2485200659714
48931,-9.5,10.5,156.0621940223602
48932,-9.5,11.0,156.37357087510674
48933,-9.5,11.5,152.78674408022505
48934,-9.5,12.0,151.84336153554014
48935,-9.5,12.5,155.92555203167612
48936,-9.5,13.0,160.5049118778741
48937,-9.5,13.5,154.76026470680247
48938,-9.5,14.0,153.0771389781651
48939,-9.5,14.5,151.6830654813515
48940,-9.5,15.0,158.09809628104972
48941,-9.5,15.5,160.0468214313897
48942,-9.5,16.5,152.04553930836178
48943,-9.5,17.0,148.77104487910773
48944,-9.5,17.5,150.15876732697774
48945,-9.5,18.0,152.2526554298003
48946,-9.5,18.5,149.7051823289264
48947,-9.5,19.0,154.5945495167529
48948,-9.5,19.5,153.57435234319374
48949,-9.5,20.0,152.44673989740562
48950,-9.5,20.5,150.98516104662082
48951,-9.5,21.0,149.44844242151785
48952,-9.5,21.5,155.6178758969796
48953,-9.5,22.0,154.5259721526724
48954,-9.5,22.5,157.5017928095163
48955,-9.5,23.0,160.42159370220097
48956,-9.5,23.5,158.13911935329395
48957,-9.5,24.0,159.15762123535018
48958,-9.5,24.5,160.20535181511679
48959,-9.5,25.0,159.23538045555077
48960,-9.5,25.5,160.06477603123255
48961,-9.5,26.0,158.43855638204116
48962,-9.5,26.5,159.87346014858616
48963,-9.5,27.0,154.54196328495428
48964,-9.5,27.5,157.55977890534402
48965,-9.5,28.0,151.20035741493356
48966,-9.5,28.5,153.59240329744557
48967,-9.5,29.0,148.0156328227835
48968,-9.5,29.5,153.8274780606825
48969,-9.5,30.0,152.47903935772618
48970,-9.5,30.5,156.52839920225486
48971,-9.5,31.0,147.61042284050865
48972,-9.5,31.5,158.7988539482781
48973,-9.5,32.0,160.0216479342248
48974,-9.5,32.5,154.22171010842408
48975,-9.5,33.0,151.41966835895303
48976,-9.5,33.5,154.8956454963343
48977,-9.5,34.0,150.04504835808325
48978,-9.5,34.5,152.87537762347583
48979,-9.5,35.0,155.99473504854117
48980,-9.5,35.5,160.7710401413745
48981,-9.5,36.0,165.1182601019198
48982,-9.5,36.5,156.01328617098608
48983,-9.5,37.0,154.17748332429812
48984,-9.5,38.0,160.45858656667127
48985,-9.5,38.5,163.81746417385756
48986,-9.0,-37.5,152.2076427889118
48987,-9.0,-37.0,151.95711944252946
48988,-9.0,-36.5,152.64648515168656
48989,-9.0,-36.0,148.87570281358654
48990,-9.0,-35.5,147.70441957425857
48991,-9.0,-35.0,150.40241741158357
48992,-9.0,-34.5,149.38265328027728
48993,-9.0,-34.0,151.54199408414593
48994,-9.0,-33.5,150.78618912953857
48995,-9.0,-33.0,148.88604214204574
48996,-9.0,-32.5,157.7109966291095
48997,-9.0,-32.0,158.77513747684756
48998,-9.0,-31.5,157.19164054873423
48999,-9.0,-31.0,157.3065623996799
49000,-9.0,-30.5,154.03940150124802
49001,-9.0,-30.0,151.45672701933037
49002,-9.0,-29.5,149.74334223138277
49003,-9.0,-29.0,149.2281947779224
49004,-9.0,-28.5,149.39560378598586
49005,-9.0,-28.0,149.60977319909335
49006,-9.0,-27.5,148.69235443426143
49007,-9.0,-27.0,151.0417497873578
49008,-9.0,-26.5,149.67150720686593
49009,-9.0,-26.0,150.31091199319656
49010,-9.0,-25.5,150.81773303044167
49011,-9.0,-25.0,149.510054094908
49012,-9.0,-24.5,151.6017238315034
49013,-9.0,-24.0,149.80831109328986
49014,-9.0,-23.5,149.01371842706143
49015,-9.0,-23.0,148.1661246598882
49016,-9.0,-22.5,147.6464891036984
49017,-9.0,-22.0,148.02142547899228
49018,-9.0,-21.5,147.12761304729167
49019,-9.0,-21.0,150.71814960238316
49020,-9.0,-20.5,165.19957426727
49021,-9.0,-20.0,149.1274624247588
49022,-9.0,-19.5,147.2559615511728
49023,-9.0,-19.0,160.41191129510213
49024,-9.0,-18.5,148.84357121373193
49025,-9.0,-18.0,158.24074090341944
49026,-9.0,-17.5,147.38693735150872
49027,-9.0,-17.0,150.218403360825
49028,-9.0,-16.5,149.12756777333675
49029,-9.0,-16.0,149.46270544893576
49030,-9.0,-15.5,150.35057741784982
49031,-9.0,-15.0,149.42448875285157
49032,-9.0,-14.5,148.8524754571606
49033,-9.0,-14.0,150.75148989901152
49034,-9.0,-13.5,148.57053208670553
49035,-9.0,-13.0,150.52784949467252
49036,-9.0,-12.5,152.63703370945268
49037,-9.0,-12.0,149.47950369781537
49038,-9.0,-11.5,150.07222865463874
49039,-9.0,-11.0,148.9235327894642
49040,-9.0,-10.5,150.40147716859522
49041,-9.0,-10.0,148.3318809679303
49042,-9.0,-9.5,150.32691433691016
49043,-9.0,-9.0,154.1437830061211
49044,-9.0,-8.5,150.91072193064812
49045,-9.0,-8.0,148.46994474319007
49046,-9.0,-7.5,149.83271064049472
49047,-9.0,-6.5,150.95937368217508
49048,-9.0,-6.0,152.74445244806827
49049,-9.0,-5.5,151.19580238447455
49050,-9.0,-5.0,149.3186458438525
49051,-9.0,-4.5,151.54521885636746
49052,-9.0,-4.0,149.35861496016832
49053,-9.0,-3.5,149.2755799237386
49054,-9.0,-3.0,150.02206490818463
49055,-9.0,-2.5,149.98215664761196
49056,-9.0,-2.0,151.18495137075254
49057,-9.0,-1.5,152.04593607705456
49058,-9.0,-1.0,149.57430860827137
49059,-9.0,0.0,150.3677594377985
49060,-9.0,0.5,151.0428963622772
49061,-9.0,1.0,152.42558948158083
49062,-9.0,1.5,150.48748044630906
49063,-9.0,2.0,149.84294951922334
49064,-9.0,2.5,149.84053373644025
49065,-9.0,5.0,148.5964531383797
49066,-9.0,5.5,147.1894010521061
49067,-9.0,6.0,145.66819798031722
49068,-9.0,6.5,148.5738300475688
49069,-9.0,7.0,151.41891841011503
49070,-9.0,7.5,152.12294286574212
49071,-9.0,8.0,151.58169815487133
49072,-9.0,8.5,152.10620021747414
49073,-9.0,9.5,148.15653863097202
49074,-9.0,10.0,154.62745923192142
49075,-9.0,10.5,155.61478173947341
49076,-9.0,11.0,156.3443189743876
49077,-9.0,11.5,155.3530405843179
49078,-9.0,12.0,150.95019681568655
49079,-9.0,12.5,153.04967426348605
49080,-9.0,13.0,156.9323862129419
49081,-9.0,13.5,155.53966549163988
49082,-9.0,14.0,156.17577860018457
49083,-9.0,14.5,156.12346501589758
49084,-9.0,15.0,158.95781328313217
49085,-9.0,15.5,157.18769803143624
49086,-9.0,16.0,160.9004501478473
49087,-9.0,16.5,153.8395630138131
49088,-9.0,17.0,149.8037390493851
49089,-9.0,17.5,149.0742506760022
49090,-9.0,18.0,146.79981598714605
49091,-9.0,18.5,154.41788094723756
49092,-9.0,19.0,154.00403307206687
49093,-9.0,19.5,152.6128066504881
49094,-9.0,20.0,153.2804982625181
49095,-9.0,20.5,147.58878748515986
49096,-9.0,21.0,156.64249506506252
49097,-9.0,21.5,158.66243429645027
49098,-9.0,22.0,155.53471019946713
49099,-9.0,22.5,162.5707114900019
49100,-9.0,23.0,159.69218159742556
49101,-9.0,23.5,158.2300644652171
49102,-9.0,24.0,160.92847454269622
49103,-9.0,24.5,158.4389028266403
49104,-9.0,25.0,158.50701413425136
49105,-9.0,25.5,158.626015175532
49106,-9.0,26.0,160.50454348478806
49107,-9.0,26.5,160.42757056459408
49108,-9.0,27.0,154.9130008044327
49109,-9.0,27.5,158.28041237030007
49110,-9.0,28.0,155.75787647842333
49111,-9.0,28.5,155.50460386492483
49112,-9.0,29.0,149.13240920123746
49113,-9.0,29.5,153.44841435243592
49114,-9.0,30.0,151.1258283291803
49115,-9.0,30.5,154.27114973842973
49116,-9.0,31.0,144.47578108933212
49117,-9.0,31.5,156.99889409506864
49118,-9.0,32.0,151.60610036768117
49119,-9.0,32.5,156.4949697553702
49120,-9.0,33.0,154.01135434136987
49121,-9.0,33.5,154.74182121519559
49122,-9.0,34.0,150.71972706119365
49123,-9.0,34.5,152.50201625072856
49124,-9.0,35.0,155.535739945514
49125,-9.0,35.5,159.24966000429185
49126,-9.0,36.0,163.5591150868796
49127,-9.0,36.5,153.30794224036873
49128,-9.0,37.0,154.41275968510894
49129,-9.0,38.0,158.20679519652583
49130,-9.0,38.5,162.7892178424994
49131,-9.0,40.0,176.76636954413706
49132,-8.5,-37.5,152.54757566373854
49133,-8.5,-36.5,150.87321839278178
49134,-8.5,-36.0,149.88321830363412
49135,-8.5,-35.5,147.4398060723663
49136,-8.5,-35.0,148.31223941101698
49137,-8.5,-34.5,149.19379915651714
49138,-8.5,-34.0,151.73473489441412
49139,-8.5,-33.5,151.77160009213344
49140,-8.5,-33.0,148.8864255894105
49141,-8.5,-32.0,157.00884035391462
49142,-8.5,-31.5,157.3976904275889
49143,-8.5,-31.0,155.9354415765803
49144,-8.5,-30.5,153.89309643122255
49145,-8.5,-30.0,150.46038580310903
49146,-8.5,-29.5,149.65608009306146
49147,-8.5,-29.0,149.26863980681932
49148,-8.5,-28.5,148.6196147564081
49149,-8.5,-28.0,149.81239390203154
49150,-8.5,-27.5,149.31802421971608
49151,-8.5,-27.0,150.34358059649344
49152,-8.5,-26.5,152.0300684217769
49153,-8.5,-26.0,151.3254144209759
49154,-8.5,-25.5,150.01729352364782
49155,-8.5,-25.0,148.84223222461185
49156,-8.5,-24.5,150.2681371298666
49157,-8.5,-24.0,150.65884380689232
49158,-8.5,-23.5,149.11716316644123
49159,-8.5,-23.0,148.30849193106212
49160,-8.5,-22.5,148.04920592576377
49161,-8.5,-22.0,147.2523892204879
49162,-8.5,-21.5,147.21423092449908
49163,-8.5,-21.0,161.70238342230442
49164,-8.5,-20.5,149.34190871261794
49165,-8.5,-20.0,152.3563890582492
49166,-8.5,-19.5,160.3194562540019
49167,-8.5,-19.0,148.8550398614334
49168,-8.5,-18.5,154.43940429665582
49169,-8.5,-18.0,154.25713668423106
49170,-8.5,-17.5,149.06670672383024
49171,-8.5,-17.0,148.61815588359238
49172,-8.5,-16.5,150.53182292335546
49173,-8.5,-16.0,149.86941473890454
49174,-8.5,-15.5,149.67087914234648
49175,-8.5,-15.0,149.754152448354
49176,-8.5,-14.5,149.7253588044452
49177,-8.5,-14.0,149.70015129497727
49178,-8.5,-13.5,149.6677487897234
49179,-8.5,-13.0,148.0742283070816
49180,-8.5,-12.5,153.14522195744124
49181,-8.5,-12.0,148.09004298932433
49182,-8.5,-11.5,150.48526516303093
49183,-8.5,-11.0,150.72239920389148
49184,-8.5,-10.5,149.10236253325778
49185,-8.5,-10.0,150.94924486617
49186,-8.5,-9.5,152.85541651641924
49187,-8.5,-9.0,151.26878883322573
49188,-8.5,-8.5,148.07834773811072
49189,-8.5,-8.0,150.23566967209328
49190,-8.5,-7.0,152.2009667306357
49191,-8.5,-6.5,151.89076071275574
49192,-8.5,-6.0,151.31461832602636
49193,-8.5,-5.5,148.3449379119405
49194,-8.5,-5.0,151.11374994928616
49195,-8.5,-4.5,150.52870096045655
49196,-8.5,-3.5,149.15329020487312
49197,-8.5,-3.0,150.00320032981236
49198,-8.5,-2.5,150.7182008923484
49199,-8.5,-2.0,150.73410033214677
49200,-8.5,-1.5,155.36558376504632
49201,-8.5,-1.0,149.47073232838875
49202,-8.5,-0.5,149.48459744258057
49203,-8.5,0.0,150.7134858711949
49204,-8.5,0.5,151.22811193881856
49205,-8.5,1.0,150.54671713451074
49206,-8.5,2.5,149.71740082082883
49207,-8.5,3.0,149.77559509337127
49208,-8.5,5.5,144.05571071353003
49209,-8.5,6.0,146.73407662772382
49210,-8.5,6.5,149.108030167061
49211,-8.5,7.0,150.04524325323192
49212,-8.5,7.5,149.032279711538
49213,-8.5,8.0,150.33148969024495
49214,-8.5,8.5,146.97282999834272
49215,-8.5,9.5,154.1692579094871
49216,-8.5,10.0,152.42381706328547
49217,-8.5,10.5,157.15639396068698
49218,-8.5,11.0,154.54579533784522
49219,-8.5,11.5,158.62913557689868
49220,-8.5,12.0,152.03960385310708
49221,-8.5,12.5,152.92030625458435
49222,-8.5,13.0,152.81053625222827
49223,-8.5,13.5,164.40620942925173
49224,-8.5,14.0,154.61814402200054
49225,-8.5,14.5,155.6252768757223
49226,-8.5,15.0,151.87603958575258
49227,-8.5,15.5,153.72944474666355
49228,-8.5,16.0,155.38719574771778
49229,-8.5,16.5,155.9464080427522
49230,-8.5,17.0,150.8824636435212
49231,-8.5,17.5,146.0136226982493
49232,-8.5,18.0,146.25193010528307
49233,-8.5,18.5,154.75254921451898
49234,-8.5,19.0,152.0203579991867
49235,-8.5,19.5,155.1291707209985
49236,-8.5,20.0,150.85631422006003
49237,-8.5,20.5,148.81752029937795
49238,-8.5,21.0,161.07074646203176
49239,-8.5,21.5,152.56528424752918
49240,-8.5,22.0,158.16696338822746
49241,-8.5,22.5,160.06239626097405
49242,-8.5,23.0,157.43255785913212
49243,-8.5,23.5,159.80658598683416
49244,-8.5,24.0,158.7504256813492
49245,-8.5,24.5,158.39823205165422
49246,-8.5,25.0,157.80180431776733
49247,-8.5,25.5,160.10796651697228
49248,-8.5,26.0,160.10291534080991
49249,-8.5,26.5,154.1540271824371
49250,-8.5,27.0,156.24000576614057
49251,-8.5,27.5,159.30904965296932
49252,-8.5,28.0,155.6398627741716
49253,-8.5,28.5,157.0090337014319
49254,-8.5,29.0,154.123192827769
49255,-8.5,29.5,153.39645800730094
49256,-8.5,30.0,150.80510572318076
49257,-8.5,30.5,150.31331673726694
49258,-8.5,31.0,150.78206937353337
49259,-8.5,31.5,157.97367961087096
49260,-8.5,32.0,149.74999185583593
49261,-8.5,32.5,157.36440680736717
49262,-8.5,33.0,155.14374658348567
49263,-8.5,33.5,155.32911008691292
49264,-8.5,34.0,149.1211870477992
49265,-8.5,34.5,152.45156638468302
49266,-8.5,35.0,151.47891457060166
49267,-8.5,35.5,159.21828366646193
49268,-8.5,36.0,158.01502310751786
49269,-8.5,36.5,150.06346229767775
49270,-8.5,37.0,155.83453392746767
49271,-8.5,38.0,158.25721441021508
49272,-8.5,38.5,159.21964663038406
49273,-8.5,40.0,176.91961924305744
49274,-8.0,-37.5,152.8691648575335
49275,-8.0,-36.5,151.96178114824878
49276,-8.0,-36.0,150.01247700852653
49277,-8.0,-35.5,147.1965887294132
49278,-8.0,-35.0,148.3885264849097
49279,-8.0,-34.5,149.10263884975777
49280,-8.0,-34.0,151.53077345799164
49281,-8.0,-33.5,151.46161777043216
49282,-8.0,-33.0,148.93976312011304
49283,-8.0,-32.0,153.93924646569388
49284,-8.0,-31.5,157.39337395764585
49285,-8.0,-31.0,155.41194007615948
49286,-8.0,-30.5,153.16691570378703
49287,-8.0,-30.0,150.35133402140337
49288,-8.0,-29.5,151.52274896084904
49289,-8.0,-29.0,149.73296504031862
49290,-8.0,-28.5,149.2519313366322
49291,-8.0,-28.0,149.23692945787198
49292,-8.0,-27.5,150.6928197051401
49293,-8.0,-27.0,148.79708855298796
49294,-8.0,-26.5,151.81485136018674
49295,-8.0,-26.0,151.8695592909122
49296,-8.0,-25.5,149.79888241959617
49297,-8.0,-25.0,150.17019368408663
49298,-8.0,-24.5,149.1228816651399
49299,-8.0,-24.0,150.35049369225018
49300,-8.0,-23.5,149.79425385623762
49301,-8.0,-23.0,150.21616556120551
49302,-8.0,-22.5,148.1793766611776
49303,-8.0,-22.0,147.50125002452398
49304,-8.0,-21.5,153.72050665798022
49305,-8.0,-21.0,169.95858676983033
49306,-8.0,-20.5,149.50606259629924
49307,-8.0,-20.0,154.4743187400752
49308,-8.0,-19.5,155.02933557528388
49309,-8.0,-19.0,148.00682516457454
49310,-8.0,-18.5,157.7329438713445
49311,-8.0,-18.0,159.54152989847063
49312,-8.0,-17.5,149.8462745244835
49313,-8.0,-17.0,147.75157554040797
49314,-8.0,-16.5,150.30037667008057
49315,-8.0,-16.0,150.60101992407525
49316,-8.0,-15.5,149.57396324677043
49317,-8.0,-15.0,150.0040639060129
49318,-8.0,-14.5,149.44078492200032
49319,-8.0,-14.0,150.2471555797273
49320,-8.0,-13.5,148.76067308471733
49321,-8.0,-13.0,153.2393289742865
49322,-8.0,-12.5,148.73187477006724
49323,-8.0,-12.0,154.79074929990503
49324,-8.0,-11.5,149.6454666680633
49325,-8.0,-11.0,150.52629409685142
49326,-8.0,-10.5,151.30825312268183
49327,-8.0,-10.0,154.94907183380772
49328,-8.0,-9.5,152.42578971453202
49329,-8.0,-9.0,148.4939880778588
49330,-8.0,-8.5,150.1539027786769
49331,-8.0,-8.0,150.37388547597251
49332,-8.0,-7.5,156.1989320877821
49333,-8.0,-7.0,151.98403893023277
49334,-8.0,-6.5,153.24407190603978
49335,-8.0,-6.0,148.44195770155835
49336,-8.0,-5.5,150.31369942083873
49337,-8.0,-5.0,149.52601494381062
49338,-8.0,-4.5,150.30680492462116
49339,-8.0,-4.0,150.0964158980081
49340,-8.0,-3.5,149.84782465271542
49341,-8.0,-3.0,149.8902334490907
49342,-8.0,-2.5,150.69855440099553
49343,-8.0,-2.0,150.82310907214196
49344,-8.0,-1.5,151.8242942968939
49345,-8.0,-0.5,149.85493135711687
49346,-8.0,0.0,154.33968522550182
49347,-8.0,0.5,150.40207781308882
49348,-8.0,1.0,161.113764220451
49349,-8.0,1.5,163.94778094372754
49350,-8.0,3.0,149.94025879997017
49351,-8.0,5.5,146.67773441835664
49352,-8.0,6.0,145.43510163029552
49353,-8.0,6.5,149.58917824983837
49354,-8.0,7.0,152.3354702954653
49355,-8.0,7.5,147.47777232016387
49356,-8.0,8.5,146.86920694511298
49357,-8.0,9.0,154.19356055920045
49358,-8.0,9.5,152.06493476116069
49359,-8.0,10.0,154.3521432119898
49360,-8.0,10.5,155.58899041492532
49361,-8.0,11.0,155.07796866900284
49362,-8.0,11.5,163.88834983906565
49363,-8.0,12.0,156.68035712758436
49364,-8.0,12.5,154.95239661608463
49365,-8.0,13.0,154.55257002078272
49366,-8.0,13.5,154.41931980209313
49367,-8.0,14.0,154.0966605059796
49368,-8.0,14.5,157.3804417129058
49369,-8.0,15.0,151.6352067700813
49370,-8.0,15.5,155.8278851592768
49371,-8.0,16.0,152.9367293606191
49372,-8.0,16.5,157.9990474708399
49373,-8.0,17.0,159.63180511967747
49374,-8.0,17.5,146.29455405243493
49375,-8.0,18.0,153.8635511951907
49376,-8.0,18.5,149.22478245084125
49377,-8.0,19.0,155.15088397497217
49378,-8.0,19.5,155.35837149589324
49379,-8.0,20.0,148.6383579249082
49380,-8.0,20.5,150.63512045088822
49381,-8.0,21.0,158.78183617865614
49382,-8.0,21.5,156.15616762415672
49383,-8.0,22.0,161.02351658678117
49384,-8.0,22.5,156.7740056904505
49385,-8.0,23.0,156.67389892447397
49386,-8.0,23.5,162.21034508711367
49387,-8.0,24.0,159.04720069023335
49388,-8.0,24.5,156.20125096183128
49389,-8.0,25.0,156.67758020263724
49390,-8.0,25.5,163.26883184880597
49391,-8.0,26.0,158.22180936216182
49392,-8.0,26.5,153.17418386341106
49393,-8.0,27.0,157.24311365204508
49394,-8.0,27.5,157.888179055956
49395,-8.0,28.0,154.64232432444294
49396,-8.0,28.5,159.03454869404652
49397,-8.0,29.0,152.75276801390532
49398,-8.0,29.5,153.755945055809
49399,-8.0,30.0,152.18182932270935
49400,-8.0,30.5,146.82856807440479
49401,-8.0,31.0,152.4948198481645
49402,-8.0,32.0,152.1943647049787
49403,-8.0,32.5,148.8773300568356
49404,-8.0,33.0,154.70890202073792
49405,-8.0,33.5,155.82966435101824
49406,-8.0,34.5,153.42280282871553
49407,-8.0,35.0,151.49319214090707
49408,-8.0,35.5,156.56544432272963
49409,-8.0,36.0,162.51235494409443
49410,-8.0,36.5,150.17001844229014
49411,-8.0,37.0,155.62620092894701
49412,-8.0,38.5,158.2629420261062
49413,-8.0,40.0,177.13111379400738
49414,-7.5,-37.5,153.22748043048804
49415,-7.5,-36.5,148.91627668946202
49416,-7.5,-36.0,151.5462970938753
49417,-7.5,-35.5,146.98206390552792
49418,-7.5,-35.0,148.33795842166677
49419,-7.5,-34.5,149.73610440677416
49420,-7.5,-34.0,150.30199031864294
49421,-7.5,-33.5,151.44894299945886
49422,-7.5,-33.0,148.32256882861012
49423,-7.5,-32.5,148.90677766096465
49424,-7.5,-32.0,154.6268134156722
49425,-7.5,-31.5,157.43804889137635
49426,-7.5,-31.0,156.39924999198197
49427,-7.5,-30.5,152.7285221604955
49428,-7.5,-30.0,149.8728856204288
49429,-7.5,-29.5,148.5886441691747
49430,-7.5,-29.0,150.4258134476841
49431,-7.5,-28.5,149.97239727113217
49432,-7.5,-28.0,148.61814850189123
49433,-7.5,-27.5,150.67942133114164
49434,-7.5,-27.0,148.39018351429127
49435,-7.5,-26.5,150.03238182776514
49436,-7.5,-26.0,152.50801521619402
49437,-7.5,-25.5,151.60204893555235
49438,-7.5,-25.0,148.00985032168117
49439,-7.5,-24.5,147.05729245861815
49440,-7.5,-24.0,150.89131831401443
49441,-7.5,-23.5,150.4544657928858
49442,-7.5,-23.0,148.77477719492148
49443,-7.5,-22.5,148.71063505450613
49444,-7.5,-22.0,147.79968079909918
49445,-7.5,-21.5,160.01644544000345
49446,-7.5,-21.0,147.35366530313033
49447,-7.5,-20.5,147.03066376909325
49448,-7.5,-20.0,155.45989643957884
49449,-7.5,-19.5,148.07300197593756
49450,-7.5,-19.0,154.07443934299272
49451,-7.5,-18.5,147.69060300220895
49452,-7.5,-18.0,148.72583036993103
49453,-7.5,-17.5,150.59344563749292
49454,-7.5,-17.0,150.54608425774967
49455,-7.5,-16.5,149.99948459180504
49456,-7.5,-16.0,151.18515149757175
49457,-7.5,-15.5,149.97915874674922
49458,-7.5,-15.0,149.76233388294702
49459,-7.5,-14.5,151.23447681244048
49460,-7.5,-14.0,149.2143361929745
49461,-7.5,-13.5,150.62844776940238
49462,-7.5,-13.0,150.42903279693795
49463,-7.5,-12.5,149.09292840560676
49464,-7.5,-12.0,151.30562500321898
49465,-7.5,-11.5,152.03352887811772
49466,-7.5,-11.0,150.28080990591423
49467,-7.5,-10.5,151.4966985774256
49468,-7.5,-10.0,152.76827684198494
49469,-7.5,-9.5,149.16396615944544
49470,-7.5,-9.0,149.19021220038297
49471,-7.5,-8.5,150.8068126797442
49472,-7.5,-8.0,155.9019483444157
49473,-7.5,-7.5,154.0190296084552
49474,-7.5,-7.0,152.74787723519017
49475,-7.5,-6.5,150.2109106440738
49476,-7.5,-6.0,149.9017938667742
49477,-7.5,-5.5,150.05957311367783
49478,-7.5,-5.0,148.83203612113132
49479,-7.5,-4.5,148.80480273391748
49480,-7.5,-4.0,150.0424862530447
49481,-7.5,-3.5,150.46450567568684
49482,-7.5,-3.0,150.30147297070772
49483,-7.5,-2.5,150.7222135949027
49484,-7.5,-1.5,150.35642795033553
49485,-7.5,-1.0,154.4556052393693
49486,-7.5,-0.5,150.75982778856337
49487,-7.5,0.0,149.54223517173847
49488,-7.5,0.5,150.37790965832704
49489,-7.5,1.5,164.25244975014314
49490,-7.5,3.0,150.0653745493698
49491,-7.5,3.5,149.87513086183915
49492,-7.5,5.0,148.0898753469913
49493,-7.5,5.5,149.1571426132581
49494,-7.5,6.0,148.58113224777426
49495,-7.5,6.5,152.76426629112973
49496,-7.5,7.0,151.6396008325502
49497,-7.5,7.5,144.85526253153577
49498,-7.5,8.0,147.20152859914543
49499,-7.5,8.5,150.66709322024684
49500,-7.5,9.0,151.35763136405095
49501,-7.5,9.5,150.2558986122262
49502,-7.5,10.0,152.19916214620687
49503,-7.5,10.5,153.98240685881575
49504,-7.5,11.0,159.52682414969377
49505,-7.5,11.5,154.06591064620653
49506,-7.5,12.0,155.61919368557665
49507,-7.5,12.5,154.32816741609412
49508,-7.5,13.0,155.33589008021477
49509,-7.5,13.5,154.13604210867885
49510,-7.5,14.0,156.8735935426945
49511,-7.5,14.5,154.31932807229745
49512,-7.5,15.0,157.78562606517292
49513,-7.5,15.5,155.06425242832552
49514,-7.5,16.0,157.67158751869346
49515,-7.5,16.5,157.93927666167815
49516,-7.5,17.0,157.0408899391199
49517,-7.5,17.5,150.2823552670926
49518,-7.5,18.0,152.03956817401405
49519,-7.5,18.5,148.04384722289828
49520,-7.5,19.0,154.21014764067652
49521,-7.5,19.5,152.62427315855703
49522,-7.5,20.0,147.5197320063572
49523,-7.5,20.5,157.54694647036393
49524,-7.5,21.0,152.73918290495934
49525,-7.5,21.5,161.299329992614
49526,-7.5,22.0,164.12265207179303
49527,-7.5,22.5,155.94515992193004
49528,-7.5,23.0,159.49317810138447
49529,-7.5,23.5,158.5642276882454
49530,-7.5,24.0,156.0066079199507
49531,-7.5,24.5,156.12233375720749
49532,-7.5,25.0,160.28290270491303
49533,-7.5,25.5,163.03415317788497
49534,-7.5,26.0,155.95797692682774
49535,-7.5,26.5,159.056894073031
49536,-7.5,27.0,156.78173453904256
49537,-7.5,27.5,152.6406079206529
49538,-7.5,28.0,152.16480233324015
49539,-7.5,28.5,156.464215780528
49540,-7.5,29.0,153.36508049752166
49541,-7.5,29.5,154.87740644821295
49542,-7.5,30.0,151.46964756487682
49543,-7.5,30.5,149.25409535066527
49544,-7.5,31.0,149.1493124586869
49545,-7.5,31.5,143.3959661921251
49546,-7.5,32.0,151.80403375081482
49547,-7.5,32.5,149.49376686332764
49548,-7.5,33.0,151.53706881974978
49549,-7.5,33.5,155.31874819828428
49550,-7.5,34.0,153.84468212746833
49551,-7.5,34.5,151.40345893476905
49552,-7.5,35.0,150.6756965542737
49553,-7.5,35.5,155.55206183829006
49554,-7.5,36.0,162.75987028148862
49555,-7.5,36.5,150.34328507883674
49556,-7.5,37.0,156.88386443646502
49557,-7.5,38.5,158.65409451313474
49558,-7.5,40.0,177.29272517685902
49559,-7.0,-37.5,153.7055281611482
49560,-7.0,-36.5,148.15560938794667
49561,-7.0,-36.0,151.91572336226
49562,-7.0,-35.5,147.31269011266485
49563,-7.0,-35.0,148.19826801877073
49564,-7.0,-34.5,149.53804411366536
49565,-7.0,-34.0,149.51164232607238
49566,-7.0,-33.5,151.46563673052444
49567,-7.0,-33.0,148.40403803900475
49568,-7.0,-32.5,148.95457159190306
49569,-7.0,-32.0,154.909788035478
49570,-7.0,-31.5,156.17599847588752
49571,-7.0,-31.0,155.97693506976745
49572,-7.0,-30.5,151.97473618392905
49573,-7.0,-30.0,149.30932564012235
49574,-7.0,-29.5,148.58323183567848
49575,-7.0,-29.0,150.75457921239405
49576,-7.0,-28.5,150.100092705233
49577,-7.0,-28.0,148.1043984516981
49578,-7.0,-27.5,150.38133812344236
49579,-7.0,-27.0,148.632215427254
49580,-7.0,-26.5,149.60806130135072
49581,-7.0,-26.0,149.07943504045818
49582,-7.0,-25.5,151.0300667865889
49583,-7.0,-25.0,147.1966036502282
49584,-7.0,-24.5,147.19441102439748
49585,-7.0,-24.0,149.91973365478847
49586,-7.0,-23.5,149.67438557112152
49587,-7.0,-23.0,150.48458686861815
49588,-7.0,-22.5,149.3905092632061
49589,-7.0,-22.0,156.98049271610978
49590,-7.0,-21.5,156.77257040830523
49591,-7.0,-21.0,147.4222395789449
49592,-7.0,-20.5,157.2741901405575
49593,-7.0,-20.0,150.7921947743585
49594,-7.0,-19.5,150.5884883957163
49595,-7.0,-19.0,154.22424088293874
49596,-7.0,-18.5,149.539332229607
49597,-7.0,-18.0,148.60364753962878
49598,-7.0,-17.0,151.1248021756721
49599,-7.0,-16.5,150.12289904643177
49600,-7.0,-16.0,150.52269215490873
49601,-7.0,-15.5,150.46813275430893
49602,-7.0,-15.0,151.6324676004429
49603,-7.0,-14.5,149.57113226836765
49604,-7.0,-14.0,149.64610215702476
49605,-7.0,-13.5,151.26018695550053
49606,-7.0,-13.0,149.28037168672114
49607,-7.0,-12.5,150.14047452401076
49608,-7.0,-12.0,149.9313061100125
49609,-7.0,-11.5,151.0525712537529
49610,-7.0,-11.0,151.3724103026972
49611,-7.0,-10.5,152.3350702277673
49612,-7.0,-10.0,151.7171146265046
49613,-7.0,-9.5,149.27108750399978
49614,-7.0,-9.0,151.34099008747083
49615,-7.0,-8.5,155.5169360662968
49616,-7.0,-8.0,154.39063331993907
49617,-7.0,-7.5,152.77402593799837
49618,-7.0,-7.0,152.52898043822591
49619,-7.0,-6.5,148.10116587124668
49620,-7.0,-6.0,151.66022836504234
49621,-7.0,-5.5,148.8770577732332
49622,-7.0,-5.0,148.88038492990802
49623,-7.0,-4.5,150.08109163591848
49624,-7.0,-4.0,150.57754545300492
49625,-7.0,-3.5,149.8354288927141
49626,-7.0,-3.0,150.80647853789915
49627,-7.0,-2.5,149.03832986080752
49628,-7.0,-1.5,150.1441761208774
49629,-7.0,-1.0,150.71519907762823
49630,-7.0,-0.5,154.18910068608494
49631,-7.0,0.0,149.83093089359502
49632,-7.0,0.5,148.96791557170093
49633,-7.0,1.5,164.57065236344238
49634,-7.0,3.5,149.85419906671018
49635,-7.0,4.0,149.93179023557317
49636,-7.0,5.0,150.41398429563472
49637,-7.0,6.5,153.39517837192065
49638,-7.0,7.0,151.6525246836951
49639,-7.0,8.0,149.14744747534363
49640,-7.0,8.5,151.4118047939993
49641,-7.0,9.0,148.29059968388185
49642,-7.0,9.5,148.35599842213543
49643,-7.0,10.0,150.70879823995256
49644,-7.0,10.5,156.1253152010551
49645,-7.0,11.0,155.91020300463688
49646,-7.0,11.5,155.98528260186004
49647,-7.0,12.0,154.1685147180944
49648,-7.0,12.5,158.2792873620495
49649,-7.0,13.0,155.61481523893517
49650,-7.0,13.5,160.7109585053739
49651,-7.0,14.0,156.44100131821747
49652,-7.0,14.5,155.32425752269071
49653,-7.0,15.0,156.2775837547563
49654,-7.0,15.5,158.45873959396482
49655,-7.0,16.0,158.18246821345903
49656,-7.0,16.5,151.68382949856294
49657,-7.0,17.0,153.53363239002306
49658,-7.0,17.5,158.65047280953542
49659,-7.0,18.0,147.4190957041829
49660,-7.0,18.5,152.35515783378577
49661,-7.0,19.0,146.33462874727962
49662,-7.0,19.5,149.58464845958218
49663,-7.0,20.0,155.61364404735653
49664,-7.0,20.5,162.67184536185692
49665,-7.0,21.0,155.1861326411655
49666,-7.0,21.5,159.81498554779952
49667,-7.0,22.0,151.9558219189316
49668,-7.0,22.5,160.63278263323102
49669,-7.0,23.0,161.26570610785234
49670,-7.0,23.5,158.34990797205413
49671,-7.0,24.0,157.2863081356191
49672,-7.0,24.5,156.33143245784686
49673,-7.0,25.0,162.07804602300442
49674,-7.0,25.5,160.57227564511328
49675,-7.0,26.0,155.61846537387243
49676,-7.0,26.5,160.80790769747384
49677,-7.0,27.0,155.3535449066344
49678,-7.0,27.5,152.04301643407828
49679,-7.0,28.0,150.85953258925457
49680,-7.0,28.5,153.12271002222218
49681,-7.0,29.0,155.27215183512845
49682,-7.0,29.5,155.08727556609458
49683,-7.0,30.0,152.05040916455897
49684,-7.0,30.5,149.14854932782157
49685,-7.0,31.0,154.25623593796388
49686,-7.0,31.5,148.36484756857254
49687,-7.0,32.0,153.61513258608758
49688,-7.0,32.5,153.64745666926373
49689,-7.0,33.0,156.12312093709252
49690,-7.0,34.0,154.26548502154543
49691,-7.0,34.5,151.78137320558645
49692,-7.0,35.0,152.95260901889156
49693,-7.0,35.5,156.32996453879235
49694,-7.0,36.0,158.3879252414354
49695,-7.0,36.5,152.68291731791948
49696,-7.0,37.0,154.4173140204359
49697,-7.0,38.5,158.63582926539232
49698,-7.0,39.0,158.97080238471654
49699,-6.5,-37.5,154.18017003607966
49700,-6.5,-36.5,148.26891153932985
49701,-6.5,-36.0,151.30890134097015
49702,-6.5,-35.5,147.53524655506172
49703,-6.5,-35.0,148.028018432809
49704,-6.5,-34.5,149.87112159610157
49705,-6.5,-34.0,148.21552565685425
49706,-6.5,-33.5,152.04163581957937
49707,-6.5,-33.0,148.30021301599814
49708,-6.5,-32.5,149.1136154092743
49709,-6.5,-32.0,154.33640121341665
49710,-6.5,-31.5,154.5536997077012
49711,-6.5,-31.0,154.38545723368284
49712,-6.5,-30.5,152.30059840176335
49713,-6.5,-30.0,148.8079543227147
49714,-6.5,-29.5,148.56912210275718
49715,-6.5,-29.0,148.98391602286398
49716,-6.5,-28.5,149.64226332940254
49717,-6.5,-28.0,148.70952197969365
49718,-6.5,-27.5,149.6258921171698
49719,-6.5,-27.0,149.6155663570869
49720,-6.5,-26.5,146.30376353336004
49721,-6.5,-26.0,149.3931847263941
49722,-6.5,-25.5,147.59922905678218
49723,-6.5,-25.0,147.76372396628014
49724,-6.5,-24.5,147.04527211501173
49725,-6.5,-24.0,149.05913517288528
49726,-6.5,-23.5,150.15380461365268
49727,-6.5,-23.0,150.40150964752607
49728,-6.5,-22.5,149.0639269990268
49729,-6.5,-22.0,158.8716023746171
49730,-6.5,-21.5,148.0225361211929
49731,-6.5,-21.0,147.3613185595128
49732,-6.5,-20.5,156.2910793332389
49733,-6.5,-20.0,147.74224388580666
49734,-6.5,-19.5,152.99003118762235
49735,-6.5,-19.0,149.45533092863772
49736,-6.5,-18.5,148.9996498685065
49737,-6.5,-18.0,148.47131720898247
49738,-6.5,-17.5,149.1968461679693
49739,-6.5,-17.0,151.64494697860601
49740,-6.5,-16.5,151.00359785284377
49741,-6.5,-16.0,149.5177188953502
49742,-6.5,-15.5,152.64959481016703
49743,-6.5,-15.0,151.47432166839445
49744,-6.5,-14.5,149.51455931173004
49745,-6.5,-14.0,152.03715983960333
49746,-6.5,-13.5,149.57608936520327
49747,-6.5,-13.0,150.49645932780192
49748,-6.5,-12.5,149.52981280199643
49749,-6.5,-12.0,150.69074869548402
49750,-6.5,-11.5,149.8790686878556
49751,-6.5,-11.0,152.19485399328124
49752,-6.5,-10.5,151.82620333660702
49753,-6.5,-10.0,150.18254780318955
49754,-6.5,-9.5,151.98459491647353
49755,-6.5,-8.5,155.01655773130574
49756,-6.5,-8.0,151.8158082257181
49757,-6.5,-7.5,152.7067811107737
49758,-6.5,-7.0,148.10840062395877
49759,-6.5,-6.5,151.64179150091314
49760,-6.5,-5.0,148.70269987165622
49761,-6.5,-4.5,149.87476536817692
49762,-6.5,-4.0,151.2921629775134
49763,-6.5,-3.5,150.49798806948345
49764,-6.5,-3.0,149.69606192890635
49765,-6.5,-2.5,148.3082428985069
49766,-6.5,-2.0,148.41412034245292
49767,-6.5,-1.5,150.58406457501465
49768,-6.5,-1.0,151.19124210587833
49769,-6.5,-0.5,152.7320711836311
49770,-6.5,0.0,152.11298903714163
49771,-6.5,0.5,148.9088354224762
49772,-6.5,1.0,148.79147533573882
49773,-6.5,3.0,158.26038968696886
49774,-6.5,4.0,150.0325876993117
49775,-6.5,4.5,149.45311980506517
49776,-6.5,6.0,155.56400098639386
49777,-6.5,6.5,153.97499290881512
49778,-6.5,7.0,153.62313885615623
49779,-6.5,7.5,150.973898586555
49780,-6.5,8.0,153.64625681495437
49781,-6.5,8.5,148.91989274138376
49782,-6.5,9.0,150.62227413560072
49783,-6.5,9.5,153.0077835738048
49784,-6.5,10.0,153.6426440087773
49785,-6.5,10.5,159.2981768282936
49786,-6.5,11.0,157.08720806169865
49787,-6.5,11.5,155.44913629077968
49788,-6.5,12.0,153.85665091019695
49789,-6.5,12.5,157.19049032430053
49790,-6.5,13.0,157.12638739883963
49791,-6.5,13.5,156.89327714930008
49792,-6.5,14.0,158.28099866328714
49793,-6.5,14.5,156.8102182981981
49794,-6.5,15.0,154.84517790021502
49795,-6.5,15.5,157.45919418903975
49796,-6.5,16.0,155.52185483500395
49797,-6.5,16.5,149.19713774099034
49798,-6.5,17.0,148.9125991616069
49799,-6.5,17.5,154.03405043316772
49800,-6.5,18.0,157.65264239852985
49801,-6.5,18.5,144.87118918899924
49802,-6.5,19.0,147.69798440804598
49803,-6.5,19.5,147.96560395567437
49804,-6.5,20.0,162.42473345025027
49805,-6.5,20.5,155.41373536446392
49806,-6.5,21.0,162.52561103585188
49807,-6.5,21.5,155.44484305389892
49808,-6.5,22.0,162.4724868057069
49809,-6.5,22.5,165.84461683444925
49810,-6.5,23.0,158.58046141655143
49811,-6.5,23.5,153.78524916228105
49812,-6.5,24.0,157.4206855636675
49813,-6.5,24.5,156.98797100938904
49814,-6.5,25.0,160.91025175492445
49815,-6.5,25.5,156.20687746541319
49816,-6.5,26.0,154.48926210904438
49817,-6.5,26.5,159.32141222675529
49818,-6.5,27.0,155.12858506424615
49819,-6.5,27.5,151.78595760368734
49820,-6.5,28.0,149.97095262262513
49821,-6.5,28.5,152.34669784798885
49822,-6.5,29.0,155.31779696013186
49823,-6.5,29.5,153.9404115015181
49824,-6.5,30.0,149.93582798079697
49825,-6.5,30.5,151.57587585288658
49826,-6.5,31.0,156.9145670669862
49827,-6.5,31.5,146.2835286847336
49828,-6.5,32.0,154.76751977865078
49829,-6.5,32.5,152.3536640630799
49830,-6.5,33.0,154.5906101956935
49831,-6.5,33.5,148.75158772639503
49832,-6.5,34.0,148.09126334960018
49833,-6.5,34.5,154.39341419853685
49834,-6.5,35.0,159.38784092911223
49835,-6.5,35.5,157.11664706137867
49836,-6.5,36.0,164.1461002014035
49837,-6.5,36.5,163.64504567488112
49838,-6.5,37.0,153.96242288318714
49839,-6.5,37.5,156.7506414665385
49840,-6.5,38.5,159.1547230358722
49841,-6.5,39.0,159.68705874562312
49842,-6.0,-38.5,167.52332193534656
49843,-6.0,-37.5,154.59191323344592
49844,-6.0,-36.5,148.42598705799261
49845,-6.0,-36.0,149.44140554850924
49846,-6.0,-35.5,148.94911769538606
49847,-6.0,-35.0,148.38756950579716
49848,-6.0,-34.5,149.52692143836933
49849,-6.0,-34.0,148.77333717575172
49850,-6.0,-33.5,151.1902909051034
49851,-6.0,-33.0,148.41961943446273
49852,-6.0,-32.5,149.4950503691978
49853,-6.0,-32.0,153.36270636250654
49854,-6.0,-31.5,152.86532418725332
49855,-6.0,-31.0,153.23428919254374
49856,-6.0,-30.5,149.88937649468292
49857,-6.0,-30.0,148.55130004742026
49858,-6.0,-29.5,148.6158090180685
49859,-6.0,-29.0,149.17840354342712
49860,-6.0,-28.5,150.08531942722774
49861,-6.0,-28.0,148.86096692757465
49862,-6.0,-27.5,149.2396147234722
49863,-6.0,-27.0,149.79635925021623
49864,-6.0,-26.5,146.52376943846886
49865,-6.0,-26.0,149.3944178429137
49866,-6.0,-25.5,147.0483437356857
49867,-6.0,-25.0,147.3440559332994
49868,-6.0,-24.5,147.77692306276734
49869,-6.0,-24.0,149.56386729553498
49870,-6.0,-23.5,149.7605384186225
49871,-6.0,-23.0,148.95193747244352
49872,-6.0,-22.5,157.13986002505925
49873,-6.0,-22.0,155.25687113422862
49874,-6.0,-21.5,147.70114526854687
49875,-6.0,-21.0,153.35676389225324
49876,-6.0,-20.5,150.35999232796684
49877,-6.0,-20.0,151.96475016297538
49878,-6.0,-19.5,155.1936484875044
49879,-6.0,-19.0,149.64650700865508
49880,-6.0,-18.5,148.91711218638608
49881,-6.0,-18.0,150.59087443560347
49882,-6.0,-17.5,151.4872612133156
49883,-6.0,-17.0,149.6707630116583
49884,-6.0,-16.5,151.7212917003451
49885,-6.0,-16.0,150.93665315705698
49886,-6.0,-15.5,151.56502928360396
49887,-6.0,-15.0,149.02574683994837
49888,-6.0,-14.5,151.31893476998547
49889,-6.0,-14.0,150.9271135282925
49890,-6.0,-13.5,152.82860356981396
49891,-6.0,-13.0,150.00775223816157
49892,-6.0,-12.5,150.56056078225564
49893,-6.0,-12.0,150.95008020918897
49894,-6.0,-11.5,150.3810857944272
49895,-6.0,-11.0,151.81125945887098
49896,-6.0,-10.5,150.54959279573922
49897,-6.0,-10.0,151.46796026173956
49898,-6.0,-9.5,152.15768680269363
49899,-6.0,-9.0,154.39508012491564
49900,-6.0,-8.5,152.78756894476993
49901,-6.0,-8.0,152.54709453599978
49902,-6.0,-7.5,148.20146338209838
49903,-6.0,-7.0,150.54436867357774
49904,-6.0,-6.5,151.54288179187347
49905,-6.0,-5.0,149.98116597647586
49906,-6.0,-4.5,149.42225587865846
49907,-6.0,-4.0,150.75685377791146
49908,-6.0,-3.5,150.93394410737952
49909,-6.0,-3.0,148.9278168831518
49910,-6.0,-2.5,148.9327583568727
49911,-6.0,-2.0,149.92097723253735
49912,-6.0,-1.5,149.54253497801133
49913,-6.0,-1.0,150.42675305237626
49914,-6.0,-0.5,150.4040371087801
49915,-6.0,0.0,156.060070288998
49916,-6.0,1.0,148.75827086253315
49917,-6.0,2.5,155.12714243692398
49918,-6.0,3.0,158.15456190972333
49919,-6.0,4.0,148.97523276764696
49920,-6.0,4.5,150.60545122478604
49921,-6.0,5.5,149.7187883103969
49922,-6.0,6.0,151.02516386851164
49923,-6.0,7.0,153.96867132521533
49924,-6.0,7.5,149.76319436825935
49925,-6.0,8.0,148.95297616424335
49926,-6.0,8.5,148.88620579040995
49927,-6.0,9.0,150.40085076808072
49928,-6.0,9.5,151.89572357232294
49929,-6.0,10.0,155.6608453862863
49930,-6.0,10.5,159.83448518190184
49931,-6.0,11.0,154.87680362072325
49932,-6.0,11.5,152.40709070272547
49933,-6.0,12.0,152.98662188445203
49934,-6.0,12.5,154.1581154550084
49935,-6.0,13.5,159.74434815336994
49936,-6.0,14.0,159.80963939687152
49937,-6.0,14.5,157.83557256162896
49938,-6.0,15.0,157.21959564007645
49939,-6.0,15.5,154.83240585692664
49940,-6.0,16.0,154.7161054922401
49941,-6.0,16.5,151.20219307452598
49942,-6.0,17.0,150.42929123091835
49943,-6.0,17.5,149.6384562848138
49944,-6.0,18.0,162.09788243906925
49945,-6.0,18.5,156.7911456564579
49946,-6.0,19.0,147.4033183315137
49947,-6.0,19.5,150.78369171920568
49948,-6.0,20.0,162.49247387584322
49949,-6.0,20.5,150.99998038330617
49950,-6.0,21.0,164.01729069934262
49951,-6.0,21.5,158.62958306770906
49952,-6.0,22.0,160.05494311217487
49953,-6.0,22.5,160.9843662949884
49954,-6.0,23.0,157.84803483724278
49955,-6.0,23.5,156.5044738332191
49956,-6.0,24.0,154.40118514108582
49957,-6.0,24.5,159.45031457745088
49958,-6.0,25.0,161.85833660456805
49959,-6.0,25.5,157.0261399410257
49960,-6.0,26.0,157.2690465711217
49961,-6.0,26.5,157.7245250696539
49962,-6.0,27.0,152.08896744802533
49963,-6.0,27.5,150.64680594268947
49964,-6.0,28.0,150.29314815609794
49965,-6.0,28.5,154.82679336775595
49966,-6.0,29.0,155.84963788597062
49967,-6.0,29.5,153.18559735329617
49968,-6.0,30.0,151.15013572230515
49969,-6.0,30.5,152.0934970609334
49970,-6.0,31.0,158.0404411810524
49971,-6.0,31.5,147.1210984491099
49972,-6.0,32.0,151.18888867471549
49973,-6.0,32.5,149.3470631381977
49974,-6.0,33.0,154.47938893922336
49975,-6.0,33.5,155.23431301537875
49976,-6.0,34.0,145.87810797232353
49977,-6.0,34.5,151.57021066203316
49978,-6.0,35.0,155.9218923397308
49979,-6.0,35.5,160.46320592746338
49980,-6.0,36.0,163.65764787261688
49981,-6.0,36.5,163.27758984978044
49982,-6.0,37.0,155.41092915261183
49983,-6.0,37.5,157.34958998073418
49984,-6.0,38.5,158.98981189923373
49985,-6.0,39.0,159.7182382474183
49986,-6.0,40.0,177.94140486330178
49987,-5.5,-38.0,168.07695376000012
49988,-5.5,-37.5,155.16543528096972
49989,-5.5,-36.5,148.42870049488596
49990,-5.5,-36.0,148.8964400680657
49991,-5.5,-35.5,149.75861237000595
49992,-5.5,-35.0,148.26674736913662
49993,-5.5,-34.5,149.2701745105578
49994,-5.5,-34.0,149.47437340177646
49995,-5.5,-33.5,149.77908321344404
49996,-5.5,-32.5,151.3126365989355
49997,-5.5,-32.0,152.8285359531478
49998,-5.5,-31.5,152.78980891769393
49999,-5.5,-31.0,152.74679570371956
50000,-5.5,-30.5,149.21990525968508
50001,-5.5,-30.0,148.72460239567005
50002,-5.5,-29.5,148.5422399969007
50003,-5.5,-29.0,150.75801774518249
50004,-5.5,-28.5,149.03019222067516
50005,-5.5,-28.0,150.2800319360352
50006,-5.5,-27.5,149.38423930781602
50007,-5.5,-27.0,149.3276453277283
50008,-5.5,-26.5,147.40181166538724
50009,-5.5,-26.0,147.47218775550073
50010,-5.5,-25.5,147.11668368569195
50011,-5.5,-25.0,147.33252041150539
50012,-5.5,-24.5,148.31199309264127
50013,-5.5,-24.0,146.92991821018086
50014,-5.5,-23.5,149.3140735323262
50015,-5.5,-23.0,149.575956635508
50016,-5.5,-22.5,158.8097690301708
50017,-5.5,-22.0,148.60853108276484
50018,-5.5,-21.5,148.7828086305772
50019,-5.5,-21.0,154.82324017787172
50020,-5.5,-20.5,147.81175826626088
50021,-5.5,-20.0,152.96661666304726
50022,-5.5,-19.0,149.1373524673762
50023,-5.5,-18.5,149.82308941201697
50024,-5.5,-18.0,151.27214107428395
50025,-5.5,-17.5,151.579118334675
50026,-5.5,-17.0,152.05273963645797
50027,-5.5,-16.5,152.77727496437402
50028,-5.5,-16.0,152.3500993165335
50029,-5.5,-15.5,149.3357971812133
50030,-5.5,-15.0,150.87595091228607
50031,-5.5,-14.5,152.00074748621202
50032,-5.5,-14.0,150.58189833262605
50033,-5.5,-13.5,150.22945740226345
50034,-5.5,-13.0,150.56887205187286
50035,-5.5,-12.5,151.7541931355916
50036,-5.5,-12.0,150.42214301502443
50037,-5.5,-11.5,152.12719384796895
50038,-5.5,-11.0,151.3797634657994
50039,-5.5,-10.5,149.62416972531648
50040,-5.5,-9.5,152.7490730263895
50041,-5.5,-9.0,152.69367776646178
50042,-5.5,-8.5,152.1372118766718
50043,-5.5,-8.0,148.15626141570056
50044,-5.5,-7.5,149.30414346827604
50045,-5.5,-7.0,151.36864970845448
50046,-5.5,-5.5,150.04044107749982
50047,-5.5,-5.0,150.4022473097938
50048,-5.5,-4.5,150.61241329388508
50049,-5.5,-4.0,149.9694911136572
50050,-5.5,-3.5,152.19720917628138
50051,-5.5,-3.0,150.7184684495949
50052,-5.5,-2.5,149.72701992889534
50053,-5.5,-2.0,151.06187499154282
50054,-5.5,-1.5,149.53651970372056
50055,-5.5,-1.0,150.39828382230152
50056,-5.5,0.0,159.30368144096863
50057,-5.5,0.5,157.76874629236931
50058,-5.5,1.5,148.8774175418316
50059,-5.5,2.0,156.82188572587276
50060,-5.5,2.5,156.66247334488642
50061,-5.5,3.5,148.70468959205522
50062,-5.5,4.0,148.63722309249093
50063,-5.5,4.5,151.3144340825368
50064,-5.5,5.0,151.504510159947
50065,-5.5,5.5,147.88745006366193
50066,-5.5,6.0,161.94949088000794
50067,-5.5,7.0,156.7034820535504
50068,-5.5,7.5,153.63895725131647
50069,-5.5,8.0,150.26149351561557
50070,-5.5,8.5,151.12185130184233
50071,-5.5,9.0,151.30728166807341
50072,-5.5,9.5,153.5371123183055
50073,-5.5,10.0,150.85501868661146
50074,-5.5,10.5,155.83073419122724
50075,-5.5,11.0,151.38915267655207
50076,-5.5,11.5,155.32220802781964
50077,-5.5,12.0,153.6086044456032
50078,-5.5,12.5,154.36264241241423
50079,-5.5,13.0,161.2615392909004
50080,-5.5,13.5,158.63679114485507
50081,-5.5,14.0,160.88137990225596
50082,-5.5,14.5,155.4861798453541
50083,-5.5,15.0,155.86520951203994
50084,-5.5,15.5,157.16055741172391
50085,-5.5,16.0,154.21381632347095
50086,-5.5,16.5,155.2148052497999
50087,-5.5,17.0,150.352312914121
50088,-5.5,17.5,148.2176164186125
50089,-5.5,18.0,155.38875786790243
50090,-5.5,18.5,158.2943940996317
50091,-5.5,19.0,148.33909348600514
50092,-5.5,19.5,159.38688563767653
50093,-5.5,20.0,153.44838828883385
50094,-5.5,20.5,164.0151540708321
50095,-5.5,21.0,157.09285121367873
50096,-5.5,21.5,163.59336162497195
50097,-5.5,22.0,159.44890209111819
50098,-5.5,22.5,155.63918916829675
50099,-5.5,23.5,160.36171510949862
50100,-5.5,24.0,158.55478267633185
50101,-5.5,24.5,158.65845151544326
50102,-5.5,25.0,152.25951663830077
50103,-5.5,25.5,154.4655604237856
50104,-5.5,26.0,157.1610327878394
50105,-5.5,26.5,156.18957752529818
50106,-5.5,27.0,154.53019237365964
50107,-5.5,27.5,148.19839859662497
50108,-5.5,28.0,150.65396353770853
50109,-5.5,28.5,151.5324985686008
50110,-5.5,29.0,157.3282765332282
50111,-5.5,29.5,153.92890833547966
50112,-5.5,30.0,151.36771462125006
50113,-5.5,30.5,152.99870479366436
50114,-5.5,31.0,155.18949994908192
50115,-5.5,31.5,150.1198946178158
50116,-5.5,32.0,149.35392669296476
50117,-5.5,32.5,150.1796313277677
50118,-5.5,33.0,155.49314097372465
50119,-5.5,33.5,155.12465636286223
50120,-5.5,34.0,152.82924402405587
50121,-5.5,34.5,154.67394046741924
50122,-5.5,35.0,153.79469254545936
50123,-5.5,35.5,157.6890660774238
50124,-5.5,36.0,160.21496636734966
50125,-5.5,36.5,155.54078203881986
50126,-5.5,37.0,147.38579517131026
50127,-5.5,37.5,157.4553472951392
50128,-5.5,38.5,158.54547285443454
50129,-5.5,39.0,159.67147194263995
50130,-5.5,39.5,159.79707241655979
50131,-5.5,40.0,178.0538561781276
50132,-5.5,40.5,178.13393371732374
50133,-5.0,-38.5,165.97572325622735
50134,-5.0,-38.0,168.25086668223983
50135,-5.0,-37.5,155.7331470066596
50136,-5.0,-36.5,148.9670570284189
50137,-5.0,-36.0,148.0851345501551
50138,-5.0,-35.5,149.32126347746356
50139,-5.0,-35.0,148.39326304230366
50140,-5.0,-34.5,149.2122172568687
50141,-5.0,-34.0,150.04943959615778
50142,-5.0,-33.5,149.28984285957145
50143,-5.0,-32.5,151.50861304671082
50144,-5.0,-32.0,151.65344943124398
50145,-5.0,-31.5,152.5544599604897
50146,-5.0,-31.0,152.00305950497346
50147,-5.0,-30.5,149.0840425752281
50148,-5.0,-30.0,148.55761761222624
50149,-5.0,-29.5,149.5779014121546
50150,-5.0,-29.0,148.64001385767205
50151,-5.0,-28.5,149.10563539566147
50152,-5.0,-28.0,150.23555296133736
50153,-5.0,-27.5,150.21366659555264
50154,-5.0,-27.0,149.415849831898
50155,-5.0,-26.5,147.53175919185327
50156,-5.0,-26.0,148.76942382767726
50157,-5.0,-25.5,147.12743725088637
50158,-5.0,-25.0,147.54433348831932
50159,-5.0,-24.0,147.62766524823462
50160,-5.0,-23.5,148.52294950568685
50161,-5.0,-23.0,154.86258619589802
50162,-5.0,-22.5,152.45491077352213
50163,-5.0,-22.0,150.73886505077934
50164,-5.0,-21.5,155.21806173067282
50165,-5.0,-21.0,151.0239410303573
50166,-5.0,-20.5,149.92504261297978
50167,-5.0,-20.0,150.58527130074856
50168,-5.0,-19.5,148.1797889721761
50169,-5.0,-19.0,148.10661778346636
50170,-5.0,-18.5,150.29414683368643
50171,-5.0,-18.0,151.4072637736982
50172,-5.0,-17.5,151.62978221042485
50173,-5.0,-17.0,152.18195326662638
50174,-5.0,-16.5,153.83435857891786
50175,-5.0,-16.0,153.46001861212295
50176,-5.0,-15.5,151.56868522482463
50177,-5.0,-15.0,151.53436564316812
50178,-5.0,-14.5,151.12308120621543
50179,-5.0,-14.0,150.55478241886638
50180,-5.0,-13.5,149.9416132683011
50181,-5.0,-13.0,150.49758682870095
50182,-5.0,-12.5,152.47204625947117
50183,-5.0,-12.0,152.01823198682584
50184,-5.0,-11.5,152.05810136886222
50185,-5.0,-11.0,150.46472194359887
50186,-5.0,-10.5,150.88520051701505
50187,-5.0,-10.0,151.79184287797366
50188,-5.0,-9.5,152.8121169992583
50189,-5.0,-9.0,152.03698976277715
50190,-5.0,-8.5,152.43269835079437
50191,-5.0,-8.0,148.46409727490564
50192,-5.0,-7.5,151.42254888350868
50193,-5.0,-6.0,150.24359607988725
50194,-5.0,-5.5,150.10995367460268
50195,-5.0,-5.0,150.6095221472033
50196,-5.0,-4.5,150.45868730590612
50197,-5.0,-4.0,150.58742471233407
50198,-5.0,-3.5,150.27739895191056
50199,-5.0,-3.0,150.40318498756204
50200,-5.0,-2.5,151.0619496740869
50201,-5.0,-2.0,149.18536834974168
50202,-5.0,-1.5,150.71906962866726
50203,-5.0,-1.0,147.97637946603527
50204,-5.0,0.0,163.35986996627278
50205,-5.0,0.5,158.31202923910115
50206,-5.0,1.0,149.14161213878708
50207,-5.0,1.5,148.44875031159856
50208,-5.0,2.0,153.89970163976042
50209,-5.0,3.0,148.60331789259797
50210,-5.0,3.5,149.68947733102092
50211,-5.0,5.0,152.94910663604455
50212,-5.0,5.5,150.04020023721134
50213,-5.0,6.5,150.68790491952026
50214,-5.0,7.0,150.06843478110903
50215,-5.0,7.5,152.9759121524744
50216,-5.0,8.0,150.04724737417047
50217,-5.0,8.5,148.7975871502025
50218,-5.0,9.0,151.3012904575622
50219,-5.0,9.5,150.64678427680295
50220,-5.0,10.0,154.4404155375689
50221,-5.0,10.5,154.2618632125879
50222,-5.0,11.0,151.3313480850565
50223,-5.0,11.5,154.96112292450601
50224,-5.0,12.0,152.55737140923517
50225,-5.0,12.5,155.8531021662809
50226,-5.0,13.0,157.31915925311182
50227,-5.0,13.5,160.0448549495174
50228,-5.0,14.0,159.84382157925197
50229,-5.0,14.5,158.57717376985158
50230,-5.0,15.5,158.47171180832905
50231,-5.0,16.0,154.97956150697237
50232,-5.0,16.5,152.7529171569319
50233,-5.0,17.0,153.62561179644106
50234,-5.0,18.0,143.7383065756845
50235,-5.0,18.5,150.07826825060926
50236,-5.0,19.0,165.3208440979721
50237,-5.0,19.5,155.99799988089674
50238,-5.0,20.0,156.8324510006901
50239,-5.0,20.5,163.81237661426437
50240,-5.0,21.0,161.87312903582387
50241,-5.0,21.5,163.69045785654353
50242,-5.0,22.0,157.78605635748605
50243,-5.0,22.5,153.29310608203593
50244,-5.0,23.0,155.12495359035893
50245,-5.0,23.5,155.65449387122663
50246,-5.0,24.0,158.2839067815127
50247,-5.0,24.5,156.03688826861307
50248,-5.0,25.0,151.30535067278842
50249,-5.0,25.5,158.94458555651823
50250,-5.0,26.0,157.1003226868705
50251,-5.0,26.5,153.41009422307258
50252,-5.0,27.0,153.18950775347685
50253,-5.0,27.5,155.58964935365336
50254,-5.0,28.0,151.06598053401865
50255,-5.0,28.5,152.89979899488876
50256,-5.0,29.0,156.40813888443188
50257,-5.0,29.5,153.11805947436653
50258,-5.0,30.0,151.86120601350964
50259,-5.0,30.5,153.40538375632548
50260,-5.0,31.0,151.88305679207173
50261,-5.0,31.5,151.27264414044106
50262,-5.0,32.0,145.7205209875387
50263,-5.0,32.5,152.81124467378066
50264,-5.0,33.0,155.68011119893978
50265,-5.0,33.5,155.07591099888188
50266,-5.0,34.0,155.58160462484872
50267,-5.0,34.5,158.76797295459505
50268,-5.0,35.0,149.8997355319543
50269,-5.0,35.5,161.4925437056126
50270,-5.0,36.0,163.3816182842758
50271,-5.0,36.5,156.69768541090576
50272,-5.0,37.0,147.62709959590276
50273,-5.0,37.5,157.74191193689063
50274,-5.0,38.5,158.20560120971768
50275,-5.0,39.5,160.2813554880592
50276,-5.0,40.5,178.26719551852514
50277,-4.5,-38.5,166.47960218906817
50278,-4.5,-38.0,167.7686280776171
50279,-4.5,-37.5,156.49262398504646
50280,-4.5,-36.5,149.13231738766945
50281,-4.5,-36.0,147.2970643226998
50282,-4.5,-35.5,151.61835064040724
50283,-4.5,-35.0,148.40203271133493
50284,-4.5,-34.5,149.12261193475865
50285,-4.5,-34.0,150.48777310466917
50286,-4.5,-33.5,148.8747890022937
50287,-4.5,-33.0,149.38211674575066
50288,-4.5,-32.5,151.42842597348053
50289,-4.5,-32.0,151.9244563446178
50290,-4.5,-31.5,150.82934504833244
50291,-4.5,-31.0,152.02288510349652
50292,-4.5,-30.5,153.96251140995085
50293,-4.5,-30.0,148.84825136440236
50294,-4.5,-29.5,149.59581821404987
50295,-4.5,-29.0,148.59730507860652
50296,-4.5,-28.5,148.863808095802
50297,-4.5,-28.0,150.41925928995178
50298,-4.5,-27.5,149.99533575475076
50299,-4.5,-27.0,149.2094739010208
50300,-4.5,-26.5,147.69901373179638
50301,-4.5,-26.0,149.93270135942575
50302,-4.5,-25.5,149.68191676795058
50303,-4.5,-25.0,147.67560000496906
50304,-4.5,-24.5,147.01191373648413
50305,-4.5,-24.0,147.5354001094448
50306,-4.5,-23.5,153.90088099413538
50307,-4.5,-23.0,156.13362292477194
50308,-4.5,-22.5,148.8239952040247
50309,-4.5,-22.0,153.1004131142228
50310,-4.5,-21.5,155.9565353213582
50311,-4.5,-21.0,151.44378710500337
50312,-4.5,-20.5,153.46259066206736
50313,-4.5,-20.0,148.14905668811681
50314,-4.5,-19.5,148.1020321364039
50315,-4.5,-18.5,152.57017274022522
50316,-4.5,-18.0,150.6098232713917
50317,-4.5,-17.5,152.3147628766066
50318,-4.5,-17.0,151.7979299186552
50319,-4.5,-16.5,153.67878937507749
50320,-4.5,-16.0,149.76707932045915
50321,-4.5,-15.5,152.55791396300904
50322,-4.5,-15.0,152.03650780785156
50323,-4.5,-14.5,150.95290169575787
50324,-4.5,-14.0,149.2723921172239
50325,-4.5,-13.5,150.64786294267586
50326,-4.5,-13.0,150.35189414734927
50327,-4.5,-12.5,152.52545855734755
50328,-4.5,-12.0,152.9295151982954
50329,-4.5,-11.5,151.39832582806523
50330,-4.5,-11.0,156.7320575056368
50331,-4.5,-10.5,152.5788143189457
50332,-4.5,-10.0,153.05579003386944
50333,-4.5,-9.5,151.85588935179217
50334,-4.5,-9.0,152.32153979338747
50335,-4.5,-8.5,150.61155711041116
50336,-4.5,-8.0,151.7438925676928
50337,-4.5,-6.0,150.04168175720986
50338,-4.5,-5.5,150.6969797282187
50339,-4.5,-5.0,150.31101733516172
50340,-4.5,-4.5,150.6471397562585
50341,-4.5,-3.5,150.06311857090722
50342,-4.5,-3.0,150.73747956142833
50343,-4.5,-2.5,150.2308095899985
50344,-4.5,-2.0,149.91760373122398
50345,-4.5,-1.5,148.3148823540281
50346,-4.5,-1.0,147.95244958696873
50347,-4.5,-0.5,148.01319191620985
50348,-4.5,0.5,163.7814427908695
50349,-4.5,1.0,156.22777738064082
50350,-4.5,1.5,154.80149400758935
50351,-4.5,2.0,149.5032490725392
50352,-4.5,2.5,148.44169684686327
50353,-4.5,3.0,149.9884116528815
50354,-4.5,3.5,154.73677544829312
50355,-4.5,4.5,150.19347048725936
50356,-4.5,5.0,150.69096292054394
50357,-4.5,5.5,147.02408868179936
50358,-4.5,6.0,150.40552289058743
50359,-4.5,6.5,151.5320695241223
50360,-4.5,7.0,151.55908020516932
50361,-4.5,7.5,148.53071352650736
50362,-4.5,8.0,149.89134731596178
50363,-4.5,8.5,149.83728477802512
50364,-4.5,9.0,151.39312953937147
50365,-4.5,9.5,158.12855490196083
50366,-4.5,10.0,151.941816082923
50367,-4.5,10.5,152.3607649353564
50368,-4.5,11.0,152.05323416926845
50369,-4.5,12.0,155.63167250462698
50370,-4.5,12.5,154.90042667296314
50371,-4.5,13.0,155.84905832751673
50372,-4.5,13.5,158.9400916015339
50373,-4.5,14.0,163.36844316085907
50374,-4.5,15.0,163.59334954368336
50375,-4.5,15.5,160.173706860978
50376,-4.5,16.0,155.72033652662915
50377,-4.5,16.5,152.67983262062504
50378,-4.5,17.0,154.58792914498392
50379,-4.5,17.5,154.199397974542
50380,-4.5,18.0,143.8411464992883
50381,-4.5,18.5,145.87280430970205
50382,-4.5,19.0,162.05288166274255
50383,-4.5,19.5,153.87076393299185
50384,-4.5,20.0,162.9357533806458
50385,-4.5,20.5,154.13379221723014
50386,-4.5,21.0,165.90437915943147
50387,-4.5,21.5,163.61616265054352
50388,-4.5,22.0,158.8023704612758
50389,-4.5,22.5,150.50504790804203
50390,-4.5,23.0,157.74648713079603
50391,-4.5,23.5,158.89653890468531
50392,-4.5,24.0,157.2197426549851
50393,-4.5,24.5,149.7435533339148
50394,-4.5,25.0,154.05976553245574
50395,-4.5,25.5,157.74973779425792
50396,-4.5,26.0,157.94201144939277
50397,-4.5,26.5,153.39115733567147
50398,-4.5,27.0,152.4178484438728
50399,-4.5,27.5,151.34267122306736
50400,-4.5,28.0,150.08559422604853
50401,-4.5,28.5,150.34914911347337
50402,-4.5,29.0,154.6149233318141
50403,-4.5,29.5,150.96620204583286
50404,-4.5,30.0,153.7238273059618
50405,-4.5,30.5,150.13695109747715
50406,-4.5,31.0,151.59607515443307
50407,-4.5,31.5,154.8324119029612
50408,-4.5,32.0,148.25968248010687
50409,-4.5,32.5,152.98319601807418
50410,-4.5,33.5,155.3395805797176
50411,-4.5,34.0,156.34673220357385
50412,-4.5,34.5,156.71649267287023
50413,-4.5,35.0,153.21756175763684
50414,-4.5,35.5,160.07675326095398
50415,-4.5,36.0,161.69641663609693
50416,-4.5,36.5,164.01023327181954
50417,-4.5,37.0,148.36545233933242
50418,-4.5,38.5,157.79181279063724
50419,-4.5,39.5,160.1586850281599
50420,-4.5,40.5,178.48601925238623
50421,-4.0,-38.5,167.25601529545364
50422,-4.0,-38.0,166.89930858401047
50423,-4.0,-37.5,157.1854639776642
50424,-4.0,-36.5,149.13777004537243
50425,-4.0,-36.0,147.4029917990004
50426,-4.0,-35.5,150.78324170813156
50427,-4.0,-35.0,149.04425261476354
50428,-4.0,-34.5,149.10857928455854
50429,-4.0,-34.0,149.25666421905566
50430,-4.0,-33.5,148.8110349796248
50431,-4.0,-33.0,149.01858993248663
50432,-4.0,-32.5,151.91801334492283
50433,-4.0,-32.0,150.62880217927088
50434,-4.0,-31.5,150.25458108018486
50435,-4.0,-31.0,150.52927133239766
50436,-4.0,-30.5,157.55609863723595
50437,-4.0,-30.0,149.7926546984209
50438,-4.0,-29.5,147.87723260855518
50439,-4.0,-29.0,148.30685613302987
50440,-4.0,-28.5,149.35910548694392
50441,-4.0,-28.0,149.19109600151353
50442,-4.0,-27.5,151.52076014342967
50443,-4.0,-27.0,149.64612359318878
50444,-4.0,-26.5,147.91176040235436
50445,-4.0,-26.0,149.48636613599555
50446,-4.0,-25.5,155.86872210914248
50447,-4.0,-25.0,147.21362923002346
50448,-4.0,-24.5,147.21402724979748
50449,-4.0,-24.0,147.40411267148397
50450,-4.0,-23.5,160.92755729630164
50451,-4.0,-23.0,154.719084749684
50452,-4.0,-22.5,149.08067598191454
50453,-4.0,-22.0,153.45954765681833
50454,-4.0,-21.5,155.68788511128162
50455,-4.0,-21.0,152.7316322465277
50456,-4.0,-20.5,148.16523669377682
50457,-4.0,-20.0,148.27569726900182
50458,-4.0,-19.5,148.0648142304829
50459,-4.0,-19.0,156.08434619180017
50460,-4.0,-18.5,153.0125015789727
50461,-4.0,-18.0,151.8913852555564
50462,-4.0,-17.5,154.39897869374406
50463,-4.0,-17.0,152.24007829087327
50464,-4.0,-16.5,151.99669565232088
50465,-4.0,-16.0,152.06473768762842
50466,-4.0,-15.5,152.53225420309954
50467,-4.0,-15.0,151.5068633649768
50468,-4.0,-14.5,151.58675248426144
50469,-4.0,-14.0,150.50458404962492
50470,-4.0,-13.5,150.8056953469327
50471,-4.0,-13.0,151.18259295224738
50472,-4.0,-12.5,151.71661011126372
50473,-4.0,-12.0,152.4721678281611
50474,-4.0,-11.5,151.92543766326156
50475,-4.0,-11.0,151.39771641548498
50476,-4.0,-10.5,153.58938035110776
50477,-4.0,-10.0,151.76816702537488
50478,-4.0,-9.5,152.07659765034995
50479,-4.0,-9.0,150.61440083412043
50480,-4.0,-8.5,151.50949552008302
50481,-4.0,-8.0,152.63164489383288
50482,-4.0,-6.5,150.13468895173796
50483,-4.0,-6.0,150.6524109161153
50484,-4.0,-5.5,150.18947006869777
50485,-4.0,-5.0,150.3091815475163
50486,-4.0,-4.0,155.84071848170117
50487,-4.0,-3.5,150.3066737584227
50488,-4.0,-3.0,150.02994405561432
50489,-4.0,-2.5,150.64597773618064
50490,-4.0,-2.0,150.28281100064456
50491,-4.0,-1.5,148.15671898822825
50492,-4.0,-1.0,148.36827237569193
50493,-4.0,1.0,154.66333094554406
50494,-4.0,1.5,150.57037275843484
50495,-4.0,2.5,148.47499909904457
50496,-4.0,3.0,153.32258337506792
50497,-4.0,4.0,148.87189701309723
50498,-4.0,4.5,150.32616440179302
50499,-4.0,5.0,151.3490877479501
50500,-4.0,6.0,147.65893054534925
50501,-4.0,6.5,151.38495041788352
50502,-4.0,7.0,147.26663091713672
50503,-4.0,7.5,148.89417633557127
50504,-4.0,8.0,151.81340505608065
50505,-4.0,8.5,153.48270291754824
50506,-4.0,9.0,153.90351974167382
50507,-4.0,9.5,155.53450010500956
50508,-4.0,10.0,151.66754135146638
50509,-4.0,10.5,151.8092928345105
50510,-4.0,11.0,152.9472239425618
50511,-4.0,11.5,154.76753812624662
50512,-4.0,12.0,155.84014709830214
50513,-4.0,12.5,153.35489679049053
50514,-4.0,13.0,152.99666185172904
50515,-4.0,13.5,151.69197196649174
50516,-4.0,14.0,163.51234281916396
50517,-4.0,14.5,155.2383762610363
50518,-4.0,15.0,164.08527142760633
50519,-4.0,15.5,162.8488696271332
50520,-4.0,16.0,156.89586973983154
50521,-4.0,16.5,155.92137561649474
50522,-4.0,17.0,148.38899889855023
50523,-4.0,17.5,153.51506300852054
50524,-4.0,18.0,147.8623452651229
50525,-4.0,18.5,154.36988525372
50526,-4.0,19.0,161.56531055637862
50527,-4.0,19.5,158.8015453976609
50528,-4.0,20.0,159.81503890452072
50529,-4.0,20.5,155.7143499358288
50530,-4.0,21.0,163.61234090680023
50531,-4.0,21.5,160.27129195132403
50532,-4.0,22.0,160.62970967267145
50533,-4.0,22.5,159.57301095743654
50534,-4.0,23.0,155.84509050567485
50535,-4.0,23.5,159.9181188904798
50536,-4.0,24.0,156.73832895417812
50537,-4.0,24.5,149.63460023803566
50538,-4.0,25.0,158.48455297629945
50539,-4.0,25.5,155.82497010438163
50540,-4.0,26.0,153.51327249110338
50541,-4.0,26.5,153.51297464823472
50542,-4.0,27.0,153.4482172005008
50543,-4.0,27.5,151.33517830412518
50544,-4.0,28.5,147.54807274864356
50545,-4.0,29.0,152.91179627358073
50546,-4.0,29.5,152.68644300816476
50547,-4.0,30.0,151.3836407896037
50548,-4.0,30.5,150.90347733399153
50549,-4.0,31.0,152.5979437789388
50550,-4.0,31.5,152.75765280281973
50551,-4.0,32.0,146.24005509699774
50552,-4.0,32.5,154.85793087010265
50553,-4.0,33.0,155.56722394290225
50554,-4.0,33.5,174.10931162602128
50555,-4.0,34.0,153.96991026707403
50556,-4.0,34.5,154.9278858026955
50557,-4.0,35.0,154.7052192939666
50558,-4.0,35.5,157.83776136100337
50559,-4.0,36.0,158.9041383405601
50560,-4.0,36.5,162.40924532210224
50561,-4.0,37.0,147.34475063957817
50562,-4.0,39.5,160.61307250490245
50563,-4.0,40.5,178.68196433348427
50564,-3.5,-38.5,167.98005368889238
50565,-3.5,-38.0,165.670243690361
50566,-3.5,-37.5,157.90665381215416
50567,-3.5,-36.5,149.3592742836341
50568,-3.5,-36.0,147.24995052598896
50569,-3.5,-35.5,157.08903665471223
50570,-3.5,-35.0,148.8955374476746
50571,-3.5,-34.5,149.26752037115958
50572,-3.5,-34.0,148.73530958171096
50573,-3.5,-33.5,149.34859333326327
50574,-3.5,-33.0,148.80934980086545
50575,-3.5,-32.5,151.78981716823367
50576,-3.5,-32.0,151.6859365371801
50577,-3.5,-31.5,149.4664366931176
50578,-3.5,-31.0,150.7574497321303
50579,-3.5,-30.5,155.798843983736
50580,-3.5,-30.0,150.45798203320643
50581,-3.5,-29.5,148.23743910989853
50582,-3.5,-29.0,148.16389568014904
50583,-3.5,-28.5,149.3713469182023
50584,-3.5,-28.0,148.9070427213922
50585,-3.5,-27.5,150.63020356607717
50586,-3.5,-27.0,150.88092825528148
50587,-3.5,-26.5,148.36399844524976
50588,-3.5,-26.0,153.39316408370777
50589,-3.5,-25.5,150.22949021003848
50590,-3.5,-25.0,146.97970346382797
50591,-3.5,-24.5,147.41728376445712
50592,-3.5,-24.0,147.47613792897823
50593,-3.5,-23.5,162.570356222154
50594,-3.5,-23.0,150.3005140427054
50595,-3.5,-22.5,151.6786170489853
50596,-3.5,-22.0,152.91520940240537
50597,-3.5,-21.5,153.8274724478348
50598,-3.5,-21.0,154.11786631153913
50599,-3.5,-20.5,147.4340875583409
50600,-3.5,-20.0,148.30252378493307
50601,-3.5,-19.5,148.22414126777758
50602,-3.5,-19.0,152.60877478347257
50603,-3.5,-18.5,153.1907649427284
50604,-3.5,-18.0,154.44223310963014
50605,-3.5,-17.5,151.44652568165986
50606,-3.5,-17.0,151.92386043698068
50607,-3.5,-16.5,150.257093150111
50608,-3.5,-16.0,152.57585034722027
50609,-3.5,-15.5,152.31886949718825
50610,-3.5,-15.0,152.49245726079613
50611,-3.5,-14.5,151.5640691290971
50612,-3.5,-14.0,151.62712296935302
50613,-3.5,-13.0,152.0295141484334
50614,-3.5,-12.5,151.57303071611648
50615,-3.5,-12.0,152.03429935852887
50616,-3.5,-11.5,151.95867957528912
50617,-3.5,-11.0,154.3643390917424
50618,-3.5,-10.5,152.3597769996147
50619,-3.5,-10.0,151.601539312915
50620,-3.5,-9.5,151.98738356125185
50621,-3.5,-9.0,149.24326574060282
50622,-3.5,-8.5,151.99575883138618
50623,-3.5,-8.0,153.10771472511644
50624,-3.5,-7.5,153.4436009253659
50625,-3.5,-7.0,150.37528342716539
50626,-3.5,-6.5,150.26714698209048
50627,-3.5,-6.0,150.5943331739871
50628,-3.5,-5.5,150.12960692499726
50629,-3.5,-4.0,150.64227443848645
50630,-3.5,-3.5,153.55696386585979
50631,-3.5,-3.0,150.3598102665597
50632,-3.5,-2.5,149.72066700392034
50633,-3.5,-2.0,149.77371526605495
50634,-3.5,-1.0,148.14390650151282
50635,-3.5,0.0,148.43869430023864
50636,-3.5,0.5,154.1124179457204
50637,-3.5,1.0,154.3554499630807
50638,-3.5,1.5,148.30115508052964
50639,-3.5,2.0,148.40979700221857
50640,-3.5,2.5,151.48953975464306
50641,-3.5,3.0,148.0680748698741
50642,-3.5,4.0,149.5427896194644
50643,-3.5,4.5,151.30245145753625
50644,-3.5,5.5,153.45314091920346
50645,-3.5,6.0,151.0071262354431
50646,-3.5,6.5,149.41703294701517
50647,-3.5,7.0,146.95485404783494
50648,-3.5,7.5,155.90341680674263
50649,-3.5,8.0,151.78962478581988
50650,-3.5,8.5,155.33533431026092
50651,-3.5,9.0,150.7513055479438
50652,-3.5,9.5,151.75125532954578
50653,-3.5,10.0,153.21820736838262
50654,-3.5,10.5,151.7382883528725
50655,-3.5,11.5,153.3429844310639
50656,-3.5,12.0,154.72310270172278
50657,-3.5,12.5,155.9958516155667
50658,-3.5,13.0,156.201649753903
50659,-3.5,13.5,154.94610517664643
50660,-3.5,14.0,169.20051339843377
50661,-3.5,14.5,155.69808954714256
50662,-3.5,15.0,158.03171764499263
50663,-3.5,15.5,160.0437394411964
50664,-3.5,16.0,160.32396513530722
50665,-3.5,16.5,159.68986393111607
50666,-3.5,17.0,146.4665383294171
50667,-3.5,17.5,146.93113928278683
50668,-3.5,18.0,148.44762607433444
50669,-3.5,18.5,162.2500692843305
50670,-3.5,19.0,154.91902473249215
50671,-3.5,19.5,164.4174811047743
50672,-3.5,20.0,154.49058423330527
50673,-3.5,20.5,164.25038896798145
50674,-3.5,21.0,161.29447026799613
50675,-3.5,21.5,159.77361234751245
50676,-3.5,22.0,161.1521726801872
50677,-3.5,22.5,158.212948259853
50678,-3.5,23.0,155.61781943981856
50679,-3.5,23.5,157.55767047542395
50680,-3.5,24.0,151.9800391192526
50681,-3.5,24.5,154.84751996923836
50682,-3.5,25.0,159.16295858573957
50683,-3.5,25.5,157.11764461899023
50684,-3.5,26.0,154.3812605579538
50685,-3.5,26.5,152.12514209165207
50686,-3.5,27.0,154.29749725664732
50687,-3.5,27.5,151.08082924172504
50688,-3.5,28.0,150.159320661261
50689,-3.5,28.5,148.45626021630503
50690,-3.5,29.0,150.98071291183408
50691,-3.5,29.5,153.21246726257556
50692,-3.5,30.0,151.4335522545848
50693,-3.5,30.5,156.5248663462175
50694,-3.5,31.0,153.53411448965468
50695,-3.5,31.5,153.40707750618952
50696,-3.5,32.0,153.97032766302107
50697,-3.5,32.5,155.70926594997104
50698,-3.5,33.0,150.28005213146602
50699,-3.5,33.5,164.97322465540265
50700,-3.5,34.0,157.52340882484575
50701,-3.5,34.5,154.89297250689435
50702,-3.5,35.0,156.95488930156978
50703,-3.5,35.5,158.31573876547685
50704,-3.5,36.0,156.9108336219752
50705,-3.5,36.5,159.01595174440777
50706,-3.5,37.0,146.90878228088405
50707,-3.5,39.0,157.19919173817345
50708,-3.5,39.5,161.2326852440939
50709,-3.5,40.0,161.28668073776132
50710,-3.5,40.5,178.8692194351729
50711,-3.0,-38.5,168.52719058056695
50712,-3.0,-38.0,164.34874833299457
50713,-3.0,-37.5,158.7602982259955
50714,-3.0,-36.5,147.5999201297861
50715,-3.0,-36.0,147.4329726165329
50716,-3.0,-35.5,153.36632229619275
50717,-3.0,-35.0,153.79862422935727
50718,-3.0,-34.5,149.1768617900676
50719,-3.0,-34.0,148.77434229578859
50720,-3.0,-33.5,149.57053812914293
50721,-3.0,-33.0,149.26421945710732
50722,-3.0,-32.5,152.0943644985394
50723,-3.0,-32.0,150.53406157159074
50724,-3.0,-31.5,149.35008367218023
50725,-3.0,-31.0,149.98502921131802
50726,-3.0,-30.5,153.73895424594505
50727,-3.0,-29.5,147.49460878810643
50728,-3.0,-29.0,148.8464524930341
50729,-3.0,-28.5,149.3838979217166
50730,-3.0,-28.0,149.0223168935748
50731,-3.0,-27.5,150.12678708676128
50732,-3.0,-27.0,149.14934444781971
50733,-3.0,-26.5,148.8572252064209
50734,-3.0,-26.0,153.89670408102236
50735,-3.0,-25.5,149.89520179969767
50736,-3.0,-25.0,146.9598954255723
50737,-3.0,-24.5,147.37240048544098
50738,-3.0,-24.0,164.90241953446065
50739,-3.0,-23.5,159.34849851082961
50740,-3.0,-23.0,148.25028253306243
50741,-3.0,-22.5,154.92733005992548
50742,-3.0,-22.0,148.79835614283965
50743,-3.0,-21.5,152.55491909734994
50744,-3.0,-21.0,148.56515057436152
50745,-3.0,-20.5,147.65359968007056
50746,-3.0,-20.0,148.18245399084824
50747,-3.0,-19.5,154.5418865933193
50748,-3.0,-19.0,150.19010191871345
50749,-3.0,-18.5,155.0728224594058
50750,-3.0,-17.5,151.93629070561377
50751,-3.0,-17.0,150.5651796694754
50752,-3.0,-16.5,151.59046860361187
50753,-3.0,-16.0,151.9569711188106
50754,-3.0,-15.5,154.21419463991435
50755,-3.0,-15.0,151.7838280447741
50756,-3.0,-14.5,151.194711460301
50757,-3.0,-14.0,151.55392612054393
50758,-3.0,-13.5,151.78846514712862
50759,-3.0,-13.0,151.72471867378349
50760,-3.0,-12.5,151.95481159729906
50761,-3.0,-12.0,151.59740986580525
50762,-3.0,-11.5,152.53875584648392
50763,-3.0,-11.0,153.71186686450523
50764,-3.0,-10.5,152.5707717804601
50765,-3.0,-10.0,152.02482509868122
50766,-3.0,-9.5,150.5053660118126
50767,-3.0,-9.0,151.50774826901116
50768,-3.0,-8.5,151.79874796003367
50769,-3.0,-8.0,152.5519233844461
50770,-3.0,-7.5,153.24059029083028
50771,-3.0,-7.0,151.01875308687093
50772,-3.0,-6.5,151.06376184046655
50773,-3.0,-6.0,150.39158120698977
50774,-3.0,-5.5,150.2609817536268
50775,-3.0,-4.5,150.04113114617124
50776,-3.0,-4.0,150.66150398679434
50777,-3.0,-3.5,154.50104654176255
50778,-3.0,-3.0,153.12828540024958
50779,-3.0,-2.5,149.51198302796723
50780,-3.0,-2.0,149.31894480419166
50781,-3.0,-1.5,149.42821767177446
50782,-3.0,-1.0,148.0424903882357
50783,-3.0,-0.5,148.06460733393976
50784,-3.0,0.0,148.20560873097753
50785,-3.0,0.5,151.1789730768668
50786,-3.0,1.5,148.64293468269054
50787,-3.0,2.0,150.1119266539392
50788,-3.0,2.5,150.31728791508573
50789,-3.0,3.0,147.89482793587308
50790,-3.0,3.5,148.71305084979488
50791,-3.0,4.0,152.89703421365954
50792,-3.0,5.0,153.52779165756974
50793,-3.0,5.5,151.24339061206032
50794,-3.0,6.0,150.2716991051955
50795,-3.0,6.5,148.22964341061302
50796,-3.0,7.0,147.0583689515669
50797,-3.0,7.5,150.03067883629768
50798,-3.0,8.0,162.3160632623672
50799,-3.0,8.5,150.6785460592743
50800,-3.0,9.0,152.71407370987936
50801,-3.0,9.5,151.7055660040212
50802,-3.0,10.0,153.90157045168579
50803,-3.0,10.5,158.27052179974572
50804,-3.0,11.0,155.66201180361904
50805,-3.0,11.5,154.90013593650033
50806,-3.0,12.0,155.5671801743003
50807,-3.0,12.5,155.24394749977685
50808,-3.0,13.0,155.0523556424426
50809,-3.0,13.5,156.3405422344339
50810,-3.0,14.0,156.37953588521844
50811,-3.0,14.5,160.0355459212267
50812,-3.0,15.0,158.19954034662067
50813,-3.0,15.5,157.68173398387367
50814,-3.0,16.0,154.8240603790728
50815,-3.0,16.5,154.6132115470439
50816,-3.0,17.0,149.31426496396548
50817,-3.0,17.5,148.05662198775184
50818,-3.0,18.0,159.65042179603506
50819,-3.0,18.5,155.3951661164053
50820,-3.0,19.0,159.78967655088942
50821,-3.0,19.5,160.24340808832324
50822,-3.0,20.5,164.43707929291128
50823,-3.0,21.0,157.35074526491618
50824,-3.0,22.0,162.85709638295367
50825,-3.0,22.5,158.23653642311277
50826,-3.0,23.0,159.1570837761605
50827,-3.0,23.5,156.58414823697655
50828,-3.0,24.0,149.59913031254146
50829,-3.0,24.5,156.1178847763797
50830,-3.0,25.0,157.1459247716673
50831,-3.0,25.5,156.33289674214873
50832,-3.0,26.0,154.42260836366793
50833,-3.0,26.5,153.41474674769577
50834,-3.0,27.0,156.82336815809882
50835,-3.0,27.5,151.5090260517944
50836,-3.0,28.0,150.8309868441232
50837,-3.0,28.5,152.09846772462035
50838,-3.0,29.0,149.87673747913885
50839,-3.0,29.5,149.56776782439132
50840,-3.0,30.0,152.48998790498447
50841,-3.0,30.5,156.45889093144675
50842,-3.0,31.0,155.2779867325734
50843,-3.0,31.5,152.4051160609623
50844,-3.0,32.0,152.58755975418816
50845,-3.0,32.5,156.12272248215154
50846,-3.0,33.0,151.5557498573043
50847,-3.0,33.5,168.41034734632086
50848,-3.0,34.0,160.49252930361587
50849,-3.0,34.5,153.65604402610467
50850,-3.0,35.0,151.0703566073927
50851,-3.0,35.5,157.9341870661168
50852,-3.0,36.0,155.48240237391192
50853,-3.0,36.5,159.25493216657574
50854,-3.0,37.0,147.61852485138434
50855,-3.0,39.0,157.2023743869023
50856,-3.0,40.0,161.24090545485626
50857,-3.0,40.5,179.05599658829095
50858,-2.5,-38.5,168.90331166934104
50859,-2.5,-38.0,163.0080655562561
50860,-2.5,-37.5,159.8681445800974
50861,-2.5,-36.5,147.50094226775005
50862,-2.5,-36.0,147.609766974827
50863,-2.5,-35.5,147.92187635624978
50864,-2.5,-35.0,158.3161489006473
50865,-2.5,-34.5,150.7586149538653
50866,-2.5,-34.0,149.88845245198942
50867,-2.5,-33.5,149.9487367367167
50868,-2.5,-33.0,149.3023703381918
50869,-2.5,-32.5,152.30479471639293
50870,-2.5,-32.0,149.83834015219492
50871,-2.5,-31.5,148.8629974479201
50872,-2.5,-31.0,149.91429483232645
50873,-2.5,-30.5,152.12452264286304
50874,-2.5,-30.0,154.83874255764007
50875,-2.5,-29.5,147.83686475513636
50876,-2.5,-29.0,148.66816819797234
50877,-2.5,-28.5,149.18786190805577
50878,-2.5,-28.0,147.63294223315452
50879,-2.5,-27.5,155.72057085041484
50880,-2.5,-27.0,149.97730753020696
50881,-2.5,-26.5,154.70427433471008
50882,-2.5,-26.0,152.27521433848085
50883,-2.5,-25.5,150.28504076136446
50884,-2.5,-25.0,147.39989394064696
50885,-2.5,-24.5,150.67011521304963
50886,-2.5,-24.0,163.40124991591347
50887,-2.5,-23.5,149.396676579525
50888,-2.5,-23.0,152.51087324547817
50889,-2.5,-22.5,154.99928848057047
50890,-2.5,-22.0,151.61308588721377
50891,-2.5,-21.5,150.944602769009
50892,-2.5,-21.0,148.39517045251748
50893,-2.5,-20.5,148.68507893074283
50894,-2.5,-20.0,148.9926084808403
50895,-2.5,-19.5,154.24329571950938
50896,-2.5,-19.0,153.8782004639924
50897,-2.5,-18.5,149.19132200609405
50898,-2.5,-18.0,152.6474658518513
50899,-2.5,-17.5,150.94286164947823
50900,-2.5,-17.0,151.47714139834054
50901,-2.5,-16.5,151.97406425688078
50902,-2.5,-16.0,151.98906163685868
50903,-2.5,-15.5,150.53209862200083
50904,-2.5,-15.0,152.46002997842533
50905,-2.5,-14.5,154.13689615693764
50906,-2.5,-14.0,151.32227694530485
50907,-2.5,-13.5,151.94032530265923
50908,-2.5,-13.0,152.79891559147015
50909,-2.5,-12.5,153.01881677756225
50910,-2.5,-12.0,151.21326608487226
50911,-2.5,-11.5,152.17357896867634
50912,-2.5,-11.0,151.9352880261696
50913,-2.5,-10.5,153.41835180030876
50914,-2.5,-10.0,151.42414132094993
50915,-2.5,-9.5,151.39432265502919
50916,-2.5,-9.0,152.61475795718292
50917,-2.5,-8.0,152.12243501364435
50918,-2.5,-7.5,152.19010101483008
50919,-2.5,-7.0,152.8394792661979
50920,-2.5,-6.5,150.8958689210849
50921,-2.5,-6.0,150.73744063899653
50922,-2.5,-5.0,150.07483975286863
50923,-2.5,-4.5,150.41709998991493
50924,-2.5,-3.5,150.90446317856365
50925,-2.5,-3.0,155.51276714985408
50926,-2.5,-2.5,155.69011075560869
50927,-2.5,-2.0,148.80139102264025
50928,-2.5,-1.5,149.3157459028123
50929,-2.5,-1.0,149.2978163712959
50930,-2.5,-0.5,148.0225011211418
50931,-2.5,0.0,151.97188762314119
50932,-2.5,0.5,148.1429133137417
50933,-2.5,1.0,148.24141437113983
50934,-2.5,1.5,149.7070273960097
50935,-2.5,2.0,153.04511953705446
50936,-2.5,2.5,148.16278400554017
50937,-2.5,3.0,148.70875858016845
50938,-2.5,3.5,149.34181495081737
50939,-2.5,4.0,147.8432304085513
50940,-2.5,5.0,152.53709630566806
50941,-2.5,5.5,149.43227055645315
50942,-2.5,6.0,147.27266080541958
50943,-2.5,6.5,148.13206221099838
50944,-2.5,7.0,149.64413395442585
50945,-2.5,7.5,151.94714685671732
50946,-2.5,8.0,154.57977041705442
50947,-2.5,8.5,158.5429859268085
50948,-2.5,9.0,152.8204178049416
50949,-2.5,9.5,152.38784792966328
50950,-2.5,10.0,152.42054707478133
50951,-2.5,10.5,153.92469222499446
50952,-2.5,11.0,154.39012538510988
50953,-2.5,11.5,155.05894084846307
50954,-2.5,12.0,155.98803910283266
50955,-2.5,12.5,154.47242207337277
50956,-2.5,13.0,154.76304797344417
50957,-2.5,13.5,155.0431237820482
50958,-2.5,14.0,157.42088051223908
50959,-2.5,14.5,163.52916165445654
50960,-2.5,15.0,161.49607802767738
50961,-2.5,15.5,160.0542650154528
50962,-2.5,16.5,151.3058829536511
50963,-2.5,17.0,147.0144106212853
50964,-2.5,17.5,149.89897829597425
50965,-2.5,18.0,151.7235344244647
50966,-2.5,18.5,157.8316438979267
50967,-2.5,19.0,163.81695403451204
50968,-2.5,19.5,154.0323952979898
50969,-2.5,20.0,164.48311039395318
50970,-2.5,20.5,159.2250533017891
50971,-2.5,21.5,159.37707481233036
50972,-2.5,22.0,157.48806958191742
50973,-2.5,22.5,159.77597858613646
50974,-2.5,23.0,160.69573855439316
50975,-2.5,23.5,153.66947040258748
50976,-2.5,24.0,155.6585217086856
50977,-2.5,24.5,155.88014477064198
50978,-2.5,25.0,153.31801978253822
50979,-2.5,25.5,154.31418684137626
50980,-2.5,26.0,154.71619239573909
50981,-2.5,26.5,153.3472132330065
50982,-2.5,27.0,156.33438175198665
50983,-2.5,27.5,148.32344378190876
50984,-2.5,28.0,151.88722477829177
50985,-2.5,28.5,152.86778050634086
50986,-2.5,29.0,150.31517566154258
50987,-2.5,29.5,150.30632703532052
50988,-2.5,30.0,151.96360400255546
50989,-2.5,30.5,154.8655170005612
50990,-2.5,31.0,153.0971276852956
50991,-2.5,31.5,154.28466431361477
50992,-2.5,32.0,155.31934395115286
50993,-2.5,32.5,155.1003058139565
50994,-2.5,33.0,153.78102950412142
50995,-2.5,33.5,163.45774613353387
50996,-2.5,34.0,160.2373062920905
50997,-2.5,34.5,152.92665773643523
50998,-2.5,35.0,152.0295263089342
50999,-2.5,35.5,155.07154727913164
51000,-2.5,36.0,155.89458828881524
51001,-2.5,36.5,156.48140625654062
51002,-2.5,37.0,149.24807460400217
51003,-2.5,39.0,156.93919239071985
51004,-2.5,40.0,161.49558026354012
51005,-2.0,-38.5,169.11574551433884
51006,-2.0,-38.0,161.7511796455633
51007,-2.0,-37.5,160.38489485312743
51008,-2.0,-36.5,147.14259308224425
51009,-2.0,-36.0,148.8222218789892
51010,-2.0,-35.5,150.74965313115166
51011,-2.0,-35.0,157.529593950318
51012,-2.0,-34.5,150.52714075726686
51013,-2.0,-34.0,150.5501637983099
51014,-2.0,-33.5,148.95523873528532
51015,-2.0,-33.0,149.6769864351335
51016,-2.0,-32.5,151.2210567213697
51017,-2.0,-32.0,150.15784274612582
51018,-2.0,-31.5,148.72221251942318
51019,-2.0,-31.0,149.70261857537426
51020,-2.0,-30.5,147.15190756854076
51021,-2.0,-30.0,155.17385414534058
51022,-2.0,-29.5,148.0750011452076
51023,-2.0,-29.0,148.81854410108298
51024,-2.0,-28.5,148.73303550053453
51025,-2.0,-28.0,147.44885867699148
51026,-2.0,-27.5,161.65813163734066
51027,-2.0,-27.0,149.50816226456163
51028,-2.0,-26.5,158.14097773048474
51029,-2.0,-26.0,148.25788084938065
51030,-2.0,-25.5,148.91528105836633
51031,-2.0,-25.0,148.1881665913131
51032,-2.0,-24.5,158.4522042783149
51033,-2.0,-24.0,153.91629950988622
51034,-2.0,-23.5,154.67501428746462
51035,-2.0,-23.0,156.1954827845227
51036,-2.0,-22.5,150.4644579251299
51037,-2.0,-22.0,154.55253980123
51038,-2.0,-21.5,148.994261017164
51039,-2.0,-21.0,148.0336758759085
51040,-2.0,-20.5,148.55042334646978
51041,-2.0,-20.0,153.42596912061933
51042,-2.0,-19.5,151.23014744750682
51043,-2.0,-19.0,154.7243214628441
51044,-2.0,-18.5,149.20418009317302
51045,-2.0,-18.0,150.47555722561145
51046,-2.0,-17.5,151.05654841183124
51047,-2.0,-17.0,151.99002939228623
51048,-2.0,-16.5,152.33726692908562
51049,-2.0,-16.0,151.3857665274239
51050,-2.0,-15.5,151.1724494976124
51051,-2.0,-15.0,151.52484746114482
51052,-2.0,-14.5,154.26500154968429
51053,-2.0,-14.0,152.22166215968213
51054,-2.0,-13.5,151.72198074719748
51055,-2.0,-13.0,152.66836654246327
51056,-2.0,-12.0,152.56257869753554
51057,-2.0,-11.5,151.4419067624243
51058,-2.0,-11.0,152.06465680208316
51059,-2.0,-10.5,152.34882281767054
51060,-2.0,-10.0,152.9033916174074
51061,-2.0,-9.5,152.15984486933448
51062,-2.0,-9.0,151.6183090688245
51063,-2.0,-8.5,152.31027467511288
51064,-2.0,-8.0,150.64939553120382
51065,-2.0,-7.5,152.4232572793222
51066,-2.0,-7.0,152.7198284487516
51067,-2.0,-6.5,151.02166861532288
51068,-2.0,-5.0,150.53242424463858
51069,-2.0,-4.5,150.7908622863375
51070,-2.0,-4.0,150.98210850579352
51071,-2.0,-3.5,150.89483375972986
51072,-2.0,-2.5,155.4679305141774
51073,-2.0,-2.0,153.59933107993703
51074,-2.0,-1.5,148.62849065602433
51075,-2.0,-1.0,149.27049647231038
51076,-2.0,-0.5,152.72757152087536
51077,-2.0,0.0,149.37685783254778
51078,-2.0,1.0,148.61352218384476
51079,-2.0,1.5,152.27529836658593
51080,-2.0,2.5,148.80797740784286
51081,-2.0,3.0,149.3214123897953
51082,-2.0,3.5,150.9649344571902
51083,-2.0,4.0,147.9350740593091
51084,-2.0,4.5,151.3389072830868
51085,-2.0,5.0,151.4005319109151
51086,-2.0,5.5,151.4891168946765
51087,-2.0,6.0,149.71656537324571
51088,-2.0,6.5,151.59159479574097
51089,-2.0,7.0,152.11235800790885
51090,-2.0,7.5,147.90784372888385
51091,-2.0,8.0,150.42047938932723
51092,-2.0,8.5,157.52898958087326
51093,-2.0,9.0,154.23771030397364
51094,-2.0,9.5,154.23084998768405
51095,-2.0,10.0,152.64518076744204
51096,-2.0,10.5,151.93350252657757
51097,-2.0,11.0,154.24438398895072
51098,-2.0,11.5,154.68103434179076
51099,-2.0,12.0,156.83802444456802
51100,-2.0,12.5,156.49211817842837
51101,-2.0,13.0,155.40250319666285
51102,-2.0,13.5,156.88449785552606
51103,-2.0,14.0,154.28353471060618
51104,-2.0,14.5,157.4556860003403
51105,-2.0,15.0,162.49972523377136
51106,-2.0,15.5,170.76900756980297
51107,-2.0,16.5,150.93737784336452
51108,-2.0,17.0,152.66943333173012
51109,-2.0,17.5,149.36890189482986
51110,-2.0,18.0,152.1734478077675
51111,-2.0,18.5,159.70467824494722
51112,-2.0,19.0,154.98951427984593
51113,-2.0,19.5,160.22199658612257
51114,-2.0,20.0,153.80312849638406
51115,-2.0,20.5,156.6682400081069
51116,-2.0,21.0,175.8193573078996
51117,-2.0,21.5,159.9364971799732
51118,-2.0,22.0,157.58358735033096
51119,-2.0,22.5,160.56219827265545
51120,-2.0,23.5,154.41661434249633
51121,-2.0,24.0,159.84835600440036
51122,-2.0,24.5,156.2254219481318
51123,-2.0,25.0,150.04362778999953
51124,-2.0,25.5,151.86337009667037
51125,-2.0,26.0,151.95164302476056
51126,-2.0,26.5,153.3452022509107
51127,-2.0,27.0,158.82243805391172
51128,-2.0,27.5,147.96762528072287
51129,-2.0,28.0,151.66659815409713
51130,-2.0,28.5,151.81134143016678
51131,-2.0,29.0,149.11050141096186
51132,-2.0,29.5,149.44375259195468
51133,-2.0,30.0,150.05210891299294
51134,-2.0,30.5,149.99167143020188
51135,-2.0,31.0,152.18360029033826
51136,-2.0,31.5,156.6201212511644
51137,-2.0,32.0,155.5832124222632
51138,-2.0,32.5,152.33898933196042
51139,-2.0,33.5,160.03472394542734
51140,-2.0,34.0,160.40284016344833
51141,-2.0,34.5,150.5921339970189
51142,-2.0,35.0,155.5273714091582
51143,-2.0,35.5,155.28385193519884
51144,-2.0,36.0,155.01772762023276
51145,-2.0,36.5,150.77021290672354
51146,-2.0,37.0,153.34604705048682
51147,-2.0,39.0,156.633919011837
51148,-2.0,40.0,161.77713369092623
51149,-2.0,40.5,161.83939087889212
51150,-1.5,-38.5,168.05021004912933
51151,-1.5,-38.0,160.91363672734994
51152,-1.5,-37.5,159.3458913733073
51153,-1.5,-36.5,147.2624090511937
51154,-1.5,-36.0,148.39607359035028
51155,-1.5,-35.5,156.77426996819096
51156,-1.5,-35.0,157.53625642517508
51157,-1.5,-34.5,150.39523698949108
51158,-1.5,-34.0,150.35386388263052
51159,-1.5,-33.5,151.4796598899776
51160,-1.5,-33.0,150.55529020251464
51161,-1.5,-32.5,150.55976135153054
51162,-1.5,-32.0,149.6420909386742
51163,-1.5,-31.5,148.25529715541163
51164,-1.5,-31.0,151.2703844922567
51165,-1.5,-30.5,147.96296439817482
51166,-1.5,-30.0,152.40255179721427
51167,-1.5,-29.5,151.60667567218994
51168,-1.5,-29.0,148.8611252470357
51169,-1.5,-28.5,148.79603780239722
51170,-1.5,-28.0,154.5481064097602
51171,-1.5,-27.5,153.18132715253026
51172,-1.5,-27.0,150.04416621055702
51173,-1.5,-26.5,154.23826734138538
51174,-1.5,-26.0,147.86566577419964
51175,-1.5,-25.5,148.6383353404367
51176,-1.5,-25.0,148.6613258501351
51177,-1.5,-24.5,165.82987462677568
51178,-1.5,-24.0,149.21723906019503
51179,-1.5,-23.5,155.12886659279127
51180,-1.5,-23.0,159.4097362327635
51181,-1.5,-22.5,152.9859848605293
51182,-1.5,-22.0,154.36189633748995
51183,-1.5,-21.5,150.5275035970199
51184,-1.5,-21.0,148.37465906699887
51185,-1.5,-20.5,157.72423347227112
51186,-1.5,-20.0,153.69915028305275
51187,-1.5,-19.5,149.03700360107277
51188,-1.5,-19.0,148.9611882500715
51189,-1.5,-18.5,150.93993270830356
51190,-1.5,-18.0,150.05216985987326
51191,-1.5,-17.5,150.80053089546428
51192,-1.5,-17.0,152.3666993748363
51193,-1.5,-16.5,152.38655176410086
51194,-1.5,-16.0,150.81441508587517
51195,-1.5,-15.5,152.4088347529867
51196,-1.5,-14.5,152.61456545058977
51197,-1.5,-14.0,152.91705222496657
51198,-1.5,-13.5,155.71863245324238
51199,-1.5,-13.0,151.8140030148505
51200,-1.5,-12.5,153.2465068546365
51201,-1.5,-12.0,151.7761714658242
51202,-1.5,-11.5,151.07450285923053
51203,-1.5,-11.0,151.71404490435486
51204,-1.5,-10.5,151.72676993462795
51205,-1.5,-10.0,152.8535069710291
51206,-1.5,-9.5,153.25646082666367
51207,-1.5,-9.0,153.49739393335415
51208,-1.5,-8.5,151.68719947286542
51209,-1.5,-8.0,151.80935151969064
51210,-1.5,-7.5,151.40593480734515
51211,-1.5,-7.0,151.85519384824005
51212,-1.5,-5.5,150.39061360065196
51213,-1.5,-5.0,150.8395884988333
51214,-1.5,-4.5,150.85948049071186
51215,-1.5,-4.0,150.96281995332063
51216,-1.5,-2.0,153.8863855341157
51217,-1.5,-1.5,150.9000419098901
51218,-1.5,-1.0,150.66993465045576
51219,-1.5,-0.5,150.6142808241081
51220,-1.5,0.0,148.01751288385265
51221,-1.5,0.5,147.98106195624445
51222,-1.5,1.0,151.3948790509803
51223,-1.5,1.5,148.0596234133501
51224,-1.5,2.0,148.79140721588692
51225,-1.5,2.5,149.43031672647305
51226,-1.5,3.0,149.80728439080826
51227,-1.5,3.5,148.1015835178839
51228,-1.5,4.0,149.7230747186349
51229,-1.5,4.5,151.10991956406414
51230,-1.5,5.0,153.10395255024753
51231,-1.5,5.5,147.27478694702341
51232,-1.5,6.0,148.5906525738836
51233,-1.5,6.5,152.78307666033254
51234,-1.5,7.0,153.9275053843593
51235,-1.5,7.5,149.0526365293624
51236,-1.5,8.0,151.1885181393784
51237,-1.5,8.5,153.96494727317733
51238,-1.5,9.0,160.09984497347307
51239,-1.5,9.5,156.19967812659533
51240,-1.5,10.0,154.30370726853076
51241,-1.5,10.5,156.2733614001797
51242,-1.5,11.0,152.8464566868844
51243,-1.5,11.5,154.7321240508534
51244,-1.5,12.0,154.46123065596066
51245,-1.5,12.5,155.4351027736142
51246,-1.5,13.0,156.5826693318392
51247,-1.5,13.5,154.20822465160853
51248,-1.5,14.0,155.71710499361157
51249,-1.5,14.5,157.7810280555774
51250,-1.5,15.5,170.73332300897684
51251,-1.5,16.5,148.9618059821045
51252,-1.5,17.0,153.27638365123352
51253,-1.5,17.5,150.7089120986951
51254,-1.5,18.0,154.68073322611752
51255,-1.5,18.5,161.3294317827806
51256,-1.5,19.0,154.03457111653822
51257,-1.5,19.5,167.87718277730932
51258,-1.5,20.0,153.9184740805683
51259,-1.5,21.5,154.28953965247513
51260,-1.5,22.0,159.78258832987214
51261,-1.5,22.5,160.94748713970594
51262,-1.5,23.0,160.771573674568
51263,-1.5,23.5,157.1037352588694
51264,-1.5,24.0,160.1550617531742
51265,-1.5,24.5,157.53545120458762
51266,-1.5,25.0,151.64284108321155
51267,-1.5,25.5,153.44078092692908
51268,-1.5,26.0,152.1080993218413
51269,-1.5,26.5,157.35007599598222
51270,-1.5,27.0,145.58100908137288
51271,-1.5,27.5,149.87787107701155
51272,-1.5,28.0,151.92204557178619
51273,-1.5,28.5,150.6747923254959
51274,-1.5,29.0,150.48862059764167
51275,-1.5,29.5,148.96956838026247
51276,-1.5,30.0,149.6751946485728
51277,-1.5,30.5,149.89273495493592
51278,-1.5,31.0,151.3823287692594
51279,-1.5,31.5,164.2340119888135
51280,-1.5,32.0,154.85383373531315
51281,-1.5,32.5,154.3869071826686
51282,-1.5,33.0,149.2466546431555
51283,-1.5,33.5,159.8183247759449
51284,-1.5,34.0,148.3188902479649
51285,-1.5,34.5,150.80084801288425
51286,-1.5,35.0,154.87828816940117
51287,-1.5,35.5,158.52282973388427
51288,-1.5,36.0,154.67640064143782
51289,-1.5,36.5,150.39495695009666
51290,-1.5,37.0,151.72138027104356
51291,-1.5,39.0,156.71135769273724
51292,-1.5,40.5,161.97415399596014
51293,-1.0,-38.5,167.51741263761986
51294,-1.0,-38.0,159.58638567610973
51295,-1.0,-37.5,158.76034207141038
51296,-1.0,-36.5,147.37207637342055
51297,-1.0,-36.0,148.78768973411474
51298,-1.0,-35.0,158.55052818744184
51299,-1.0,-34.5,150.71810567661973
51300,-1.0,-34.0,150.68451375964693
51301,-1.0,-33.5,150.45923552072642
51302,-1.0,-33.0,151.20518734130658
51303,-1.0,-32.5,150.2682181831076
51304,-1.0,-32.0,149.28290318338424
51305,-1.0,-31.5,149.76061217178827
51306,-1.0,-31.0,150.24155820662133
51307,-1.0,-30.5,148.34531540986973
51308,-1.0,-30.0,153.36810327869222
51309,-1.0,-29.5,150.4294976477895
51310,-1.0,-29.0,148.18084108781505
51311,-1.0,-28.5,148.8206158007515
51312,-1.0,-28.0,156.01614950920452
51313,-1.0,-27.5,147.78527030535088
51314,-1.0,-27.0,156.38416908170836
51315,-1.0,-26.5,148.2590249615093
51316,-1.0,-26.0,146.7221205315806
51317,-1.0,-25.5,149.0210229778926
51318,-1.0,-25.0,164.9006569988664
51319,-1.0,-24.5,155.74479747271843
51320,-1.0,-24.0,148.34682425590313
51321,-1.0,-23.5,155.25269415669553
51322,-1.0,-23.0,153.65365572764335
51323,-1.0,-22.5,157.00453414804517
51324,-1.0,-22.0,148.75845292551935
51325,-1.0,-21.5,152.1491715671275
51326,-1.0,-21.0,148.20393100006748
51327,-1.0,-20.5,149.28007939377113
51328,-1.0,-20.0,149.1232197978461
51329,-1.0,-19.5,147.76868736076645
51330,-1.0,-19.0,150.9553959283072
51331,-1.0,-18.5,150.44143843836554
51332,-1.0,-18.0,150.67599947486843
51333,-1.0,-17.5,151.20462138755613
51334,-1.0,-17.0,151.89250871692556
51335,-1.0,-16.5,150.9919346169497
51336,-1.0,-16.0,152.33563611681825
51337,-1.0,-15.5,152.78230958503428
51338,-1.0,-15.0,152.9960618746522
51339,-1.0,-14.5,151.84988480090198
51340,-1.0,-14.0,154.444567311376
51341,-1.0,-13.5,155.0219125170991
51342,-1.0,-13.0,151.61956634948433
51343,-1.0,-12.5,152.51659238071457
51344,-1.0,-12.0,152.25915834942543
51345,-1.0,-11.5,152.536752517346
51346,-1.0,-11.0,150.34584368802768
51347,-1.0,-10.5,152.67107560078944
51348,-1.0,-10.0,152.9175641374476
51349,-1.0,-9.0,153.71093235070148
51350,-1.0,-8.5,150.64962570132312
51351,-1.0,-8.0,152.23943340992656
51352,-1.0,-7.5,154.1433140317418
51353,-1.0,-7.0,151.73004723704796
51354,-1.0,-6.5,153.71851556817316
51355,-1.0,-6.0,150.436489552098
51356,-1.0,-5.5,150.7410092409991
51357,-1.0,-4.5,150.8622126967303
51358,-1.0,-4.0,174.03779019417306
51359,-1.0,-1.5,153.96950958518238
51360,-1.0,-1.0,151.20015208872258
51361,-1.0,-0.5,148.5557767372569
51362,-1.0,0.0,148.52470543467442
51363,-1.0,0.5,150.0250746495264
51364,-1.0,1.0,148.12066618065376
51365,-1.0,1.5,147.79432409479782
51366,-1.0,2.0,148.44347425586716
51367,-1.0,2.5,151.0099503085999
51368,-1.0,3.5,148.7012955459496
51369,-1.0,4.0,150.80639968559692
51370,-1.0,4.5,150.31795566572885
51371,-1.0,5.0,151.5886493538403
51372,-1.0,5.5,148.4755597244887
51373,-1.0,6.0,150.34508302485332
51374,-1.0,6.5,150.98218798572216
51375,-1.0,7.0,154.23659843070777
51376,-1.0,7.5,149.01692866588988
51377,-1.0,8.0,152.441736014376
51378,-1.0,8.5,153.48792731415415
51379,-1.0,9.0,157.26806484785837
51380,-1.0,9.5,159.37452944396256
51381,-1.0,10.0,157.5683738684866
51382,-1.0,10.5,156.92176918843552
51383,-1.0,11.0,153.58679741738885
51384,-1.0,11.5,154.1793293225942
51385,-1.0,12.0,154.02329988341904
51386,-1.0,12.5,156.34884971907493
51387,-1.0,13.0,156.48962187931056
51388,-1.0,13.5,152.67058201419397
51389,-1.0,14.0,157.44237803014005
51390,-1.0,15.5,170.75919342640094
51391,-1.0,16.0,166.90289560909298
51392,-1.0,16.5,151.85502658619126
51393,-1.0,17.0,153.15345596939116
51394,-1.0,17.5,152.95210177435482
51395,-1.0,18.0,158.0462884086382
51396,-1.0,18.5,153.3355030431242
51397,-1.0,19.0,152.21779797183984
51398,-1.0,19.5,156.0550167645984
51399,-1.0,20.0,170.29945001793385
51400,-1.0,20.5,151.98198179395217
51401,-1.0,21.0,155.04281631365149
51402,-1.0,21.5,161.60971008177148
51403,-1.0,22.0,160.0711484035277
51404,-1.0,22.5,159.34095626459458
51405,-1.0,23.0,157.677818535824
51406,-1.0,23.5,161.98317554625166
51407,-1.0,24.0,155.93025553204646
51408,-1.0,24.5,157.92191797269112
51409,-1.0,25.0,157.86020754920372
51410,-1.0,25.5,156.77128415996788
51411,-1.0,26.0,151.3792430610313
51412,-1.0,26.5,155.5477249591324
51413,-1.0,27.0,145.6097048020213
51414,-1.0,27.5,151.96374505931624
51415,-1.0,28.0,153.43752437619494
51416,-1.0,28.5,151.52568195177128
51417,-1.0,29.0,150.5824112098587
51418,-1.0,29.5,147.72499125242476
51419,-1.0,30.0,149.55259007521545
51420,-1.0,30.5,151.6867082243082
51421,-1.0,31.0,148.9929662620336
51422,-1.0,31.5,165.61860101190047
51423,-1.0,32.5,154.99287384539093
51424,-1.0,33.0,152.3025605193674
51425,-1.0,33.5,149.84616239470495
51426,-1.0,34.0,156.54933833088083
51427,-1.0,34.5,152.73988868978162
51428,-1.0,35.0,157.4039493209958
51429,-1.0,35.5,158.9072010976186
51430,-1.0,36.0,156.34919502242943
51431,-1.0,36.5,153.44278411739788
51432,-1.0,37.0,151.8435669642489
51433,-1.0,39.0,156.3136300989246
51434,-1.0,40.5,162.3356374556018
51435,-0.5,-38.5,166.37626144217404
51436,-0.5,-38.0,158.6492927197212
51437,-0.5,-37.5,157.88257305498846
51438,-0.5,-37.0,160.22516870638205
51439,-0.5,-36.5,147.64666309885294
51440,-0.5,-36.0,149.18028351557004
51441,-0.5,-35.0,155.1193737877757
51442,-0.5,-34.5,155.4036570952723
51443,-0.5,-34.0,151.02945274027712
51444,-0.5,-33.5,149.72853388217348
51445,-0.5,-33.0,151.12221239898955
51446,-0.5,-32.5,151.3995251093641
51447,-0.5,-32.0,148.944435716734
51448,-0.5,-31.5,150.45512800888588
51449,-0.5,-31.0,150.18570887411997
51450,-0.5,-30.5,149.3174650678181
51451,-0.5,-30.0,146.7013352019294
51452,-0.5,-29.5,151.71352167166418
51453,-0.5,-29.0,148.20327989449163
51454,-0.5,-28.5,148.98631838720925
51455,-0.5,-28.0,153.7775543173377
51456,-0.5,-27.5,152.86017634767586
51457,-0.5,-27.0,154.0469998087972
51458,-0.5,-26.5,148.88616106324721
51459,-0.5,-26.0,146.9082560146246
51460,-0.5,-25.5,150.01791646314086
51461,-0.5,-25.0,162.3981350208889
51462,-0.5,-24.5,148.30014274926606
51463,-0.5,-24.0,152.45713221450484
51464,-0.5,-23.5,154.0718548854621
51465,-0.5,-23.0,156.0562253658667
51466,-0.5,-22.5,153.23120408292544
51467,-0.5,-22.0,149.06198539368117
51468,-0.5,-21.5,152.32325254538142
51469,-0.5,-21.0,150.828626189002
51470,-0.5,-20.5,148.05900611812663
51471,-0.5,-20.0,149.15021414129873
51472,-0.5,-19.5,149.55402324964703
51473,-0.5,-19.0,149.87360358023923
51474,-0.5,-18.5,152.19325627734094
51475,-0.5,-18.0,152.12609863047845
51476,-0.5,-17.5,150.61392652085232
51477,-0.5,-17.0,150.543951817381
51478,-0.5,-16.5,152.70702289229772
51479,-0.5,-16.0,152.6980576147893
51480,-0.5,-15.5,152.6222064405386
51481,-0.5,-15.0,152.44575413789946
51482,-0.5,-14.5,152.32960355137965
51483,-0.5,-13.5,153.34381762041588
51484,-0.5,-13.0,152.50928933500893
51485,-0.5,-12.5,151.51168182923027
51486,-0.5,-12.0,152.57938674203047
51487,-0.5,-11.5,150.815837362446
51488,-0.5,-11.0,152.91201261472668
51489,-0.5,-10.5,151.66957534700597
51490,-0.5,-10.0,153.94776657288753
51491,-0.5,-9.0,151.92786183489497
51492,-0.5,-8.5,153.76036042442738
51493,-0.5,-8.0,150.83276918910778
51494,-0.5,-7.5,152.20807010733182
51495,-0.5,-7.0,158.4299041542825
51496,-0.5,-6.5,152.92658916836734
51497,-0.5,-6.0,150.97323116136187
51498,-0.5,-5.5,151.22081162085385
51499,-0.5,-5.0,151.00060950008682
51500,-0.5,-4.5,151.0513621713603
51501,-0.5,-1.5,152.1213296336677
51502,-0.5,-1.0,154.5958017673765
51503,-0.5,-0.5,148.5113791047697
51504,-0.5,0.0,149.37574628916124
51505,-0.5,0.5,150.79878277568557
51506,-0.5,1.0,147.29068194096124
51507,-0.5,1.5,148.4237072837877
51508,-0.5,2.0,149.44442752584493
51509,-0.5,2.5,148.17431243715515
51510,-0.5,3.5,150.50728024075286
51511,-0.5,4.0,149.76900254757132
51512,-0.5,4.5,150.27126075214508
51513,-0.5,5.0,150.00923880552995
51514,-0.5,5.5,154.08526858376266
51515,-0.5,6.0,150.22422837406478
51516,-0.5,6.5,151.07561237364388
51517,-0.5,7.0,153.96933590549304
51518,-0.5,7.5,148.4904221360874
51519,-0.5,8.0,153.72481776459009
51520,-0.5,8.5,156.36842771988591
51521,-0.5,9.0,155.72377895500992
51522,-0.5,9.5,157.8265111315037
51523,-0.5,10.0,162.064359902409
51524,-0.5,10.5,154.93063240380897
51525,-0.5,11.0,154.87013281474842
51526,-0.5,11.5,153.8792052833793
51527,-0.5,12.0,156.50808404734158
51528,-0.5,12.5,156.14656321757406
51529,-0.5,13.0,155.96570619940715
51530,-0.5,13.5,157.08025237547795
51531,-0.5,14.0,157.13562067067997
51532,-0.5,14.5,154.15599387638702
51533,-0.5,15.0,155.55937956115693
51534,-0.5,15.5,150.74353448833037
51535,-0.5,16.0,166.89204534055716
51536,-0.5,17.5,163.07302536612482
51537,-0.5,18.0,154.7916314071612
51538,-0.5,18.5,151.72347669440893
51539,-0.5,19.0,163.8122541131652
51540,-0.5,19.5,153.70265531084965
51541,-0.5,20.0,160.30432809445364
51542,-0.5,20.5,157.12431799619313
51543,-0.5,21.0,153.77048936710423
51544,-0.5,21.5,161.93069801182762
51545,-0.5,22.0,162.85243708556388
51546,-0.5,22.5,159.43228269892606
51547,-0.5,23.0,156.99215891552467
51548,-0.5,23.5,159.19583616061425
51549,-0.5,24.0,159.89830345579045
51550,-0.5,24.5,156.9811037699771
51551,-0.5,25.0,158.10280382307394
51552,-0.5,25.5,155.6365409754827
51553,-0.5,26.0,155.61971372779885
51554,-0.5,26.5,157.75484937899398
51555,-0.5,27.0,160.5673462364057
51556,-0.5,27.5,154.74047303530696
51557,-0.5,28.0,152.58927010738742
51558,-0.5,28.5,153.80561803224973
51559,-0.5,29.0,151.223573549858
51560,-0.5,29.5,148.11977670530078
51561,-0.5,30.0,150.00610198295666
51562,-0.5,30.5,152.51273122935328
51563,-0.5,31.0,155.83230644851275
51564,-0.5,31.5,163.52352459046125
51565,-0.5,32.0,155.8691637450559
51566,-0.5,32.5,154.96083904411387
51567,-0.5,33.0,152.43936530806124
51568,-0.5,33.5,157.0099504634529
51569,-0.5,34.0,155.38450152952686
51570,-0.5,34.5,150.72335418491187
51571,-0.5,35.0,151.6890981553227
51572,-0.5,35.5,158.61893388325748
51573,-0.5,36.0,156.71065491492507
51574,-0.5,36.5,152.29125484331706
51575,-0.5,37.0,152.21316388917947
51576,-0.5,39.0,155.9963827001096
51577,-0.5,40.5,162.62413545999752
51578,0.0,-38.5,164.3936450397611
51579,0.0,-38.0,162.18041464924144
51580,0.0,-37.5,157.13520677647335
51581,0.0,-37.0,159.95049708699145
51582,0.0,-36.5,147.47182230964066
51583,0.0,-36.0,149.80608483658918
51584,0.0,-35.5,149.00213184470738
51585,0.0,-35.0,153.00440543394225
51586,0.0,-34.5,154.11043846049157
51587,0.0,-34.0,153.04581672479685
51588,0.0,-33.5,149.9582924497348
51589,0.0,-33.0,150.65355298941645
51590,0.0,-32.5,150.9556552235649
51591,0.0,-32.0,148.67760397204412
51592,0.0,-31.5,150.50204414878831
51593,0.0,-31.0,150.6090710919485
51594,0.0,-30.5,151.32596796393835
51595,0.0,-30.0,146.63346855897072
51596,0.0,-29.5,151.57004581210063
51597,0.0,-29.0,147.5796065425716
51598,0.0,-28.5,152.6182051299354
51599,0.0,-28.0,149.43409421409655
51600,0.0,-27.5,157.4266231468542
51601,0.0,-27.0,152.02750555578118
51602,0.0,-26.5,149.69470893681765
51603,0.0,-26.0,147.59656338675907
51604,0.0,-25.5,153.05614531529025
51605,0.0,-25.0,153.9813261746762
51606,0.0,-24.5,148.0220094169828
51607,0.0,-24.0,156.18390247272927
51608,0.0,-23.5,148.1902597373968
51609,0.0,-23.0,156.06305673508442
51610,0.0,-22.5,150.72211600428378
51611,0.0,-22.0,150.6008146894596
51612,0.0,-21.5,149.05107148391693
51613,0.0,-21.0,151.48519906316938
51614,0.0,-20.5,149.37026689722867
51615,0.0,-20.0,148.71941464286925
51616,0.0,-19.5,151.01959082474133
51617,0.0,-19.0,151.0296462270012
51618,0.0,-18.5,149.27612160196313
51619,0.0,-18.0,151.29700631908042
51620,0.0,-17.5,151.77913458025432
51621,0.0,-17.0,149.6964372547134
51622,0.0,-16.5,154.3456221368554
51623,0.0,-15.5,152.27194972399536
51624,0.0,-15.0,151.59780540442864
51625,0.0,-14.5,153.6724803130011
51626,0.0,-13.5,151.45092014755116
51627,0.0,-13.0,153.51835663498517
51628,0.0,-12.5,151.09227661313298
51629,0.0,-12.0,151.68565544904686
51630,0.0,-11.5,152.68945057120723
51631,0.0,-11.0,152.32768308684155
51632,0.0,-10.5,152.8856607076886
51633,0.0,-10.0,152.7930864781255
51634,0.0,-9.5,154.27248982373382
51635,0.0,-9.0,150.96715536186673
51636,0.0,-8.5,153.46728396356633
51637,0.0,-8.0,150.90417408964183
51638,0.0,-7.5,155.01982235367575
51639,0.0,-7.0,154.0032584550951
51640,0.0,-6.5,152.89820478860452
51641,0.0,-6.0,152.41959385964068
51642,0.0,-5.5,151.17009904774028
51643,0.0,-5.0,150.78794851949195
51644,0.0,-2.0,152.12418883405346
51645,0.0,-1.5,152.13200671878474
51646,0.0,-1.0,152.43026437844344
51647,0.0,-0.5,150.73048236697625
51648,0.0,0.0,149.7860361077315
51649,0.0,0.5,148.19105219183376
51650,0.0,1.0,149.0834324098785
51651,0.0,1.5,148.61637127779736
51652,0.0,2.0,150.73413285588674
51653,0.0,2.5,147.79750767808235
51654,0.0,3.0,149.52999136522817
51655,0.0,3.5,150.50563948314175
51656,0.0,4.0,148.52802706835422
51657,0.0,4.5,149.61188548378277
51658,0.0,5.0,150.00916176305333
51659,0.0,5.5,153.20124770459623
51660,0.0,6.0,154.65617082118453
51661,0.0,6.5,152.39561008913034
51662,0.0,7.0,154.85416863665048
51663,0.0,7.5,154.25212653372344
51664,0.0,8.0,156.30990462648273
51665,0.0,8.5,154.8836380415678
51666,0.0,9.0,154.4030990323377
51667,0.0,10.0,160.31824959349004
51668,0.0,10.5,154.8464433193152
51669,0.0,11.0,153.28510767481848
51670,0.0,11.5,154.25397687843926
51671,0.0,12.0,156.12973777954656
51672,0.0,12.5,155.50957555302296
51673,0.0,13.0,157.68240303556723
51674,0.0,13.5,157.72935884477263
51675,0.0,14.0,156.7294582915684
51676,0.0,15.0,154.40406918909335
51677,0.0,15.5,153.8440321323818
51678,0.0,16.0,170.73151298979957
51679,0.0,16.5,170.75834698164186
51680,0.0,17.0,163.34705696924968
51681,0.0,17.5,163.08894717610426
51682,0.0,18.0,152.89826755651393
51683,0.0,18.5,155.84290979436176
51684,0.0,19.0,159.45516502212232
51685,0.0,19.5,164.4594084596701
51686,0.0,20.0,153.40634313407617
51687,0.0,20.5,151.9189189747934
51688,0.0,21.0,152.70576031570192
51689,0.0,21.5,161.09878420428223
51690,0.0,22.0,168.97636797682625
51691,0.0,22.5,161.99124695975735
51692,0.0,23.0,159.34785958426176
51693,0.0,23.5,158.25036792499662
51694,0.0,24.0,154.4583617109172
51695,0.0,24.5,158.46761245363297
51696,0.0,25.0,155.77599663714486
51697,0.0,25.5,157.06473226927866
51698,0.0,26.0,159.9686553327637
51699,0.0,26.5,158.5384598049096
51700,0.0,27.0,157.40132186677508
51701,0.0,27.5,157.14640498800136
51702,0.0,28.0,156.8416226364079
51703,0.0,28.5,156.75598007587644
51704,0.0,29.0,151.7831746595056
51705,0.0,29.5,151.9460700555917
51706,0.0,30.0,150.93022766236487
51707,0.0,30.5,150.12562882930882
51708,0.0,31.0,159.61309014350078
51709,0.0,31.5,151.832378377647
51710,0.0,32.0,160.7147496201855
51711,0.0,32.5,158.24345343310844
51712,0.0,33.0,149.8364427706538
51713,0.0,33.5,158.82594528135286
51714,0.0,34.0,156.03964441529115
51715,0.0,34.5,152.6927778818891
51716,0.0,35.0,154.41584840536908
51717,0.0,35.5,160.12974296106424
51718,0.0,36.0,154.86056907489254
51719,0.0,36.5,151.44868137943334
51720,0.0,37.0,151.27064361102816
51721,0.0,39.0,156.92867292406882
51722,0.0,40.5,162.88801936161326
51723,0.0,41.0,163.15680459181567
51724,0.5,-38.0,161.53814485221403
51725,0.5,-37.5,156.36601132067165
51726,0.5,-36.5,148.22154418239546
51727,0.5,-36.0,149.07543943109584
51728,0.5,-35.5,149.14316294947236
51729,0.5,-35.0,153.7725168965958
51730,0.5,-34.5,153.3404845129779
51731,0.5,-34.0,153.88972481581234
51732,0.5,-33.5,151.80299993271896
51733,0.5,-33.0,150.16576327699636
51734,0.5,-32.5,151.443345404001
51735,0.5,-32.0,149.7307535458748
51736,0.5,-31.5,150.0446308683283
51737,0.5,-31.0,152.04275496933994
51738,0.5,-30.5,148.42238796628263
51739,0.5,-30.0,148.10516418869014
51740,0.5,-29.5,151.9795396615812
51741,0.5,-29.0,147.83809583635596
51742,0.5,-28.5,156.20399700762596
51743,0.5,-28.0,147.85663891086494
51744,0.5,-27.5,153.67982936970049
51745,0.5,-27.0,153.03681567352936
51746,0.5,-26.5,147.03885475554472
51747,0.5,-26.0,148.39680882302648
51748,0.5,-25.5,164.4209606751207
51749,0.5,-25.0,148.85462102162742
51750,0.5,-24.5,150.5510416276054
51751,0.5,-24.0,154.66714546578487
51752,0.5,-23.5,160.61183697343446
51753,0.5,-23.0,151.58079518140013
51754,0.5,-22.5,150.12353608084084
51755,0.5,-22.0,152.58661236484093
51756,0.5,-21.5,149.71016572866424
51757,0.5,-21.0,151.0917576255303
51758,0.5,-20.5,151.0412889533355
51759,0.5,-20.0,148.57615686165454
51760,0.5,-19.5,150.39819472426228
51761,0.5,-19.0,150.135829337333
51762,0.5,-18.5,149.75523296757152
51763,0.5,-18.0,150.9372191864688
51764,0.5,-17.5,151.04039499321294
51765,0.5,-17.0,151.640671400974
51766,0.5,-16.5,153.91064208907167
51767,0.5,-16.0,156.7349612318779
51768,0.5,-15.5,151.82905508595547
51769,0.5,-15.0,152.81618422368
51770,0.5,-14.5,154.0972164033986
51771,0.5,-14.0,154.06564328874413
51772,0.5,-13.5,152.08056274772724
51773,0.5,-13.0,151.61928720359916
51774,0.5,-12.5,153.2709209068581
51775,0.5,-12.0,149.6429453574012
51776,0.5,-11.5,152.9285691128416
51777,0.5,-11.0,153.4771484927703
51778,0.5,-10.5,153.54846370864328
51779,0.5,-10.0,151.25962817854185
51780,0.5,-9.5,152.88950110017913
51781,0.5,-9.0,152.54315252524145
51782,0.5,-8.5,150.5529037534607
51783,0.5,-8.0,154.43924946301604
51784,0.5,-7.5,155.21134974221624
51785,0.5,-7.0,151.35224683453058
51786,0.5,-6.5,152.76171349404552
51787,0.5,-6.0,157.2477376690845
51788,0.5,-5.5,152.6443289806524
51789,0.5,-2.5,151.92617314486776
51790,0.5,-2.0,152.04381144653277
51791,0.5,-1.0,150.09458806488246
51792,0.5,-0.5,151.67246788526148
51793,0.5,0.0,151.22999783183232
51794,0.5,0.5,148.3881451316706
51795,0.5,1.0,148.61521264095032
51796,0.5,1.5,150.27936954583802
51797,0.5,2.0,147.18855583413657
51798,0.5,2.5,148.98868957549053
51799,0.5,3.0,149.30612878008787
51800,0.5,3.5,149.10302877754015
51801,0.5,4.0,149.42302001640866
51802,0.5,4.5,149.4230004706731
51803,0.5,5.0,153.19968535246215
51804,0.5,5.5,151.0969825575621
51805,0.5,6.0,157.88136695285485
51806,0.5,6.5,151.77339428965456
51807,0.5,7.0,148.81359732389103
51808,0.5,7.5,154.94525192760076
51809,0.5,8.0,148.88644401386824
51810,0.5,8.5,148.9265102646264
51811,0.5,9.0,152.88576552731772
51812,0.5,9.5,151.25735908636085
51813,0.5,10.0,154.61443550549438
51814,0.5,10.5,161.4426286717095
51815,0.5,11.0,153.98214246517574
51816,0.5,11.5,156.37401161217093
51817,0.5,12.0,155.75693307783163
51818,0.5,12.5,156.96849430990827
51819,0.5,13.0,157.40707854663094
51820,0.5,13.5,158.384137304639
51821,0.5,14.0,157.59655010023258
51822,0.5,15.0,154.71948795200433
51823,0.5,15.5,154.53753070729417
51824,0.5,16.0,156.3062112602517
51825,0.5,16.5,166.08773604993192
51826,0.5,17.0,164.12376916982168
51827,0.5,18.0,163.41363468674118
51828,0.5,18.5,160.57599062006148
51829,0.5,19.0,153.35065884858278
51830,0.5,19.5,163.25217686337183
51831,0.5,20.0,162.13571274792795
51832,0.5,20.5,151.57926504102025
51833,0.5,21.0,154.1374889912655
51834,0.5,21.5,150.62274844747904
51835,0.5,22.0,151.39810899946977
51836,0.5,22.5,162.47747356719967
51837,0.5,23.0,158.2525066412018
51838,0.5,23.5,159.2171297968887
51839,0.5,24.0,153.66061409494577
51840,0.5,24.5,156.7544260478216
51841,0.5,25.0,157.61817997796314
51842,0.5,25.5,160.12949796837503
51843,0.5,26.0,156.7169582525516
51844,0.5,26.5,156.42233155231125
51845,0.5,27.0,159.0233396648772
51846,0.5,27.5,157.14736599742713
51847,0.5,28.0,156.6629046769064
51848,0.5,28.5,156.16195727669
51849,0.5,29.0,155.190318422147
51850,0.5,29.5,154.36610472105681
51851,0.5,30.5,148.6999658584591
51852,0.5,31.0,155.03522153441898
51853,0.5,31.5,148.09496167430083
51854,0.5,32.5,154.58107316338442
51855,0.5,33.0,148.83237871468233
51856,0.5,33.5,150.25538286055306
51857,0.5,34.0,154.0318474747171
51858,0.5,34.5,154.73268536672018
51859,0.5,35.0,158.30278881230606
51860,0.5,35.5,157.532159049127
51861,0.5,36.0,154.04376865272974
51862,0.5,36.5,151.57336934423137
51863,0.5,37.0,150.90041299931548
51864,0.5,39.0,157.76593759799758
51865,0.5,41.0,163.30626521045997
51866,1.0,-38.0,161.24099668066728
51867,1.0,-37.5,155.7979467229913
51868,1.0,-37.0,146.7624602343453
51869,1.0,-36.5,149.08231945288506
51870,1.0,-36.0,148.65368728073352
51871,1.0,-35.5,149.3053459918087
51872,1.0,-35.0,153.0270069642253
51873,1.0,-34.5,151.76314629544046
51874,1.0,-34.0,152.92250447652034
51875,1.0,-33.5,152.03450574167434
51876,1.0,-33.0,149.94782231579524
51877,1.0,-32.5,149.14989494496007
51878,1.0,-32.0,150.10758173050564
51879,1.0,-31.5,149.3863365349461
51880,1.0,-31.0,152.95393379782553
51881,1.0,-30.5,146.79050552790582
51882,1.0,-30.0,148.89340043996216
51883,1.0,-29.5,149.14609491041563
51884,1.0,-29.0,150.10437961710852
51885,1.0,-28.5,155.9633743096428
51886,1.0,-28.0,148.77745307357588
51887,1.0,-27.5,152.44463776251908
51888,1.0,-27.0,151.563038295622
51889,1.0,-26.5,149.04012863528087
51890,1.0,-26.0,148.65381526702913
51891,1.0,-25.5,153.93114516678912
51892,1.0,-25.0,149.3080981819022
51893,1.0,-24.5,155.52915445880842
51894,1.0,-24.0,148.27682383199846
51895,1.0,-23.5,160.3030179705355
51896,1.0,-23.0,148.75343884217892
51897,1.0,-22.5,149.33263017264446
51898,1.0,-22.0,151.16962319042003
51899,1.0,-21.5,151.5023789971857
51900,1.0,-21.0,149.3615587827914
51901,1.0,-20.5,150.87813517855741
51902,1.0,-20.0,150.0813980859426
51903,1.0,-19.5,148.97063270035042
51904,1.0,-19.0,150.65401808106483
51905,1.0,-18.5,150.38109039865645
51906,1.0,-18.0,150.51725014030498
51907,1.0,-17.5,150.9742159582008
51908,1.0,-17.0,150.411798511092
51909,1.0,-16.5,149.1502542271813
51910,1.0,-16.0,155.87298291122434
51911,1.0,-15.5,151.3481155318075
51912,1.0,-15.0,153.23536841399329
51913,1.0,-14.5,154.0970135204437
51914,1.0,-14.0,153.4642483474393
51915,1.0,-13.5,151.42625910957005
51916,1.0,-13.0,151.23777568233123
51917,1.0,-12.5,151.77024934513017
51918,1.0,-12.0,152.11740552844552
51919,1.0,-11.5,151.57988350836166
51920,1.0,-11.0,153.73009876779818
51921,1.0,-10.5,153.17582476232826
51922,1.0,-10.0,151.169939060855
51923,1.0,-9.5,152.10368821042115
51924,1.0,-9.0,153.66996640078577
51925,1.0,-8.5,151.54486149837103
51926,1.0,-8.0,155.48292954463017
51927,1.0,-7.5,153.299230420399
51928,1.0,-7.0,152.29496856346927
51929,1.0,-6.5,151.68918692285988
51930,1.0,-6.0,153.17430116817934
51931,1.0,-5.5,156.8005150390866
51932,1.0,-5.0,152.791102368441
51933,1.0,-3.0,151.7319760055319
51934,1.0,-2.5,151.7911057256146
51935,1.0,-1.5,149.43573951342552
51936,1.0,-1.0,150.4501104442504
51937,1.0,-0.5,151.4436764990088
51938,1.0,0.0,154.24533134571558
51939,1.0,0.5,149.64752726266946
51940,1.0,1.0,149.00966413720855
51941,1.0,1.5,147.70970854736967
51942,1.0,2.0,147.6626114643437
51943,1.0,2.5,149.26300287732562
51944,1.0,3.0,148.50891563400506
51945,1.0,3.5,149.20366483442896
51946,1.0,4.0,149.39341765442083
51947,1.0,4.5,152.55466085669784
51948,1.0,5.0,151.8420025454938
51949,1.0,5.5,151.06855818248795
51950,1.0,6.0,154.06445481843664
51951,1.0,6.5,150.83850082545408
51952,1.0,7.0,151.04234010292478
51953,1.0,7.5,148.70758143001754
51954,1.0,8.0,148.5219075089309
51955,1.0,8.5,149.2669816040214
51956,1.0,9.0,150.69018606851319
51957,1.0,9.5,150.73484753849732
51958,1.0,10.0,150.71072178275838
51959,1.0,10.5,151.41452755501584
51960,1.0,11.0,159.66213831927
51961,1.0,11.5,156.53713704038665
51962,1.0,12.0,156.96437000349934
51963,1.0,12.5,157.7238026662499
51964,1.0,13.0,157.07180870688765
51965,1.0,13.5,154.95065768292903
51966,1.0,14.0,158.29656828490383
51967,1.0,14.5,156.80021482363875
51968,1.0,15.0,148.58353234791952
51969,1.0,15.5,155.34382738858642
51970,1.0,16.0,156.7581994279939
51971,1.0,16.5,160.6959477301072
51972,1.0,17.0,169.41475800165716
51973,1.0,18.0,162.4736923934452
51974,1.0,18.5,156.81763596235146
51975,1.0,19.0,150.59422601136268
51976,1.0,19.5,150.20456952313532
51977,1.0,20.0,163.29127764239539
51978,1.0,20.5,156.1651914268987
51979,1.0,21.0,160.88849754868082
51980,1.0,21.5,162.2754513619578
51981,1.0,22.0,149.69419236525673
51982,1.0,22.5,159.317079382651
51983,1.0,23.0,161.65513311004108
51984,1.0,23.5,153.4397804006214
51985,1.0,24.0,156.96274185397186
51986,1.0,24.5,156.8916236508317
51987,1.0,25.0,156.04556662378587
51988,1.0,25.5,154.01775922701142
51989,1.0,26.0,162.92000459613894
51990,1.0,26.5,157.71039035845666
51991,1.0,27.0,156.5346842785743
51992,1.0,27.5,156.34276996307233
51993,1.0,28.0,156.1942345986975
51994,1.0,28.5,156.68435666168833
51995,1.0,29.0,156.1682620477893
51996,1.0,29.5,154.66164454498056
51997,1.0,30.0,168.585122925805
51998,1.0,30.5,150.68364444780858
51999,1.0,31.0,157.68880081413718
52000,1.0,31.5,150.53851701691994
52001,1.0,32.5,163.18168557621243
52002,1.0,33.0,154.7622753269032
52003,1.0,33.5,150.95606675276667
52004,1.0,34.0,148.7032290120411
52005,1.0,34.5,157.49912454851744
52006,1.0,35.0,167.9902040528303
52007,1.0,35.5,152.86489401038952
52008,1.0,36.0,152.3858825276947
52009,1.0,36.5,151.99333223297398
52010,1.0,37.0,152.97869857219965
52011,1.0,39.0,157.89835133949947
52012,1.5,-38.0,161.30832655997995
52013,1.5,-37.5,155.33285158620157
52014,1.5,-37.0,146.74306220763705
52015,1.5,-36.5,149.50823090654666
52016,1.5,-36.0,148.53297653114
52017,1.5,-35.5,149.85225459939628
52018,1.5,-35.0,151.1828130141856
52019,1.5,-34.5,151.78727409876345
52020,1.5,-34.0,150.22899565163345
52021,1.5,-33.5,153.90882153030333
52022,1.5,-33.0,150.20179546318656
52023,1.5,-32.5,149.06040264106923
52024,1.5,-32.0,149.91389134786314
52025,1.5,-31.5,149.02069326673393
52026,1.5,-31.0,154.4508346498858
52027,1.5,-30.5,146.88520307341727
52028,1.5,-30.0,148.93968644094812
52029,1.5,-29.5,147.1599393517164
52030,1.5,-29.0,153.17066119147532
52031,1.5,-28.5,149.97606399304328
52032,1.5,-28.0,154.17751295071298
52033,1.5,-27.5,148.44453691976764
52034,1.5,-27.0,147.48098627930838
52035,1.5,-26.5,150.25402473878762
52036,1.5,-26.0,158.03737876454517
52037,1.5,-25.5,149.5816058126885
52038,1.5,-25.0,150.2600757311696
52039,1.5,-24.5,154.80489452885075
52040,1.5,-24.0,170.02575044005664
52041,1.5,-23.5,151.70031629131574
52042,1.5,-23.0,148.99872477411537
52043,1.5,-22.5,149.0010352587307
52044,1.5,-22.0,149.82190342901322
52045,1.5,-21.5,153.29734525511356
52046,1.5,-21.0,149.55019184426416
52047,1.5,-20.5,149.85409245159943
52048,1.5,-20.0,151.02969029778842
52049,1.5,-19.5,148.91929436375815
52050,1.5,-19.0,150.49329282658525
52051,1.5,-18.5,150.60080834192343
52052,1.5,-18.0,150.3212958412339
52053,1.5,-17.0,153.3825157414706
52054,1.5,-16.5,151.31802837595117
52055,1.5,-16.0,151.56601679951316
52056,1.5,-15.5,162.2751911078452
52057,1.5,-15.0,153.77714666194944
52058,1.5,-14.5,153.40826883583145
52059,1.5,-14.0,152.08431209518176
52060,1.5,-13.5,152.56117266208904
52061,1.5,-13.0,150.0414516749748
52062,1.5,-12.5,150.5531380693997
52063,1.5,-12.0,152.42966507227666
52064,1.5,-11.0,153.33252360051037
52065,1.5,-10.5,152.55237225445387
52066,1.5,-10.0,152.63695896557078
52067,1.5,-9.5,150.6662529575004
52068,1.5,-9.0,152.1275303202208
52069,1.5,-8.5,151.2199318012914
52070,1.5,-8.0,150.64993931118642
52071,1.5,-7.5,152.5838418413772
52072,1.5,-7.0,153.84538563535133
52073,1.5,-6.5,153.2159080209629
52074,1.5,-6.0,151.76953783488938
52075,1.5,-5.5,157.14646474144322
52076,1.5,-5.0,155.8865885279233
52077,1.5,-4.5,152.14646129453914
52078,1.5,-3.0,151.5596378122707
52079,1.5,-2.0,149.71141269701184
52080,1.5,-1.5,150.32039896955814
52081,1.5,-1.0,150.91283785174133
52082,1.5,0.0,150.21789888577686
52083,1.5,0.5,153.12254770649733
52084,1.5,1.0,149.5076061187768
52085,1.5,1.5,147.98215830516395
52086,1.5,2.0,149.607666745437
52087,1.5,2.5,148.6082613479185
52088,1.5,3.0,148.83192033893252
52089,1.5,3.5,149.11368035807158
52090,1.5,4.0,150.70312871498965
52091,1.5,4.5,151.50597112858478
52092,1.5,5.0,150.29102298617042
52093,1.5,5.5,150.55625669356243
52094,1.5,6.0,153.01550869253833
52095,1.5,6.5,152.28973570835288
52096,1.5,7.0,147.43489266121477
52097,1.5,7.5,152.61740656061252
52098,1.5,8.0,147.88267471834106
52099,1.5,8.5,151.6634780768735
52100,1.5,9.5,150.1001942457556
52101,1.5,10.0,149.59671767534272
52102,1.5,10.5,148.62779021603149
52103,1.5,11.0,156.84631237956805
52104,1.5,11.5,159.0618895116403
52105,1.5,12.0,157.4591162936182
52106,1.5,12.5,158.94107600414384
52107,1.5,13.0,155.37996843147394
52108,1.5,13.5,154.58309601418668
52109,1.5,14.0,156.52326022282003
52110,1.5,14.5,154.49794519090202
52111,1.5,15.0,147.10778900394976
52112,1.5,15.5,156.33533295212558
52113,1.5,16.0,155.79674932959955
52114,1.5,16.5,157.43229575111374
52115,1.5,17.0,170.6254538438086
52116,1.5,17.5,167.26739847247498
52117,1.5,18.0,158.42336483130933
52118,1.5,18.5,173.33644234085853
52119,1.5,19.5,150.65282050527136
52120,1.5,20.0,154.38992509830797
52121,1.5,20.5,154.75566327133362
52122,1.5,21.0,151.8144597580146
52123,1.5,21.5,162.7350119361486
52124,1.5,22.0,156.31409883168396
52125,1.5,22.5,149.77854765501885
52126,1.5,23.0,165.25115228142658
52127,1.5,23.5,158.72207652614725
52128,1.5,24.0,156.1499884256424
52129,1.5,25.0,153.70638441396633
52130,1.5,25.5,154.1357124442185
52131,1.5,26.0,157.0472274219453
52132,1.5,26.5,157.732550729608
52133,1.5,27.0,156.89169555636016
52134,1.5,27.5,155.18486780186026
52135,1.5,28.0,156.03449603903618
52136,1.5,28.5,154.57290630926678
52137,1.5,29.0,155.93769195973053
52138,1.5,29.5,159.3081229172251
52139,1.5,30.0,163.07417578752083
52140,1.5,30.5,155.58270356228763
52141,1.5,31.0,149.67200491980782
52142,1.5,31.5,152.4044387644739
52143,1.5,32.0,159.983407985991
52144,1.5,32.5,160.88151196032314
52145,1.5,33.0,157.09253268618696
52146,1.5,33.5,144.6921447380979
52147,1.5,34.0,148.2078386508986
52148,1.5,34.5,152.74111933256452
52149,1.5,35.0,171.3902889863749
52150,1.5,35.5,151.17343213914594
52151,1.5,36.0,150.44647608283563
52152,1.5,36.5,152.82729400647008
52153,1.5,37.0,156.0030701328112
52154,1.5,37.5,184.2826969089085
52155,1.5,38.5,156.99521310182678
52156,2.0,-38.0,160.5916212097677
52157,2.0,-37.5,154.67180212447465
52158,2.0,-37.0,147.56698209274927
52159,2.0,-36.5,149.18181142503605
52160,2.0,-36.0,148.78745843185376
52161,2.0,-35.5,150.04004172852413
52162,2.0,-35.0,151.52958150806765
52163,2.0,-34.5,151.9953286200843
52164,2.0,-34.0,150.45421514310442
52165,2.0,-33.5,152.1814593656131
52166,2.0,-33.0,149.55115444634006
52167,2.0,-32.5,149.239398261255
52168,2.0,-32.0,149.03705404184535
52169,2.0,-31.5,149.66986481910084
52170,2.0,-31.0,154.7228744311694
52171,2.0,-30.5,148.85301114850037
52172,2.0,-30.0,148.47819859070137
52173,2.0,-29.5,148.02106215188104
52174,2.0,-29.0,154.47051836575352
52175,2.0,-28.5,149.21041690138424
52176,2.0,-28.0,151.8457734209662
52177,2.0,-27.5,148.85014350041732
52178,2.0,-27.0,146.8614197286544
52179,2.0,-26.5,150.44254811331245
52180,2.0,-26.0,153.6620566020267
52181,2.0,-25.5,147.95795363273788
52182,2.0,-25.0,155.4755160182774
52183,2.0,-24.5,148.10136920106905
52184,2.0,-24.0,157.9999871498311
52185,2.0,-23.5,148.69548287554852
52186,2.0,-23.0,152.14771217735642
52187,2.0,-22.5,148.97543112470035
52188,2.0,-22.0,149.35419326227225
52189,2.0,-21.5,151.2666243454172
52190,2.0,-21.0,153.75240605502026
52191,2.0,-20.5,150.87342172487055
52192,2.0,-20.0,149.4724446098951
52193,2.0,-19.5,150.19086292717898
52194,2.0,-19.0,150.21858226956164
52195,2.0,-18.5,149.81126278897412
52196,2.0,-18.0,150.46035354058756
52197,2.0,-17.5,147.93169762691005
52198,2.0,-17.0,153.99278434791373
52199,2.0,-16.5,151.9585247460038
52200,2.0,-16.0,150.16701419412072
52201,2.0,-15.5,153.9534964269826
52202,2.0,-15.0,155.63800092935756
52203,2.0,-14.5,152.43809825217645
52204,2.0,-14.0,153.15503492880126
52205,2.0,-13.5,152.2387123321274
52206,2.0,-13.0,152.51213523053335
52207,2.0,-12.5,150.452824393697
52208,2.0,-12.0,150.79580175928592
52209,2.0,-11.5,150.95232040680241
52210,2.0,-11.0,151.80265457402618
52211,2.0,-10.5,152.0813661758882
52212,2.0,-10.0,151.7400650432617
52213,2.0,-9.5,151.93668013479754
52214,2.0,-9.0,151.44798717075918
52215,2.0,-8.5,154.48341110883067
52216,2.0,-8.0,151.08506499878865
52217,2.0,-7.5,150.70911832834418
52218,2.0,-7.0,156.28097614051066
52219,2.0,-6.5,153.53152345021215
52220,2.0,-6.0,153.24319781094894
52221,2.0,-5.5,151.8603249788178
52222,2.0,-5.0,157.00051519152117
52223,2.0,-4.5,155.62598447164643
52224,2.0,-4.0,152.02499402483184
52225,2.0,-3.5,151.34048960885983
52226,2.0,-2.0,150.18225298675867
52227,2.0,-1.5,150.90187390956237
52228,2.0,-0.5,149.8502827088392
52229,2.0,0.0,150.50369537789408
52230,2.0,0.5,150.99136399622327
52231,2.0,1.0,151.97027588927193
52232,2.0,1.5,148.7981307427882
52233,2.0,2.0,148.92994971876155
52234,2.0,3.0,148.74779870129964
52235,2.0,3.5,149.8489832780797
52236,2.0,4.0,150.91975476636728
52237,2.0,4.5,151.06478688918946
52238,2.0,5.0,151.08379910257852
52239,2.0,5.5,151.39250238382627
52240,2.0,6.0,151.10607856041653
52241,2.0,6.5,155.1749846067569
52242,2.0,7.0,148.56271601409546
52243,2.0,7.5,147.90978878707156
52244,2.0,8.0,150.43429174730582
52245,2.0,8.5,165.29933534309245
52246,2.0,9.0,150.53395486994864
52247,2.0,9.5,151.3722057996136
52248,2.0,10.0,150.54386930686968
52249,2.0,10.5,152.65022570428457
52250,2.0,11.0,151.15954274357512
52251,2.0,11.5,158.54537547233184
52252,2.0,12.0,157.28239447728356
52253,2.0,12.5,159.67176079169542
52254,2.0,13.0,156.8037311667019
52255,2.0,14.0,154.56893612126672
52256,2.0,14.5,150.41182263048404
52257,2.0,15.0,156.93103357241822
52258,2.0,16.0,155.38042963371214
52259,2.0,16.5,158.9269744704668
52260,2.0,17.0,153.0268280801733
52261,2.0,17.5,164.71191517050934
52262,2.0,18.0,157.7609333020027
52263,2.0,18.5,173.3789095549521
52264,2.0,19.0,173.3194389445364
52265,2.0,19.5,148.9817303177624
52266,2.0,20.0,157.3600346483149
52267,2.0,20.5,171.71938869325666
52268,2.0,21.0,149.40902409468765
52269,2.0,21.5,148.44851208005153
52270,2.0,22.0,155.7124910219943
52271,2.0,22.5,150.12216949677324
52272,2.0,23.0,152.66362599462042
52273,2.0,23.5,161.20088633444095
52274,2.0,24.0,157.12243163873632
52275,2.0,24.5,156.42012689669318
52276,2.0,25.0,152.86565423650646
52277,2.0,25.5,155.04028144673444
52278,2.0,26.0,152.19495158114765
52279,2.0,26.5,156.67636268086068
52280,2.0,27.0,154.615853794381
52281,2.0,27.5,156.6549045003059
52282,2.0,28.0,156.85939758666893
52283,2.0,28.5,156.0500003495027
52284,2.0,29.0,154.83463545885806
52285,2.0,29.5,162.05218112560564
52286,2.0,30.0,155.9578104413915
52287,2.0,30.5,157.22441367167556
52288,2.0,31.0,146.7709735238688
52289,2.0,31.5,152.49372963211974
52290,2.0,32.0,160.5658427520695
52291,2.0,32.5,148.91904536733682
52292,2.0,33.0,154.88735062902828
52293,2.0,33.5,147.5328035423234
52294,2.0,34.0,148.60100965877467
52295,2.0,34.5,152.55114252251835
52296,2.0,35.0,183.860046173608
52297,2.0,35.5,158.21801104133968
52298,2.0,36.0,150.4445590760701
52299,2.0,36.5,155.50690652274795
52300,2.0,37.0,153.42829803046303
52301,2.0,37.5,184.1604508570131
52302,2.0,38.0,175.51547776422464
52303,2.5,-38.0,159.34826677299253
52304,2.5,-37.5,154.10487276488263
52305,2.5,-37.0,147.3332831047418
52306,2.5,-36.5,149.1146879604433
52307,2.5,-36.0,149.22860773137714
52308,2.5,-35.5,150.43212242926813
52309,2.5,-35.0,151.968465903527
52310,2.5,-34.5,151.30216528924444
52311,2.5,-34.0,151.5649492808576
52312,2.5,-33.5,151.88673268512522
52313,2.5,-33.0,149.193338541228
52314,2.5,-32.5,149.0418823661831
52315,2.5,-32.0,150.75825585920052
52316,2.5,-31.5,149.84951136149337
52317,2.5,-31.0,149.71120293014616
52318,2.5,-30.5,151.70496468072565
52319,2.5,-30.0,148.19631192855218
52320,2.5,-29.5,148.90585538430125
52321,2.5,-29.0,153.30460072407905
52322,2.5,-28.5,152.73887310819916
52323,2.5,-28.0,152.57267885050427
52324,2.5,-27.5,146.82388676871682
52325,2.5,-27.0,147.0599632260846
52326,2.5,-26.5,152.04792471854756
52327,2.5,-26.0,152.26396426999045
52328,2.5,-25.5,148.52523437426234
52329,2.5,-25.0,154.06697495347206
52330,2.5,-24.5,152.74929976281408
52331,2.5,-24.0,153.93207240337102
52332,2.5,-23.5,148.23898919381315
52333,2.5,-23.0,149.81776228862748
52334,2.5,-22.5,149.74856740720347
52335,2.5,-22.0,149.17047834719233
52336,2.5,-21.5,150.3998890729372
52337,2.5,-21.0,151.99233909453918
52338,2.5,-20.5,151.4195064696487
52339,2.5,-20.0,149.71455109617037
52340,2.5,-19.5,150.628156565703
52341,2.5,-19.0,148.54886603428946
52342,2.5,-18.5,149.54755037742916
52343,2.5,-18.0,150.9368248560647
52344,2.5,-17.5,148.66030621603716
52345,2.5,-17.0,151.6094337938814
52346,2.5,-16.5,152.46419726138717
52347,2.5,-16.0,151.27434364318023
52348,2.5,-15.5,149.81786593477852
52349,2.5,-15.0,154.39497194943704
52350,2.5,-14.5,152.57245775323864
52351,2.5,-14.0,152.74232410586498
52352,2.5,-13.5,151.89244736820837
52353,2.5,-13.0,155.33353145023372
52354,2.5,-12.5,150.4073143764348
52355,2.5,-11.5,151.14659194623715
52356,2.5,-11.0,152.2043838007562
52357,2.5,-10.5,151.80919640566313
52358,2.5,-10.0,151.9031061172438
52359,2.5,-9.5,151.3078330608392
52360,2.5,-9.0,153.51598421822692
52361,2.5,-8.5,152.1799146117928
52362,2.5,-8.0,151.52169519993194
52363,2.5,-7.5,151.50622092422324
52364,2.5,-7.0,152.6976243939563
52365,2.5,-6.5,157.5207589313076
52366,2.5,-6.0,154.4821989641225
52367,2.5,-5.5,151.73602579163872
52368,2.5,-5.0,151.8532233647803
52369,2.5,-4.5,157.5223574834222
52370,2.5,-4.0,151.92430263594335
52371,2.5,-3.5,151.59416041127017
52372,2.5,-2.5,150.08010781781712
52373,2.5,-2.0,150.64294555887895
52374,2.5,-1.0,150.1368101036083
52375,2.5,-0.5,149.90115997430328
52376,2.5,0.0,150.66604970547613
52377,2.5,0.5,151.01735666985397
52378,2.5,1.0,148.77861804229246
52379,2.5,1.5,150.13690020113546
52380,2.5,2.0,148.0294831486865
52381,2.5,2.5,149.10780283132198
52382,2.5,3.0,149.4048393738963
52383,2.5,3.5,149.84018918648727
52384,2.5,4.0,150.19731571890452
52385,2.5,4.5,151.357833243309
52386,2.5,5.0,154.31947189138276
52387,2.5,5.5,152.82862544952096
52388,2.5,6.0,151.86702823836598
52389,2.5,6.5,154.50075945727332
52390,2.5,7.0,152.49928016026954
52391,2.5,7.5,149.26592755275115
52392,2.5,8.5,149.55138848106094
52393,2.5,9.0,149.98158296896804
52394,2.5,9.5,149.4287770333248
52395,2.5,10.0,151.1422465865195
52396,2.5,10.5,152.49804425735894
52397,2.5,11.0,151.3153374360076
52398,2.5,11.5,155.03971496622137
52399,2.5,12.0,163.07799616952437
52400,2.5,12.5,158.43738370436324
52401,2.5,13.0,159.80664086921627
52402,2.5,14.0,151.48041254422472
52403,2.5,14.5,156.71780480234975
52404,2.5,15.0,156.99720742907837
52405,2.5,15.5,155.68005011257998
52406,2.5,16.0,149.91897164078648
52407,2.5,16.5,154.72667268235722
52408,2.5,17.0,159.6734052761294
52409,2.5,17.5,162.0602926923456
52410,2.5,18.0,170.54475816225576
52411,2.5,19.0,163.2170440603931
52412,2.5,19.5,157.3423132230384
52413,2.5,20.0,156.65211383438378
52414,2.5,20.5,171.65062506418712
52415,2.5,21.0,158.07923741589246
52416,2.5,21.5,158.74720427827197
52417,2.5,22.0,148.0955871904592
52418,2.5,22.5,147.2559170920834
52419,2.5,23.0,147.4228197167256
52420,2.5,23.5,160.21469262915147
52421,2.5,24.0,166.62995939520812
52422,2.5,24.5,153.5309397482468
52423,2.5,25.0,152.56747152814793
52424,2.5,25.5,155.30254915119093
52425,2.5,26.0,156.26915738331144
52426,2.5,26.5,153.78914639413222
52427,2.5,27.0,160.5131490993513
52428,2.5,27.5,153.52854606574803
52429,2.5,28.0,154.80997138110405
52430,2.5,28.5,154.57469064923714
52431,2.5,29.0,153.84989983706168
52432,2.5,29.5,159.41889192164467
52433,2.5,30.0,162.0287687875917
52434,2.5,30.5,158.20548055714656
52435,2.5,31.0,147.12556195650015
52436,2.5,31.5,152.68509249587512
52437,2.5,32.0,156.2366774074645
52438,2.5,32.5,150.3186997742077
52439,2.5,33.0,158.27566055280488
52440,2.5,33.5,150.0724383303418
52441,2.5,34.0,148.50213080969016
52442,2.5,34.5,152.67455679288867
52443,2.5,35.5,157.62325673059982
52444,2.5,36.0,151.34697680206068
52445,2.5,36.5,159.01896290136116
52446,2.5,37.0,157.41058700923753
52447,2.5,37.5,184.77035043954893
52448,2.5,38.0,175.5205400161504
52449,2.5,38.5,163.05926131276775
52450,3.0,-38.0,158.68697652442043
52451,3.0,-37.5,153.5105172494158
52452,3.0,-37.0,147.77971805952944
52453,3.0,-36.5,149.63457122555747
52454,3.0,-36.0,149.16751400140916
52455,3.0,-35.5,150.84773294772654
52456,3.0,-35.0,153.03258059465082
52457,3.0,-34.5,151.75012281359727
52458,3.0,-34.0,153.03764762191875
52459,3.0,-33.5,150.18689643066446
52460,3.0,-33.0,151.0087808124266
52461,3.0,-32.5,149.0000369378197
52462,3.0,-32.0,150.0839236258286
52463,3.0,-31.5,149.92307407777562
52464,3.0,-31.0,150.40989621385734
52465,3.0,-30.5,152.58092727661457
52466,3.0,-30.0,147.4160215824656
52467,3.0,-29.5,151.2295006299342
52468,3.0,-29.0,149.11150756228278
52469,3.0,-28.5,157.04358139347553
52470,3.0,-28.0,149.84822918426883
52471,3.0,-27.5,147.04643587994926
52472,3.0,-27.0,147.09871833324033
52473,3.0,-26.5,153.49074780716464
52474,3.0,-26.0,148.9964773178326
52475,3.0,-25.5,153.29331201159067
52476,3.0,-25.0,152.55089280212877
52477,3.0,-24.5,150.1782714777554
52478,3.0,-24.0,148.25754973230633
52479,3.0,-23.5,147.9642144103635
52480,3.0,-23.0,149.32407596318447
52481,3.0,-22.5,153.3416877223346
52482,3.0,-22.0,149.9573852261536
52483,3.0,-21.5,149.84610822724997
52484,3.0,-21.0,151.10834811435768
52485,3.0,-20.5,153.9382294969985
52486,3.0,-20.0,150.36164469801778
52487,3.0,-19.5,149.34900459034367
52488,3.0,-19.0,150.04143101439695
52489,3.0,-18.5,149.65811377936515
52490,3.0,-18.0,149.7143168261867
52491,3.0,-17.5,151.52995490459585
52492,3.0,-17.0,150.2388080479717
52493,3.0,-16.5,154.88827589631313
52494,3.0,-16.0,152.86707111150716
52495,3.0,-15.5,150.98491144803268
52496,3.0,-15.0,150.97206517948283
52497,3.0,-14.5,153.10922339385777
52498,3.0,-14.0,150.58503595912853
52499,3.0,-13.5,155.20176410262184
52500,3.0,-13.0,150.74902143722787
52501,3.0,-12.5,156.43970391787943
52502,3.0,-11.5,150.96270737804193
52503,3.0,-11.0,151.42885712296192
52504,3.0,-10.5,153.30333007874322
52505,3.0,-10.0,151.60292631717098
52506,3.0,-9.5,152.59845263957706
52507,3.0,-9.0,151.70318133707448
52508,3.0,-8.5,151.68168085270176
52509,3.0,-8.0,151.5932929071582
52510,3.0,-7.5,151.46359449187736
52511,3.0,-7.0,151.5343982165398
52512,3.0,-6.5,157.91275776880664
52513,3.0,-5.5,154.2892209936573
52514,3.0,-5.0,151.97991981026948
52515,3.0,-4.5,151.3974912672072
52516,3.0,-4.0,151.12070078761766
52517,3.0,-3.5,152.53338918245134
52518,3.0,-3.0,150.24893986211885
52519,3.0,-2.5,150.40642955120532
52520,3.0,-1.5,150.55118883891677
52521,3.0,-1.0,150.2728869737858
52522,3.0,-0.5,150.68901786337005
52523,3.0,0.0,150.67334681856937
52524,3.0,0.5,148.58004586936823
52525,3.0,1.0,149.98860783903314
52526,3.0,1.5,149.7822898634532
52527,3.0,2.0,150.06647661661373
52528,3.0,2.5,149.14995965252305
52529,3.0,3.0,150.48506101063447
52530,3.0,3.5,149.5640596043242
52531,3.0,4.0,149.4295428203214
52532,3.0,4.5,152.53215035280166
52533,3.0,5.0,152.737143706446
52534,3.0,5.5,154.48914696930512
52535,3.0,6.0,152.9971614446391
52536,3.0,6.5,150.6123071038722
52537,3.0,7.0,147.61506193162637
52538,3.0,7.5,146.24067646270217
52539,3.0,8.0,149.86410204415566
52540,3.0,8.5,149.47361755668817
52541,3.0,9.0,145.2152992562817
52542,3.0,9.5,150.25740861138374
52543,3.0,10.0,150.44222709138236
52544,3.0,10.5,151.11035604982342
52545,3.0,11.0,151.5550817755209
52546,3.0,11.5,153.88719040804924
52547,3.0,12.0,160.80267887385685
52548,3.0,12.5,165.31230361022878
52549,3.0,13.0,158.04544018078755
52550,3.0,13.5,152.3947238472558
52551,3.0,14.0,152.48248635288115
52552,3.0,15.0,159.92355409524967
52553,3.0,15.5,156.85206413505557
52554,3.0,16.0,149.85916712717034
52555,3.0,16.5,153.20073381482624
52556,3.0,17.0,157.46013303178233
52557,3.0,17.5,162.99069313570487
52558,3.0,18.0,166.57785856864697
52559,3.0,18.5,160.87916119481534
52560,3.0,19.0,160.88910059051005
52561,3.0,19.5,160.65438257717406
52562,3.0,20.0,156.37074390041593
52563,3.0,20.5,143.31110702165648
52564,3.0,21.0,158.74483499640291
52565,3.0,21.5,154.3379209146689
52566,3.0,22.0,145.7825915175864
52567,3.0,22.5,151.98736889621028
52568,3.0,23.0,148.27743542837163
52569,3.0,23.5,157.6138184440322
52570,3.0,24.0,164.2140281848491
52571,3.0,24.5,152.03020452860608
52572,3.0,25.0,153.44137640943424
52573,3.0,25.5,153.3028090859513
52574,3.0,26.0,153.91972387461178
52575,3.0,26.5,153.92548514896865
52576,3.0,27.0,163.9989556683981
52577,3.0,27.5,157.31886307610802
52578,3.0,28.0,153.52969656795233
52579,3.0,28.5,149.27735249533225
52580,3.0,29.0,154.12092592464333
52581,3.0,29.5,158.31012686500432
52582,3.0,30.0,158.26269295948038
52583,3.0,30.5,156.9586441450211
52584,3.0,31.0,149.43093990810206
52585,3.0,31.5,155.1994047804652
52586,3.0,32.0,156.9021769152252
52587,3.0,32.5,159.5918832881713
52588,3.0,33.0,157.97299809194428
52589,3.0,33.5,154.01212582978744
52590,3.0,34.0,150.78391876819575
52591,3.0,34.5,150.36037360134887
52592,3.0,35.5,157.49276298566485
52593,3.0,36.0,151.4662947191523
52594,3.0,36.5,151.36374489104358
52595,3.0,37.0,161.0175752231561
52596,3.0,37.5,186.81587501799083
52597,3.0,38.5,166.04163129543497
52598,3.5,-38.0,158.30881587194673
52599,3.5,-37.5,153.3862867750037
52600,3.5,-37.0,147.9315683210085
52601,3.5,-36.5,149.56555586690973
52602,3.5,-36.0,149.13889268610575
52603,3.5,-35.5,151.28103901677108
52604,3.5,-35.0,151.75725908029827
52605,3.5,-34.5,151.52160381122243
52606,3.5,-34.0,153.93105739237853
52607,3.5,-33.5,150.1375380847337
52608,3.5,-33.0,150.82646746908307
52609,3.5,-32.5,149.56118795719405
52610,3.5,-32.0,149.07528584709323
52611,3.5,-31.5,150.21293233223227
52612,3.5,-31.0,149.6288304928302
52613,3.5,-30.5,151.3923343678347
52614,3.5,-30.0,147.4750907740835
52615,3.5,-29.5,151.49467488503132
52616,3.5,-29.0,148.628460776966
52617,3.5,-28.5,155.53121843412296
52618,3.5,-28.0,149.23110774959153
52619,3.5,-27.5,147.49127413099174
52620,3.5,-27.0,147.75225373310306
52621,3.5,-26.5,151.44468258663406
52622,3.5,-26.0,150.79918369162286
52623,3.5,-25.5,154.99784602341137
52624,3.5,-25.0,148.18398420514015
52625,3.5,-24.5,148.77677426103116
52626,3.5,-24.0,148.1939464023856
52627,3.5,-23.5,148.71674552748453
52628,3.5,-23.0,148.87899248111452
52629,3.5,-22.5,151.64921612143624
52630,3.5,-22.0,154.2216700130361
52631,3.5,-21.5,150.43066957376297
52632,3.5,-21.0,149.63261479121556
52633,3.5,-20.5,152.8552372289365
52634,3.5,-20.0,150.8641732503615
52635,3.5,-19.5,149.76888793879962
52636,3.5,-19.0,149.7437869005453
52637,3.5,-18.5,149.44609505473977
52638,3.5,-18.0,150.4742996027535
52639,3.5,-17.5,151.7466050658365
52640,3.5,-17.0,150.36804299904577
52641,3.5,-16.5,148.69283719597126
52642,3.5,-16.0,152.9046043449368
52643,3.5,-15.5,152.37581938516354
52644,3.5,-15.0,150.88589844737595
52645,3.5,-14.5,151.6803466300447
52646,3.5,-14.0,153.3393554309777
52647,3.5,-13.5,152.80854184255995
52648,3.5,-13.0,154.66003716990429
52649,3.5,-12.5,156.99385715541652
52650,3.5,-12.0,153.0171091989818
52651,3.5,-11.5,151.18484156143776
52652,3.5,-11.0,151.18758982946798
52653,3.5,-10.5,151.4616205362201
52654,3.5,-10.0,153.05146864524013
52655,3.5,-9.5,152.67820066649938
52656,3.5,-9.0,151.51563566130662
52657,3.5,-8.5,151.97480902191234
52658,3.5,-8.0,153.05672431287033
52659,3.5,-7.5,151.59578171916152
52660,3.5,-7.0,151.56478733696324
52661,3.5,-5.5,154.46613277653748
52662,3.5,-5.0,153.5572417363122
52663,3.5,-4.5,151.67692783971813
52664,3.5,-3.5,153.19248809599262
52665,3.5,-3.0,151.40824855485303
52666,3.5,-2.5,153.33838178706992
52667,3.5,-1.5,150.53801330753495
52668,3.5,0.0,148.6565272185779
52669,3.5,0.5,149.1826802322361
52670,3.5,1.0,149.64254755970188
52671,3.5,1.5,150.17713009305143
52672,3.5,2.0,150.6831232461381
52673,3.5,2.5,151.0276253746006
52674,3.5,3.0,149.7515286331936
52675,3.5,3.5,148.8363586023042
52676,3.5,4.0,151.1157412480615
52677,3.5,4.5,151.5480009563317
52678,3.5,5.0,151.46905949476766
52679,3.5,5.5,152.42334188622513
52680,3.5,6.0,153.17630319014322
52681,3.5,6.5,154.6175350052563
52682,3.5,7.0,144.80206473145768
52683,3.5,8.0,147.90028857854924
52684,3.5,8.5,151.25474289803648
52685,3.5,9.0,148.78734672065139
52686,3.5,9.5,150.9352356219247
52687,3.5,10.0,150.92609505197004
52688,3.5,10.5,151.35822463501836
52689,3.5,11.0,152.3006012430988
52690,3.5,12.0,157.04789343470682
52691,3.5,12.5,158.55013881034822
52692,3.5,13.0,155.4149211866128
52693,3.5,13.5,154.12043179093928
52694,3.5,15.0,155.85637382776466
52695,3.5,15.5,156.61118198135787
52696,3.5,16.0,153.22106574728502
52697,3.5,16.5,159.45953218990851
52698,3.5,17.0,154.75709475643922
52699,3.5,18.0,160.74596706778766
52700,3.5,18.5,162.34587546298619
52701,3.5,19.0,160.93155209064724
52702,3.5,19.5,166.17256340055428
52703,3.5,20.0,160.54852526138725
52704,3.5,20.5,144.73845433161554
52705,3.5,21.0,162.29791058589905
52706,3.5,21.5,160.3483699682101
52707,3.5,22.0,152.61814419075156
52708,3.5,22.5,148.26895639893073
52709,3.5,23.0,149.43517470053078
52710,3.5,23.5,157.82616880940563
52711,3.5,24.0,156.7941027571076
52712,3.5,24.5,155.28357932706913
52713,3.5,25.0,153.77911680993495
52714,3.5,25.5,151.68575783708698
52715,3.5,26.0,150.82962210228888
52716,3.5,26.5,151.3095878447812
52717,3.5,27.0,151.35387209749098
52718,3.5,27.5,161.11311626123896
52719,3.5,28.0,149.94876020699832
52720,3.5,28.5,149.67123261735378
52721,3.5,29.0,156.7954538465789
52722,3.5,29.5,155.64698579574326
52723,3.5,30.0,162.53073854159572
52724,3.5,30.5,156.4356862354778
52725,3.5,31.0,149.7938678986803
52726,3.5,31.5,158.96712989776034
52727,3.5,32.0,151.9919291372157
52728,3.5,32.5,160.12656053179052
52729,3.5,33.0,151.24279953254748
52730,3.5,33.5,155.14622738441474
52731,3.5,34.0,152.6547269752954
52732,3.5,34.5,150.24002329681682
52733,3.5,35.5,153.9473791101169
52734,3.5,36.0,150.06738966112593
52735,3.5,36.5,149.62248455831605
52736,3.5,37.0,159.0607442377341
52737,3.5,37.5,189.06001813043784
52738,3.5,38.5,163.54222136417255
52739,4.0,-38.0,158.02950401526368
52740,4.0,-37.5,152.65605262641654
52741,4.0,-37.0,147.9066572380897
52742,4.0,-36.5,149.06953436102353
52743,4.0,-36.0,149.3615228647821
52744,4.0,-35.5,151.6734713567713
52745,4.0,-35.0,151.48993893576215
52746,4.0,-34.5,150.8713712048976
52747,4.0,-34.0,153.6858355464278
52748,4.0,-33.5,152.62818470019283
52749,4.0,-33.0,150.32414262076742
52750,4.0,-32.5,149.8051585515757
52751,4.0,-32.0,149.23774603562276
52752,4.0,-31.5,149.39480719538716
52753,4.0,-31.0,149.8240542373515
52754,4.0,-30.5,149.57007520759433
52755,4.0,-30.0,147.9135278980105
52756,4.0,-29.5,151.9518291644002
52757,4.0,-29.0,150.364540119034
52758,4.0,-28.5,153.3539614676216
52759,4.0,-28.0,151.4897880329546
52760,4.0,-27.5,147.40711659329273
52761,4.0,-27.0,152.53546387686313
52762,4.0,-26.5,148.04809723121647
52763,4.0,-26.0,151.75280185778539
52764,4.0,-25.5,166.9095942635486
52765,4.0,-25.0,149.07549897505046
52766,4.0,-24.5,147.8984798914124
52767,4.0,-24.0,148.6921589680677
52768,4.0,-23.5,148.63760669289022
52769,4.0,-23.0,147.99846750020444
52770,4.0,-22.5,149.9434391788384
52771,4.0,-22.0,153.3042681985932
52772,4.0,-21.5,151.9865306454878
52773,4.0,-21.0,149.56445875353253
52774,4.0,-20.5,150.49201094847305
52775,4.0,-20.0,152.29910321382775
52776,4.0,-19.5,149.6921544642506
52777,4.0,-19.0,148.49824724590698
52778,4.0,-18.5,149.90018679001327
52779,4.0,-18.0,151.10094464807196
52780,4.0,-17.5,150.70105211519723
52781,4.0,-17.0,151.96885109674236
52782,4.0,-16.5,150.59896669488631
52783,4.0,-16.0,151.55046615377358
52784,4.0,-15.5,152.87800395138885
52785,4.0,-15.0,151.1997408342608
52786,4.0,-14.5,150.81613413610535
52787,4.0,-14.0,153.89846537932982
52788,4.0,-13.5,151.1928357111999
52789,4.0,-13.0,156.30153014474294
52790,4.0,-12.5,153.33065385713263
52791,4.0,-12.0,154.82308237739394
52792,4.0,-11.5,151.07369221140638
52793,4.0,-11.0,151.65458689054216
52794,4.0,-10.5,150.94683357630242
52795,4.0,-10.0,152.25417765640793
52796,4.0,-9.5,152.2930258251256
52797,4.0,-9.0,152.00993717191923
52798,4.0,-8.5,152.58237098779125
52799,4.0,-8.0,152.09376773821563
52800,4.0,-7.5,152.68688269288938
52801,4.0,-7.0,151.8007879331067
52802,4.0,-6.5,151.71456931625164
52803,4.0,-5.0,151.42090662652672
52804,4.0,-4.5,153.8929968075065
52805,4.0,-4.0,152.46061879458748
52806,4.0,-3.5,151.04825793940867
52807,4.0,-3.0,154.07126549109734
52808,4.0,-2.5,152.63852999679744
52809,4.0,-2.0,150.87904726563806
52810,4.0,-1.5,150.7024572390998
52811,4.0,0.0,148.87006512814855
52812,4.0,0.5,149.36340445201884
52813,4.0,1.0,149.53739434780277
52814,4.0,1.5,150.32487661663242
52815,4.0,2.0,150.90087509932505
52816,4.0,2.5,151.24828101851875
52817,4.0,3.0,150.42907888034154
52818,4.0,3.5,149.27303485788178
52819,4.0,4.0,151.18278585171103
52820,4.0,4.5,149.70996005055736
52821,4.0,5.5,151.44174922970166
52822,4.0,6.0,155.50542104461255
52823,4.0,7.0,148.21771590257202
52824,4.0,7.5,148.4416666355463
52825,4.0,8.0,150.14194449156898
52826,4.0,8.5,150.04307325351166
52827,4.0,9.0,151.8860205670486
52828,4.0,9.5,149.59981546247553
52829,4.0,10.0,150.75838735491405
52830,4.0,10.5,152.80485047708038
52831,4.0,11.0,152.78004630756678
52832,4.0,11.5,155.74993795673151
52833,4.0,12.5,157.3657410932595
52834,4.0,13.0,153.64211102386284
52835,4.0,13.5,155.49750810287415
52836,4.0,14.5,159.16600161128525
52837,4.0,15.0,151.64262499399342
52838,4.0,15.5,148.89022877693873
52839,4.0,16.0,155.91658872947173
52840,4.0,16.5,153.55995059297186
52841,4.0,17.0,162.3889052012848
52842,4.0,17.5,163.2823381954267
52843,4.0,18.0,159.9403657493137
52844,4.0,18.5,161.47970168049014
52845,4.0,19.0,161.61174222990485
52846,4.0,19.5,164.23273889047542
52847,4.0,20.0,162.37828301960613
52848,4.0,20.5,152.49510791430865
52849,4.0,21.0,152.12157901432715
52850,4.0,21.5,166.51604621405363
52851,4.0,22.5,147.3818308074801
52852,4.0,23.0,150.60956328847212
52853,4.0,23.5,150.42416611883613
52854,4.0,24.0,152.97983634952266
52855,4.0,24.5,160.42355725776446
52856,4.0,25.0,151.37861311785028
52857,4.0,25.5,149.88859545071034
52858,4.0,26.0,151.81842035135813
52859,4.0,26.5,153.33785387110288
52860,4.0,27.0,152.33135511197457
52861,4.0,27.5,158.21390795531337
52862,4.0,28.0,149.82680261051829
52863,4.0,28.5,153.29954053883802
52864,4.0,29.0,159.20898160354758
52865,4.0,29.5,154.76988131587308
52866,4.0,30.0,156.46358050223168
52867,4.0,30.5,155.53122889765186
52868,4.0,31.0,158.7738938439982
52869,4.0,31.5,156.58580681084783
52870,4.0,32.0,153.25391138752386
52871,4.0,32.5,155.96033026573414
52872,4.0,33.0,150.8020448709032
52873,4.0,33.5,155.50331095848554
52874,4.0,34.0,152.69488998293696
52875,4.0,34.5,146.7143788235655
52876,4.0,35.5,154.2322221568369
52877,4.0,36.0,146.6449673198767
52878,4.0,36.5,147.9936901848463
52879,4.0,37.0,156.54546845206843
52880,4.0,37.5,186.97067780568324
52881,4.0,38.0,186.06810083111836
52882,4.0,38.5,166.08426730159098
52883,4.5,-38.0,157.4940655327438
52884,4.5,-37.5,152.3244936252761
52885,4.5,-37.0,148.52542528124337
52886,4.5,-36.5,147.95558323422685
52887,4.5,-36.0,150.9790220624657
52888,4.5,-35.5,152.22923379237307
52889,4.5,-35.0,151.3884017718422
52890,4.5,-34.5,150.74301720446817
52891,4.5,-34.0,152.26547753704267
52892,4.5,-33.5,153.3930936935494
52893,4.5,-33.0,149.98338016697542
52894,4.5,-32.5,150.09956893452537
52895,4.5,-32.0,149.73021506318017
52896,4.5,-31.5,148.45806197605683
52897,4.5,-31.0,150.23322747327944
52898,4.5,-30.5,149.47756113597035
52899,4.5,-30.0,152.7011215507132
52900,4.5,-29.5,150.0685071795016
52901,4.5,-29.0,153.01509348784256
52902,4.5,-28.5,148.3266612715581
52903,4.5,-28.0,152.95156776040832
52904,4.5,-27.5,148.63775810088543
52905,4.5,-27.0,150.81827162905705
52906,4.5,-26.5,148.19103029448343
52907,4.5,-26.0,153.3999404546204
52908,4.5,-25.5,150.99081853541685
52909,4.5,-25.0,149.12853653510336
52910,4.5,-24.5,147.81678086333298
52911,4.5,-24.0,148.7818123236714
52912,4.5,-23.5,148.7197712921024
52913,4.5,-23.0,147.31131545033912
52914,4.5,-22.0,151.4423779693382
52915,4.5,-21.5,155.73151046542813
52916,4.5,-21.0,150.72830033944723
52917,4.5,-20.5,149.94316767239425
52918,4.5,-20.0,153.57709913139612
52919,4.5,-19.5,153.38110127164708
52920,4.5,-19.0,149.58941398580592
52921,4.5,-18.5,150.15816241012203
52922,4.5,-18.0,150.7809089296723
52923,4.5,-17.5,150.1544945110042
52924,4.5,-17.0,151.8581006940554
52925,4.5,-16.5,152.8085638290285
52926,4.5,-16.0,150.54804843860228
52927,4.5,-15.5,151.2353084121168
52928,4.5,-15.0,152.17898556454065
52929,4.5,-14.5,151.21794575302675
52930,4.5,-14.0,150.57132328950968
52931,4.5,-13.5,152.87859534258013
52932,4.5,-13.0,150.88640902870617
52933,4.5,-12.5,154.35091306410024
52934,4.5,-12.0,150.95889857516727
52935,4.5,-11.5,156.54944922097587
52936,4.5,-11.0,150.92095898327082
52937,4.5,-10.0,151.85879078054126
52938,4.5,-9.5,151.9280352751909
52939,4.5,-9.0,153.11719869437061
52940,4.5,-8.5,155.74566739870284
52941,4.5,-8.0,151.2950880516528
52942,4.5,-7.5,155.7037252410368
52943,4.5,-7.0,152.29454510426618
52944,4.5,-6.5,152.14946554461932
52945,4.5,-6.0,153.95155485376503
52946,4.5,-5.5,151.84791040554816
52947,4.5,-5.0,151.52070336427255
52948,4.5,-4.5,154.3249699356699
52949,4.5,-4.0,152.3404560867984
52950,4.5,-3.5,152.28868090990142
52951,4.5,-3.0,153.8070127441485
52952,4.5,-2.5,153.84529067416858
52953,4.5,-2.0,151.42891591361223
52954,4.5,-0.5,148.60919777983608
52955,4.5,0.0,149.2659042973419
52956,4.5,0.5,148.71629018857234
52957,4.5,1.0,150.39227483101362
52958,4.5,1.5,151.32572367127537
52959,4.5,2.0,151.00326837969513
52960,4.5,2.5,149.543538822256
52961,4.5,3.0,151.19290846907035
52962,4.5,3.5,151.399191654729
52963,4.5,4.0,149.77587114709405
52964,4.5,4.5,149.03353117958233
52965,4.5,5.0,149.95510249533058
52966,4.5,5.5,151.8842720793359
52967,4.5,6.0,150.28647140924178
52968,4.5,7.0,148.5545730761587
52969,4.5,7.5,149.4161512822424
52970,4.5,8.0,146.22719091497328
52971,4.5,8.5,149.18509400448883
52972,4.5,9.0,153.21327976156942
52973,4.5,9.5,151.32013476043932
52974,4.5,10.0,154.35719055007002
52975,4.5,10.5,154.1072673461377
52976,4.5,11.0,161.67052692888674
52977,4.5,11.5,153.61481815964768
52978,4.5,12.5,153.47095610002273
52979,4.5,13.0,155.60700970338314
52980,4.5,13.5,155.0949261182072
52981,4.5,14.0,158.56156314461896
52982,4.5,14.5,156.87296765515867
52983,4.5,15.5,154.45471373275836
52984,4.5,16.0,156.75253435042453
52985,4.5,16.5,154.11858260182282
52986,4.5,17.5,162.38184724768038
52987,4.5,18.0,159.0224917768738
52988,4.5,18.5,158.26865552146893
52989,4.5,19.0,166.72150798145896
52990,4.5,19.5,163.19449829438034
52991,4.5,20.0,159.66936312678018
52992,4.5,20.5,156.690573482681
52993,4.5,21.0,155.9438004278034
52994,4.5,21.5,146.68519982214195
52995,4.5,22.0,157.4939820695539
52996,4.5,22.5,152.70671905523378
52997,4.5,23.0,146.51823258273285
52998,4.5,23.5,149.2637915819653
52999,4.5,24.0,153.27759889810727
53000,4.5,24.5,159.75767736740434
53001,4.5,25.0,151.73264178048348
53002,4.5,25.5,149.67467068609326
53003,4.5,26.0,151.06113946111182
53004,4.5,26.5,151.52010896334585
53005,4.5,27.0,151.39087842661166
53006,4.5,27.5,156.56168162153054
53007,4.5,28.0,154.7448068045222
53008,4.5,28.5,160.38113690021146
53009,4.5,29.0,155.14042720577487
53010,4.5,29.5,155.06976106135784
53011,4.5,30.0,154.43524163727778
53012,4.5,30.5,153.91792329042943
53013,4.5,31.0,161.32475887608723
53014,4.5,31.5,153.51540815326445
53015,4.5,32.0,152.87593509838948
53016,4.5,32.5,159.935562415566
53017,4.5,33.0,147.947857362069
53018,4.5,33.5,157.10320151671982
53019,4.5,34.0,151.3920454083093
53020,4.5,34.5,149.78837739533245
53021,4.5,35.5,157.70665173738914
53022,4.5,36.0,145.21438890638441
53023,4.5,36.5,150.09625308712978
53024,4.5,37.0,158.19334511710156
53025,4.5,37.5,185.4044228397516
53026,4.5,38.0,189.8646227601683
53027,4.5,38.5,166.79286768565532
53028,5.0,-37.5,151.72541799128263
53029,5.0,-37.0,148.23178441481363
53030,5.0,-36.5,147.86866070304563
53031,5.0,-36.0,152.2758960737685
53032,5.0,-35.5,153.06892212377736
53033,5.0,-35.0,152.06943376351774
53034,5.0,-34.5,150.93761745573946
53035,5.0,-34.0,151.89373961459833
53036,5.0,-33.5,152.92465260420317
53037,5.0,-33.0,150.04670328086715
53038,5.0,-32.5,149.87653588779983
53039,5.0,-32.0,149.84429434749674
53040,5.0,-31.5,148.9530144509052
53041,5.0,-31.0,150.50111802325813
53042,5.0,-30.5,148.8941772992605
53043,5.0,-30.0,152.49248669255695
53044,5.0,-29.5,149.0885253030231
53045,5.0,-29.0,152.26296315885503
53046,5.0,-28.5,148.83839726173073
53047,5.0,-28.0,152.74116613985024
53048,5.0,-27.5,152.05876646828744
53049,5.0,-27.0,151.56207429868266
53050,5.0,-26.5,149.20071109222462
53051,5.0,-26.0,153.5662946458749
53052,5.0,-25.5,149.81400898841554
53053,5.0,-25.0,148.68561812017236
53054,5.0,-24.5,148.46747880502613
53055,5.0,-24.0,148.13162947903564
53056,5.0,-23.5,159.63620381891525
53057,5.0,-23.0,147.49397961448284
53058,5.0,-22.5,152.823015888834
53059,5.0,-22.0,154.51241902965563
53060,5.0,-21.5,156.3943006700025
53061,5.0,-21.0,150.7911507843892
53062,5.0,-20.5,149.93735412275296
53063,5.0,-20.0,150.84592226863228
53064,5.0,-19.5,152.96516995390493
53065,5.0,-19.0,150.35559064690094
53066,5.0,-18.5,151.3104140393039
53067,5.0,-18.0,149.72722109468992
53068,5.0,-17.5,149.5589071388473
53069,5.0,-17.0,152.1996018404516
53070,5.0,-16.5,151.8822115095325
53071,5.0,-16.0,150.81000993999422
53072,5.0,-15.5,150.9898797039204
53073,5.0,-15.0,152.94721645328
53074,5.0,-14.5,152.1916447129965
53075,5.0,-14.0,151.5139302681929
53076,5.0,-13.5,151.2898275414589
53077,5.0,-13.0,151.91105481795128
53078,5.0,-12.5,152.29471635590778
53079,5.0,-12.0,156.29464901751763
53080,5.0,-11.5,152.68867238150042
53081,5.0,-11.0,156.19735326760866
53082,5.0,-10.5,151.79337357733857
53083,5.0,-10.0,151.84617956394368
53084,5.0,-9.5,151.60384582273312
53085,5.0,-9.0,153.44725394526478
53086,5.0,-8.5,155.1468329647803
53087,5.0,-8.0,153.38506127249718
53088,5.0,-7.5,158.83929374634548
53089,5.0,-7.0,153.30849931943584
53090,5.0,-6.5,152.18501730095846
53091,5.0,-6.0,151.8050539494935
53092,5.0,-5.5,152.13698484383224
53093,5.0,-4.5,151.79275787520737
53094,5.0,-4.0,151.47645987799064
53095,5.0,-3.5,152.97559936973533
53096,5.0,-3.0,151.99154497263763
53097,5.0,-2.5,153.17571068370907
53098,5.0,-2.0,153.94274522590933
53099,5.0,-1.0,148.51390169451213
53100,5.0,-0.5,149.40942060991028
53101,5.0,0.0,148.52816332414216
53102,5.0,0.5,151.278876485355
53103,5.0,1.0,151.19115089099762
53104,5.0,1.5,151.12655084220404
53105,5.0,2.0,150.7330730465419
53106,5.0,2.5,150.22607365232614
53107,5.0,3.0,153.91243774156194
53108,5.0,3.5,151.495430530238
53109,5.0,4.0,149.12443323261044
53110,5.0,4.5,151.61314217418678
53111,5.0,5.0,150.33219125797805
53112,5.0,5.5,151.10470600930702
53113,5.0,6.0,156.2418440799246
53114,5.0,6.5,146.58951507102168
53115,5.0,7.0,148.03368922352615
53116,5.0,7.5,143.22063961602683
53117,5.0,8.0,146.78033805527386
53118,5.0,8.5,148.40302146977197
53119,5.0,9.0,151.57634134755332
53120,5.0,9.5,153.55726985428424
53121,5.0,10.0,151.4200517660261
53122,5.0,10.5,152.19530876740305
53123,5.0,11.0,152.39478475591804
53124,5.0,11.5,154.13134383005323
53125,5.0,12.0,154.6019712472928
53126,5.0,12.5,152.92156544823033
53127,5.0,13.0,155.9788563303916
53128,5.0,13.5,155.72549363390726
53129,5.0,14.0,155.5673462665637
53130,5.0,14.5,153.78093823827743
53131,5.0,15.5,159.97851505200785
53132,5.0,16.0,153.42527284148312
53133,5.0,17.5,155.8154027945181
53134,5.0,18.0,160.27971351343936
53135,5.0,18.5,160.36652222999453
53136,5.0,19.5,148.28086168450844
53137,5.0,20.0,157.7802785875225
53138,5.0,20.5,160.96618084932987
53139,5.0,21.0,162.59719717673528
53140,5.0,21.5,145.94952341186098
53141,5.0,22.0,157.2746161276114
53142,5.0,22.5,154.59727657642557
53143,5.0,23.0,156.2005257083178
53144,5.0,23.5,149.30830028696548
53145,5.0,24.5,153.84437411784293
53146,5.0,25.0,165.30600683392183
53147,5.0,25.5,152.07979150853748
53148,5.0,26.0,153.48249709991126
53149,5.0,26.5,153.4433640830093
53150,5.0,27.0,153.35353736847273
53151,5.0,27.5,155.123647188245
53152,5.0,28.0,153.21521549319115
53153,5.0,28.5,160.77031243779194
53154,5.0,29.0,154.6275220491793
53155,5.0,29.5,155.79019517300534
53156,5.0,30.0,155.96998504980735
53157,5.0,30.5,151.69145803109728
53158,5.0,31.0,164.85012513281632
53159,5.0,31.5,156.57939470072824
53160,5.0,32.0,154.1220484409276
53161,5.0,32.5,151.99937995216365
53162,5.0,33.0,149.57243456818878
53163,5.0,33.5,157.89996124379243
53164,5.0,34.0,153.31872333763363
53165,5.0,34.5,151.63116962453824
53166,5.0,35.5,158.25557370501053
53167,5.0,36.0,146.00326377544053
53168,5.0,36.5,149.63241782671847
53169,5.0,37.0,159.2835816214897
53170,5.0,37.5,177.8413048839754
53171,5.0,38.0,199.69905905381236
53172,5.0,38.5,161.8044028033718
53173,5.5,-38.0,156.13958899823572
53174,5.5,-37.5,152.2961898438102
53175,5.5,-37.0,148.44892023484988
53176,5.5,-36.0,151.21505717134542
53177,5.5,-35.5,153.35821754628293
53178,5.5,-35.0,154.36079246541905
53179,5.5,-34.5,151.14207560900647
53180,5.5,-34.0,152.70137605553379
53181,5.5,-33.5,152.40382213297036
53182,5.5,-33.0,151.19233952468974
53183,5.5,-32.5,149.71959005562465
53184,5.5,-32.0,147.26409740375587
53185,5.5,-31.5,149.82546415175432
53186,5.5,-31.0,151.1869168267885
53187,5.5,-30.5,148.6549688795673
53188,5.5,-30.0,152.42001912095677
53189,5.5,-29.5,149.22824484268565
53190,5.5,-29.0,150.8826803454383
53191,5.5,-28.5,148.90495290284696
53192,5.5,-28.0,148.2945717580764
53193,5.5,-27.5,153.5247824660336
53194,5.5,-27.0,148.78072293842467
53195,5.5,-26.5,153.43102313298715
53196,5.5,-26.0,150.4838503754139
53197,5.5,-25.5,148.70194108631924
53198,5.5,-25.0,148.26898190753988
53199,5.5,-24.5,149.03104452029874
53200,5.5,-24.0,149.52689125222693
53201,5.5,-23.5,158.3883556269324
53202,5.5,-22.5,153.06930338591056
53203,5.5,-21.5,153.362076145021
53204,5.5,-21.0,151.86305494399275
53205,5.5,-20.0,152.0400266603006
53206,5.5,-19.5,153.6157506011354
53207,5.5,-19.0,152.40850353846258
53208,5.5,-18.5,150.78098931524016
53209,5.5,-18.0,147.74004187232794
53210,5.5,-17.5,150.78812074369878
53211,5.5,-17.0,151.0870901521034
53212,5.5,-16.5,151.23738386071904
53213,5.5,-16.0,152.07611983351475
53214,5.5,-15.5,150.10432063630935
53215,5.5,-14.5,152.11384019767004
53216,5.5,-14.0,152.04624902132352
53217,5.5,-13.5,151.41354135250606
53218,5.5,-13.0,151.2248551977145
53219,5.5,-12.5,151.80733101380645
53220,5.5,-12.0,153.93630320645528
53221,5.5,-11.5,151.92934922811193
53222,5.5,-11.0,159.04720117415667
53223,5.5,-10.5,152.63143741969614
53224,5.5,-10.0,151.15862651252385
53225,5.5,-9.5,160.94007687328914
53226,5.5,-9.0,153.210324835586
53227,5.5,-8.5,153.51692252450334
53228,5.5,-8.0,153.31564614638086
53229,5.5,-7.5,152.74023470832933
53230,5.5,-7.0,153.43358677214712
53231,5.5,-6.5,152.41344414259714
53232,5.5,-6.0,151.7829203057948
53233,5.5,-5.5,151.9399692849063
53234,5.5,-5.0,152.38066826131734
53235,5.5,-4.5,151.2722461940427
53236,5.5,-4.0,153.04836857466964
53237,5.5,-3.0,152.55469567999387
53238,5.5,-2.0,154.83874899209889
53239,5.5,-1.5,152.26852505147755
53240,5.5,-1.0,149.21597183919135
53241,5.5,-0.5,148.85420345724057
53242,5.5,0.0,150.0161686911406
53243,5.5,0.5,151.03761241891806
53244,5.5,1.0,151.18029162653954
53245,5.5,1.5,149.95626798007672
53246,5.5,2.0,149.6832240050534
53247,5.5,2.5,154.17354864326958
53248,5.5,3.0,154.16305172032594
53249,5.5,3.5,151.22800413650353
53250,5.5,4.0,151.62824025332904
53251,5.5,4.5,152.0459677693895
53252,5.5,5.0,157.17400706558936
53253,5.5,5.5,156.22681627801722
53254,5.5,6.5,147.5075829386522
53255,5.5,7.0,143.07576824065757
53256,5.5,7.5,148.52634698742247
53257,5.5,8.0,147.95519610831514
53258,5.5,8.5,147.62779270995244
53259,5.5,9.0,159.0588066294906
53260,5.5,9.5,152.39085623122858
53261,5.5,10.0,157.0421589747918
53262,5.5,10.5,151.46949280352928
53263,5.5,11.0,153.25702968219946
53264,5.5,11.5,153.29352382312283
53265,5.5,12.0,155.11266903220735
53266,5.5,12.5,154.98315679494775
53267,5.5,13.5,158.26903739045142
53268,5.5,14.0,154.27592329573557
53269,5.5,14.5,153.4656086066992
53270,5.5,15.0,158.37769018841712
53271,5.5,15.5,157.23057789720275
53272,5.5,17.0,153.07850433127894
53273,5.5,17.5,155.9981097137694
53274,5.5,18.0,159.5720606010349
53275,5.5,18.5,161.470335880018
53276,5.5,19.0,147.16743952281374
53277,5.5,19.5,150.27346841785703
53278,5.5,20.0,155.85713530618264
53279,5.5,20.5,163.20009809680948
53280,5.5,21.0,151.12840153792064
53281,5.5,21.5,148.29767361528573
53282,5.5,22.0,153.76309813080817
53283,5.5,22.5,167.1136338772441
53284,5.5,23.0,155.23257932658615
53285,5.5,23.5,149.58545524361824
53286,5.5,24.5,153.26604602713317
53287,5.5,25.0,157.66576561097892
53288,5.5,25.5,152.10346101733433
53289,5.5,26.0,151.78100858218698
53290,5.5,26.5,155.75176668573528
53291,5.5,27.0,153.30266993285798
53292,5.5,27.5,155.12914078252356
53293,5.5,28.0,155.6242752964641
53294,5.5,28.5,157.3529785758785
53295,5.5,29.0,165.79612846021035
53296,5.5,29.5,153.89238579130924
53297,5.5,30.0,149.1249366299413
53298,5.5,30.5,158.05211743282467
53299,5.5,31.0,159.9109941545618
53300,5.5,31.5,154.83358609629326
53301,5.5,32.0,157.68715761365294
53302,5.5,32.5,152.41582983526942
53303,5.5,33.0,147.91494304671042
53304,5.5,33.5,155.95117502658076
53305,5.5,34.0,154.89255435354463
53306,5.5,34.5,151.87944146637977
53307,5.5,35.5,147.79515389608562
53308,5.5,36.0,148.28302368163563
53309,5.5,36.5,151.89180862717475
53310,5.5,37.0,154.77615279014933
53311,5.5,37.5,176.38175383123388
53312,5.5,38.5,177.7346509973166
53313,5.5,39.0,177.71921321881285
53314,6.0,-37.5,151.3505806722383
53315,6.0,-37.0,148.31511607566188
53316,6.0,-36.0,148.85472708091567
53317,6.0,-35.5,151.82163921841152
53318,6.0,-35.0,154.27194335151557
53319,6.0,-34.5,152.28122967288337
53320,6.0,-34.0,151.57276555461155
53321,6.0,-33.5,152.16746946469357
53322,6.0,-33.0,151.2675675693227
53323,6.0,-32.5,149.08334522815434
53324,6.0,-32.0,150.67925768875662
53325,6.0,-31.5,150.35386042582118
53326,6.0,-31.0,150.99723293538528
53327,6.0,-30.5,150.03027368189808
53328,6.0,-30.0,151.09145725380972
53329,6.0,-29.5,151.96868285825093
53330,6.0,-29.0,148.49208063030414
53331,6.0,-28.5,149.185319189114
53332,6.0,-28.0,148.13857841024452
53333,6.0,-27.5,154.4284799270979
53334,6.0,-27.0,149.52553113972974
53335,6.0,-26.5,155.0394457550992
53336,6.0,-26.0,151.07376353419414
53337,6.0,-25.5,148.1775053875306
53338,6.0,-25.0,149.12002312987508
53339,6.0,-24.5,148.91887211087746
53340,6.0,-24.0,152.3663690240907
53341,6.0,-23.5,147.42838930199167
53342,6.0,-23.0,153.66291133831797
53343,6.0,-22.5,151.9430604049502
53344,6.0,-22.0,147.5167197402773
53345,6.0,-21.5,151.02614407427157
53346,6.0,-21.0,155.36605941111046
53347,6.0,-20.5,153.4109135767165
53348,6.0,-20.0,154.39826506289387
53349,6.0,-19.5,150.83574917050944
53350,6.0,-19.0,151.91694328362954
53351,6.0,-18.5,152.255929461641
53352,6.0,-18.0,150.61600934987638
53353,6.0,-17.5,150.45002584735266
53354,6.0,-17.0,150.36357854364692
53355,6.0,-16.5,151.1706433397975
53356,6.0,-16.0,151.65028405995105
53357,6.0,-15.5,152.6596628604559
53358,6.0,-15.0,150.65621051675174
53359,6.0,-14.5,152.0518332355649
53360,6.0,-14.0,152.4691733038439
53361,6.0,-13.5,151.84903510536193
53362,6.0,-13.0,151.3142964261125
53363,6.0,-12.5,151.97883958235136
53364,6.0,-12.0,151.03701543337792
53365,6.0,-11.5,158.60334217151515
53366,6.0,-11.0,151.9852993804963
53367,6.0,-10.5,153.72026059058462
53368,6.0,-10.0,151.42392278096204
53369,6.0,-9.5,152.5161670649081
53370,6.0,-9.0,156.86546747206424
53371,6.0,-8.5,152.67974507885305
53372,6.0,-8.0,153.56138998717887
53373,6.0,-7.5,153.28871553992315
53374,6.0,-7.0,152.88954845837412
53375,6.0,-6.5,151.9319708081201
53376,6.0,-6.0,152.2401839747104
53377,6.0,-5.5,152.16056640980136
53378,6.0,-5.0,152.0617599520723
53379,6.0,-4.5,152.56606224149982
53380,6.0,-3.5,152.59346631181623
53381,6.0,-3.0,152.43501960309243
53382,6.0,-2.5,152.03932373488328
53383,6.0,-2.0,148.53417383675847
53384,6.0,-1.5,151.293075305166
53385,6.0,-1.0,150.51384330195532
53386,6.0,-0.5,150.51826775505143
53387,6.0,0.0,151.26207498496981
53388,6.0,0.5,151.5323863990778
53389,6.0,1.0,149.98274705941415
53390,6.0,1.5,148.91870040410518
53391,6.0,2.0,151.76060644141828
53392,6.0,2.5,155.39679039434756
53393,6.0,3.0,155.45104068461896
53394,6.0,4.0,152.7158321200657
53395,6.0,4.5,156.63889047721395
53396,6.0,5.0,153.71949374232227
53397,6.0,6.0,147.78067535569454
53398,6.0,6.5,148.83452640176506
53399,6.0,7.0,146.8058156307018
53400,6.0,7.5,149.63955185284033
53401,6.0,8.0,147.00623455124088
53402,6.0,8.5,153.55479551326118
53403,6.0,9.0,158.83872605474062
53404,6.0,9.5,153.38478327058775
53405,6.0,10.0,153.60440465720924
53406,6.0,10.5,154.67272697378868
53407,6.0,11.0,151.95547495365892
53408,6.0,11.5,154.46211780354875
53409,6.0,12.0,153.68818587467172
53410,6.0,12.5,155.192469611905
53411,6.0,13.0,161.33438995064958
53412,6.0,13.5,161.67047059048673
53413,6.0,14.0,154.52974362443365
53414,6.0,14.5,152.05003524208487
53415,6.0,15.0,153.26719886734514
53416,6.0,15.5,160.73214875761448
53417,6.0,16.5,151.13402105698097
53418,6.0,17.0,154.4988621914221
53419,6.0,17.5,158.01147177723848
53420,6.0,18.0,164.26273756577774
53421,6.0,19.0,148.67508655875366
53422,6.0,19.5,157.38347220338702
53423,6.0,20.0,147.59108523942348
53424,6.0,20.5,146.57102571082055
53425,6.0,21.0,161.05023172377224
53426,6.0,21.5,147.4192887861677
53427,6.0,22.5,168.15193760656118
53428,6.0,23.0,156.73055644867546
53429,6.0,23.5,160.8782976823417
53430,6.0,24.0,153.27544979056236
53431,6.0,24.5,153.2323788892418
53432,6.0,25.0,153.04593464006146
53433,6.0,25.5,153.57494193785365
53434,6.0,26.0,149.27686934198954
53435,6.0,26.5,154.22901408599412
53436,6.0,27.0,152.80745900889326
53437,6.0,27.5,157.75952423676077
53438,6.0,28.0,164.9857896602886
53439,6.0,28.5,154.30304168210247
53440,6.0,29.0,164.61834082216373
53441,6.0,29.5,156.17262422239213
53442,6.0,30.0,150.1434660087414
53443,6.0,30.5,159.44326459084985
53444,6.0,31.0,157.13122906179348
53445,6.0,31.5,151.52112872972617
53446,6.0,32.0,160.09204214750847
53447,6.0,32.5,149.92858112712577
53448,6.0,33.0,147.04485513159094
53449,6.0,33.5,153.5299165154186
53450,6.0,34.0,157.22392194233282
53451,6.0,34.5,154.14438791211373
53452,6.0,35.5,147.34108063449233
53453,6.0,36.0,147.0156249804385
53454,6.0,36.5,150.12916316834298
53455,6.0,37.0,151.42831454465022
53456,6.0,37.5,176.49612547458963
53457,6.0,38.0,190.22133755573276
53458,6.0,38.5,188.15901571768563
53459,6.0,39.0,177.68040761651417
53460,6.5,-37.5,149.53879130238286
53461,6.5,-37.0,148.24457110469697
53462,6.5,-36.0,149.68638038976604
53463,6.5,-35.5,150.94986900734673
53464,6.5,-35.0,152.67030551402948
53465,6.5,-34.5,154.16008485750464
53466,6.5,-34.0,150.9915525441725
53467,6.5,-33.5,151.8830310034065
53468,6.5,-33.0,151.09691395834298
53469,6.5,-32.5,149.35741448726077
53470,6.5,-32.0,149.34257648443028
53471,6.5,-31.5,151.92285508652964
53472,6.5,-31.0,149.94446081527158
53473,6.5,-30.5,151.58238409922131
53474,6.5,-30.0,148.88204521927855
53475,6.5,-29.5,152.09796798973005
53476,6.5,-29.0,148.98341829871205
53477,6.5,-28.5,149.2894638291447
53478,6.5,-28.0,151.32195777073306
53479,6.5,-27.5,154.2379330970916
53480,6.5,-27.0,152.44378099426302
53481,6.5,-26.5,153.09250718672575
53482,6.5,-26.0,148.90517137519143
53483,6.5,-25.5,149.45624294761683
53484,6.5,-25.0,149.90733013751412
53485,6.5,-24.5,153.71676595418847
53486,6.5,-24.0,155.87406146202608
53487,6.5,-23.5,147.00260169716114
53488,6.5,-23.0,153.21362122174276
53489,6.5,-22.0,149.77303843265855
53490,6.5,-21.5,149.8757250880719
53491,6.5,-20.5,156.15865998905466
53492,6.5,-20.0,153.68233985183525
53493,6.5,-19.5,151.66547359331204
53494,6.5,-19.0,151.22961122014175
53495,6.5,-18.5,154.23716489499762
53496,6.5,-18.0,151.0158856595817
53497,6.5,-17.5,149.83119083183848
53498,6.5,-17.0,150.5477904658417
53499,6.5,-16.5,150.2499644309761
53500,6.5,-16.0,151.72900344744988
53501,6.5,-15.5,154.74955306150775
53502,6.5,-15.0,150.93572223021667
53503,6.5,-14.5,150.75139712608916
53504,6.5,-14.0,152.65212636545692
53505,6.5,-13.5,151.09325526026473
53506,6.5,-13.0,153.22999221348485
53507,6.5,-12.5,151.35387785475845
53508,6.5,-12.0,151.6902414169173
53509,6.5,-11.5,154.03308896379312
53510,6.5,-11.0,156.96317811087084
53511,6.5,-10.5,151.24740020244786
53512,6.5,-9.5,152.89335837007312
53513,6.5,-9.0,153.79558248043358
53514,6.5,-8.5,152.43533393482804
53515,6.5,-8.0,152.54631533221456
53516,6.5,-7.5,153.75015602995205
53517,6.5,-7.0,154.6336371221841
53518,6.5,-6.5,151.50054243177112
53519,6.5,-6.0,153.23965581648437
53520,6.5,-5.5,152.52382232208024
53521,6.5,-5.0,152.13397094743007
53522,6.5,-4.5,152.46436412470618
53523,6.5,-4.0,153.1401009676535
53524,6.5,-3.5,152.88886807446954
53525,6.5,-2.5,151.72557648997406
53526,6.5,-2.0,149.8211375459965
53527,6.5,-1.5,149.16376953866387
53528,6.5,-1.0,152.18082271194262
53529,6.5,-0.5,150.42907229572555
53530,6.5,0.0,152.7880148592776
53531,6.5,0.5,151.37841984464293
53532,6.5,1.0,148.90005426834196
53533,6.5,1.5,149.0561418121884
53534,6.5,2.0,154.11056119341217
53535,6.5,2.5,154.5640409639298
53536,6.5,3.0,154.46588382989916
53537,6.5,3.5,155.0243147215162
53538,6.5,4.0,156.58004686164432
53539,6.5,4.5,157.18527944165766
53540,6.5,5.0,156.47499954696914
53541,6.5,5.5,153.60676662702485
53542,6.5,6.0,148.44337718291914
53543,6.5,6.5,150.67660790226213
53544,6.5,7.0,152.93210734456466
53545,6.5,7.5,149.89242186311355
53546,6.5,8.0,149.8122100374793
53547,6.5,8.5,153.59295696708847
53548,6.5,9.0,152.98034710535947
53549,6.5,9.5,148.90053620920713
53550,6.5,10.0,150.16208735136198
53551,6.5,10.5,154.27865552438845
53552,6.5,11.0,154.23182657769712
53553,6.5,11.5,151.36172187354003
53554,6.5,12.0,154.14872716481423
53555,6.5,13.0,160.090982367203
53556,6.5,14.0,152.69508807255912
53557,6.5,14.5,157.44797585475612
53558,6.5,15.0,152.1240619945156
53559,6.5,15.5,154.2185387536751
53560,6.5,16.5,152.34969652037177
53561,6.5,17.0,160.4692678229189
53562,6.5,17.5,159.7263450170552
53563,6.5,18.5,164.0623321638566
53564,6.5,19.0,156.64896323603676
53565,6.5,19.5,155.75210374392685
53566,6.5,20.0,161.34060895917992
53567,6.5,20.5,149.42463864847744
53568,6.5,21.0,155.61532394513688
53569,6.5,21.5,173.86080175054096
53570,6.5,22.5,153.22439078515697
53571,6.5,23.0,167.88107991797597
53572,6.5,23.5,160.0933404668063
53573,6.5,24.0,154.58166768988585
53574,6.5,24.5,156.1697101135539
53575,6.5,25.0,156.38411317815124
53576,6.5,25.5,157.31168265179383
53577,6.5,26.0,147.05795636607016
53578,6.5,26.5,151.0441963990121
53579,6.5,27.0,158.2882715470415
53580,6.5,27.5,159.18640344556144
53581,6.5,28.0,164.33100705743308
53582,6.5,28.5,156.2491552429162
53583,6.5,29.0,159.00258414068202
53584,6.5,29.5,154.97308484314678
53585,6.5,30.0,151.6122165902756
53586,6.5,30.5,167.8058031990631
53587,6.5,31.0,157.579627208089
53588,6.5,31.5,152.19504818546739
53589,6.5,32.5,145.4146209169087
53590,6.5,33.0,144.5309723038308
53591,6.5,33.5,151.42149516019634
53592,6.5,34.0,157.93697794236053
53593,6.5,34.5,156.98305762122106
53594,6.5,35.0,148.4321086606302
53595,6.5,35.5,146.02090840774324
53596,6.5,36.0,146.8100163757318
53597,6.5,36.5,149.7722813697645
53598,6.5,37.0,150.2668684378804
53599,6.5,37.5,176.04821526199524
53600,6.5,38.0,189.42102106131932
53601,6.5,39.0,177.58504649092282
53602,7.0,-37.5,150.25679100190848
53603,7.0,-37.0,148.29358000448534
53604,7.0,-36.0,154.0129459189806
53605,7.0,-35.5,148.77832764227475
53606,7.0,-35.0,152.40387526446418
53607,7.0,-34.5,154.22139711911194
53608,7.0,-34.0,150.53065883476947
53609,7.0,-33.5,150.1364155381244
53610,7.0,-33.0,151.57837036553795
53611,7.0,-32.5,151.9364299216806
53612,7.0,-32.0,149.13590272375242
53613,7.0,-31.5,151.40415720443588
53614,7.0,-31.0,152.46873418627385
53615,7.0,-30.5,152.21122183620093
53616,7.0,-30.0,148.66183794260422
53617,7.0,-29.5,151.12460931266057
53618,7.0,-29.0,150.22396510590474
53619,7.0,-28.5,148.93377873922938
53620,7.0,-28.0,152.31538991588872
53621,7.0,-27.5,149.5320148342188
53622,7.0,-27.0,156.65314119208878
53623,7.0,-26.5,148.7310744054002
53624,7.0,-26.0,148.2783889132575
53625,7.0,-25.5,150.11600892571602
53626,7.0,-25.0,147.6546753795873
53627,7.0,-24.5,155.66685917206283
53628,7.0,-23.5,150.65348362225552
53629,7.0,-23.0,148.52928462775532
53630,7.0,-22.0,149.7312111598689
53631,7.0,-21.5,149.35398063243346
53632,7.0,-21.0,151.91979147421156
53633,7.0,-20.5,156.4427608174078
53634,7.0,-20.0,155.22219916285175
53635,7.0,-19.5,151.72605101020585
53636,7.0,-19.0,152.6675613847539
53637,7.0,-18.5,151.50970240465398
53638,7.0,-18.0,151.48604537074368
53639,7.0,-17.5,151.50996293444223
53640,7.0,-17.0,150.18245980944783
53641,7.0,-16.5,150.64467475343213
53642,7.0,-16.0,149.14852284630663
53643,7.0,-15.5,151.40052237491125
53644,7.0,-15.0,154.38773336487677
53645,7.0,-14.5,151.13795534044107
53646,7.0,-14.0,151.4186986426055
53647,7.0,-13.5,153.96998801602217
53648,7.0,-13.0,151.59678136230988
53649,7.0,-12.5,151.95793575559705
53650,7.0,-12.0,152.27213215280074
53651,7.0,-11.5,152.13659276250667
53652,7.0,-11.0,152.98772278267964
53653,7.0,-10.0,152.24876722700287
53654,7.0,-9.5,152.13156929185266
53655,7.0,-9.0,153.70843025398054
53656,7.0,-8.0,152.8428657439088
53657,7.0,-7.5,152.46211680911023
53658,7.0,-7.0,154.02886879023464
53659,7.0,-6.5,153.3661925619325
53660,7.0,-6.0,157.68301683838996
53661,7.0,-5.5,155.37363794194928
53662,7.0,-5.0,152.27652643362669
53663,7.0,-4.5,152.54893351331887
53664,7.0,-4.0,153.5129495562334
53665,7.0,-2.5,148.6084967675372
53666,7.0,-2.0,150.3324817051214
53667,7.0,-1.5,149.06831865744388
53668,7.0,-1.0,148.17695814970523
53669,7.0,-0.5,152.43105199925446
53670,7.0,0.0,150.28331778621154
53671,7.0,0.5,149.4876181193698
53672,7.0,1.0,148.4787528396885
53673,7.0,1.5,154.92141640618163
53674,7.0,2.0,150.0830610587799
53675,7.0,3.0,155.4567703442852
53676,7.0,3.5,155.98732428684048
53677,7.0,4.0,156.7863291081985
53678,7.0,5.0,152.8823041851807
53679,7.0,5.5,146.2852524941406
53680,7.0,6.0,148.74426570931507
53681,7.0,6.5,155.39530384051437
53682,7.0,7.0,154.08358306945414
53683,7.0,7.5,143.629436880992
53684,7.0,8.0,153.41319498856384
53685,7.0,8.5,156.6360291689069
53686,7.0,9.5,148.50923936739213
53687,7.0,10.5,150.61045411293054
53688,7.0,11.0,154.1301586433508
53689,7.0,11.5,151.4377378226629
53690,7.0,12.0,154.6983783419302
53691,7.0,12.5,159.73923280210835
53692,7.0,13.0,157.38624836913684
53693,7.0,13.5,153.47535516269585
53694,7.0,14.0,158.39875818739034
53695,7.0,14.5,153.0870263920034
53696,7.0,15.0,152.92385563652934
53697,7.0,15.5,155.20849653492314
53698,7.0,16.0,152.7790568734099
53699,7.0,16.5,153.73909730232725
53700,7.0,17.0,160.2603138468352
53701,7.0,17.5,162.89059591755046
53702,7.0,18.0,155.05339627073863
53703,7.0,18.5,150.48925590012263
53704,7.0,19.0,159.87773499150606
53705,7.0,19.5,157.44874854516823
53706,7.0,20.0,144.6898326803694
53707,7.0,20.5,144.5192622731626
53708,7.0,21.0,154.37111601857725
53709,7.0,21.5,171.570756876965
53710,7.0,22.0,155.12950161897194
53711,7.0,22.5,148.63712998986884
53712,7.0,23.0,167.95994204527136
53713,7.0,23.5,161.0720349861265
53714,7.0,24.0,155.16631572430438
53715,7.0,24.5,152.00893876101836
53716,7.0,25.0,152.8803029132707
53717,7.0,25.5,153.078255665924
53718,7.0,26.0,155.54646840716495
53719,7.0,26.5,147.2849858082941
53720,7.0,27.0,156.8963326332348
53721,7.0,27.5,161.21747914565228
53722,7.0,28.0,153.47665133940416
53723,7.0,28.5,161.45674768989397
53724,7.0,29.0,151.29315051251993
53725,7.0,29.5,148.38511797656957
53726,7.0,30.0,156.0309479265046
53727,7.0,30.5,161.8504117702562
53728,7.0,31.0,155.51252706034728
53729,7.0,31.5,154.83841381230897
53730,7.0,32.0,143.09080553410362
53731,7.0,32.5,143.55032335468437
53732,7.0,33.0,149.78612132905917
53733,7.0,33.5,150.76449807473955
53734,7.0,34.0,155.66285726251846
53735,7.0,34.5,147.9465313148487
53736,7.0,35.0,147.04710400424509
53737,7.0,35.5,147.8545299036746
53738,7.0,36.0,147.86251139257422
53739,7.0,36.5,151.08212313907018
53740,7.0,37.0,151.5796132654306
53741,7.0,37.5,173.1594873009952
53742,7.0,38.0,189.08849532944845
53743,7.0,39.0,177.92590398596218
53744,7.5,-37.5,150.88275743138217
53745,7.5,-37.0,148.39065179955995
53746,7.5,-36.0,155.7568026952348
53747,7.5,-35.5,148.1957258194913
53748,7.5,-35.0,150.5152665656891
53749,7.5,-34.5,153.41076974774484
53750,7.5,-34.0,151.30906154764028
53751,7.5,-33.5,149.31839983319642
53752,7.5,-33.0,152.0823478680696
53753,7.5,-32.5,151.7053260013614
53754,7.5,-32.0,148.72507824326266
53755,7.5,-31.5,151.02100210878186
53756,7.5,-31.0,151.6474821255417
53757,7.5,-30.5,151.89283314539705
53758,7.5,-30.0,151.77861549947642
53759,7.5,-29.5,149.49148064717863
53760,7.5,-29.0,149.82166040202193
53761,7.5,-28.5,148.9389828754411
53762,7.5,-28.0,152.3596150137876
53763,7.5,-27.5,149.38659337054284
53764,7.5,-27.0,154.9019568034164
53765,7.5,-26.5,148.40792566771586
53766,7.5,-26.0,148.33082198061706
53767,7.5,-25.5,150.95616775284864
53768,7.5,-25.0,148.5819901490179
53769,7.5,-24.5,153.2811631651123
53770,7.5,-23.5,153.2276040404039
53771,7.5,-23.0,147.48134387200867
53772,7.5,-22.5,150.94297770839063
53773,7.5,-22.0,149.50708710417666
53774,7.5,-21.5,148.27130224071914
53775,7.5,-21.0,153.01826382761874
53776,7.5,-20.5,153.65289914506127
53777,7.5,-20.0,157.0674963687304
53778,7.5,-19.5,152.98047820934687
53779,7.5,-19.0,155.71185964568878
53780,7.5,-18.5,150.64325396026794
53781,7.5,-18.0,151.64138861505617
53782,7.5,-17.5,151.3478461903525
53783,7.5,-17.0,149.83047710483964
53784,7.5,-16.5,150.52280176744432
53785,7.5,-16.0,150.28298840439197
53786,7.5,-15.5,151.39510193723035
53787,7.5,-15.0,152.86249698866197
53788,7.5,-14.5,153.4274194902866
53789,7.5,-14.0,151.5704515303344
53790,7.5,-13.5,153.14102316520936
53791,7.5,-13.0,152.46970054841267
53792,7.5,-12.5,153.42232556994753
53793,7.5,-12.0,152.86243525438988
53794,7.5,-11.5,152.32010678631733
53795,7.5,-11.0,152.4188504648522
53796,7.5,-10.5,152.60332271806206
53797,7.5,-10.0,152.4074370030906
53798,7.5,-9.0,153.60776500088366
53799,7.5,-8.5,153.2951662568111
53800,7.5,-8.0,151.37915691677432
53801,7.5,-7.5,152.40437568372133
53802,7.5,-7.0,154.10613655781063
53803,7.5,-6.5,153.94036478815963
53804,7.5,-6.0,152.07143278175175
53805,7.5,-5.5,157.3124408755829
53806,7.5,-5.0,156.3847767477743
53807,7.5,-4.5,153.15241405543088
53808,7.5,-4.0,152.87037277109252
53809,7.5,-3.0,149.00290711289304
53810,7.5,-2.5,149.31371246572652
53811,7.5,-2.0,148.63591727874228
53812,7.5,-1.5,152.0779867636072
53813,7.5,-1.0,151.45591427503115
53814,7.5,-0.5,151.17198700154006
53815,7.5,0.0,151.47470011948766
53816,7.5,0.5,148.9346922688338
53817,7.5,1.0,154.86027623993402
53818,7.5,1.5,154.47874383558585
53819,7.5,2.0,151.21670889488075
53820,7.5,2.5,151.71896583656905
53821,7.5,3.0,154.52964134266443
53822,7.5,3.5,154.58704885553402
53823,7.5,4.0,153.0438394302122
53824,7.5,5.0,148.27517589556257
53825,7.5,5.5,148.21415917239858
53826,7.5,6.0,148.44968306347104
53827,7.5,6.5,148.92968248431328
53828,7.5,7.0,144.05517662321793
53829,7.5,7.5,145.28775189987653
53830,7.5,8.0,151.38439916791265
53831,7.5,9.0,151.1568415097829
53832,7.5,9.5,150.17162333823103
53833,7.5,10.0,149.70558827541777
53834,7.5,10.5,151.3124944402554
53835,7.5,11.0,153.25789491981024
53836,7.5,11.5,153.1357727077882
53837,7.5,12.0,156.89222905188188
53838,7.5,12.5,159.60822761778917
53839,7.5,13.0,152.01673714575145
53840,7.5,13.5,155.84525973149212
53841,7.5,14.0,159.82564343450187
53842,7.5,15.0,153.67533036208968
53843,7.5,15.5,154.59364966662136
53844,7.5,16.0,154.21524025849047
53845,7.5,16.5,160.8187522250742
53846,7.5,17.0,161.54371992116165
53847,7.5,18.0,148.30327490640033
53848,7.5,18.5,157.8640867397339
53849,7.5,19.0,155.4961660161681
53850,7.5,19.5,163.7214112655823
53851,7.5,20.0,150.68803798257645
53852,7.5,20.5,148.43657347281447
53853,7.5,21.0,157.4483527536868
53854,7.5,21.5,165.5045275262808
53855,7.5,22.0,158.19884894732354
53856,7.5,22.5,147.8075740655792
53857,7.5,23.0,165.89736757373217
53858,7.5,23.5,165.37977796594402
53859,7.5,24.0,153.66537080086476
53860,7.5,24.5,149.06446264830058
53861,7.5,25.0,149.34385918905792
53862,7.5,25.5,149.12827107570163
53863,7.5,26.0,158.30144504570998
53864,7.5,26.5,148.06533951846075
53865,7.5,27.0,153.81337423623563
53866,7.5,27.5,174.57955995715687
53867,7.5,28.0,153.65065879425742
53868,7.5,28.5,158.19652106932423
53869,7.5,29.0,150.8444268959036
53870,7.5,29.5,144.0667253422474
53871,7.5,30.0,156.6998609836918
53872,7.5,30.5,156.79227100375053
53873,7.5,31.0,153.28875307509665
53874,7.5,31.5,153.48591494163787
53875,7.5,32.0,144.32538702862067
53876,7.5,32.5,149.3628926551339
53877,7.5,33.0,154.6062997506189
53878,7.5,33.5,149.66266355063334
53879,7.5,34.0,154.7855733567916
53880,7.5,34.5,148.58955561559026
53881,7.5,35.0,146.79747727246013
53882,7.5,35.5,151.18475241962264
53883,7.5,36.0,147.29811983202177
53884,7.5,36.5,151.90780163356573
53885,7.5,37.0,150.99998267611403
53886,7.5,37.5,171.81349248912986
53887,7.5,38.0,188.02950924064072
53888,7.5,39.0,177.94597516920965
53889,8.0,-37.5,150.5085679250379
53890,8.0,-37.0,148.71216861877622
53891,8.0,-36.0,156.1109276326812
53892,8.0,-35.5,147.68264321127705
53893,8.0,-35.0,151.4810599279502
53894,8.0,-34.5,151.0098956807377
53895,8.0,-34.0,154.1183046716623
53896,8.0,-33.5,151.4690183957138
53897,8.0,-33.0,152.13274634523316
53898,8.0,-32.5,151.51423049705252
53899,8.0,-32.0,150.4885914135958
53900,8.0,-31.5,150.55066996440414
53901,8.0,-31.0,152.24924900833574
53902,8.0,-30.5,150.19264262628755
53903,8.0,-30.0,152.23948640902714
53904,8.0,-29.5,149.05322162126228
53905,8.0,-29.0,149.34244685410349
53906,8.0,-28.5,150.54098034876012
53907,8.0,-28.0,150.28462967562194
53908,8.0,-27.5,152.74792936735705
53909,8.0,-27.0,153.44570140991155
53910,8.0,-26.5,151.7757531327826
53911,8.0,-26.0,148.76912660030297
53912,8.0,-25.5,150.79507333798855
53913,8.0,-25.0,150.99870489407658
53914,8.0,-24.5,147.4649267604364
53915,8.0,-24.0,152.9860589144349
53916,8.0,-23.5,153.8212032430952
53917,8.0,-23.0,148.60848099610376
53918,8.0,-22.5,149.59848972289618
53919,8.0,-22.0,149.63423349431767
53920,8.0,-21.5,150.16855900147982
53921,8.0,-21.0,153.52091861074123
53922,8.0,-20.5,153.10868276998798
53923,8.0,-20.0,154.935633255504
53924,8.0,-19.5,159.6671906931334
53925,8.0,-19.0,151.5514392489108
53926,8.0,-18.5,151.779743402632
53927,8.0,-18.0,150.7054211274952
53928,8.0,-17.5,151.39463409013052
53929,8.0,-17.0,151.18428577204972
53930,8.0,-16.5,148.24234811469395
53931,8.0,-16.0,151.4481943397944
53932,8.0,-15.5,150.0400893415968
53933,8.0,-15.0,152.4661620051648
53934,8.0,-14.5,156.01938127394618
53935,8.0,-14.0,152.29351510659663
53936,8.0,-13.5,151.7754009868503
53937,8.0,-13.0,154.1670739537411
53938,8.0,-12.5,152.58650406949005
53939,8.0,-12.0,154.21913698206527
53940,8.0,-11.5,152.34737367665713
53941,8.0,-11.0,152.4576873430082
53942,8.0,-10.5,153.07322514346777
53943,8.0,-10.0,155.13042981434012
53944,8.0,-9.0,152.8744538175852
53945,8.0,-8.5,153.58830964979748
53946,8.0,-8.0,151.74199788145978
53947,8.0,-7.0,153.76189553941234
53948,8.0,-6.5,153.32189183825534
53949,8.0,-6.0,152.90886113254956
53950,8.0,-5.5,152.92172509786656
53951,8.0,-5.0,158.67805214916854
53952,8.0,-4.5,153.9220973387146
53953,8.0,-4.0,152.74141106438742
53954,8.0,-3.5,151.24971492760426
53955,8.0,-3.0,149.4866240557027
53956,8.0,-2.5,149.13105419343148
53957,8.0,-2.0,148.51517374659764
53958,8.0,-1.5,150.33672499713563
53959,8.0,-1.0,152.34562987359362
53960,8.0,-0.5,149.4503143277655
53961,8.0,0.0,150.11571468839816
53962,8.0,0.5,152.5600892642045
53963,8.0,1.0,153.03749264255848
53964,8.0,1.5,156.5419518394787
53965,8.0,2.0,171.46041628375605
53966,8.0,2.5,152.0281014440774
53967,8.0,3.0,155.57189227032472
53968,8.0,4.0,153.284582487589
53969,8.0,4.5,153.33309722418565
53970,8.0,5.0,150.6692136730852
53971,8.0,5.5,149.36772734520926
53972,8.0,6.0,151.6896106290229
53973,8.0,6.5,148.50012894766266
53974,8.0,7.0,147.70521297021847
53975,8.0,7.5,147.6284726705431
53976,8.0,8.0,147.27458268787575
53977,8.0,8.5,149.31776310503554
53978,8.0,9.0,149.99218643471528
53979,8.0,10.0,150.30266156621389
53980,8.0,10.5,150.6714974928927
53981,8.0,11.0,155.31872458884666
53982,8.0,11.5,154.69367484064304
53983,8.0,12.0,158.198612940456
53984,8.0,12.5,152.09952662884427
53985,8.0,13.0,152.05755168363672
53986,8.0,13.5,160.78239370767005
53987,8.0,14.0,151.32355836101573
53988,8.0,14.5,158.55303213520648
53989,8.0,15.0,154.62369392690965
53990,8.0,15.5,153.3054389055515
53991,8.0,16.0,156.7001367259597
53992,8.0,16.5,158.26823537242976
53993,8.0,17.5,145.84336885713807
53994,8.0,18.0,154.04532295360028
53995,8.0,18.5,152.78180057038873
53996,8.0,19.0,161.35930234117765
53997,8.0,19.5,144.4144247859231
53998,8.0,20.0,150.63103998331812
53999,8.0,20.5,150.21018864843566
54000,8.0,21.0,151.17825059444036
54001,8.0,21.5,155.60558429671076
54002,8.0,22.0,162.40031142185563
54003,8.0,22.5,152.35771084312603
54004,8.0,23.0,156.57619268794207
54005,8.0,23.5,163.24888763275018
54006,8.0,24.0,153.34613123716565
54007,8.0,24.5,154.5798285005337
54008,8.0,25.0,149.68892630893154
54009,8.0,25.5,146.60452955127136
54010,8.0,26.0,152.77038936481264
54011,8.0,26.5,156.9243111918395
54012,8.0,27.0,153.1993030521189
54013,8.0,27.5,167.8216585460839
54014,8.0,28.0,157.04203683828928
54015,8.0,28.5,152.59901621030923
54016,8.0,29.0,149.72111488202788
54017,8.0,29.5,154.89941353170892
54018,8.0,30.0,155.8399238928332
54019,8.0,30.5,153.55073001179719
54020,8.0,31.0,152.7914977701623
54021,8.0,31.5,153.49347772206764
54022,8.0,32.0,153.09644032241778
54023,8.0,32.5,150.3781860112647
54024,8.0,33.0,149.5704509854753
54025,8.0,33.5,153.46133423118692
54026,8.0,34.0,161.82843197766817
54027,8.0,34.5,147.20883977928858
54028,8.0,35.0,148.76103039963033
54029,8.0,35.5,149.15877593015495
54030,8.0,36.0,144.67591491900524
54031,8.0,36.5,149.490506248244
54032,8.0,37.0,149.60093008932202
54033,8.0,37.5,168.86713961717814
54034,8.0,38.0,178.62143447435028
54035,8.0,39.0,178.05098420225784
54036,8.5,-37.5,149.50152142111924
54037,8.5,-37.0,149.2757405783808
54038,8.5,-36.0,154.47402315357957
54039,8.5,-35.5,148.77143383743996
54040,8.5,-35.0,151.66861962591634
54041,8.5,-34.5,148.69337831961138
54042,8.5,-34.0,153.79066172406692
54043,8.5,-33.5,151.57732441828006
54044,8.5,-33.0,152.56974694847605
54045,8.5,-32.5,151.2117757746676
54046,8.5,-32.0,150.8946111713264
54047,8.5,-31.5,150.30677157118123
54048,8.5,-31.0,151.4524316182485
54049,8.5,-30.5,150.6540393904125
54050,8.5,-30.0,153.2044004197714
54051,8.5,-29.5,149.02538055971505
54052,8.5,-29.0,149.45403205674887
54053,8.5,-28.5,151.70378266032492
54054,8.5,-28.0,148.79068350024966
54055,8.5,-27.5,151.21168704265725
54056,8.5,-27.0,149.2687190708511
54057,8.5,-26.5,151.85932720837897
54058,8.5,-26.0,148.8032842276338
54059,8.5,-25.5,151.04234803805915
54060,8.5,-25.0,153.6925727717795
54061,8.5,-24.5,146.99354450809892
54062,8.5,-24.0,151.9620072275852
54063,8.5,-23.5,153.31082084922792
54064,8.5,-23.0,152.42960824456662
54065,8.5,-22.5,148.7083539784676
54066,8.5,-22.0,150.1810057808615
54067,8.5,-21.5,152.62807692850242
54068,8.5,-21.0,150.49528677277254
54069,8.5,-20.5,152.27310304954045
54070,8.5,-20.0,154.09772138434255
54071,8.5,-19.5,162.9053565257377
54072,8.5,-19.0,151.46977063523758
54073,8.5,-18.5,151.65557578486099
54074,8.5,-18.0,150.74986484284432
54075,8.5,-17.5,151.26545419786072
54076,8.5,-17.0,150.6463181587384
54077,8.5,-16.5,149.5067386225916
54078,8.5,-16.0,150.4434862382999
54079,8.5,-15.5,151.89428050251735
54080,8.5,-15.0,151.3046210230322
54081,8.5,-14.5,156.35944928573406
54082,8.5,-14.0,154.71714564693414
54083,8.5,-13.5,152.4299951567711
54084,8.5,-13.0,153.14836894347528
54085,8.5,-12.5,153.84084243270163
54086,8.5,-12.0,151.5451843914569
54087,8.5,-11.0,153.08680378110847
54088,8.5,-10.5,152.94806059403996
54089,8.5,-10.0,155.03193946468613
54090,8.5,-9.5,155.1565012027617
54091,8.5,-9.0,152.74998033638877
54092,8.5,-8.5,151.46480276027697
54093,8.5,-8.0,153.3663326106333
54094,8.5,-7.0,154.2814037266782
54095,8.5,-6.5,153.32598049741117
54096,8.5,-6.0,153.89277848007652
54097,8.5,-5.5,154.1119019452178
54098,8.5,-5.0,155.45188392232612
54099,8.5,-4.5,160.74403805153537
54100,8.5,-4.0,152.67259608412914
54101,8.5,-3.5,155.25160293412435
54102,8.5,-3.0,150.94769729780313
54103,8.5,-2.5,148.79079995159015
54104,8.5,-2.0,150.44731299762114
54105,8.5,-1.5,153.87622577251622
54106,8.5,-1.0,150.96872777758304
54107,8.5,-0.5,150.79917110889065
54108,8.5,0.0,149.7859716100928
54109,8.5,0.5,153.13502425207145
54110,8.5,1.0,151.09254033550982
54111,8.5,2.0,150.94624338163052
54112,8.5,2.5,156.4597298885615
54113,8.5,3.0,157.05794136329328
54114,8.5,4.0,159.44223008670133
54115,8.5,4.5,158.1407505702858
54116,8.5,5.0,148.12978957535597
54117,8.5,5.5,148.44595261098226
54118,8.5,6.0,149.50042076914093
54119,8.5,6.5,150.1498798702333
54120,8.5,7.0,148.52688016692917
54121,8.5,7.5,155.0518993628752
54122,8.5,8.0,154.6808958595384
54123,8.5,8.5,150.52643796645748
54124,8.5,9.0,148.12929144383855
54125,8.5,9.5,146.09452618104785
54126,8.5,10.0,151.07706811408917
54127,8.5,10.5,152.68765022859694
54128,8.5,11.5,157.17830484141382
54129,8.5,12.0,156.7408524147802
54130,8.5,12.5,158.9867370808047
54131,8.5,13.0,157.60366632974885
54132,8.5,13.5,151.26879145469843
54133,8.5,14.0,150.74201637194503
54134,8.5,14.5,156.9331777481942
54135,8.5,15.0,154.31342246005266
54136,8.5,15.5,152.9323385560462
54137,8.5,16.0,157.95480831438303
54138,8.5,16.5,155.1093647501248
54139,8.5,17.5,145.6161056453535
54140,8.5,18.0,155.67965487043062
54141,8.5,18.5,153.41584726511218
54142,8.5,19.0,152.27485616340377
54143,8.5,19.5,144.60132688163043
54144,8.5,20.0,145.09309620708615
54145,8.5,20.5,153.35791479705907
54146,8.5,21.0,150.737776408257
54147,8.5,21.5,151.49731763488498
54148,8.5,22.0,167.81000693575967
54149,8.5,22.5,160.73079855577242
54150,8.5,23.0,157.55799458139978
54151,8.5,23.5,153.9233150008913
54152,8.5,24.0,161.52674872789717
54153,8.5,24.5,157.0776045641742
54154,8.5,25.0,148.62862451981795
54155,8.5,25.5,144.006131801429
54156,8.5,26.0,151.72381670072633
54157,8.5,26.5,154.71982371260017
54158,8.5,27.0,158.06231246556433
54159,8.5,27.5,154.3738122441074
54160,8.5,28.0,172.06299085497375
54161,8.5,28.5,151.22220969720604
54162,8.5,29.0,149.4157566913775
54163,8.5,29.5,155.07469266493658
54164,8.5,30.0,154.20083892242224
54165,8.5,30.5,149.24813178781247
54166,8.5,31.0,158.45438622550256
54167,8.5,31.5,146.28445444210453
54168,8.5,32.0,152.31025191886852
54169,8.5,32.5,154.6600346726044
54170,8.5,33.0,147.70243432683648
54171,8.5,33.5,161.36206829536627
54172,8.5,34.0,158.21465726072975
54173,8.5,34.5,150.18967958026724
54174,8.5,35.0,147.71029710755852
54175,8.5,36.0,149.16226716314452
54176,8.5,36.5,151.91316982959498
54177,8.5,37.0,147.0707252113019
54178,8.5,38.0,177.078083213965
54179,8.5,38.5,186.139601785312
54180,8.5,39.0,178.27498916575087
54181,9.0,-37.5,149.85018483695225
54182,9.0,-37.0,149.12354995990182
54183,9.0,-36.5,152.21314980131905
54184,9.0,-36.0,148.8815630814332
54185,9.0,-35.5,159.5325851188667
54186,9.0,-35.0,152.2111334064125
54187,9.0,-34.5,148.63062192934296
54188,9.0,-34.0,147.77256272980063
54189,9.0,-33.5,156.9917762370463
54190,9.0,-33.0,151.23511800325826
54191,9.0,-32.5,152.24738814873666
54192,9.0,-32.0,151.73564770841116
54193,9.0,-31.5,149.18212463465795
54194,9.0,-31.0,151.66928211962494
54195,9.0,-30.5,149.98549370747924
54196,9.0,-30.0,152.23222078254872
54197,9.0,-29.5,149.18094323433644
54198,9.0,-29.0,149.56055389963416
54199,9.0,-28.5,150.93050839228067
54200,9.0,-28.0,150.5779608183958
54201,9.0,-27.5,151.38502298731552
54202,9.0,-27.0,148.1263929062933
54203,9.0,-26.5,154.04146827521456
54204,9.0,-26.0,149.07539763513068
54205,9.0,-25.5,151.73433061239044
54206,9.0,-25.0,154.25443720634846
54207,9.0,-24.5,149.77413131548633
54208,9.0,-24.0,150.68585950059517
54209,9.0,-23.5,151.45169823407423
54210,9.0,-23.0,152.2842966662025
54211,9.0,-22.5,149.49494266333085
54212,9.0,-22.0,149.92416999745868
54213,9.0,-21.5,154.2589999082682
54214,9.0,-21.0,151.13526537642275
54215,9.0,-20.5,151.43559426932913
54216,9.0,-20.0,153.7613230316943
54217,9.0,-19.5,154.83871534841455
54218,9.0,-19.0,160.6661179067457
54219,9.0,-18.5,153.22632990449327
54220,9.0,-18.0,151.68869702386553
54221,9.0,-17.5,149.3348546469689
54222,9.0,-17.0,150.5131544655771
54223,9.0,-16.5,151.3774408230052
54224,9.0,-16.0,150.96652761384715
54225,9.0,-15.5,152.1142621998348
54226,9.0,-15.0,151.01392487954155
54227,9.0,-14.5,152.38580095390859
54228,9.0,-14.0,156.00618653660456
54229,9.0,-13.5,153.75435376165953
54230,9.0,-13.0,153.26582615376427
54231,9.0,-12.5,152.32811694831346
54232,9.0,-12.0,151.30144441625598
54233,9.0,-11.5,151.33339822759754
54234,9.0,-11.0,153.08697865629065
54235,9.0,-10.5,153.15115029344634
54236,9.0,-10.0,152.0123714843735
54237,9.0,-9.5,153.42900890713162
54238,9.0,-9.0,151.12294890575754
54239,9.0,-8.5,151.11044572105695
54240,9.0,-8.0,154.0450434544331
54241,9.0,-7.5,154.073379336837
54242,9.0,-7.0,153.3592786578699
54243,9.0,-6.5,153.77899325816702
54244,9.0,-6.0,154.33017933463483
54245,9.0,-5.5,155.01335902148406
54246,9.0,-5.0,153.9651078921797
54247,9.0,-4.5,158.11109622618883
54248,9.0,-4.0,154.36805327994148
54249,9.0,-3.5,151.17274114190897
54250,9.0,-3.0,157.58487976277712
54251,9.0,-2.5,148.69190636188608
54252,9.0,-2.0,153.6462709058193
54253,9.0,-1.5,151.6202524616893
54254,9.0,-1.0,153.43094789688686
54255,9.0,-0.5,152.2256735317166
54256,9.0,0.0,156.0699076505967
54257,9.0,0.5,148.73114606688682
54258,9.0,1.0,152.0303536129734
54259,9.0,1.5,152.6821385761642
54260,9.0,2.0,153.56560372036316
54261,9.0,2.5,155.24852640498352
54262,9.0,4.0,158.8590303336778
54263,9.0,4.5,144.7933523172728
54264,9.0,5.0,148.76742848684873
54265,9.0,5.5,146.972744570254
54266,9.0,6.0,145.38641241487858
54267,9.0,6.5,146.28513889262052
54268,9.0,7.0,148.0194143716602
54269,9.0,8.0,152.38960655521004
54270,9.0,8.5,149.71088532236246
54271,9.0,9.0,145.5082875110379
54272,9.0,9.5,147.56958537128486
54273,9.0,10.0,154.10755432964658
54274,9.0,11.0,156.05496560473978
54275,9.0,11.5,156.41378572961443
54276,9.0,12.0,158.85625141357346
54277,9.0,12.5,156.0837758712166
54278,9.0,13.0,152.1777376217645
54279,9.0,13.5,151.7030174903786
54280,9.0,14.0,152.96221136050525
54281,9.0,14.5,151.97557091464262
54282,9.0,15.0,152.74573324568482
54283,9.0,15.5,155.40697016155602
54284,9.0,16.0,156.2988269014602
54285,9.0,17.0,151.98537788157788
54286,9.0,17.5,155.6465884151032
54287,9.0,18.0,149.74283725062492
54288,9.0,18.5,160.45474229795687
54289,9.0,19.0,144.57307173546246
54290,9.0,19.5,146.23096219522134
54291,9.0,20.5,153.27458273067197
54292,9.0,21.0,151.62892323573234
54293,9.0,21.5,150.52488904598496
54294,9.0,22.0,154.31869095293285
54295,9.0,22.5,169.40926231371822
54296,9.0,23.0,160.76496063997962
54297,9.0,23.5,154.3391244418165
54298,9.0,24.0,160.32270847225905
54299,9.0,24.5,152.8353408036326
54300,9.0,25.0,145.83411825891557
54301,9.0,25.5,161.2103376669003
54302,9.0,26.0,148.865892391991
54303,9.0,26.5,157.81999817542496
54304,9.0,27.0,157.6099980210555
54305,9.0,27.5,154.68272483535205
54306,9.0,28.0,171.1750036039281
54307,9.0,28.5,153.83790031582646
54308,9.0,29.0,150.6499167677059
54309,9.0,29.5,150.5811783835352
54310,9.0,30.0,159.54385743642268
54311,9.0,30.5,146.1200291920517
54312,9.0,31.0,160.8182465450425
54313,9.0,31.5,148.0102737347568
54314,9.0,32.0,150.09321568159433
54315,9.0,32.5,155.33286218851495
54316,9.0,33.0,149.59759942464427
54317,9.0,33.5,154.16032801900948
54318,9.0,34.0,156.76931295396733
54319,9.0,34.5,146.07792435013445
54320,9.0,35.0,147.36781340454277
54321,9.0,35.5,143.82445819439866
54322,9.0,36.0,145.048497777928
54323,9.0,36.5,151.58854739619903
54324,9.0,37.0,148.76663563993483
54325,9.0,37.5,168.51948957448712
54326,9.0,38.0,177.97051921674336
54327,9.0,38.5,185.41687455606973
54328,9.0,39.0,178.42822864091693
54329,9.0,39.5,178.48061764303674
54330,9.5,-37.5,150.14687260670374
54331,9.5,-37.0,148.5096536755273
54332,9.5,-36.5,151.6745232873656
54333,9.5,-36.0,148.46280089961317
54334,9.5,-35.5,157.4721517408931
54335,9.5,-35.0,151.6353083183999
54336,9.5,-34.5,148.38786385474248
54337,9.5,-34.0,150.20254422113013
54338,9.5,-33.5,152.06951441673075
54339,9.5,-33.0,149.98677489387356
54340,9.5,-32.5,152.92858941943356
54341,9.5,-32.0,151.98062729178886
54342,9.5,-31.5,149.3269227766674
54343,9.5,-31.0,151.26720051642718
54344,9.5,-30.5,152.43206354710497
54345,9.5,-30.0,149.87422663407614
54346,9.5,-29.5,149.8327967327231
54347,9.5,-29.0,151.80506510823804
54348,9.5,-28.5,149.9915210804824
54349,9.5,-28.0,153.34473386359457
54350,9.5,-27.5,149.53626233101073
54351,9.5,-27.0,148.8929165973441
54352,9.5,-26.0,153.1808373543104
54353,9.5,-25.5,150.2998742507508
54354,9.5,-25.0,150.61942629606708
54355,9.5,-24.5,151.7502071012642
54356,9.5,-24.0,147.10563951949035
54357,9.5,-23.5,151.45206366418358
54358,9.5,-23.0,151.9776251639032
54359,9.5,-22.5,151.28896410375148
54360,9.5,-22.0,151.52716551111183
54361,9.5,-21.5,155.35843089457538
54362,9.5,-21.0,152.6381067583092
54363,9.5,-20.5,150.8846291845242
54364,9.5,-20.0,151.14858013502808
54365,9.5,-19.5,151.470941205869
54366,9.5,-19.0,171.05601119724236
54367,9.5,-18.5,154.6151744414636
54368,9.5,-18.0,150.81034579235543
54369,9.5,-17.5,149.1523001254813
54370,9.5,-17.0,150.2753244833579
54371,9.5,-16.5,151.59855137760542
54372,9.5,-16.0,153.7955856885194
54373,9.5,-15.5,150.07689310021414
54374,9.5,-15.0,152.58169872909855
54375,9.5,-14.5,150.40613826431206
54376,9.5,-14.0,153.0444990744777
54377,9.5,-13.5,155.68881168874117
54378,9.5,-13.0,153.9340592718863
54379,9.5,-12.5,152.35065346295326
54380,9.5,-12.0,160.27021783629567
54381,9.5,-11.5,152.86834800976476
54382,9.5,-11.0,158.0048999641404
54383,9.5,-10.5,152.89758493002915
54384,9.5,-10.0,151.8516215547505
54385,9.5,-9.5,152.4450459401204
54386,9.5,-9.0,152.56237575464672
54387,9.5,-8.0,156.59376709666427
54388,9.5,-7.5,153.81292251832807
54389,9.5,-7.0,153.9344788169226
54390,9.5,-6.0,156.26465632776112
54391,9.5,-5.5,154.38611635627504
54392,9.5,-5.0,154.87306654587834
54393,9.5,-4.5,152.43154820185794
54394,9.5,-4.0,152.10636797466603
54395,9.5,-3.5,154.1086063071253
54396,9.5,-3.0,154.00909098981967
54397,9.5,-2.5,157.12551049300802
54398,9.5,-2.0,151.4791954444469
54399,9.5,-1.5,149.67850830756208
54400,9.5,-1.0,148.17959913703115
54401,9.5,-0.5,156.21149152256285
54402,9.5,0.0,153.20395416522018
54403,9.5,0.5,149.9689881696564
54404,9.5,1.0,151.62053921920545
54405,9.5,1.5,152.76026271937602
54406,9.5,2.0,154.36146596287003
54407,9.5,3.0,171.82897078318874
54408,9.5,3.5,156.39527355547074
54409,9.5,4.0,154.8001727134465
54410,9.5,4.5,146.87411215285368
54411,9.5,5.0,147.72692490286718
54412,9.5,5.5,146.2205213094967
54413,9.5,6.0,143.66373369503893
54414,9.5,6.5,149.12034729153535
54415,9.5,7.0,150.67020967500792
54416,9.5,7.5,148.06245891468626
54417,9.5,8.0,149.26661217171903
54418,9.5,8.5,156.07564013537632
54419,9.5,9.0,147.39907490712943
54420,9.5,9.5,146.1866355953878
54421,9.5,10.5,161.7423117661089
54422,9.5,11.0,158.2449251788243
54423,9.5,11.5,157.84901126628264
54424,9.5,12.0,160.1716963714014
54425,9.5,12.5,156.25902421851075
54426,9.5,13.0,152.80611744793222
54427,9.5,13.5,152.84977333337042
54428,9.5,14.0,154.31084177249937
54429,9.5,14.5,150.21227618025637
54430,9.5,15.0,155.74172234659886
54431,9.5,15.5,157.9298238315892
54432,9.5,16.0,156.24042822238616
54433,9.5,16.5,153.56841118283862
54434,9.5,17.0,153.67705372126855
54435,9.5,17.5,155.8105253356857
54436,9.5,18.0,158.17358340728507
54437,9.5,18.5,144.45311673041454
54438,9.5,19.0,146.05235603147136
54439,9.5,19.5,148.1824645187436
54440,9.5,21.0,151.32791821809778
54441,9.5,21.5,152.9598437014744
54442,9.5,22.0,154.87628349428255
54443,9.5,22.5,164.63030599201622
54444,9.5,23.0,165.15204188109445
54445,9.5,23.5,159.12910618384694
54446,9.5,24.0,156.26557259153535
54447,9.5,24.5,156.69225410962318
54448,9.5,25.0,149.13504647950194
54449,9.5,25.5,162.07324591562332
54450,9.5,26.0,153.38682770289174
54451,9.5,26.5,157.77118803151942
54452,9.5,27.0,156.9573610015175
54453,9.5,27.5,157.37826986497876
54454,9.5,28.0,169.47852249392764
54455,9.5,29.0,153.62043520615333
54456,9.5,29.5,158.989864625352
54457,9.5,30.0,156.18066265491086
54458,9.5,30.5,146.36392368655277
54459,9.5,31.0,157.35159829463083
54460,9.5,31.5,148.74569274534562
54461,9.5,32.0,150.4429510768841
54462,9.5,32.5,154.1152910891524
54463,9.5,33.0,149.84024795058983
54464,9.5,33.5,151.01086783855138
54465,9.5,34.0,155.71685952414933
54466,9.5,34.5,150.5372631414803
54467,9.5,35.0,149.80265312354484
54468,9.5,35.5,144.16855380818262
54469,9.5,36.0,145.1716129308807
54470,9.5,36.5,147.45860353743095
54471,9.5,37.0,149.1634477479478
54472,9.5,37.5,168.41062581441747
54473,9.5,38.0,173.26588718918904
54474,9.5,38.5,182.72353902208286
54475,10.0,-37.5,149.9111011313327
54476,10.0,-37.0,148.717444938845
54477,10.0,-36.5,150.66468881997616
54478,10.0,-36.0,148.32600433271895
54479,10.0,-35.5,156.7515043723419
54480,10.0,-35.0,150.1220290133561
54481,10.0,-34.5,148.3371052053389
54482,10.0,-34.0,151.79661408253762
54483,10.0,-33.5,149.6345066567647
54484,10.0,-33.0,150.9026341254627
54485,10.0,-32.5,151.71421804806548
54486,10.0,-32.0,152.0014843688476
54487,10.0,-31.5,150.8548231822192
54488,10.0,-31.0,150.67776838581446
54489,10.0,-30.5,152.30029175412145
54490,10.0,-30.0,150.18200502757009
54491,10.0,-29.5,149.86899750323536
54492,10.0,-29.0,152.2943358616961
54493,10.0,-28.5,149.7649219860706
54494,10.0,-28.0,154.14295939225687
54495,10.0,-27.5,149.24378148918464
54496,10.0,-27.0,148.90287098144768
54497,10.0,-26.5,148.77035158829827
54498,10.0,-26.0,154.9368264450235
54499,10.0,-25.5,147.8465463283159
54500,10.0,-25.0,150.14474923386638
54501,10.0,-24.5,151.97706684116352
54502,10.0,-24.0,147.84484133108285
54503,10.0,-23.5,151.53044206560585
54504,10.0,-23.0,152.16881086115495
54505,10.0,-22.5,153.6903315304699
54506,10.0,-22.0,155.0739727440305
54507,10.0,-21.5,150.50338871388857
54508,10.0,-21.0,152.69629921875264
54509,10.0,-20.5,154.18485313657197
54510,10.0,-20.0,150.5766222417499
54511,10.0,-19.5,152.04241276689845
54512,10.0,-19.0,153.869147731415
54513,10.0,-18.5,164.8648406951895
54514,10.0,-18.0,150.78940282723698
54515,10.0,-17.0,150.90961524080646
54516,10.0,-16.5,152.77645484638253
54517,10.0,-16.0,152.50606812260207
54518,10.0,-15.5,150.34813175767857
54519,10.0,-15.0,153.56833604424304
54520,10.0,-14.5,151.89037615963534
54521,10.0,-14.0,152.34553029084822
54522,10.0,-13.5,154.51620338119685
54523,10.0,-13.0,152.96356560168607
54524,10.0,-12.5,154.50536223253363
54525,10.0,-12.0,153.95304362892784
54526,10.0,-11.5,158.16562392113465
54527,10.0,-11.0,150.8574959925215
54528,10.0,-10.5,157.1459645589894
54529,10.0,-10.0,151.70901065445568
54530,10.0,-9.5,151.6434919279965
54531,10.0,-9.0,154.1231986385512
54532,10.0,-8.5,154.24716318094713
54533,10.0,-8.0,155.25695117141774
54534,10.0,-7.5,153.5979313771248
54535,10.0,-7.0,154.1951266369777
54536,10.0,-6.0,158.3874220723067
54537,10.0,-5.5,154.51806265545756
54538,10.0,-5.0,154.2747704630362
54539,10.0,-4.5,152.068321836541
54540,10.0,-4.0,152.0586088835199
54541,10.0,-3.5,156.1196744369465
54542,10.0,-3.0,153.7144189704834
54543,10.0,-2.5,157.4862492650207
54544,10.0,-2.0,149.21652758727564
54545,10.0,-1.5,146.41383530364925
54546,10.0,-1.0,145.46637359651243
54547,10.0,-0.5,151.78545004885842
54548,10.0,0.0,148.44064775144565
54549,10.0,0.5,149.52694162498955
54550,10.0,1.0,147.16776715011105
54551,10.0,1.5,147.07969867748085
54552,10.0,2.0,151.86395517421585
54553,10.0,2.5,150.96454582467558
54554,10.0,3.0,162.6849572131337
54555,10.0,3.5,164.85233529798447
54556,10.0,4.0,148.10991549179417
54557,10.0,4.5,150.39729754716996
54558,10.0,5.0,146.5212276046016
54559,10.0,5.5,144.76691912813385
54560,10.0,6.0,147.11514708414822
54561,10.0,7.0,147.8235310931534
54562,10.0,7.5,148.6290953139221
54563,10.0,8.0,152.98136421015008
54564,10.0,8.5,153.96558420354665
54565,10.0,9.0,154.54328770496656
54566,10.0,9.5,155.96450617019858
54567,10.0,10.0,149.74267936984234
54568,10.0,10.5,158.6345670144386
54569,10.0,11.0,154.54558387668993
54570,10.0,11.5,158.0706181046831
54571,10.0,12.0,160.19732951205472
54572,10.0,12.5,149.63091199833923
54573,10.0,13.0,151.78355383427171
54574,10.0,13.5,151.10801585954806
54575,10.0,14.0,152.04245000929205
54576,10.0,14.5,151.52057747899119
54577,10.0,15.0,158.9088064158368
54578,10.0,15.5,163.00815636645183
54579,10.0,16.0,158.99624237779568
54580,10.0,16.5,151.39865797459802
54581,10.0,17.0,158.78152810872535
54582,10.0,17.5,154.29224381059043
54583,10.0,18.0,167.2512124994968
54584,10.0,18.5,148.89094397003367
54585,10.0,19.0,150.42349296075264
54586,10.0,19.5,152.94399050546403
54587,10.0,20.0,153.97383633091772
54588,10.0,20.5,150.7139719717102
54589,10.0,21.0,152.02151031276688
54590,10.0,21.5,154.5483963987485
54591,10.0,22.0,158.76837609286542
54592,10.0,22.5,158.95330605098798
54593,10.0,23.0,164.64838122016954
54594,10.0,23.5,157.32263089746792
54595,10.0,24.5,154.37815504129728
54596,10.0,25.0,151.5373206124662
54597,10.0,25.5,150.99780677258855
54598,10.0,26.0,154.79254003175177
54599,10.0,26.5,155.0249894346077
54600,10.0,27.0,161.21294490812215
54601,10.0,27.5,153.56194202207743
54602,10.0,28.0,152.56290387314652
54603,10.0,28.5,174.94558118980615
54604,10.0,29.0,152.67645290861495
54605,10.0,29.5,160.4221913211344
54606,10.0,30.0,152.36601556920553
54607,10.0,30.5,154.57090905944364
54608,10.0,31.0,147.12872734931332
54609,10.0,31.5,147.8388154361295
54610,10.0,32.0,158.44814085908547
54611,10.0,32.5,151.46428815724562
54612,10.0,33.0,150.00643668510634
54613,10.0,33.5,150.31883583164748
54614,10.0,34.0,153.81224160393515
54615,10.0,34.5,153.24868043042133
54616,10.0,35.0,149.09184228786324
54617,10.0,35.5,149.45072376654807
54618,10.0,36.0,144.0207080993846
54619,10.0,36.5,149.74141812465794
54620,10.0,37.0,152.75078500994243
54621,10.0,37.5,168.3309286358942
54622,10.0,38.0,172.96502298827673
54623,10.0,38.5,183.37170229161632
54624,10.0,39.0,182.85013686480218
54625,10.0,39.5,178.86628066116162
54626,10.5,-37.5,149.89734709397928
54627,10.5,-37.0,148.30029832450728
54628,10.5,-36.5,150.35736858597625
54629,10.5,-36.0,148.25276978904463
54630,10.5,-35.5,147.83118513918774
54631,10.5,-35.0,149.98863062964614
54632,10.5,-34.5,148.38400870406207
54633,10.5,-34.0,150.53013070193245
54634,10.5,-33.5,149.2184503168852
54635,10.5,-33.0,150.814192392856
54636,10.5,-32.5,152.63767704748903
54637,10.5,-32.0,151.00042930790832
54638,10.5,-31.5,151.42910613030912
54639,10.5,-31.0,150.0865313728937
54640,10.5,-30.5,151.92776395314192
54641,10.5,-30.0,150.23516112854665
54642,10.5,-29.5,150.09369541051151
54643,10.5,-29.0,151.81771476479008
54644,10.5,-28.5,151.10789837172507
54645,10.5,-28.0,153.3462936070899
54646,10.5,-27.5,148.92139048692025
54647,10.5,-27.0,150.71808211566812
54648,10.5,-26.5,149.2810908556826
54649,10.5,-26.0,153.39644138866072
54650,10.5,-25.5,153.79114133760243
54651,10.5,-25.0,150.4044349379189
54652,10.5,-24.5,153.00834703543745
54653,10.5,-24.0,151.17011634401507
54654,10.5,-23.5,148.42878260486054
54655,10.5,-23.0,150.68896310575877
54656,10.5,-22.5,154.29006730093434
54657,10.5,-22.0,154.36665130174782
54658,10.5,-21.5,151.11471328629523
54659,10.5,-21.0,151.672228034841
54660,10.5,-20.5,155.1789152811594
54661,10.5,-20.0,150.3136426230539
54662,10.5,-19.5,154.14063479588702
54663,10.5,-19.0,154.09332844899893
54664,10.5,-18.5,153.02720596370546
54665,10.5,-17.5,151.14744544234787
54666,10.5,-17.0,152.75350941445288
54667,10.5,-16.5,151.55608415037648
54668,10.5,-16.0,151.25751757002652
54669,10.5,-15.5,151.92290911957355
54670,10.5,-15.0,148.53021049576685
54671,10.5,-14.5,152.37831808533932
54672,10.5,-14.0,152.34702919073936
54673,10.5,-13.5,151.81749036671403
54674,10.5,-13.0,155.54335677917024
54675,10.5,-12.5,155.93178649964761
54676,10.5,-12.0,154.88309840435656
54677,10.5,-11.0,150.70142292175717
54678,10.5,-10.5,153.2976458143226
54679,10.5,-10.0,155.69559003435654
54680,10.5,-9.5,152.7539952946186
54681,10.5,-9.0,151.81590344883514
54682,10.5,-8.5,155.48383161531757
54683,10.5,-8.0,154.25328579820442
54684,10.5,-7.5,153.13318111168036
54685,10.5,-7.0,154.17052000370458
54686,10.5,-6.5,153.32565010604586
54687,10.5,-5.0,151.69518720017538
54688,10.5,-4.5,152.83079948412092
54689,10.5,-4.0,152.0759826903693
54690,10.5,-3.5,153.08476110509906
54691,10.5,-3.0,157.5155870757429
54692,10.5,-2.5,147.19264851079794
54693,10.5,-2.0,151.26678459427188
54694,10.5,-1.5,143.50528796403788
54695,10.5,-1.0,142.1313089884183
54696,10.5,-0.5,145.79231201620465
54697,10.5,0.5,146.51198903324678
54698,10.5,1.0,145.16476086750285
54699,10.5,1.5,141.53897708312434
54700,10.5,2.0,149.39078533286812
54701,10.5,2.5,151.508640791977
54702,10.5,3.0,147.72985272183564
54703,10.5,3.5,157.27932939322235
54704,10.5,4.0,149.1270821979043
54705,10.5,4.5,147.00091520154174
54706,10.5,5.0,143.91703354507644
54707,10.5,5.5,147.8328251527973
54708,10.5,6.0,147.87718145288838
54709,10.5,6.5,145.46904632308937
54710,10.5,7.0,145.74019038475598
54711,10.5,7.5,147.39236817366435
54712,10.5,8.0,151.8667830092284
54713,10.5,8.5,155.10937766362377
54714,10.5,9.0,155.0701307703476
54715,10.5,9.5,154.0741609494656
54716,10.5,10.0,156.13223586376745
54717,10.5,10.5,152.35019778547374
54718,10.5,11.0,160.7270907853292
54719,10.5,11.5,159.17097157210318
54720,10.5,12.0,154.83276606954018
54721,10.5,13.0,150.7337364151866
54722,10.5,13.5,152.3334499756063
54723,10.5,14.0,150.54795556588337
54724,10.5,14.5,154.529548028949
54725,10.5,15.0,157.29828978337568
54726,10.5,16.0,149.50704798699073
54727,10.5,16.5,154.00045427518918
54728,10.5,17.0,152.98965126300993
54729,10.5,17.5,153.5638363670858
54730,10.5,18.0,150.06169647729277
54731,10.5,18.5,149.68008455222162
54732,10.5,19.0,151.69000114982865
54733,10.5,20.0,151.21321669955574
54734,10.5,20.5,152.71385465957079
54735,10.5,21.5,155.35237043267895
54736,10.5,22.0,159.00751251185417
54737,10.5,22.5,153.54370530544816
54738,10.5,23.0,158.1965650635834
54739,10.5,23.5,159.4545075170558
54740,10.5,24.5,150.54421122724412
54741,10.5,25.0,154.4755767677913
54742,10.5,25.5,155.87664343259365
54743,10.5,26.0,155.9491026989405
54744,10.5,26.5,151.7573089923095
54745,10.5,27.0,153.51575392334334
54746,10.5,27.5,159.48841359978127
54747,10.5,28.0,150.53914466563654
54748,10.5,28.5,168.67527621902428
54749,10.5,29.0,149.15790309594306
54750,10.5,29.5,153.66515635003103
54751,10.5,30.0,150.59106566135839
54752,10.5,30.5,149.01354873842195
54753,10.5,31.0,147.55993516655016
54754,10.5,31.5,149.9340529103337
54755,10.5,32.0,159.13647213836725
54756,10.5,32.5,153.71565997852213
54757,10.5,33.0,151.21052173192868
54758,10.5,33.5,153.3655915329851
54759,10.5,34.0,156.89944813742747
54760,10.5,34.5,153.90453326922437
54761,10.5,35.0,148.00364823436013
54762,10.5,35.5,154.52931434274126
54763,10.5,36.0,151.10654182299862
54764,10.5,36.5,150.01688065627687
54765,10.5,37.0,153.8034716817994
54766,10.5,37.5,168.47858120897138
54767,10.5,38.0,172.8262653285797
54768,10.5,38.5,183.61299838711864
54769,10.5,39.0,182.56036175631905
54770,10.5,39.5,178.96088227205567
54771,11.0,-37.5,150.1905310215469
54772,11.0,-37.0,148.43333349634898
54773,11.0,-36.5,149.94910577716792
54774,11.0,-36.0,150.26279563939977
54775,11.0,-35.5,147.83836541265418
54776,11.0,-35.0,149.90684378671034
54777,11.0,-34.5,149.43846793289472
54778,11.0,-34.0,152.48217802937262
54779,11.0,-33.5,149.62879858643785
54780,11.0,-33.0,151.51248531908126
54781,11.0,-32.5,152.77710725699424
54782,11.0,-32.0,151.41300853632782
54783,11.0,-31.5,152.32868172692318
54784,11.0,-31.0,150.67416619920215
54785,11.0,-30.5,151.15433136011552
54786,11.0,-30.0,149.82790559440465
54787,11.0,-29.5,151.34837769318412
54788,11.0,-29.0,150.68029114757712
54789,11.0,-28.5,153.90548747329103
54790,11.0,-28.0,150.58292246050723
54791,11.0,-27.5,147.89673515991413
54792,11.0,-27.0,150.32600327849667
54793,11.0,-26.5,150.1802444395524
54794,11.0,-26.0,149.1816963023322
54795,11.0,-25.5,155.4937411997438
54796,11.0,-25.0,149.5540875339105
54797,11.0,-24.5,150.3749147871772
54798,11.0,-24.0,152.1848931229108
54799,11.0,-23.5,148.40732266006162
54800,11.0,-23.0,152.96742766163442
54801,11.0,-22.5,152.15354001200933
54802,11.0,-22.0,153.90672165700167
54803,11.0,-21.5,152.17884966186898
54804,11.0,-21.0,150.6925609928183
54805,11.0,-20.5,152.54898989090694
54806,11.0,-20.0,150.29555387947227
54807,11.0,-19.5,152.43586545604998
54808,11.0,-19.0,154.1826066704063
54809,11.0,-18.5,151.39935302929254
54810,11.0,-17.5,152.53247364815073
54811,11.0,-17.0,153.17114624880796
54812,11.0,-16.5,150.7624950015243
54813,11.0,-16.0,151.6509506544419
54814,11.0,-15.5,152.63608184466352
54815,11.0,-15.0,152.19156307850093
54816,11.0,-14.5,152.34698613851992
54817,11.0,-14.0,151.38804919000816
54818,11.0,-13.5,151.53453704006853
54819,11.0,-13.0,154.06651975891563
54820,11.0,-12.5,158.57752334566308
54821,11.0,-12.0,155.46251172083706
54822,11.0,-11.0,151.42907483685264
54823,11.0,-10.5,151.136916638347
54824,11.0,-10.0,156.59119512270888
54825,11.0,-9.5,154.5434672442008
54826,11.0,-9.0,153.8251929999636
54827,11.0,-8.5,154.81877657787177
54828,11.0,-8.0,153.21423376496588
54829,11.0,-6.5,153.51592451823703
54830,11.0,-6.0,152.90677894269191
54831,11.0,-5.5,150.11078148504703
54832,11.0,-5.0,150.59338685982598
54833,11.0,-4.5,151.95897369511366
54834,11.0,-4.0,154.0820940757811
54835,11.0,-3.5,152.0655377758054
54836,11.0,-3.0,149.27723755486508
54837,11.0,-2.5,151.94145525702373
54838,11.0,-2.0,149.00492808991072
54839,11.0,-1.5,157.91013317729013
54840,11.0,-1.0,143.81299392205366
54841,11.0,0.0,143.3414741796817
54842,11.0,0.5,142.58407566436088
54843,11.0,1.0,146.89663728929133
54844,11.0,1.5,148.40381318655756
54845,11.0,2.5,148.4184939038752
54846,11.0,3.0,147.4882533725885
54847,11.0,3.5,146.7158400094842
54848,11.0,4.0,157.22855171194644
54849,11.0,4.5,145.54600334975538
54850,11.0,5.0,146.72834756382235
54851,11.0,5.5,148.79116787560088
54852,11.0,6.5,146.51024782128877
54853,11.0,7.5,145.1249716345461
54854,11.0,8.0,150.08980264937662
54855,11.0,8.5,150.39441881902425
54856,11.0,9.5,154.97465635656755
54857,11.0,10.0,151.49249362693632
54858,11.0,10.5,150.0141774003552
54859,11.0,11.0,157.73371063852744
54860,11.0,11.5,162.54377145355284
54861,11.0,12.0,149.487048703148
54862,11.0,12.5,151.1507007581865
54863,11.0,13.0,147.52877941709585
54864,11.0,13.5,149.78650286070777
54865,11.0,14.0,156.18562755455693
54866,11.0,14.5,151.96738339152176
54867,11.0,15.0,151.74599849205273
54868,11.0,16.0,151.50351852100394
54869,11.0,16.5,158.1585504183365
54870,11.0,17.0,149.7323615488753
54871,11.0,17.5,148.09518695192588
54872,11.0,18.0,148.98639398786773
54873,11.0,18.5,150.44710382381407
54874,11.0,20.0,151.67218503160814
54875,11.0,20.5,151.95186457724375
54876,11.0,21.5,165.0215767312517
54877,11.0,22.0,160.01119551303
54878,11.0,22.5,152.0063118053547
54879,11.0,23.0,156.67637908153958
54880,11.0,23.5,170.35533971484764
54881,11.0,24.0,149.8579292222329
54882,11.0,24.5,150.31595182476784
54883,11.0,25.0,156.5800848605886
54884,11.0,25.5,157.03264374585456
54885,11.0,26.0,158.13401661522414
54886,11.0,26.5,151.26074579053156
54887,11.0,27.0,151.83964909495367
54888,11.0,27.5,165.45731186766483
54889,11.0,28.0,150.33175120261814
54890,11.0,28.5,164.5161056864337
54891,11.0,29.0,162.6406385420733
54892,11.0,29.5,153.1412645878765
54893,11.0,30.0,147.28660381774222
54894,11.0,30.5,149.57244107199995
54895,11.0,31.0,148.19694762273
54896,11.0,31.5,152.74640495881218
54897,11.0,32.0,156.3066180510362
54898,11.0,32.5,151.21880021408907
54899,11.0,33.0,152.7731062608115
54900,11.0,33.5,156.49515435116967
54901,11.0,34.0,154.2795847422534
54902,11.0,34.5,154.16104937355368
54903,11.0,35.0,153.54369575624656
54904,11.0,35.5,150.22265626828553
54905,11.0,36.0,148.21572643704596
54906,11.0,36.5,153.07665698768446
54907,11.0,37.0,151.1150897609188
54908,11.0,37.5,168.65780344014294
54909,11.0,38.0,164.87026552662024
54910,11.0,38.5,182.53840471928186
54911,11.0,39.0,182.4418834535647
54912,11.5,-37.5,149.83901599654794
54913,11.5,-37.0,148.7123104356287
54914,11.5,-36.5,149.12364547436644
54915,11.5,-36.0,149.69601148201704
54916,11.5,-35.5,147.9308266101697
54917,11.5,-35.0,149.87190587212623
54918,11.5,-34.5,149.90878391667812
54919,11.5,-34.0,155.06229637990788
54920,11.5,-33.5,148.93961034508163
54921,11.5,-33.0,153.96241260828592
54922,11.5,-32.5,152.45238397450606
54923,11.5,-32.0,152.20044004901834
54924,11.5,-31.5,152.45298976599528
54925,11.5,-31.0,151.8305532298051
54926,11.5,-30.5,148.6524956163552
54927,11.5,-30.0,149.87250920324783
54928,11.5,-29.5,151.31781842837847
54929,11.5,-29.0,149.99277146514248
54930,11.5,-28.5,154.9632077762192
54931,11.5,-28.0,150.29149535638953
54932,11.5,-27.5,147.99258332068305
54933,11.5,-27.0,147.44462014100932
54934,11.5,-26.5,150.9172879068452
54935,11.5,-26.0,149.94202606112228
54936,11.5,-25.5,153.31389398482472
54937,11.5,-25.0,152.72328382189613
54938,11.5,-24.5,151.0732030049483
54939,11.5,-24.0,154.8063786425751
54940,11.5,-23.5,151.24405719724135
54941,11.5,-23.0,150.8551360773849
54942,11.5,-22.5,155.31957902126695
54943,11.5,-22.0,153.79699681284157
54944,11.5,-21.5,152.193361455934
54945,11.5,-21.0,152.2964483072816
54946,11.5,-20.5,150.63760889951507
54947,11.5,-20.0,154.9539204477661
54948,11.5,-19.5,150.5295584181267
54949,11.5,-19.0,157.20987494156827
54950,11.5,-18.0,152.90961164704834
54951,11.5,-17.5,154.07039470331904
54952,11.5,-17.0,154.46620183591475
54953,11.5,-16.5,155.4519266058362
54954,11.5,-16.0,151.23610810140264
54955,11.5,-15.5,152.08746689515235
54956,11.5,-15.0,153.9022914939632
54957,11.5,-14.5,151.51037864981788
54958,11.5,-14.0,152.69310889486638
54959,11.5,-13.5,152.35390751141398
54960,11.5,-13.0,149.66829802563194
54961,11.5,-12.5,156.00674669470902
54962,11.5,-12.0,158.98741560193704
54963,11.5,-11.5,154.7082840316054
54964,11.5,-11.0,153.85576884652065
54965,11.5,-10.5,152.08085629605588
54966,11.5,-10.0,150.25008024757332
54967,11.5,-9.5,164.3959745018855
54968,11.5,-9.0,155.4093740621486
54969,11.5,-8.5,152.52401085577716
54970,11.5,-8.0,152.93844875104278
54971,11.5,-7.5,153.67532924104057
54972,11.5,-6.5,153.26126814275722
54973,11.5,-6.0,152.5955131462881
54974,11.5,-5.5,150.63912139176543
54975,11.5,-5.0,150.80032107412316
54976,11.5,-4.5,151.7007060382654
54977,11.5,-4.0,151.45229986362534
54978,11.5,-3.5,150.3273692151419
54979,11.5,-3.0,148.71893844620823
54980,11.5,-2.5,149.89747466427065
54981,11.5,-2.0,153.03579478657633
54982,11.5,-1.5,150.395331277274
54983,11.5,-1.0,153.77594243707776
54984,11.5,-0.5,141.40293542314075
54985,11.5,0.0,144.88441489191067
54986,11.5,0.5,142.6422889690702
54987,11.5,1.0,148.7770689627438
54988,11.5,1.5,148.52216387148164
54989,11.5,2.0,147.79358191242244
54990,11.5,2.5,147.2127871927843
54991,11.5,3.0,146.2224817143639
54992,11.5,3.5,149.31340690186218
54993,11.5,4.0,158.48505190518853
54994,11.5,4.5,155.24699375976013
54995,11.5,5.0,149.11351745417127
54996,11.5,6.0,153.39708159347347
54997,11.5,6.5,152.71727859031412
54998,11.5,7.0,146.50807095648076
54999,11.5,7.5,145.15313311775944
55000,11.5,8.0,146.7539086006333
55001,11.5,8.5,146.3697195584552
55002,11.5,9.0,151.256028157488
55003,11.5,9.5,159.46300023895446
55004,11.5,10.0,151.5995794461944
55005,11.5,10.5,156.23238917941748
55006,11.5,11.0,156.1200641986551
55007,11.5,12.5,152.74457454681036
55008,11.5,13.0,154.21620017236805
55009,11.5,13.5,149.11215223770452
55010,11.5,14.0,155.99532044381948
55011,11.5,14.5,153.3601153722676
55012,11.5,15.0,151.35731912982556
55013,11.5,15.5,150.3947894056768
55014,11.5,16.0,159.46743334354275
55015,11.5,16.5,150.03123621747457
55016,11.5,17.0,155.9911489226912
55017,11.5,17.5,147.44938392152608
55018,11.5,18.0,149.6082285859354
55019,11.5,18.5,151.4828088703857
55020,11.5,20.0,154.46097288900114
55021,11.5,20.5,154.53640805355678
55022,11.5,21.5,165.25418723245042
55023,11.5,22.0,151.84600028011744
55024,11.5,22.5,153.7033453343804
55025,11.5,23.0,154.3380388978637
55026,11.5,23.5,159.66031993867858
55027,11.5,24.0,157.7911858604522
55028,11.5,24.5,150.34681666693984
55029,11.5,25.0,156.0356393635898
55030,11.5,25.5,157.6576824061696
55031,11.5,26.0,152.76514847326033
55032,11.5,26.5,153.08234120139582
55033,11.5,27.0,156.73420596464499
55034,11.5,27.5,156.0969666252056
55035,11.5,28.0,155.75943018386897
55036,11.5,28.5,145.75842213500022
55037,11.5,29.0,173.74703691862513
55038,11.5,29.5,151.06941787436824
55039,11.5,30.0,148.0004517890286
55040,11.5,30.5,148.04773142699463
55041,11.5,31.0,148.2981295976559
55042,11.5,31.5,159.75454891160066
55043,11.5,32.0,150.02306681482276
55044,11.5,32.5,151.5081273297312
55045,11.5,33.0,154.12799256523564
55046,11.5,33.5,152.75888911547165
55047,11.5,34.0,152.65132368645195
55048,11.5,34.5,152.67933606685978
55049,11.5,35.0,154.72586138937376
55050,11.5,35.5,149.56388219208313
55051,11.5,36.0,148.96970556486383
55052,11.5,36.5,147.5659967395833
55053,11.5,37.0,150.63147523238376
55054,11.5,37.5,168.53700302635326
55055,11.5,38.0,164.46536687868684
55056,11.5,38.5,181.54956473168298
55057,11.5,39.0,182.0469727133953
55058,12.0,-39.0,167.8770645033437
55059,12.0,-37.5,150.2548308218051
55060,12.0,-37.0,148.9699812314223
55061,12.0,-36.5,148.89504125353002
55062,12.0,-36.0,150.34460285493492
55063,12.0,-35.5,147.93279579028084
55064,12.0,-35.0,150.32974703716323
55065,12.0,-34.5,148.92221575918987
55066,12.0,-34.0,157.0346419419699
55067,12.0,-33.5,148.7194979752099
55068,12.0,-33.0,153.3504889230854
55069,12.0,-32.5,153.27507978827967
55070,12.0,-32.0,152.31015330322415
55071,12.0,-31.5,151.77478922010545
55072,12.0,-31.0,153.2936276896609
55073,12.0,-30.5,149.6316558689174
55074,12.0,-30.0,149.64477410339552
55075,12.0,-29.5,152.3732360679717
55076,12.0,-29.0,150.62452599483365
55077,12.0,-28.5,153.3271337604811
55078,12.0,-28.0,149.20970182514014
55079,12.0,-27.5,148.14029008794267
55080,12.0,-27.0,148.9938665922607
55081,12.0,-26.5,150.57388136046467
55082,12.0,-26.0,150.74436762686412
55083,12.0,-25.5,151.30160871991032
55084,12.0,-25.0,159.26337699934953
55085,12.0,-24.5,151.18506809731898
55086,12.0,-24.0,152.9477092376198
55087,12.0,-23.5,154.44117003209487
55088,12.0,-23.0,149.05547587604042
55089,12.0,-22.5,153.8851024187582
55090,12.0,-22.0,152.55016192996598
55091,12.0,-21.5,155.29965110782925
55092,12.0,-21.0,156.91666281892614
55093,12.0,-20.5,151.58040768506305
55094,12.0,-20.0,161.69865235288515
55095,12.0,-19.5,152.85467174346095
55096,12.0,-19.0,152.2165793340481
55097,12.0,-18.5,160.32152606938752
55098,12.0,-18.0,152.36144071707173
55099,12.0,-17.5,152.64268388726146
55100,12.0,-17.0,154.88850481453844
55101,12.0,-16.5,152.9194706924528
55102,12.0,-15.5,153.9070092027037
55103,12.0,-15.0,154.5177358303152
55104,12.0,-14.5,154.02930338048378
55105,12.0,-14.0,152.88572455474716
55106,12.0,-13.5,153.7294082218143
55107,12.0,-13.0,151.68693060557754
55108,12.0,-12.5,152.50745777148285
55109,12.0,-12.0,158.59279570931557
55110,12.0,-11.5,153.88358742534686
55111,12.0,-11.0,152.88583467750883
55112,12.0,-10.0,150.6957821262977
55113,12.0,-9.5,156.03155413373838
55114,12.0,-9.0,159.27275910366188
55115,12.0,-8.5,152.98422434196488
55116,12.0,-8.0,151.23202276707772
55117,12.0,-7.5,153.11914835844445
55118,12.0,-6.5,151.19767279426532
55119,12.0,-6.0,152.3390094489783
55120,12.0,-5.5,152.3772269604603
55121,12.0,-5.0,149.82781094362062
55122,12.0,-4.5,146.9986331602997
55123,12.0,-4.0,148.9863395864183
55124,12.0,-3.5,149.7302742375133
55125,12.0,-3.0,149.49233495814
55126,12.0,-2.5,149.67396244796748
55127,12.0,-2.0,148.57352345941638
55128,12.0,-1.5,148.0068771415199
55129,12.0,-1.0,154.42281718593225
55130,12.0,-0.5,142.74166250725105
55131,12.0,0.0,143.9471006540567
55132,12.0,1.5,148.4557831787839
55133,12.0,2.0,148.12737235610177
55134,12.0,2.5,143.6317333477704
55135,12.0,3.0,148.8884949878477
55136,12.0,3.5,148.87689740922428
55137,12.0,4.0,144.45555713289946
55138,12.0,4.5,157.93877019741956
55139,12.0,5.0,170.73172009391143
55140,12.0,5.5,145.43152770746104
55141,12.0,6.0,145.93541834876214
55142,12.0,7.0,144.63633983559387
55143,12.0,7.5,144.3616668521207
55144,12.0,8.5,149.7382725747683
55145,12.0,9.0,155.8019596239871
55146,12.0,9.5,155.74973222954955
55147,12.0,10.0,163.4789253375317
55148,12.0,10.5,155.96570213664327
55149,12.0,11.0,155.59646494393664
55150,12.0,11.5,158.46298955596473
55151,12.0,13.0,151.10348768098532
55152,12.0,13.5,157.68372396067954
55153,12.0,14.0,152.14024605603365
55154,12.0,14.5,154.6968955793566
55155,12.0,15.0,150.8892528248137
55156,12.0,15.5,155.11785862584864
55157,12.0,16.0,153.2998310245892
55158,12.0,16.5,148.36714254027575
55159,12.0,17.0,150.37220105628575
55160,12.0,17.5,150.0891935786386
55161,12.0,18.0,149.08851722062047
55162,12.0,18.5,151.54844156085198
55163,12.0,19.0,152.1725504548095
55164,12.0,19.5,154.60793686968913
55165,12.0,20.0,155.706767150749
55166,12.0,20.5,155.1783269138672
55167,12.0,21.0,164.16996104103598
55168,12.0,21.5,170.6059446285317
55169,12.0,22.0,150.97346182611804
55170,12.0,22.5,152.74062880027523
55171,12.0,23.0,148.4401158361124
55172,12.0,23.5,151.82465302259595
55173,12.0,24.0,159.77738622854898
55174,12.0,24.5,149.9236493578557
55175,12.0,25.0,156.56845730952736
55176,12.0,25.5,157.7227563194305
55177,12.0,26.0,153.15823514037643
55178,12.0,26.5,151.91401731283293
55179,12.0,27.0,152.2526612932413
55180,12.0,27.5,147.96333724408225
55181,12.0,28.0,156.84457999951695
55182,12.0,28.5,146.141473880779
55183,12.0,29.0,169.97187129403463
55184,12.0,29.5,154.65236592360102
55185,12.0,30.0,147.59260092397196
55186,12.0,30.5,147.13214440496202
55187,12.0,31.0,147.6167661080557
55188,12.0,31.5,161.69998064725712
55189,12.0,32.0,148.2235631466346
55190,12.0,32.5,150.4450443057445
55191,12.0,33.0,151.685557942009
55192,12.0,33.5,155.369811617937
55193,12.0,34.0,152.5018231126188
55194,12.0,34.5,149.77515507144923
55195,12.0,35.0,154.89133527273674
55196,12.0,35.5,149.76457335004122
55197,12.0,36.0,150.1170747787883
55198,12.0,36.5,150.4812458357645
55199,12.0,37.0,152.1187948251861
55200,12.0,37.5,168.1246626924901
55201,12.0,38.0,164.64078461496825
55202,12.0,38.5,180.73512292227358
55203,12.0,39.0,181.62050266029678
55204,12.0,39.5,179.9817429993619
55205,12.5,-37.5,150.44832682075955
55206,12.5,-37.0,149.4553290401688
55207,12.5,-36.5,149.0677047264971
55208,12.5,-36.0,149.85795858541434
55209,12.5,-35.5,151.02850023692005
55210,12.5,-35.0,149.8712983107305
55211,12.5,-34.5,148.1084091231573
55212,12.5,-34.0,155.08590028220235
55213,12.5,-33.5,148.64290007639246
55214,12.5,-33.0,151.96097769683644
55215,12.5,-32.5,153.25882896571366
55216,12.5,-32.0,152.23845686826488
55217,12.5,-31.5,150.5190617633101
55218,12.5,-31.0,152.57135730224314
55219,12.5,-30.5,149.83703747905858
55220,12.5,-30.0,151.23153630935997
55221,12.5,-29.5,151.62513614411853
55222,12.5,-29.0,151.30103339239295
55223,12.5,-28.5,150.8918862590239
55224,12.5,-28.0,148.16548113097952
55225,12.5,-27.5,150.40841924104774
55226,12.5,-27.0,148.97355300985257
55227,12.5,-26.5,149.44223573675953
55228,12.5,-26.0,150.97494090429154
55229,12.5,-25.5,151.57658758579979
55230,12.5,-25.0,158.5451040723255
55231,12.5,-24.5,152.04206557336042
55232,12.5,-24.0,154.66108721807473
55233,12.5,-23.5,153.8697246839519
55234,12.5,-23.0,150.3441070602126
55235,12.5,-22.5,151.4567693776847
55236,12.5,-22.0,153.62788780719515
55237,12.5,-21.5,155.3599337179747
55238,12.5,-21.0,154.82697251905728
55239,12.5,-20.5,162.1377443623852
55240,12.5,-20.0,150.0286957709479
55241,12.5,-19.5,154.83449698607504
55242,12.5,-19.0,150.2065198877388
55243,12.5,-18.5,153.01848474744276
55244,12.5,-18.0,150.3388498164632
55245,12.5,-17.0,149.96388571584015
55246,12.5,-16.5,153.47320268649185
55247,12.5,-16.0,151.584303293302
55248,12.5,-15.5,153.22636469992955
55249,12.5,-15.0,148.8982123767407
55250,12.5,-14.5,152.03201199234317
55251,12.5,-14.0,152.11641692777366
55252,12.5,-13.5,153.8880158246415
55253,12.5,-13.0,155.99975236211424
55254,12.5,-12.5,149.48202295911798
55255,12.5,-12.0,152.93810567874974
55256,12.5,-11.5,154.40261912569522
55257,12.5,-11.0,151.40046272954964
55258,12.5,-10.0,156.2657789976903
55259,12.5,-9.5,155.46093523339138
55260,12.5,-9.0,155.74003363295287
55261,12.5,-8.5,151.84225672243778
55262,12.5,-8.0,152.45792839160373
55263,12.5,-7.5,151.9080452652656
55264,12.5,-7.0,153.40520828931935
55265,12.5,-6.5,151.0643371727928
55266,12.5,-6.0,156.9071069726119
55267,12.5,-5.5,149.28415286904598
55268,12.5,-5.0,147.2655024593584
55269,12.5,-4.5,146.47833421196154
55270,12.5,-4.0,147.8498660913337
55271,12.5,-3.5,151.6433297638786
55272,12.5,-3.0,147.76042451822724
55273,12.5,-2.5,148.9946180166922
55274,12.5,-2.0,146.85500001911038
55275,12.5,-1.5,155.57853235891903
55276,12.5,-1.0,146.9045455588714
55277,12.5,-0.5,153.7234954583549
55278,12.5,0.0,146.86067501802816
55279,12.5,1.5,147.64991364524164
55280,12.5,2.0,147.65775421844145
55281,12.5,2.5,148.12896603413034
55282,12.5,3.0,147.51028682180007
55283,12.5,3.5,147.48458911699782
55284,12.5,4.0,148.9843592048872
55285,12.5,4.5,148.72890315602098
55286,12.5,5.0,166.78806516020305
55287,12.5,5.5,144.48142379959157
55288,12.5,7.0,144.8146739082368
55289,12.5,7.5,144.7035815193034
55290,12.5,8.5,157.92379606379555
55291,12.5,9.0,152.51836416842892
55292,12.5,9.5,157.28328169084304
55293,12.5,10.0,163.6893020806881
55294,12.5,10.5,157.9049634514279
55295,12.5,11.0,158.6107258185754
55296,12.5,11.5,155.62439428469483
55297,12.5,12.0,155.19380280172777
55298,12.5,12.5,152.46208046183472
55299,12.5,13.0,156.99269153568005
55300,12.5,13.5,158.76515467310165
55301,12.5,14.0,150.32915114239725
55302,12.5,14.5,152.6869474332312
55303,12.5,15.0,152.2060834303772
55304,12.5,15.5,156.84929091742484
55305,12.5,16.0,149.40299476490466
55306,12.5,16.5,148.36293750063322
55307,12.5,17.0,148.59119358875327
55308,12.5,17.5,148.26689211582564
55309,12.5,18.0,150.32100551268266
55310,12.5,18.5,152.2258947997838
55311,12.5,19.0,154.33740674895057
55312,12.5,19.5,153.02931171373586
55313,12.5,21.0,164.29109028506247
55314,12.5,21.5,149.9372959477356
55315,12.5,22.0,155.99980422287624
55316,12.5,22.5,153.5750601848312
55317,12.5,23.0,158.37038173912623
55318,12.5,23.5,150.15321211177002
55319,12.5,24.0,149.69511617197097
55320,12.5,24.5,151.96309083164576
55321,12.5,25.0,156.73149566872635
55322,12.5,25.5,155.69101876607684
55323,12.5,26.0,159.27024855095752
55324,12.5,26.5,152.29512895999386
55325,12.5,27.0,146.07660298825326
55326,12.5,27.5,149.8853391585416
55327,12.5,28.0,150.7397294882926
55328,12.5,28.5,151.53209038961288
55329,12.5,29.0,160.3542328209664
55330,12.5,29.5,168.16048847293
55331,12.5,30.0,147.13304256093792
55332,12.5,30.5,146.52786661556317
55333,12.5,31.0,147.63917643980642
55334,12.5,31.5,155.47469064415918
55335,12.5,32.5,150.23567024576698
55336,12.5,33.0,149.94159840562259
55337,12.5,33.5,153.69155031507862
55338,12.5,34.0,152.01768320870286
55339,12.5,34.5,149.27132818678933
55340,12.5,35.0,151.4458208819518
55341,12.5,35.5,150.03763604266146
55342,12.5,36.0,151.46856980075052
55343,12.5,36.5,154.4378121865807
55344,12.5,37.0,151.34240647109715
55345,12.5,37.5,168.0915329447387
55346,12.5,38.0,164.78976809665969
55347,12.5,38.5,181.2527893393792
55348,12.5,39.0,181.00831352553192
55349,12.5,39.5,179.89989856578413
55350,13.0,-37.5,150.98517901891984
55351,13.0,-37.0,150.2032209176137
55352,13.0,-36.5,149.2218867981605
55353,13.0,-36.0,148.65123664397936
55354,13.0,-35.5,150.9664470180504
55355,13.0,-35.0,150.3233580630446
55356,13.0,-34.5,150.088630927141
55357,13.0,-34.0,148.42788043420984
55358,13.0,-33.5,150.76158182589074
55359,13.0,-33.0,151.77850493701246
55360,13.0,-32.5,152.17656953047137
55361,13.0,-32.0,151.8360699137101
55362,13.0,-31.5,153.12918366870747
55363,13.0,-31.0,151.56119030052713
55364,13.0,-30.5,149.09618468106984
55365,13.0,-30.0,152.43077142284494
55366,13.0,-29.5,149.80735468508985
55367,13.0,-29.0,153.9606206997821
55368,13.0,-28.5,150.88704007438528
55369,13.0,-28.0,148.03236525484624
55370,13.0,-27.5,150.7265747149768
55371,13.0,-27.0,149.4901833291818
55372,13.0,-26.5,149.39063282328905
55373,13.0,-26.0,151.20368418362395
55374,13.0,-25.5,152.7071036224263
55375,13.0,-25.0,155.05552050418856
55376,13.0,-24.5,158.55455894666815
55377,13.0,-24.0,155.3418082063323
55378,13.0,-23.5,151.0024981203749
55379,13.0,-23.0,154.3768411456914
55380,13.0,-22.5,150.52337354729488
55381,13.0,-22.0,154.02990234064862
55382,13.0,-21.5,155.81679203945566
55383,13.0,-21.0,157.1570452799212
55384,13.0,-20.5,156.16378689477642
55385,13.0,-20.0,153.0928288885332
55386,13.0,-19.5,151.96816988535085
55387,13.0,-19.0,152.12899670730377
55388,13.0,-18.5,148.7589842623683
55389,13.0,-18.0,154.42567841753356
55390,13.0,-17.5,152.58449124458318
55391,13.0,-17.0,148.33083753074487
55392,13.0,-16.5,153.06712687608018
55393,13.0,-16.0,151.73163838056982
55394,13.0,-15.5,156.8289078070976
55395,13.0,-15.0,148.215618074032
55396,13.0,-14.5,148.53046728103828
55397,13.0,-14.0,152.9155373386736
55398,13.0,-13.5,149.83367861656845
55399,13.0,-13.0,154.75262044031973
55400,13.0,-12.5,151.64854122907283
55401,13.0,-12.0,152.07240538108135
55402,13.0,-11.5,155.97859185133902
55403,13.0,-11.0,159.26829868611136
55404,13.0,-10.0,155.57407657872716
55405,13.0,-9.5,155.6712294519343
55406,13.0,-9.0,150.11338564130614
55407,13.0,-8.5,150.63731089786333
55408,13.0,-8.0,153.5298520245767
55409,13.0,-7.5,152.52935457768942
55410,13.0,-7.0,151.44952430822136
55411,13.0,-6.5,150.30806121983767
55412,13.0,-6.0,149.78764913920702
55413,13.0,-5.5,146.20721521568217
55414,13.0,-5.0,147.2248310535048
55415,13.0,-4.5,149.4035076887212
55416,13.0,-4.0,148.04583813947497
55417,13.0,-3.5,145.74529784942223
55418,13.0,-3.0,149.04771583227748
55419,13.0,-2.5,145.94962958563926
55420,13.0,-2.0,149.56741727748866
55421,13.0,-1.5,146.6702915668806
55422,13.0,-1.0,148.99171683848178
55423,13.0,-0.5,150.22027070506772
55424,13.0,0.0,153.21729361480095
55425,13.0,1.0,148.06445772691248
55426,13.0,1.5,145.05814764689487
55427,13.0,2.0,146.65470877018376
55428,13.0,2.5,148.60765798619894
55429,13.0,3.0,146.89991061579678
55430,13.0,3.5,145.09409841469238
55431,13.0,4.0,148.85698019273374
55432,13.0,4.5,149.31514648776883
55433,13.0,5.0,153.28706270787214
55434,13.0,5.5,170.5752275265634
55435,13.0,6.5,147.56474373428688
55436,13.0,7.0,143.6678147319749
55437,13.0,7.5,145.29511155333785
55438,13.0,8.0,148.19930492234445
55439,13.0,8.5,150.75690617122385
55440,13.0,9.0,155.59395415254278
55441,13.0,9.5,156.54486501765115
55442,13.0,10.0,149.9342599541815
55443,13.0,11.0,159.67591703157217
55444,13.0,12.0,154.75069085716947
55445,13.0,12.5,155.78860367172322
55446,13.0,13.0,152.59896373209511
55447,13.0,13.5,159.06316934358827
55448,13.0,14.0,153.4259326685708
55449,13.0,14.5,150.25703074301381
55450,13.0,15.0,157.1562706809163
55451,13.0,15.5,152.51653848234184
55452,13.0,16.0,150.78343478433328
55453,13.0,16.5,149.71641084801416
55454,13.0,17.0,148.48696211985032
55455,13.0,17.5,149.75912849525096
55456,13.0,18.5,153.25516630013183
55457,13.0,19.0,153.3497636138216
55458,13.0,19.5,152.5849324906116
55459,13.0,20.5,170.4741240143144
55460,13.0,21.0,174.63526962096086
55461,13.0,21.5,150.6204422527208
55462,13.0,22.0,157.724062490473
55463,13.0,22.5,151.76618596558168
55464,13.0,23.0,165.36250011536262
55465,13.0,23.5,153.99184217188025
55466,13.0,24.0,150.80004398311291
55467,13.0,24.5,153.1620220871455
55468,13.0,25.0,153.49417993671977
55469,13.0,25.5,151.74342583589703
55470,13.0,26.0,159.4672509664912
55471,13.0,26.5,155.3020647006081
55472,13.0,27.0,144.25755075899073
55473,13.0,27.5,154.16594487851282
55474,13.0,28.0,145.7767415572567
55475,13.0,28.5,158.9818708799857
55476,13.0,29.0,148.76889526197374
55477,13.0,29.5,163.71381367281273
55478,13.0,30.0,147.53566651386384
55479,13.0,30.5,147.14715309528154
55480,13.0,31.0,153.08433904512734
55481,13.0,31.5,151.56459178221186
55482,13.0,32.0,155.95050600346715
55483,13.0,32.5,150.5705101455392
55484,13.0,33.0,150.50159545823306
55485,13.0,33.5,150.77905961971436
55486,13.0,34.0,149.14941852312404
55487,13.0,34.5,151.25515665777226
55488,13.0,35.0,148.7197704790528
55489,13.0,35.5,149.86150987174184
55490,13.0,36.0,151.02429023901797
55491,13.0,36.5,156.5158281511141
55492,13.0,37.0,153.2642048692167
55493,13.0,38.0,164.83451026398345
55494,13.0,38.5,180.75672498951465
55495,13.0,39.0,180.40196307836015
55496,13.0,39.5,180.06717254366401
55497,13.5,-37.5,151.57897941018814
55498,13.5,-36.5,149.30193122181953
55499,13.5,-36.0,149.09041740385075
55500,13.5,-35.5,150.1644772005665
55501,13.5,-35.0,149.8479066883852
55502,13.5,-34.5,149.94196328057882
55503,13.5,-34.0,148.43368160005485
55504,13.5,-33.0,153.6902599399274
55505,13.5,-32.5,151.32355528573194
55506,13.5,-32.0,151.64751774129746
55507,13.5,-31.5,155.18960205973391
55508,13.5,-31.0,150.15282881568257
55509,13.5,-30.5,148.53876666395522
55510,13.5,-30.0,151.4227129450267
55511,13.5,-29.5,150.7709730212262
55512,13.5,-29.0,152.94144538404245
55513,13.5,-28.5,149.8125019215967
55514,13.5,-28.0,151.34263636414428
55515,13.5,-27.5,149.86563608405027
55516,13.5,-27.0,150.74285049340702
55517,13.5,-26.5,150.62004650317016
55518,13.5,-26.0,148.0853380548511
55519,13.5,-25.5,154.54668361104868
55520,13.5,-25.0,153.00372652015176
55521,13.5,-24.5,160.11425295524995
55522,13.5,-24.0,154.9271283290692
55523,13.5,-23.5,153.76250679213396
55524,13.5,-23.0,154.76487815130494
55525,13.5,-22.5,150.0165278121716
55526,13.5,-22.0,154.30715874662576
55527,13.5,-21.5,158.20583945613484
55528,13.5,-21.0,156.40510917485625
55529,13.5,-20.5,148.8267254089425
55530,13.5,-20.0,153.35071192177446
55531,13.5,-19.5,147.58479536664476
55532,13.5,-19.0,150.96774337004712
55533,13.5,-18.5,149.14713589547824
55534,13.5,-18.0,150.97001338704538
55535,13.5,-17.5,153.64889922535244
55536,13.5,-17.0,151.74153145863275
55537,13.5,-16.5,151.79767967593338
55538,13.5,-16.0,153.49125117711395
55539,13.5,-15.5,152.55037097881834
55540,13.5,-15.0,149.6907427569279
55541,13.5,-14.5,146.07867821306584
55542,13.5,-14.0,154.2609610511444
55543,13.5,-13.5,151.33463161527993
55544,13.5,-13.0,149.54028374205367
55545,13.5,-12.5,154.28886633114027
55546,13.5,-12.0,155.08782105839433
55547,13.5,-11.5,154.42739104284342
55548,13.5,-11.0,159.23490285032804
55549,13.5,-10.5,156.52667192908802
55550,13.5,-10.0,151.95931925786206
55551,13.5,-9.5,153.53727178340344
55552,13.5,-8.5,148.32800527076267
55553,13.5,-7.5,146.8284199974371
55554,13.5,-7.0,148.60853786603755
55555,13.5,-6.5,148.4138119441335
55556,13.5,-6.0,146.56141163224683
55557,13.5,-5.5,148.53530879830677
55558,13.5,-5.0,149.1830650579366
55559,13.5,-4.5,148.37374126801262
55560,13.5,-4.0,149.5017992360316
55561,13.5,-3.5,143.02814349760308
55562,13.5,-3.0,143.00109526120553
55563,13.5,-2.5,149.21985851869178
55564,13.5,-2.0,152.06788061257078
55565,13.5,-1.5,150.42307078856203
55566,13.5,-1.0,145.4927077279057
55567,13.5,-0.5,153.1672788594688
55568,13.5,0.0,154.89425192635122
55569,13.5,0.5,155.3358651648584
55570,13.5,1.0,148.7819104449386
55571,13.5,1.5,147.01456016688456
55572,13.5,2.0,149.75925534521988
55573,13.5,2.5,147.54175742819004
55574,13.5,3.0,145.66031032960908
55575,13.5,3.5,148.15370833709315
55576,13.5,4.0,149.04101801362992
55577,13.5,4.5,146.61224563054765
55578,13.5,5.0,148.45783585227682
55579,13.5,5.5,170.501274328483
55580,13.5,6.0,151.44862502440773
55581,13.5,6.5,145.25520370639435
55582,13.5,8.0,148.2520543628371
55583,13.5,8.5,147.14424933640518
55584,13.5,9.0,156.54751135929905
55585,13.5,9.5,150.86902283928075
55586,13.5,10.0,148.68080887373787
55587,13.5,10.5,145.7118117815301
55588,13.5,11.0,161.32626371063265
55589,13.5,11.5,160.05212260862322
55590,13.5,12.0,160.11593829806986
55591,13.5,12.5,155.4799136297113
55592,13.5,13.0,156.16380261055926
55593,13.5,14.0,154.4938473607722
55594,13.5,14.5,159.28655583736892
55595,13.5,15.0,153.25282385471738
55596,13.5,15.5,151.68988639929557
55597,13.5,16.0,151.01115911501046
55598,13.5,16.5,151.50550863830932
55599,13.5,17.0,151.99765192818265
55600,13.5,17.5,151.1828642692569
55601,13.5,18.0,152.30094033658068
55602,13.5,18.5,151.89474889508733
55603,13.5,19.0,155.20072063692365
55604,13.5,19.5,158.26746049072747
55605,13.5,20.0,162.82190683041972
55606,13.5,20.5,171.31044815939646
55607,13.5,21.0,156.45411100302795
55608,13.5,21.5,154.75758964009876
55609,13.5,22.0,155.76469271553378
55610,13.5,22.5,176.38492000855314
55611,13.5,23.0,152.10150592873444
55612,13.5,23.5,156.1982104086169
55613,13.5,24.0,155.30674367448154
55614,13.5,24.5,156.4369316088508
55615,13.5,25.0,151.69146199875962
55616,13.5,25.5,160.3478031773083
55617,13.5,26.0,155.52088071309856
55618,13.5,26.5,157.41144453885653
55619,13.5,27.0,152.21325104409453
55620,13.5,27.5,144.4152702520242
55621,13.5,28.0,145.59969736478723
55622,13.5,28.5,157.4335765228856
55623,13.5,29.0,151.5567002823552
55624,13.5,29.5,153.88832159008575
55625,13.5,30.0,149.41119316814132
55626,13.5,30.5,146.64822447568565
55627,13.5,31.0,152.3093425996396
55628,13.5,31.5,145.49421420301945
55629,13.5,32.0,154.93418710698532
55630,13.5,32.5,150.69283934431036
55631,13.5,33.0,150.48666328184893
55632,13.5,33.5,149.7945609335778
55633,13.5,34.0,150.07448417875295
55634,13.5,34.5,152.31703511875443
55635,13.5,35.0,146.44839037343564
55636,13.5,35.5,149.5222215692708
55637,13.5,36.0,149.54372577350696
55638,13.5,36.5,155.50723572368983
55639,13.5,37.0,154.6522690130049
55640,13.5,37.5,167.74660359440762
55641,13.5,38.0,171.690540173258
55642,13.5,38.5,178.13679847390335
55643,13.5,39.0,180.19064215548522
55644,13.5,39.5,180.1675057702698
55645,13.5,40.0,180.20864281685235
55646,14.0,-37.5,151.94234604408106
55647,14.0,-36.5,149.66680000916543
55648,14.0,-36.0,150.86617530841843
55649,14.0,-35.5,149.3854945743763
55650,14.0,-35.0,149.88976207938398
55651,14.0,-34.5,149.86011181797483
55652,14.0,-34.0,148.7009671386513
55653,14.0,-33.5,151.17391568532875
55654,14.0,-33.0,153.8890991144573
55655,14.0,-32.5,152.47911024018572
55656,14.0,-32.0,151.7093466340204
55657,14.0,-31.5,153.9759622216273
55658,14.0,-31.0,150.51755987278932
55659,14.0,-30.5,149.03628989955934
55660,14.0,-30.0,152.11334084679586
55661,14.0,-29.5,152.97315947702137
55662,14.0,-29.0,149.06828761150317
55663,14.0,-28.5,149.2996664581963
55664,14.0,-28.0,151.26955933695749
55665,14.0,-27.5,149.43405161853576
55666,14.0,-27.0,153.09870190401438
55667,14.0,-26.5,152.03040362651004
55668,14.0,-26.0,148.07561109471473
55669,14.0,-25.5,156.33040339008718
55670,14.0,-25.0,157.8604123459878
55671,14.0,-24.5,158.43712820664658
55672,14.0,-24.0,161.80126712383188
55673,14.0,-23.5,155.22285802658962
55674,14.0,-23.0,153.36566256274548
55675,14.0,-22.5,157.11103640594615
55676,14.0,-22.0,155.34017759114286
55677,14.0,-21.5,155.447630595908
55678,14.0,-21.0,155.48373215297843
55679,14.0,-20.5,148.44935947487176
55680,14.0,-20.0,146.65345374890006
55681,14.0,-19.5,153.37301378904067
55682,14.0,-19.0,150.72290262276613
55683,14.0,-18.5,155.93168887327573
55684,14.0,-18.0,152.72128794170428
55685,14.0,-17.5,150.14138771497863
55686,14.0,-17.0,154.85811487272554
55687,14.0,-16.5,153.53793048883279
55688,14.0,-16.0,155.31506279779208
55689,14.0,-15.5,153.04888499568958
55690,14.0,-15.0,150.97759174714338
55691,14.0,-14.5,146.1564296150908
55692,14.0,-14.0,148.5465100813792
55693,14.0,-13.5,153.08733322766645
55694,14.0,-13.0,146.10293173530917
55695,14.0,-12.5,151.32131313391733
55696,14.0,-12.0,153.74160477219863
55697,14.0,-11.5,148.2131378640831
55698,14.0,-11.0,152.78722633359604
55699,14.0,-10.5,154.133085784453
55700,14.0,-10.0,147.4339150838668
55701,14.0,-8.0,146.24933622510312
55702,14.0,-7.5,148.66834266432508
55703,14.0,-7.0,147.64434711753674
55704,14.0,-6.5,147.6925340832176
55705,14.0,-6.0,148.74846598570738
55706,14.0,-5.5,150.79668687943894
55707,14.0,-5.0,148.24641477433156
55708,14.0,-4.5,148.61979075999574
55709,14.0,-4.0,147.18301814676158
55710,14.0,-3.5,144.6745972122164
55711,14.0,-3.0,143.0988093840901
55712,14.0,-2.5,145.64762899293302
55713,14.0,-2.0,144.2317054444711
55714,14.0,-1.5,146.79286784752676
55715,14.0,-1.0,150.22312513877014
55716,14.0,-0.5,153.79286624305013
55717,14.0,0.0,151.25399996438614
55718,14.0,0.5,154.35578660024228
55719,14.0,1.0,143.89462904983694
55720,14.0,1.5,150.91775369612685
55721,14.0,2.0,146.8161134791949
55722,14.0,2.5,143.91997145359386
55723,14.0,3.0,148.73733519650597
55724,14.0,3.5,147.61858994317893
55725,14.0,4.0,146.31799362302635
55726,14.0,4.5,146.83249504273923
55727,14.0,5.0,148.38683560609357
55728,14.0,5.5,148.24182066695383
55729,14.0,6.0,156.28955883371853
55730,14.0,7.5,150.68418516087277
55731,14.0,8.0,147.15912150417495
55732,14.0,8.5,153.70984707408147
55733,14.0,9.0,161.30283230797917
55734,14.0,10.0,153.8435407812053
55735,14.0,10.5,156.218138231452
55736,14.0,11.0,149.78435788733455
55737,14.0,11.5,161.19542567186136
55738,14.0,12.0,162.3198417203954
55739,14.0,12.5,155.52940230641406
55740,14.0,13.0,163.12084579947978
55741,14.0,14.0,151.489956564585
55742,14.0,14.5,154.2313198294579
55743,14.0,15.0,150.94933560909732
55744,14.0,15.5,150.92707985632333
55745,14.0,16.0,149.20568027415788
55746,14.0,16.5,154.06134005865013
55747,14.0,17.0,155.8506844298674
55748,14.0,18.0,152.37839593868907
55749,14.0,18.5,150.97953813598676
55750,14.0,19.0,159.1681415493767
55751,14.0,19.5,159.45391120186756
55752,14.0,20.0,164.67222877957067
55753,14.0,21.0,153.98905509553902
55754,14.0,21.5,155.870330980555
55755,14.0,22.0,166.99988241540854
55756,14.0,22.5,173.9455819187277
55757,14.0,23.0,152.86757200551472
55758,14.0,23.5,153.27454318123148
55759,14.0,24.0,156.10006794991702
55760,14.0,24.5,157.8569596165662
55761,14.0,25.0,150.83098047143577
55762,14.0,25.5,155.98657747360983
55763,14.0,26.0,151.70645278075787
55764,14.0,26.5,154.56176967596127
55765,14.0,27.0,154.06373068306513
55766,14.0,27.5,145.77132826341887
55767,14.0,28.0,148.45379351075437
55768,14.0,28.5,149.63959726056365
55769,14.0,29.0,155.7485559288687
55770,14.0,29.5,149.29089253169934
55771,14.0,30.0,159.94485926947968
55772,14.0,30.5,148.45433238876424
55773,14.0,31.0,150.51709573978363
55774,14.0,31.5,145.285802413702
55775,14.0,32.0,155.33895085349687
55776,14.0,32.5,151.2241031945576
55777,14.0,33.0,150.78726158372177
55778,14.0,33.5,148.84276706802117
55779,14.0,34.0,149.31075089111906
55780,14.0,34.5,154.8467057515177
55781,14.0,35.0,144.94031166088595
55782,14.0,35.5,145.39858358230853
55783,14.0,36.0,149.27461231925312
55784,14.0,36.5,155.40212825476337
55785,14.0,37.0,151.2772283583878
55786,14.0,37.5,167.68189134478365
55787,14.0,38.0,171.37742825195573
55788,14.0,38.5,177.8562985928707
55789,14.0,39.0,179.76993578792485
55790,14.0,40.0,180.43043349908004
55791,14.5,-37.5,152.3202656161644
55792,14.5,-36.5,150.60884594223924
55793,14.5,-36.0,149.94261459689992
55794,14.5,-35.5,149.15892972265058
55795,14.5,-35.0,149.6573532499449
55796,14.5,-34.5,149.4809238240192
55797,14.5,-34.0,148.41677047610744
55798,14.5,-33.5,150.9696202285425
55799,14.5,-33.0,154.46431827324932
55800,14.5,-32.5,153.81969954786666
55801,14.5,-32.0,151.88194063858387
55802,14.5,-31.5,152.33869388425947
55803,14.5,-31.0,151.36833868033693
55804,14.5,-30.5,150.67079348596613
55805,14.5,-30.0,150.9992457631453
55806,14.5,-29.5,151.89093483872728
55807,14.5,-29.0,150.64279041903427
55808,14.5,-28.5,149.06232391230415
55809,14.5,-28.0,150.6868061076369
55810,14.5,-27.5,151.35797594118847
55811,14.5,-27.0,153.10566756971045
55812,14.5,-26.5,152.35082696787737
55813,14.5,-26.0,151.2379743798367
55814,14.5,-25.5,151.52722059735152
55815,14.5,-25.0,157.82599278435845
55816,14.5,-24.5,154.60980984320415
55817,14.5,-24.0,159.5056103530642
55818,14.5,-23.5,154.41838410578293
55819,14.5,-23.0,155.67703833003046
55820,14.5,-22.5,157.26645921764117
55821,14.5,-22.0,153.18398517585183
55822,14.5,-21.5,153.8684191809987
55823,14.5,-20.5,149.82363649234483
55824,14.5,-20.0,151.70564452315176
55825,14.5,-19.5,151.90965363239457
55826,14.5,-19.0,153.02816406765575
55827,14.5,-18.5,154.30580321209897
55828,14.5,-18.0,154.08274767710697
55829,14.5,-17.5,154.760087290041
55830,14.5,-17.0,153.82643356824727
55831,14.5,-16.5,155.22291571192758
55832,14.5,-16.0,151.14627310268983
55833,14.5,-15.5,151.72765776283993
55834,14.5,-15.0,153.8739678885088
55835,14.5,-14.5,152.4556291173251
55836,14.5,-14.0,148.25594194202444
55837,14.5,-13.5,147.2533038966118
55838,14.5,-13.0,151.65757061780155
55839,14.5,-12.5,148.92904335757007
55840,14.5,-12.0,153.11782677814028
55841,14.5,-11.5,148.15473219768234
55842,14.5,-11.0,148.1783360057204
55843,14.5,-10.5,150.97584746019143
55844,14.5,-8.0,148.14715933558514
55845,14.5,-7.5,148.96163794030903
55846,14.5,-7.0,148.15501975737425
55847,14.5,-6.5,148.1148789944667
55848,14.5,-6.0,147.94057220615753
55849,14.5,-5.5,149.96879268023733
55850,14.5,-5.0,150.44750518202054
55851,14.5,-4.5,143.7458958189032
55852,14.5,-4.0,148.6274602794188
55853,14.5,-3.5,146.09677819049696
55854,14.5,-2.5,147.7641930552578
55855,14.5,-2.0,144.9217815444936
55856,14.5,-1.5,147.08390884789304
55857,14.5,-1.0,148.95503727024877
55858,14.5,-0.5,150.06213440224357
55859,14.5,0.0,149.16768359207384
55860,14.5,0.5,149.69568982522668
55861,14.5,1.0,152.48789007734533
55862,14.5,1.5,146.93957608107394
55863,14.5,2.0,143.05207996477435
55864,14.5,2.5,147.10358439078908
55865,14.5,3.0,148.8124723136222
55866,14.5,3.5,148.56971031587912
55867,14.5,4.0,146.77288337926348
55868,14.5,4.5,151.81656036873378
55869,14.5,5.0,148.78853547785482
55870,14.5,5.5,145.07821622072683
55871,14.5,6.0,156.41746511964845
55872,14.5,6.5,165.95559054318974
55873,14.5,7.0,152.33305016982703
55874,14.5,7.5,147.2701681258117
55875,14.5,8.0,152.76867726664972
55876,14.5,8.5,150.80135268048645
55877,14.5,9.0,152.93718497163073
55878,14.5,9.5,165.828678913928
55879,14.5,10.0,160.71063055314897
55880,14.5,10.5,160.35011752297518
55881,14.5,11.0,159.72435849763235
55882,14.5,11.5,158.82256634569075
55883,14.5,12.0,162.33775399723027
55884,14.5,12.5,162.86561472500327
55885,14.5,13.0,166.69110520268777
55886,14.5,13.5,153.8140441686429
55887,14.5,14.0,160.09219595643532
55888,14.5,14.5,151.70898740014155
55889,14.5,15.0,149.31032919775123
55890,14.5,15.5,149.38201015013678
55891,14.5,16.0,152.25664092009782
55892,14.5,16.5,153.63605072304867
55893,14.5,17.0,154.40320651840585
55894,14.5,17.5,154.84480538683988
55895,14.5,18.0,152.0213855682904
55896,14.5,18.5,153.68582688782203
55897,14.5,19.0,157.49566314458636
55898,14.5,19.5,160.2951018763413
55899,14.5,20.0,165.08181070969013
55900,14.5,20.5,155.70817375906913
55901,14.5,21.0,157.96389861624962
55902,14.5,21.5,168.38279575353806
55903,14.5,22.0,168.46072583696994
55904,14.5,22.5,151.33945713286752
55905,14.5,23.0,149.02344281550168
55906,14.5,23.5,153.8172464445027
55907,14.5,24.0,154.11620651837643
55908,14.5,24.5,156.66950409332196
55909,14.5,25.0,155.42268745179913
55910,14.5,25.5,153.5605665730476
55911,14.5,26.0,148.81704330763995
55912,14.5,26.5,154.5497231583287
55913,14.5,27.0,148.73729875592898
55914,14.5,27.5,146.5423124419273
55915,14.5,28.0,147.26602825529514
55916,14.5,28.5,148.47686659609784
55917,14.5,29.0,155.14265749692257
55918,14.5,29.5,150.61240780009507
55919,14.5,30.0,141.75331983951406
55920,14.5,30.5,151.25454400902552
55921,14.5,31.0,153.06081009999667
55922,14.5,31.5,147.95886108099634
55923,14.5,32.0,155.4639139132157
55924,14.5,32.5,151.0610554495292
55925,14.5,33.0,151.82823278499222
55926,14.5,33.5,151.29531795135927
55927,14.5,34.0,148.34499356554224
55928,14.5,34.5,152.42848968956113
55929,14.5,35.0,145.13819735265525
55930,14.5,35.5,146.8932442709674
55931,14.5,36.0,148.53503659455626
55932,14.5,36.5,155.05905100152083
55933,14.5,37.0,149.87336284306687
55934,14.5,37.5,167.556878746546
55935,14.5,38.0,171.2572774618364
55936,14.5,38.5,177.54278614613298
55937,14.5,39.0,179.46021195810405
55938,14.5,40.0,180.43964914298505
55939,15.0,-37.5,152.91557298950016
55940,15.0,-36.5,151.99697004875222
55941,15.0,-36.0,149.35998123020858
55942,15.0,-35.5,148.81842395343102
55943,15.0,-35.0,149.23013056914664
55944,15.0,-34.5,149.5609023511133
55945,15.0,-34.0,148.0884527940781
55946,15.0,-33.5,150.75735638561738
55947,15.0,-33.0,154.9193300089568
55948,15.0,-32.5,154.8660952204474
55949,15.0,-32.0,151.79946780863276
55950,15.0,-31.5,152.64181339575038
55951,15.0,-31.0,152.24662242548385
55952,15.0,-30.5,152.2117195165684
55953,15.0,-30.0,149.24213434881892
55954,15.0,-29.5,152.17371676105913
55955,15.0,-29.0,151.35266839855132
55956,15.0,-28.5,149.08738038557752
55957,15.0,-28.0,151.8713319939658
55958,15.0,-27.5,151.37637608972514
55959,15.0,-27.0,151.2821044869509
55960,15.0,-26.5,153.5956784380437
55961,15.0,-26.0,150.0869636611424
55962,15.0,-25.5,153.4893906926435
55963,15.0,-25.0,151.10166812833677
55964,15.0,-24.5,150.16876345350624
55965,15.0,-24.0,153.50597119863698
55966,15.0,-23.5,155.8469875004593
55967,15.0,-23.0,154.4361061655437
55968,15.0,-22.5,154.7859436908226
55969,15.0,-22.0,152.87591873675225
55970,15.0,-21.5,152.28003648491958
55971,15.0,-21.0,152.75882196692984
55972,15.0,-20.5,152.96321596308255
55973,15.0,-20.0,154.49614147115787
55974,15.0,-19.5,151.25779411368703
55975,15.0,-19.0,155.2234770428499
55976,15.0,-18.5,152.8968095833568
55977,15.0,-18.0,152.9610541294716
55978,15.0,-17.5,155.389322544548
55979,15.0,-17.0,155.03769147555548
55980,15.0,-16.5,155.11269812147282
55981,15.0,-16.0,153.15826867911449
55982,15.0,-15.5,152.32221631462886
55983,15.0,-15.0,154.04086151134672
55984,15.0,-14.5,154.02372732292267
55985,15.0,-14.0,145.23794323401412
55986,15.0,-13.5,147.04469890360235
55987,15.0,-13.0,150.8010452599123
55988,15.0,-12.5,148.40357567470997
55989,15.0,-12.0,149.55379669804793
55990,15.0,-11.5,151.86836153128814
55991,15.0,-11.0,148.56336567000673
55992,15.0,-10.5,146.82773947069242
55993,15.0,-10.0,157.82888683932217
55994,15.0,-8.5,149.63176753519
55995,15.0,-8.0,150.1976459354431
55996,15.0,-7.5,148.3997852473846
55997,15.0,-7.0,146.34433972407157
55998,15.0,-6.5,146.09590729264224
55999,15.0,-6.0,147.8930246126169
56000,15.0,-5.5,148.3695134388398
56001,15.0,-5.0,148.21276221443216
56002,15.0,-4.5,146.89309301550082
56003,15.0,-4.0,145.8070609918363
56004,15.0,-3.5,147.24548943794562
56005,15.0,-3.0,146.43622507843102
56006,15.0,-2.5,147.19506861554527
56007,15.0,-2.0,150.25375546415674
56008,15.0,-1.5,151.0322548333022
56009,15.0,-1.0,150.4697968277898
56010,15.0,-0.5,149.36478102443044
56011,15.0,0.0,146.2389610026759
56012,15.0,0.5,150.59770378162568
56013,15.0,1.0,153.7546358173031
56014,15.0,1.5,150.61489699576174
56015,15.0,2.0,143.43117747947912
56016,15.0,2.5,149.09175813343697
56017,15.0,3.5,145.78763290992077
56018,15.0,4.0,151.502306748535
56019,15.0,4.5,146.87068937394278
56020,15.0,5.0,147.0722579694736
56021,15.0,5.5,146.1861891876022
56022,15.0,6.5,159.75826121892104
56023,15.0,7.0,154.56795178057845
56024,15.0,7.5,149.14579716801234
56025,15.0,8.0,151.14826424261258
56026,15.0,8.5,152.17264244544066
56027,15.0,9.0,161.1376672300894
56028,15.0,9.5,153.27361148463658
56029,15.0,10.0,162.98201012566585
56030,15.0,10.5,164.33798631103198
56031,15.0,11.0,164.83812866174142
56032,15.0,11.5,163.99994570167294
56033,15.0,12.0,161.46462952654724
56034,15.0,12.5,161.59296237780674
56035,15.0,13.0,157.10572711062122
56036,15.0,13.5,160.36703128304708
56037,15.0,14.0,161.5643194745412
56038,15.0,14.5,153.00891561170727
56039,15.0,15.0,148.31256702013286
56040,15.0,15.5,148.1843423854113
56041,15.0,16.0,152.55990670093598
56042,15.0,16.5,153.8823156241484
56043,15.0,17.0,154.39755707584683
56044,15.0,17.5,155.2962552931985
56045,15.0,18.0,155.0887423300929
56046,15.0,18.5,153.80735821917423
56047,15.0,19.0,156.1792984732685
56048,15.0,19.5,159.91477327412258
56049,15.0,20.0,158.6863470912183
56050,15.0,20.5,153.84624151269327
56051,15.0,21.0,155.91809762002237
56052,15.0,21.5,170.19823241599266
56053,15.0,22.0,148.4699302595828
56054,15.0,22.5,147.19594394705518
56055,15.0,23.0,151.37856440732125
56056,15.0,23.5,152.511618407001
56057,15.0,24.0,152.36365540905265
56058,15.0,24.5,153.02783006209782
56059,15.0,25.0,153.4681620312589
56060,15.0,25.5,154.7044107685323
56061,15.0,26.0,157.19398366444355
56062,15.0,26.5,154.13885820282178
56063,15.0,27.0,149.4262794482341
56064,15.0,27.5,151.11333072528694
56065,15.0,28.0,144.77397711199256
56066,15.0,28.5,149.32439881118714
56067,15.0,29.0,152.257999317477
56068,15.0,29.5,148.00738564796367
56069,15.0,30.0,143.36411605651398
56070,15.0,30.5,153.2313138282248
56071,15.0,31.0,152.1623402906113
56072,15.0,31.5,148.35636639306068
56073,15.0,32.0,155.13700595387064
56074,15.0,32.5,152.05727043544837
56075,15.0,33.0,144.95324247806982
56076,15.0,33.5,144.9777083494748
56077,15.0,34.0,149.7438692481833
56078,15.0,34.5,152.10362544943973
56079,15.0,35.0,147.69126642241037
56080,15.0,35.5,146.91550454572993
56081,15.0,36.0,147.31488931007377
56082,15.0,36.5,154.97720238058125
56083,15.0,37.0,147.26765184068927
56084,15.0,37.5,167.50286526619556
56085,15.0,38.0,170.301315792314
56086,15.0,38.5,177.16485972921228
56087,15.0,39.0,179.09933103719302
56088,15.0,40.0,180.52664335744254
56089,15.5,-37.5,153.46611876028783
56090,15.5,-37.0,153.32851422509955
56091,15.5,-36.5,152.9009843456913
56092,15.5,-36.0,149.82108592228948
56093,15.5,-35.5,147.93385552914057
56094,15.5,-35.0,149.2279848400053
56095,15.5,-34.5,149.77157580196297
56096,15.5,-34.0,147.24581831857415
56097,15.5,-33.5,149.71711703930683
56098,15.5,-33.0,157.6546989050146
56099,15.5,-32.5,154.18862541487246
56100,15.5,-32.0,153.52943102552211
56101,15.5,-31.5,150.42205004635207
56102,15.5,-31.0,152.63621381625669
56103,15.5,-30.5,152.35891675849302
56104,15.5,-30.0,151.6935635618918
56105,15.5,-29.5,152.16912115327716
56106,15.5,-29.0,151.43283206439324
56107,15.5,-28.5,151.76376968420468
56108,15.5,-28.0,151.9076374802449
56109,15.5,-27.5,150.60414733755505
56110,15.5,-27.0,153.50121453216002
56111,15.5,-26.5,152.18517266582282
56112,15.5,-26.0,153.34595501759546
56113,15.5,-25.5,148.46116910907762
56114,15.5,-25.0,147.08291862527201
56115,15.5,-24.5,151.6295788977874
56116,15.5,-24.0,152.6728693204514
56117,15.5,-23.5,157.3090332473176
56118,15.5,-23.0,153.25583326115841
56119,15.5,-22.5,152.10767621307704
56120,15.5,-22.0,156.1440317401093
56121,15.5,-21.5,147.04028057386054
56122,15.5,-21.0,150.46793353584246
56123,15.5,-20.5,155.06863998194723
56124,15.5,-20.0,157.749435367826
56125,15.5,-19.5,152.77694525974
56126,15.5,-19.0,154.99874110290614
56127,15.5,-18.5,153.71212607656147
56128,15.5,-18.0,153.92770937054846
56129,15.5,-17.5,154.7277656083839
56130,15.5,-17.0,155.11202144817523
56131,15.5,-16.5,153.00819033177112
56132,15.5,-16.0,153.62670865230112
56133,15.5,-15.5,156.04748043329764
56134,15.5,-15.0,153.74539981966248
56135,15.5,-14.5,153.62446719581973
56136,15.5,-14.0,148.169402960307
56137,15.5,-13.5,149.33874553515287
56138,15.5,-13.0,146.7257979239841
56139,15.5,-12.5,153.72732483980855
56140,15.5,-12.0,148.90275710857273
56141,15.5,-11.5,149.18955027705326
56142,15.5,-11.0,145.49189821036217
56143,15.5,-10.5,146.57095146233445
56144,15.5,-10.0,150.53710600059378
56145,15.5,-9.5,157.89103632160598
56146,15.5,-9.0,149.5802991119691
56147,15.5,-8.5,150.71847310342824
56148,15.5,-8.0,151.90507035256692
56149,15.5,-7.5,147.21255903096102
56150,15.5,-7.0,145.75885505146965
56151,15.5,-6.5,148.26569923117492
56152,15.5,-6.0,146.97062479863584
56153,15.5,-5.5,148.52932784239317
56154,15.5,-5.0,147.0271917707348
56155,15.5,-4.5,152.4570406721596
56156,15.5,-4.0,155.38145274577823
56157,15.5,-3.5,151.54645508948178
56158,15.5,-3.0,150.80507726988853
56159,15.5,-2.5,151.85663029150584
56160,15.5,-1.5,151.49006091463548
56161,15.5,-1.0,152.6850805728354
56162,15.5,-0.5,150.49764445640182
56163,15.5,0.0,148.90948074928392
56164,15.5,0.5,151.45317137835957
56165,15.5,1.0,150.0147129583271
56166,15.5,1.5,154.03399163983713
56167,15.5,2.0,150.53007804210299
56168,15.5,3.0,144.03299110941558
56169,15.5,3.5,148.9521514321302
56170,15.5,4.0,150.31175085681724
56171,15.5,4.5,147.2735655048828
56172,15.5,5.0,147.39648910929108
56173,15.5,5.5,149.483905230414
56174,15.5,6.5,148.9802708470136
56175,15.5,7.0,160.56326913020314
56176,15.5,7.5,152.410672448939
56177,15.5,8.0,149.99761803929715
56178,15.5,8.5,161.7019483520707
56179,15.5,9.0,162.4161879712021
56180,15.5,9.5,158.35498756339055
56181,15.5,10.0,164.87798446306155
56182,15.5,10.5,162.71136027396676
56183,15.5,11.0,158.97469416119597
56184,15.5,11.5,158.11126915039628
56185,15.5,12.0,159.4660111085393
56186,15.5,12.5,156.07650141065758
56187,15.5,13.0,154.23583921537747
56188,15.5,13.5,149.53551562834733
56189,15.5,14.0,152.06675839112214
56190,15.5,15.0,148.17832813097195
56191,15.5,15.5,149.98734442914517
56192,15.5,16.0,153.6399143899118
56193,15.5,16.5,154.70428205175662
56194,15.5,17.0,156.82821050753438
56195,15.5,17.5,155.35132247158185
56196,15.5,18.0,157.1706928980343
56197,15.5,19.0,155.76305041873772
56198,15.5,19.5,155.52782370260388
56199,15.5,20.0,153.98554288127033
56200,15.5,20.5,155.72952368708508
56201,15.5,21.0,157.56114771323942
56202,15.5,22.0,151.06504076896803
56203,15.5,22.5,150.75705894861528
56204,15.5,23.0,153.67145966445406
56205,15.5,23.5,153.79999701935552
56206,15.5,24.0,152.06513088099652
56207,15.5,24.5,150.94561313239305
56208,15.5,25.0,150.9941018110255
56209,15.5,25.5,152.2264231673943
56210,15.5,26.0,155.28923466597294
56211,15.5,26.5,147.81221438371682
56212,15.5,27.0,151.59722699117037
56213,15.5,27.5,151.8638464654956
56214,15.5,28.0,146.64700191991685
56215,15.5,28.5,147.59991139424812
56216,15.5,29.0,145.7304419443571
56217,15.5,29.5,151.3791966032739
56218,15.5,30.0,144.68605825127187
56219,15.5,30.5,152.47256337153925
56220,15.5,31.0,151.6676049804179
56221,15.5,31.5,151.94970257394368
56222,15.5,32.0,163.8719349267995
56223,15.5,32.5,153.00000669087825
56224,15.5,33.0,143.02139516433735
56225,15.5,33.5,146.43356703659728
56226,15.5,34.0,151.4450739997885
56227,15.5,34.5,150.2429857573998
56228,15.5,35.0,147.35030569436472
56229,15.5,35.5,146.52621097221711
56230,15.5,36.0,147.66553917429692
56231,15.5,36.5,155.55304724498882
56232,15.5,37.0,148.9194918141143
56233,15.5,37.5,167.43555344341195
56234,15.5,38.0,162.7719951204462
56235,15.5,38.5,176.87844670289962
56236,15.5,39.0,178.84800962850173
56237,15.5,40.0,180.7470621379067
56238,16.0,-37.5,154.85685241105026
56239,16.0,-37.0,152.89748247389386
56240,16.0,-36.5,154.17522697998604
56241,16.0,-36.0,149.84525763735576
56242,16.0,-35.5,147.57230490853573
56243,16.0,-35.0,148.80369291143964
56244,16.0,-34.5,149.26081052171634
56245,16.0,-34.0,148.81167245652333
56246,16.0,-33.5,153.60505456795428
56247,16.0,-33.0,158.82918632619956
56248,16.0,-32.5,154.5007415177491
56249,16.0,-32.0,153.736582387115
56250,16.0,-31.5,149.00018544569065
56251,16.0,-31.0,151.83728008774736
56252,16.0,-30.5,155.6782472664841
56253,16.0,-30.0,153.70784849425084
56254,16.0,-29.5,151.80215219445117
56255,16.0,-29.0,153.63542342613312
56256,16.0,-28.5,154.4472254494638
56257,16.0,-28.0,151.4596496754265
56258,16.0,-27.5,150.2276709828618
56259,16.0,-27.0,152.97523462022434
56260,16.0,-26.5,151.50334494682122
56261,16.0,-26.0,156.063378942836
56262,16.0,-25.5,150.44801917502087
56263,16.0,-25.0,148.20264385487872
56264,16.0,-24.5,153.654344003717
56265,16.0,-24.0,151.44615778203644
56266,16.0,-23.5,148.3225855955165
56267,16.0,-23.0,156.2904520366512
56268,16.0,-22.5,151.98034725056075
56269,16.0,-22.0,153.69278849496223
56270,16.0,-21.5,147.98174901596752
56271,16.0,-21.0,151.50968881359742
56272,16.0,-20.5,152.37329515746006
56273,16.0,-20.0,155.06187860304004
56274,16.0,-19.5,153.08568196647153
56275,16.0,-19.0,155.90317119094402
56276,16.0,-18.5,153.7156779922439
56277,16.0,-18.0,153.8098608898604
56278,16.0,-17.5,153.6805202412905
56279,16.0,-17.0,152.12667542494918
56280,16.0,-16.5,153.35136229142057
56281,16.0,-16.0,152.53828420020096
56282,16.0,-15.5,155.40386459280202
56283,16.0,-14.5,149.3729663143709
56284,16.0,-14.0,150.56942970318462
56285,16.0,-13.5,150.38600484635242
56286,16.0,-13.0,149.20248612819347
56287,16.0,-12.5,149.638383393758
56288,16.0,-12.0,147.83536906134918
56289,16.0,-11.5,144.91862260234953
56290,16.0,-11.0,152.08862733025828
56291,16.0,-10.0,148.9234313794686
56292,16.0,-9.5,151.66227089770555
56293,16.0,-9.0,151.1529983700807
56294,16.0,-8.5,151.72053507253284
56295,16.0,-8.0,150.37031632988428
56296,16.0,-7.5,147.37618375390682
56297,16.0,-7.0,148.38964450136876
56298,16.0,-6.5,143.4766301098746
56299,16.0,-6.0,150.9883621307624
56300,16.0,-5.5,146.12215089580894
56301,16.0,-5.0,150.3328454456956
56302,16.0,-4.5,150.77748055143985
56303,16.0,-3.5,154.48088139292656
56304,16.0,-3.0,153.60166253704736
56305,16.0,-2.5,152.2981236178354
56306,16.0,-1.5,151.9131168602454
56307,16.0,-1.0,149.29191337109083
56308,16.0,-0.5,147.86256303612254
56309,16.0,0.0,149.92229091236564
56310,16.0,0.5,148.7598109279936
56311,16.0,1.0,144.52502499759055
56312,16.0,1.5,151.6655993801837
56313,16.0,2.0,156.0578133493312
56314,16.0,2.5,147.17659820861613
56315,16.0,3.0,144.95666966646348
56316,16.0,3.5,151.21722037412076
56317,16.0,4.0,146.794600544327
56318,16.0,4.5,148.94518518187172
56319,16.0,5.5,146.8248862229868
56320,16.0,6.0,149.54357169392887
56321,16.0,6.5,147.95962510882902
56322,16.0,7.0,152.56817764177146
56323,16.0,7.5,158.84700886299674
56324,16.0,9.0,158.89503240109062
56325,16.0,9.5,158.8924596563757
56326,16.0,10.0,159.24495090619413
56327,16.0,10.5,160.11701095856253
56328,16.0,11.0,156.69680334381218
56329,16.0,11.5,158.9679642324785
56330,16.0,12.0,158.920530738756
56331,16.0,12.5,156.40273602747197
56332,16.0,13.0,159.8330876124211
56333,16.0,13.5,153.92601454192717
56334,16.0,14.0,150.97843332621804
56335,16.0,14.5,151.74941548837828
56336,16.0,15.0,149.18301121014528
56337,16.0,15.5,150.98528064369188
56338,16.0,16.0,151.21882666762858
56339,16.0,16.5,155.06670916920984
56340,16.0,17.0,159.34617272056272
56341,16.0,17.5,158.17685848910585
56342,16.0,18.0,156.66266520155526
56343,16.0,18.5,157.6931279992804
56344,16.0,19.0,157.29833013449377
56345,16.0,19.5,154.76777896747623
56346,16.0,20.0,154.33119664162334
56347,16.0,20.5,159.82138703589033
56348,16.0,21.0,157.38417482486244
56349,16.0,22.0,146.14541163741174
56350,16.0,22.5,152.76832240496705
56351,16.0,23.0,154.7172636484765
56352,16.0,23.5,156.1187692176401
56353,16.0,24.0,153.7343011390325
56354,16.0,24.5,150.9954834202656
56355,16.0,25.0,149.16156425365105
56356,16.0,25.5,153.27943827122297
56357,16.0,26.0,153.39651842342886
56358,16.0,26.5,150.93544151167015
56359,16.0,27.0,153.77624830834168
56360,16.0,27.5,151.73791985975362
56361,16.0,28.0,149.47178843316087
56362,16.0,28.5,146.7947854783861
56363,16.0,29.0,145.7467138031079
56364,16.0,29.5,150.2807099577423
56365,16.0,30.0,154.8058289781068
56366,16.0,30.5,155.77563668130867
56367,16.0,31.0,151.42106407298124
56368,16.0,31.5,152.0857419624442
56369,16.0,32.0,151.2824394645935
56370,16.0,32.5,154.81253642284446
56371,16.0,33.0,142.89070719645295
56372,16.0,33.5,147.38627197785235
56373,16.0,34.0,156.01933412758353
56374,16.0,34.5,150.01743059693368
56375,16.0,35.0,146.9259400237463
56376,16.0,35.5,147.34629847812437
56377,16.0,36.0,149.68748004285743
56378,16.0,36.5,155.63912306206902
56379,16.0,37.0,145.9525977035225
56380,16.0,37.5,167.41558891675226
56381,16.0,38.5,176.6571007321725
56382,16.0,39.0,178.587698661732
56383,16.0,40.0,180.7403603332017
56384,16.5,-37.5,154.5523543611789
56385,16.5,-37.0,152.41357957164612
56386,16.5,-36.5,153.64572915053492
56387,16.5,-36.0,149.86001346281367
56388,16.5,-35.5,147.7553595416711
56389,16.5,-35.0,148.5369453985505
56390,16.5,-34.5,149.29294237180255
56391,16.5,-34.0,148.7952584232043
56392,16.5,-33.5,155.6922729726895
56393,16.5,-33.0,154.20047151710952
56394,16.5,-32.5,153.9236734837849
56395,16.5,-32.0,152.83161806627257
56396,16.5,-31.5,150.02851157646072
56397,16.5,-31.0,152.39448852423678
56398,16.5,-30.5,153.78151429436525
56399,16.5,-30.0,156.80311656635854
56400,16.5,-29.5,153.33922874354687
56401,16.5,-29.0,153.00181441034724
56402,16.5,-28.5,152.80575901746028
56403,16.5,-28.0,149.99622568357316
56404,16.5,-27.5,151.47128174062655
56405,16.5,-27.0,149.58607417996004
56406,16.5,-26.5,151.2972287064051
56407,16.5,-26.0,149.45633024976988
56408,16.5,-25.5,147.09235173370277
56409,16.5,-25.0,150.64810270633745
56410,16.5,-24.5,152.4658928731657
56411,16.5,-24.0,148.69400535934432
56412,16.5,-23.5,150.237439242036
56413,16.5,-23.0,157.32309941496774
56414,16.5,-22.5,155.80130519727848
56415,16.5,-22.0,150.5415190555883
56416,16.5,-21.5,154.0430027234391
56417,16.5,-21.0,150.4230794499358
56418,16.5,-20.5,150.23354789273213
56419,16.5,-20.0,153.3957293772458
56420,16.5,-19.5,153.86023639633663
56421,16.5,-19.0,154.1774982222625
56422,16.5,-18.5,153.71674456116605
56423,16.5,-18.0,152.82894274992776
56424,16.5,-17.5,153.30360407053527
56425,16.5,-17.0,149.4381950800301
56426,16.5,-16.5,151.9176246893039
56427,16.5,-16.0,153.8147546954426
56428,16.5,-15.5,155.14922783185204
56429,16.5,-15.0,152.5634824769701
56430,16.5,-14.5,148.06211300996802
56431,16.5,-14.0,151.12458726182433
56432,16.5,-13.5,152.8588452198284
56433,16.5,-13.0,149.43701948924019
56434,16.5,-12.5,148.4991408096907
56435,16.5,-12.0,145.41173862323276
56436,16.5,-11.5,147.41191478856172
56437,16.5,-11.0,147.0215088085709
56438,16.5,-10.5,155.0601211221996
56439,16.5,-10.0,146.5633232988198
56440,16.5,-9.5,149.04532476884958
56441,16.5,-9.0,148.9275829070306
56442,16.5,-8.5,152.0603375821651
56443,16.5,-8.0,148.26639951144568
56444,16.5,-7.5,150.8717109819268
56445,16.5,-7.0,145.55452942132695
56446,16.5,-6.5,151.2469430703005
56447,16.5,-6.0,147.98386549609648
56448,16.5,-5.5,146.90196482181207
56449,16.5,-5.0,149.04060944468088
56450,16.5,-4.5,150.19005691374588
56451,16.5,-4.0,146.429917584959
56452,16.5,-3.5,148.8235418758359
56453,16.5,-3.0,149.63980914364993
56454,16.5,-2.5,148.95530570066944
56455,16.5,-2.0,153.44027878518483
56456,16.5,-1.5,152.572834170202
56457,16.5,-1.0,147.00115610162857
56458,16.5,-0.5,151.29399413912765
56459,16.5,0.0,148.3211466251964
56460,16.5,0.5,147.928993457104
56461,16.5,1.0,148.28188899328254
56462,16.5,1.5,150.13056572004874
56463,16.5,2.0,153.02345834604495
56464,16.5,2.5,152.26508352764085
56465,16.5,3.0,149.82086739613794
56466,16.5,3.5,145.67117269738475
56467,16.5,4.0,146.7583844527239
56468,16.5,4.5,144.62948962023674
56469,16.5,5.0,149.90111475051643
56470,16.5,5.5,147.05014117218894
56471,16.5,6.0,147.37212766709018
56472,16.5,6.5,150.73616222137818
56473,16.5,7.0,150.83393556655759
56474,16.5,7.5,166.7772170725498
56475,16.5,8.0,162.49667790051512
56476,16.5,8.5,159.5933262155919
56477,16.5,9.0,157.71508824905231
56478,16.5,9.5,164.81430073706693
56479,16.5,10.0,162.53681466131286
56480,16.5,10.5,156.59665809588716
56481,16.5,11.0,160.93998569928002
56482,16.5,11.5,160.5352608259258
56483,16.5,12.0,156.01653559970114
56484,16.5,12.5,157.8028966293757
56485,16.5,13.0,161.1386019283543
56486,16.5,13.5,150.90443726393113
56487,16.5,14.0,155.20471336752274
56488,16.5,14.5,152.7467412624224
56489,16.5,15.0,152.62114206122953
56490,16.5,16.0,151.70569538811483
56491,16.5,16.5,151.95726139684217
56492,16.5,17.0,158.267410841743
56493,16.5,17.5,160.05270794951193
56494,16.5,18.0,157.2332210795028
56495,16.5,18.5,158.17858176159584
56496,16.5,19.0,157.9575506107797
56497,16.5,19.5,153.26759000911525
56498,16.5,20.0,160.85853436422366
56499,16.5,20.5,157.14389603963485
56500,16.5,21.0,148.10262164602162
56501,16.5,21.5,146.15170009193963
56502,16.5,22.5,152.79398791503243
56503,16.5,23.0,154.5798805602939
56504,16.5,23.5,155.921452340129
56505,16.5,24.0,159.71433555633394
56506,16.5,24.5,151.50336626977912
56507,16.5,25.0,148.6250945710917
56508,16.5,25.5,153.64829715239426
56509,16.5,26.0,150.32365056990244
56510,16.5,26.5,148.91683358415514
56511,16.5,27.0,155.9705459835859
56512,16.5,27.5,151.02630790535846
56513,16.5,28.0,148.49635982626535
56514,16.5,28.5,144.80310477781165
56515,16.5,29.0,146.67647875527038
56516,16.5,29.5,146.6649344491781
56517,16.5,30.0,152.70088370962142
56518,16.5,30.5,145.48637522452037
56519,16.5,31.0,154.01323752607527
56520,16.5,31.5,152.71910505705893
56521,16.5,32.0,152.01585892759306
56522,16.5,32.5,151.66563029231483
56523,16.5,33.0,151.94173068118198
56524,16.5,33.5,148.97333875906216
56525,16.5,34.0,155.32304370482902
56526,16.5,34.5,149.8940477355219
56527,16.5,35.0,146.58323186005035
56528,16.5,35.5,148.2065831550895
56529,16.5,36.0,149.3858523944341
56530,16.5,36.5,152.00250141872957
56531,16.5,37.0,147.80542870165905
56532,16.5,37.5,161.65332231743764
56533,16.5,38.5,176.37244650416304
56534,16.5,39.0,178.3777741753774
56535,17.0,-37.5,153.9920041128585
56536,17.0,-37.0,151.68569233415914
56537,17.0,-36.5,153.3359575023984
56538,17.0,-36.0,149.73417884723344
56539,17.0,-35.5,148.17990433108986
56540,17.0,-35.0,147.94953833021626
56541,17.0,-34.5,149.25580696426172
56542,17.0,-34.0,148.91523215959907
56543,17.0,-33.5,156.41931458090463
56544,17.0,-33.0,151.2819896687435
56545,17.0,-32.5,153.57002022401898
56546,17.0,-32.0,157.58816433584437
56547,17.0,-31.5,149.95734198948998
56548,17.0,-31.0,153.76303561527976
56549,17.0,-30.5,153.18970049894753
56550,17.0,-30.0,159.49139128370365
56551,17.0,-29.5,151.47249129698167
56552,17.0,-29.0,149.9165627602555
56553,17.0,-28.5,148.83341453291038
56554,17.0,-28.0,150.17766237434583
56555,17.0,-27.5,149.4124791463624
56556,17.0,-27.0,149.6005639326552
56557,17.0,-26.5,151.55775301287395
56558,17.0,-26.0,149.06952263146218
56559,17.0,-25.0,152.79665169541605
56560,17.0,-24.5,150.87462661303428
56561,17.0,-24.0,149.18371751066113
56562,17.0,-23.5,152.90351992570004
56563,17.0,-23.0,157.11560238704095
56564,17.0,-22.5,160.7631104372685
56565,17.0,-22.0,151.974487545969
56566,17.0,-21.5,154.424032844708
56567,17.0,-21.0,152.89977529458346
56568,17.0,-20.5,151.51751895514286
56569,17.0,-20.0,151.09062830812098
56570,17.0,-19.5,151.26963857514156
56571,17.0,-18.5,148.82899866335916
56572,17.0,-18.0,151.03230322862845
56573,17.0,-17.5,151.00030189447332
56574,17.0,-17.0,153.92150099322413
56575,17.0,-16.5,152.1280246561759
56576,17.0,-16.0,151.45969557480691
56577,17.0,-15.5,151.0108249026146
56578,17.0,-15.0,150.0012204586622
56579,17.0,-14.5,150.95046235878385
56580,17.0,-14.0,152.95198173254127
56581,17.0,-13.5,152.89099611247272
56582,17.0,-13.0,150.68369699378567
56583,17.0,-12.5,147.0237239168876
56584,17.0,-12.0,145.16959664594066
56585,17.0,-11.5,146.69827143253852
56586,17.0,-11.0,147.2252396001443
56587,17.0,-10.5,153.07803897029407
56588,17.0,-10.0,152.4593866985442
56589,17.0,-9.5,150.02038081116933
56590,17.0,-9.0,150.7597784911653
56591,17.0,-8.5,151.1270017048545
56592,17.0,-8.0,150.22537313884703
56593,17.0,-7.5,150.7355157942122
56594,17.0,-7.0,150.4291185738224
56595,17.0,-6.5,149.8895313795027
56596,17.0,-6.0,144.1332471647494
56597,17.0,-5.5,145.80676440818465
56598,17.0,-5.0,147.58224688571696
56599,17.0,-4.5,147.93647273721493
56600,17.0,-4.0,150.050141784047
56601,17.0,-3.5,150.07273258312478
56602,17.0,-2.5,148.76120388901785
56603,17.0,-2.0,149.2195675330101
56604,17.0,-1.5,151.1319118797626
56605,17.0,-1.0,151.9396547571207
56606,17.0,-0.5,153.6278682562022
56607,17.0,0.0,147.21870198649788
56608,17.0,0.5,149.7209556809137
56609,17.0,1.0,150.69642471440673
56610,17.0,1.5,147.7714507236543
56611,17.0,2.0,147.7419978119029
56612,17.0,2.5,155.30955515707703
56613,17.0,3.0,154.34262411273366
56614,17.0,3.5,146.9967131308969
56615,17.0,4.0,147.31787645002
56616,17.0,5.0,149.65308222994167
56617,17.0,5.5,147.75608707907534
56618,17.0,6.0,146.94746290623266
56619,17.0,6.5,150.86491324723235
56620,17.0,7.0,150.18477797351386
56621,17.0,7.5,156.83466722096892
56622,17.0,8.0,164.5483236239862
56623,17.0,8.5,159.8855125752284
56624,17.0,9.0,157.29147710215815
56625,17.0,9.5,160.76789220638997
56626,17.0,10.0,155.9092060719539
56627,17.0,10.5,158.68468922800133
56628,17.0,11.0,158.91523402538863
56629,17.0,11.5,159.7954973536083
56630,17.0,12.0,154.69791570043844
56631,17.0,12.5,156.67356118129592
56632,17.0,13.0,156.91101370147857
56633,17.0,13.5,155.757588618978
56634,17.0,14.0,152.33583192853288
56635,17.0,14.5,154.45484254118162
56636,17.0,15.0,153.36892182990226
56637,17.0,16.5,155.30739509132604
56638,17.0,17.0,157.76960864273062
56639,17.0,17.5,158.8521127055012
56640,17.0,18.0,158.1290972941208
56641,17.0,18.5,156.1010467441312
56642,17.0,19.0,157.96552247804382
56643,17.0,19.5,154.73836214754195
56644,17.0,20.0,155.63231779403066
56645,17.0,20.5,153.0337107897811
56646,17.0,21.0,147.80542288085428
56647,17.0,21.5,147.610493784355
56648,17.0,22.0,149.25764191747805
56649,17.0,22.5,155.99878069375657
56650,17.0,23.0,156.62496643471007
56651,17.0,23.5,154.70615225029917
56652,17.0,24.0,161.1109920943407
56653,17.0,24.5,154.97136645088403
56654,17.0,25.0,153.94181942529403
56655,17.0,25.5,151.50649460217332
56656,17.0,26.0,149.77203995027142
56657,17.0,26.5,149.30808336677762
56658,17.0,27.0,152.29281231944896
56659,17.0,27.5,150.81338188697788
56660,17.0,28.0,148.25911164348597
56661,17.0,28.5,147.50434451537842
56662,17.0,29.0,146.54747976550314
56663,17.0,29.5,145.34324857496458
56664,17.0,30.0,149.74720675379123
56665,17.0,30.5,148.02782053638836
56666,17.0,31.0,156.02116523672262
56667,17.0,31.5,153.75003010720977
56668,17.0,32.0,152.33582844280443
56669,17.0,32.5,149.52767019599727
56670,17.0,33.0,149.11801777650618
56671,17.0,33.5,148.80026030939743
56672,17.0,34.0,151.2418820942016
56673,17.0,34.5,159.20679517472996
56674,17.0,35.0,146.98963341074005
56675,17.0,35.5,148.22204380675578
56676,17.0,36.0,149.82527405168406
56677,17.0,36.5,151.23192109521057
56678,17.0,37.0,148.3381034216744
56679,17.0,37.5,157.30332977982846
56680,17.0,38.5,176.24213937669265
56681,17.0,39.0,178.23662942302633
56682,17.5,-37.5,153.4663372923111
56683,17.5,-37.0,151.77806356382484
56684,17.5,-36.5,152.95174214704411
56685,17.5,-36.0,149.53347433578472
56686,17.5,-35.5,148.135261868442
56687,17.5,-35.0,148.62674568655655
56688,17.5,-34.5,149.0490338910063
56689,17.5,-34.0,148.86964782342872
56690,17.5,-33.5,159.4195488921538
56691,17.5,-33.0,153.41203942718278
56692,17.5,-32.5,152.0731882727756
56693,17.5,-32.0,156.85467602894175
56694,17.5,-31.5,151.52291104462495
56695,17.5,-31.0,154.5801299857262
56696,17.5,-30.5,158.64940607418745
56697,17.5,-30.0,150.00481022102315
56698,17.5,-29.5,148.66013500800798
56699,17.5,-29.0,148.05824164307452
56700,17.5,-28.5,149.12447486121167
56701,17.5,-28.0,151.6004861703042
56702,17.5,-27.5,151.47397051849973
56703,17.5,-27.0,151.98217033766358
56704,17.5,-26.5,150.10517801865444
56705,17.5,-26.0,149.21396303837093
56706,17.5,-25.5,150.7050049409704
56707,17.5,-25.0,151.0658279936911
56708,17.5,-24.5,149.56241153614465
56709,17.5,-24.0,152.65371525454893
56710,17.5,-23.5,155.2528843706516
56711,17.5,-23.0,154.25778036449304
56712,17.5,-22.5,160.61411472024832
56713,17.5,-22.0,154.34255084260468
56714,17.5,-21.5,153.8873473461024
56715,17.5,-20.5,149.93367736098423
56716,17.5,-20.0,151.4761456946398
56717,17.5,-19.5,149.08546825967073
56718,17.5,-19.0,152.35918164883316
56719,17.5,-18.5,147.5801768940827
56720,17.5,-18.0,147.55469728230833
56721,17.5,-17.5,148.76360903317206
56722,17.5,-17.0,152.66086823168817
56723,17.5,-16.5,155.52632184914674
56724,17.5,-16.0,149.54412726467783
56725,17.5,-15.5,149.03351320881262
56726,17.5,-15.0,148.81337964379628
56727,17.5,-14.5,152.21307004947244
56728,17.5,-14.0,153.83521567574172
56729,17.5,-13.5,150.94007703868968
56730,17.5,-13.0,149.95001236958615
56731,17.5,-12.5,150.08956349974767
56732,17.5,-12.0,143.96171877302612
56733,17.5,-11.5,146.54491407179017
56734,17.5,-11.0,150.1269800819318
56735,17.5,-10.5,152.45681338247095
56736,17.5,-10.0,152.8541302441225
56737,17.5,-9.5,157.7902342119024
56738,17.5,-9.0,153.54414469515075
56739,17.5,-8.5,149.53756249940733
56740,17.5,-8.0,149.61497305899348
56741,17.5,-7.5,146.9612442985374
56742,17.5,-7.0,152.60905120809815
56743,17.5,-6.5,145.054584607115
56744,17.5,-5.5,145.60543297951756
56745,17.5,-5.0,147.7150738685579
56746,17.5,-4.5,149.08361000872023
56747,17.5,-4.0,151.2383178929965
56748,17.5,-3.5,154.98874508357682
56749,17.5,-2.5,153.9126353014252
56750,17.5,-2.0,147.85584479011507
56751,17.5,-1.5,146.3156026118467
56752,17.5,-1.0,145.31070460842813
56753,17.5,-0.5,153.93694571604735
56754,17.5,0.0,150.34411464931955
56755,17.5,0.5,148.9126502013644
56756,17.5,1.0,151.24872492185452
56757,17.5,1.5,149.14442386628417
56758,17.5,2.0,147.74024075506034
56759,17.5,2.5,150.40986039624536
56760,17.5,3.0,153.5718807042647
56761,17.5,3.5,146.21364876031328
56762,17.5,5.0,148.39013961467154
56763,17.5,5.5,148.87790613668483
56764,17.5,6.0,149.82055707398405
56765,17.5,6.5,150.56111847027714
56766,17.5,7.0,150.2528581657321
56767,17.5,7.5,156.54868951533774
56768,17.5,8.0,155.25556630748142
56769,17.5,8.5,168.17468664477155
56770,17.5,9.0,156.62813962494712
56771,17.5,9.5,155.55588241840456
56772,17.5,10.0,158.29997413902203
56773,17.5,10.5,161.59809837137126
56774,17.5,11.0,157.08262699713399
56775,17.5,11.5,156.25264033460937
56776,17.5,12.0,157.0407038538351
56777,17.5,12.5,158.13426510027762
56778,17.5,13.0,159.15775625469627
56779,17.5,13.5,151.8434128464837
56780,17.5,14.0,151.5068494131435
56781,17.5,14.5,150.98139105354093
56782,17.5,15.0,151.99074896988293
56783,17.5,15.5,152.32982285001708
56784,17.5,16.0,152.82884612383248
56785,17.5,16.5,155.14926914059183
56786,17.5,17.0,155.8304236842752
56787,17.5,17.5,158.5133287983047
56788,17.5,18.0,158.284529542279
56789,17.5,18.5,156.00313400031663
56790,17.5,19.0,157.75129199194097
56791,17.5,19.5,157.87396285078927
56792,17.5,20.0,148.17394449241056
56793,17.5,20.5,151.233260378107
56794,17.5,21.0,145.05325734040707
56795,17.5,21.5,148.32955802478557
56796,17.5,22.0,148.37606955816022
56797,17.5,22.5,152.51586124808586
56798,17.5,23.0,156.82031237647817
56799,17.5,23.5,154.97055335227182
56800,17.5,24.0,157.21354523805726
56801,17.5,24.5,161.07097776274327
56802,17.5,25.0,154.53507175890718
56803,17.5,25.5,149.0736720823895
56804,17.5,26.0,149.15772785914635
56805,17.5,26.5,150.32823308150543
56806,17.5,27.0,149.19781324084724
56807,17.5,27.5,150.68161278034924
56808,17.5,28.0,149.76054727339414
56809,17.5,28.5,147.50853421326016
56810,17.5,29.0,146.63785048349544
56811,17.5,29.5,148.2383003070047
56812,17.5,30.0,148.64611929761304
56813,17.5,31.0,157.36989165115867
56814,17.5,31.5,153.86373578157594
56815,17.5,32.0,153.87151391497804
56816,17.5,32.5,156.67980999990527
56817,17.5,33.0,148.64325067957358
56818,17.5,33.5,156.21164063012029
56819,17.5,34.0,151.5844769143862
56820,17.5,34.5,158.08495882073169
56821,17.5,35.0,147.2587146144766
56822,17.5,35.5,148.3795114080108
56823,17.5,36.0,148.73673381487853
56824,17.5,36.5,150.39858485995052
56825,17.5,37.0,149.90308806202324
56826,17.5,38.5,176.07740752674522
56827,17.5,39.0,177.445943229707
56828,18.0,-37.0,152.45368422040104
56829,18.0,-36.5,152.3780966820608
56830,18.0,-36.0,149.72686822752448
56831,18.0,-35.5,148.0550110413176
56832,18.0,-35.0,148.49175192718891
56833,18.0,-34.5,149.02458793724148
56834,18.0,-34.0,148.89687097738843
56835,18.0,-33.5,160.97903102324386
56836,18.0,-33.0,156.3045081983602
56837,18.0,-32.5,155.30239033441705
56838,18.0,-32.0,155.38548051726605
56839,18.0,-31.5,152.070459059749
56840,18.0,-31.0,152.1887093748897
56841,18.0,-30.5,155.85268892339562
56842,18.0,-30.0,148.2991813322772
56843,18.0,-29.5,149.2854826816931
56844,18.0,-29.0,149.3701769633642
56845,18.0,-28.5,153.83835234166426
56846,18.0,-28.0,153.54390706532996
56847,18.0,-27.5,152.85438100878096
56848,18.0,-27.0,152.34913576138072
56849,18.0,-26.5,151.27671875331689
56850,18.0,-26.0,153.4259199078016
56851,18.0,-25.5,154.60860332073855
56852,18.0,-25.0,152.80320610893696
56853,18.0,-24.5,151.68692534275127
56854,18.0,-24.0,154.65504298379574
56855,18.0,-23.5,156.42910781648598
56856,18.0,-23.0,152.27916066138957
56857,18.0,-22.5,155.11545409014738
56858,18.0,-22.0,154.8249545327908
56859,18.0,-21.5,154.8488291958998
56860,18.0,-21.0,152.78490973621757
56861,18.0,-20.5,149.85262733984453
56862,18.0,-20.0,149.97055602220942
56863,18.0,-19.5,151.18223553156557
56864,18.0,-19.0,150.8269039249653
56865,18.0,-18.0,147.76373194853684
56866,18.0,-17.5,147.37687814615202
56867,18.0,-17.0,150.40281033905725
56868,18.0,-16.5,153.2157012939455
56869,18.0,-16.0,145.67797252650328
56870,18.0,-15.5,146.88443581645384
56871,18.0,-15.0,150.3862952355461
56872,18.0,-14.0,153.30784367514025
56873,18.0,-13.5,149.0164433749975
56874,18.0,-13.0,145.9616049858143
56875,18.0,-12.5,152.40756037947088
56876,18.0,-12.0,152.34773131115222
56877,18.0,-11.5,147.06025803322134
56878,18.0,-11.0,146.52060289981867
56879,18.0,-10.5,150.08921592905585
56880,18.0,-10.0,151.47063501684755
56881,18.0,-9.5,155.3544039321536
56882,18.0,-9.0,149.35823271383424
56883,18.0,-8.5,147.4353091630873
56884,18.0,-8.0,145.280043520986
56885,18.0,-7.5,152.9016061570721
56886,18.0,-7.0,147.4608100672826
56887,18.0,-6.0,148.0774974979316
56888,18.0,-5.5,148.6845164708584
56889,18.0,-5.0,150.73693489134092
56890,18.0,-4.5,151.07058632871778
56891,18.0,-4.0,151.98848467213327
56892,18.0,-3.5,149.95133271873627
56893,18.0,-3.0,150.7253863838401
56894,18.0,-2.5,149.86575352721206
56895,18.0,-2.0,152.98402820935792
56896,18.0,-1.5,149.38652362250647
56897,18.0,-1.0,149.58917359170727
56898,18.0,-0.5,153.31965152665109
56899,18.0,0.0,155.23554961814625
56900,18.0,0.5,152.3536271448244
56901,18.0,1.0,150.66943813184784
56902,18.0,1.5,149.4705094757161
56903,18.0,2.0,150.076777137392
56904,18.0,2.5,149.9422081046551
56905,18.0,3.0,149.3595219210209
56906,18.0,3.5,156.48579100113602
56907,18.0,4.0,144.64191507355997
56908,18.0,4.5,151.32632016357937
56909,18.0,5.0,149.5878458599159
56910,18.0,5.5,149.59208230690274
56911,18.0,6.0,149.92865522498616
56912,18.0,6.5,146.87268353143918
56913,18.0,7.0,153.11653189344193
56914,18.0,7.5,153.58836514805344
56915,18.0,8.0,154.0451236154778
56916,18.0,8.5,158.10102080557922
56917,18.0,9.0,162.66465253056734
56918,18.0,9.5,159.4571419424583
56919,18.0,10.0,159.9882837348244
56920,18.0,10.5,159.79523604923764
56921,18.0,11.0,155.80268770459293
56922,18.0,11.5,156.01433025737376
56923,18.0,12.0,158.27975450793772
56924,18.0,12.5,155.5333126806412
56925,18.0,13.0,155.38007646714001
56926,18.0,13.5,154.181184578415
56927,18.0,14.0,153.81041338320327
56928,18.0,14.5,151.25389579996062
56929,18.0,15.0,151.8483017607985
56930,18.0,15.5,153.69070507011313
56931,18.0,16.0,154.05470549877663
56932,18.0,17.0,163.00363175323824
56933,18.0,17.5,156.36600079339584
56934,18.0,18.0,155.3754014620503
56935,18.0,18.5,153.9011554145022
56936,18.0,19.0,162.9734113114502
56937,18.0,19.5,153.25321373480242
56938,18.0,20.0,149.92075940656076
56939,18.0,20.5,150.40135506869768
56940,18.0,21.0,148.5816665729411
56941,18.0,21.5,147.5428449288526
56942,18.0,22.0,148.11397160656475
56943,18.0,22.5,151.5666884677437
56944,18.0,23.0,157.23353794154647
56945,18.0,23.5,154.2431611112945
56946,18.0,24.0,152.04247705438792
56947,18.0,24.5,160.308281362353
56948,18.0,25.0,154.13223772432826
56949,18.0,25.5,151.74466824947535
56950,18.0,26.0,146.01504428229717
56951,18.0,26.5,150.01675072121972
56952,18.0,27.0,147.70561001877064
56953,18.0,27.5,150.0405138540791
56954,18.0,28.0,150.14928434038893
56955,18.0,28.5,148.3143771549614
56956,18.0,29.0,147.7147803026315
56957,18.0,29.5,150.10921833116376
56958,18.0,30.0,146.67008017303328
56959,18.0,30.5,157.9547053521861
56960,18.0,31.0,161.3236449763903
56961,18.0,31.5,153.95764923202765
56962,18.0,32.0,154.756111594856
56963,18.0,32.5,155.96260500508552
56964,18.0,33.0,162.06057972163032
56965,18.0,33.5,159.8010207500533
56966,18.0,34.0,151.27848532853577
56967,18.0,34.5,157.09508896593573
56968,18.0,35.0,147.56916700366966
56969,18.0,35.5,148.27007708451694
56970,18.0,36.0,150.86377735892842
56971,18.0,36.5,149.38399313569263
56972,18.0,37.0,150.7844338849814
56973,18.0,39.0,177.48276530387895
56974,18.5,-37.0,152.74404074560826
56975,18.5,-36.5,151.07216873969074
56976,18.5,-36.0,149.2844292348942
56977,18.5,-35.5,148.16911540121515
56978,18.5,-35.0,147.82893269661255
56979,18.5,-34.5,149.2372455723036
56980,18.5,-34.0,151.1184439681422
56981,18.5,-33.5,159.18253309597188
56982,18.5,-33.0,157.37103866091581
56983,18.5,-32.5,156.57054632592804
56984,18.5,-32.0,151.91738211241645
56985,18.5,-31.5,151.05879341160403
56986,18.5,-31.0,153.2607925093719
56987,18.5,-30.5,153.99382926529435
56988,18.5,-30.0,153.19084529691872
56989,18.5,-29.5,154.5603072896683
56990,18.5,-29.0,150.45740213381666
56991,18.5,-28.5,151.8655128971416
56992,18.5,-28.0,154.9345516176129
56993,18.5,-27.5,150.34477341867935
56994,18.5,-27.0,150.31437322224863
56995,18.5,-26.5,152.54894942626532
56996,18.5,-26.0,154.43571391295814
56997,18.5,-25.5,155.05397954537446
56998,18.5,-25.0,151.7678261296378
56999,18.5,-24.5,150.80550417037355
57000,18.5,-24.0,153.5575246545812
57001,18.5,-23.5,155.20510394607828
57002,18.5,-23.0,159.89802562897714
57003,18.5,-22.5,154.45105804247305
57004,18.5,-22.0,153.0853419283881
57005,18.5,-21.0,151.58125292748372
57006,18.5,-20.5,149.13069480424048
57007,18.5,-20.0,147.19999970505015
57008,18.5,-19.5,151.19714211974562
57009,18.5,-19.0,149.40548110622512
57010,18.5,-18.5,147.75553476052892
57011,18.5,-18.0,147.66798304858105
57012,18.5,-17.5,148.0971669189012
57013,18.5,-17.0,151.16061828574743
57014,18.5,-16.5,152.70550753513047
57015,18.5,-16.0,149.66268559712498
57016,18.5,-15.5,151.2531655294407
57017,18.5,-15.0,151.29907209705908
57018,18.5,-14.5,153.1770034085391
57019,18.5,-14.0,150.85260147600584
57020,18.5,-13.5,149.56650344218733
57021,18.5,-12.0,152.22121458787308
57022,18.5,-11.0,148.6861331986654
57023,18.5,-10.5,151.52108912362303
57024,18.5,-10.0,151.87353711027492
57025,18.5,-9.5,152.00621070664704
57026,18.5,-9.0,151.37905548029195
57027,18.5,-8.5,146.57931924689325
57028,18.5,-8.0,149.14840009504326
57029,18.5,-7.5,150.03275220104797
57030,18.5,-7.0,147.27404620228833
57031,18.5,-6.5,149.31053600071462
57032,18.5,-6.0,148.49733854458879
57033,18.5,-5.5,147.93182988994087
57034,18.5,-5.0,147.26769585668342
57035,18.5,-4.5,150.61044023966974
57036,18.5,-4.0,151.04166048173707
57037,18.5,-3.5,153.43199864252693
57038,18.5,-3.0,150.23384560711048
57039,18.5,-2.5,151.2768372843972
57040,18.5,-2.0,153.22259372734035
57041,18.5,-1.5,150.6427732134692
57042,18.5,-1.0,146.68838383458234
57043,18.5,-0.5,143.98691097035297
57044,18.5,0.0,154.56419099821161
57045,18.5,0.5,143.98143073453105
57046,18.5,1.0,150.15055317851602
57047,18.5,1.5,151.551094180867
57048,18.5,2.0,147.01391814188906
57049,18.5,2.5,147.5714791145764
57050,18.5,3.0,150.27792625387377
57051,18.5,3.5,156.27270760806834
57052,18.5,4.0,151.48714179906614
57053,18.5,4.5,149.5612015637782
57054,18.5,5.0,149.76122443977405
57055,18.5,5.5,149.13704179571468
57056,18.5,6.0,150.2733144575038
57057,18.5,6.5,152.66674515756233
57058,18.5,7.0,149.62057893485866
57059,18.5,7.5,155.25382959115126
57060,18.5,8.0,157.63737540704318
57061,18.5,8.5,155.0008457505399
57062,18.5,9.0,168.18334490862148
57063,18.5,9.5,160.4289816137369
57064,18.5,10.0,160.95568952643976
57065,18.5,11.0,155.6516248026671
57066,18.5,11.5,153.86916351840438
57067,18.5,12.0,154.18349330540718
57068,18.5,12.5,158.32299259396012
57069,18.5,13.0,155.6848858478605
57070,18.5,13.5,155.130296436695
57071,18.5,14.0,150.008263225285
57072,18.5,15.0,153.36995472873267
57073,18.5,15.5,158.65528611154204
57074,18.5,16.0,156.1927572484082
57075,18.5,17.5,155.6664711061046
57076,18.5,18.5,161.2158203612231
57077,18.5,19.0,159.00190388856223
57078,18.5,19.5,151.01099630969347
57079,18.5,20.0,149.0044561528804
57080,18.5,20.5,146.25408734609547
57081,18.5,21.0,150.78958892937376
57082,18.5,21.5,145.51761301229274
57083,18.5,22.0,148.474797307497
57084,18.5,22.5,150.7120605686724
57085,18.5,23.0,153.29776990139277
57086,18.5,23.5,155.91431297014154
57087,18.5,24.0,149.93390853376198
57088,18.5,24.5,156.34582508735866
57089,18.5,25.0,154.43673335793824
57090,18.5,25.5,155.5950772239051
57091,18.5,26.0,146.8881773573374
57092,18.5,26.5,151.68505289829247
57093,18.5,27.0,150.79554724679414
57094,18.5,27.5,148.04512101388076
57095,18.5,28.0,151.25690254388067
57096,18.5,28.5,149.5085803004133
57097,18.5,29.0,147.2992254376511
57098,18.5,29.5,149.73357209150055
57099,18.5,30.0,146.8670350036968
57100,18.5,30.5,155.02130962063742
57101,18.5,31.0,159.94580480313414
57102,18.5,31.5,153.6945558391114
57103,18.5,32.0,152.85301025501633
57104,18.5,32.5,158.0927833387986
57105,18.5,33.0,162.84790364699595
57106,18.5,33.5,161.39579955252225
57107,18.5,34.0,155.7716518805506
57108,18.5,34.5,157.3879323217165
57109,18.5,35.0,154.75280509547255
57110,18.5,35.5,148.26932821895662
57111,18.5,36.0,151.13702593158305
57112,18.5,36.5,150.79280425665038
57113,18.5,37.0,148.76502765354456
57114,18.5,38.0,170.47246578130114
57115,18.5,39.0,177.90210596923345
57116,19.0,-37.0,152.18025348877276
57117,19.0,-36.5,150.687278844888
57118,19.0,-36.0,148.85820397190156
57119,19.0,-35.5,147.95897858511228
57120,19.0,-35.0,148.23213723983065
57121,19.0,-34.5,149.60451936769883
57122,19.0,-34.0,148.65931527740295
57123,19.0,-33.5,153.49550826672905
57124,19.0,-33.0,159.3681515744166
57125,19.0,-32.5,154.30047257304858
57126,19.0,-32.0,149.0767642228619
57127,19.0,-31.5,154.43049715602606
57128,19.0,-31.0,152.4754332610034
57129,19.0,-30.5,156.16198992185903
57130,19.0,-30.0,155.48233241237915
57131,19.0,-29.5,154.7732846931261
57132,19.0,-29.0,151.0155441886882
57133,19.0,-28.5,156.06123197742752
57134,19.0,-28.0,154.0789319616338
57135,19.0,-27.5,150.0843790260462
57136,19.0,-27.0,147.7565508449993
57137,19.0,-26.5,154.98803215018734
57138,19.0,-26.0,155.7142695619205
57139,19.0,-25.5,152.22317777693002
57140,19.0,-25.0,148.45350235921575
57141,19.0,-24.5,151.23867708560743
57142,19.0,-24.0,153.76044425282979
57143,19.0,-23.5,152.39361591598728
57144,19.0,-23.0,153.7308042509721
57145,19.0,-22.5,152.7351839368815
57146,19.0,-22.0,152.0888844879689
57147,19.0,-21.5,151.30225922702076
57148,19.0,-21.0,151.3142581585353
57149,19.0,-20.5,149.564290201418
57150,19.0,-20.0,148.05896059677397
57151,19.0,-19.5,148.5645113643525
57152,19.0,-19.0,148.75155694651477
57153,19.0,-18.5,149.57946005013656
57154,19.0,-17.5,148.54421908329277
57155,19.0,-17.0,149.53895067571216
57156,19.0,-16.5,149.20657411854904
57157,19.0,-16.0,150.8329585823288
57158,19.0,-15.5,152.72347385290945
57159,19.0,-15.0,153.15381443232616
57160,19.0,-14.5,150.72909598327345
57161,19.0,-14.0,149.60841985249206
57162,19.0,-13.5,148.70072711877384
57163,19.0,-13.0,150.63972135731433
57164,19.0,-12.0,152.48158563130093
57165,19.0,-11.5,152.13697296778454
57166,19.0,-11.0,151.86629323662376
57167,19.0,-10.5,149.78887162302277
57168,19.0,-10.0,150.6448008599379
57169,19.0,-9.5,148.94130171801808
57170,19.0,-9.0,148.85091553131474
57171,19.0,-8.5,151.25474208526433
57172,19.0,-8.0,152.04519539460952
57173,19.0,-7.5,150.25208772457077
57174,19.0,-6.5,150.23744972268497
57175,19.0,-5.5,147.3428080958829
57176,19.0,-5.0,148.5612864821201
57177,19.0,-4.5,150.37926957759456
57178,19.0,-4.0,149.87230695434772
57179,19.0,-3.5,150.54476565298683
57180,19.0,-3.0,145.3332291698005
57181,19.0,-2.5,148.4719837386248
57182,19.0,-1.5,147.49468384177422
57183,19.0,-1.0,145.44627533830754
57184,19.0,-0.5,146.68553027792288
57185,19.0,0.5,144.78701129323917
57186,19.0,1.0,150.27812755294784
57187,19.0,1.5,151.37031630834136
57188,19.0,2.0,150.52399003286868
57189,19.0,2.5,147.0953645102611
57190,19.0,3.0,147.57765557977143
57191,19.0,3.5,151.8138518735174
57192,19.0,4.0,154.34590178983163
57193,19.0,4.5,149.4670571799275
57194,19.0,5.0,150.90027179875787
57195,19.0,5.5,149.2385167849425
57196,19.0,6.0,152.17938634763834
57197,19.0,6.5,151.72381021718715
57198,19.0,7.0,151.89201823292308
57199,19.0,7.5,149.6645310395438
57200,19.0,8.0,154.87462384516567
57201,19.0,8.5,155.82124471947103
57202,19.0,9.0,159.34991683018887
57203,19.0,9.5,163.96848181264775
57204,19.0,10.0,164.7717785804375
57205,19.0,10.5,156.33596219073615
57206,19.0,11.0,157.08721330136663
57207,19.0,11.5,155.27393564565412
57208,19.0,12.0,155.9722448316799
57209,19.0,12.5,156.9565038609401
57210,19.0,13.0,156.54899380476706
57211,19.0,13.5,155.65554592596516
57212,19.0,14.0,153.19354180105734
57213,19.0,14.5,150.96174695112217
57214,19.0,15.0,152.6253708206797
57215,19.0,15.5,157.65064079651071
57216,19.0,16.0,161.96156397467638
57217,19.0,16.5,153.3605040274077
57218,19.0,17.5,154.66733091806958
57219,19.0,18.0,158.81687686015894
57220,19.0,18.5,162.14395838051453
57221,19.0,19.0,149.91672439013246
57222,19.0,19.5,149.8546929403226
57223,19.0,20.0,150.00525180292775
57224,19.0,20.5,146.18651120264633
57225,19.0,21.0,149.54266589029544
57226,19.0,21.5,150.0266287959935
57227,19.0,22.0,145.510760540636
57228,19.0,22.5,148.04191441196838
57229,19.0,23.0,149.2917034986413
57230,19.0,23.5,156.06959742055508
57231,19.0,24.0,160.32758858820696
57232,19.0,24.5,151.8747446768676
57233,19.0,25.0,154.65754852441248
57234,19.0,25.5,158.52883433887683
57235,19.0,26.0,153.4977552024402
57236,19.0,26.5,149.41122193195866
57237,19.0,27.0,152.68483789670051
57238,19.0,27.5,150.80391194286457
57239,19.0,28.0,153.79231480193542
57240,19.0,28.5,151.20502172508722
57241,19.0,29.0,151.22743215279036
57242,19.0,29.5,148.92395248356934
57243,19.0,30.0,150.37582200305587
57244,19.0,30.5,164.0377376357354
57245,19.0,31.0,159.51168104634687
57246,19.0,31.5,153.85548104155546
57247,19.0,32.0,151.14924094857037
57248,19.0,32.5,156.42055679126494
57249,19.0,33.0,166.775829646164
57250,19.0,33.5,160.2861941116901
57251,19.0,34.0,157.6967953312719
57252,19.0,34.5,151.7423896414642
57253,19.0,35.0,172.5433719991964
57254,19.0,35.5,148.55921155780868
57255,19.0,36.0,151.88798766455452
57256,19.0,36.5,150.81219163220297
57257,19.0,37.0,148.6342168985558
57258,19.0,38.0,170.24906595485277
57259,19.0,39.0,177.62373380780545
57260,19.0,40.0,181.00202226163975
57261,19.5,-37.0,151.5616283809222
57262,19.5,-36.5,150.39480396646996
57263,19.5,-36.0,148.72006139763803
57264,19.5,-35.5,148.03927598508625
57265,19.5,-35.0,148.41837139014171
57266,19.5,-34.5,148.3445138714603
57267,19.5,-34.0,147.51504113214642
57268,19.5,-33.5,150.94983534181105
57269,19.5,-33.0,156.91511841961506
57270,19.5,-32.5,155.5237665278608
57271,19.5,-32.0,150.27175548330584
57272,19.5,-31.5,155.56608554631927
57273,19.5,-31.0,155.6006421161602
57274,19.5,-30.5,153.377084109558
57275,19.5,-30.0,155.18088270468803
57276,19.5,-29.5,156.4870689612087
57277,19.5,-29.0,153.0339089309032
57278,19.5,-28.5,153.9242208749906
57279,19.5,-28.0,153.49908460013796
57280,19.5,-27.5,152.78106635404495
57281,19.5,-27.0,151.16212924705874
57282,19.5,-26.5,152.68551837844385
57283,19.5,-26.0,151.52780257301646
57284,19.5,-25.5,147.56182846735118
57285,19.5,-25.0,150.39258702572948
57286,19.5,-24.5,148.4330703931579
57287,19.5,-24.0,154.7331067664323
57288,19.5,-23.5,150.99811733672104
57289,19.5,-23.0,152.06508658755786
57290,19.5,-22.5,151.58189720697007
57291,19.5,-22.0,150.61849307776066
57292,19.5,-21.5,151.21755338378136
57293,19.5,-21.0,149.76078240961732
57294,19.5,-20.5,150.0582822289191
57295,19.5,-20.0,148.58593349957826
57296,19.5,-19.5,147.92028050272086
57297,19.5,-19.0,150.7942404866837
57298,19.5,-18.5,150.55585467206905
57299,19.5,-17.0,148.96228208556454
57300,19.5,-16.5,148.92174098748427
57301,19.5,-16.0,151.5750842280585
57302,19.5,-15.5,151.874840036734
57303,19.5,-15.0,153.44109589479203
57304,19.5,-14.5,150.07928736403025
57305,19.5,-14.0,149.43363560989286
57306,19.5,-13.0,150.09441014831685
57307,19.5,-12.5,151.88628425080648
57308,19.5,-12.0,152.767197962964
57309,19.5,-11.5,152.39433922945145
57310,19.5,-11.0,153.53638376276874
57311,19.5,-10.5,153.00292758311014
57312,19.5,-10.0,151.47430240661964
57313,19.5,-9.5,152.53780769280513
57314,19.5,-9.0,151.01897081682964
57315,19.5,-8.5,154.0975459723143
57316,19.5,-8.0,150.01333919986635
57317,19.5,-7.5,151.03296411311564
57318,19.5,-7.0,149.4648504991061
57319,19.5,-6.5,150.9296974489665
57320,19.5,-6.0,148.9126693130877
57321,19.5,-5.5,150.03247249897322
57322,19.5,-5.0,148.46446626461932
57323,19.5,-4.0,148.2321897984269
57324,19.5,-3.5,146.5466563460518
57325,19.5,-3.0,145.84857032935523
57326,19.5,-2.5,149.25307511107468
57327,19.5,-2.0,147.2269937135057
57328,19.5,-1.5,145.92992914804756
57329,19.5,-0.5,150.11426273161993
57330,19.5,0.0,145.54591080889438
57331,19.5,0.5,147.2159874191042
57332,19.5,1.0,147.39185762645653
57333,19.5,1.5,150.52588626144376
57334,19.5,2.0,151.09373576688716
57335,19.5,2.5,151.76871412583995
57336,19.5,3.0,147.2771747848721
57337,19.5,3.5,149.28571100745495
57338,19.5,4.0,151.03254560497237
57339,19.5,4.5,154.5663021356777
57340,19.5,5.0,146.9320585272195
57341,19.5,6.0,151.80681451783857
57342,19.5,6.5,151.65359900321167
57343,19.5,7.0,150.887840127727
57344,19.5,7.5,152.5315816877413
57345,19.5,8.0,152.00505334068603
57346,19.5,8.5,154.38299716016297
57347,19.5,9.0,160.48715064455007
57348,19.5,9.5,161.58639603471354
57349,19.5,10.0,167.30446134719946
57350,19.5,10.5,159.1228055318067
57351,19.5,11.0,163.93505675558544
57352,19.5,11.5,162.00296612476137
57353,19.5,12.0,161.9304498970174
57354,19.5,12.5,157.44562915798963
57355,19.5,13.0,158.51881024749594
57356,19.5,13.5,158.158407711631
57357,19.5,14.0,155.26612934463873
57358,19.5,14.5,151.72446161675262
57359,19.5,15.0,157.4540527179761
57360,19.5,15.5,158.65278571614888
57361,19.5,16.0,153.4714529753168
57362,19.5,16.5,152.05914969832665
57363,19.5,17.5,155.7803783738019
57364,19.5,18.0,160.21674749832263
57365,19.5,18.5,151.8121371654965
57366,19.5,19.0,152.27877840797365
57367,19.5,19.5,154.0822358366825
57368,19.5,20.0,150.07154303277278
57369,19.5,20.5,151.2133675588017
57370,19.5,21.0,149.3354858416251
57371,19.5,21.5,151.02920332534475
57372,19.5,22.0,151.31339778254232
57373,19.5,22.5,149.60726571191657
57374,19.5,23.0,149.6740735574071
57375,19.5,23.5,153.52522683286514
57376,19.5,24.0,156.7004886758248
57377,19.5,24.5,156.12779786784048
57378,19.5,25.0,155.0609965839168
57379,19.5,25.5,157.2048650088822
57380,19.5,26.0,157.3316594211619
57381,19.5,26.5,150.7028251089939
57382,19.5,27.0,149.07172561422695
57383,19.5,27.5,150.76142960510518
57384,19.5,28.0,155.21051746173637
57385,19.5,28.5,151.40538321766627
57386,19.5,29.0,153.10685588054298
57387,19.5,29.5,151.83469835554862
57388,19.5,30.0,154.20226407407108
57389,19.5,30.5,164.6107488907762
57390,19.5,31.0,152.3990114419212
57391,19.5,31.5,155.03123184594725
57392,19.5,32.0,151.6615514613387
57393,19.5,32.5,152.85249917145356
57394,19.5,33.0,165.99236192801658
57395,19.5,33.5,158.00943777419786
57396,19.5,34.0,156.954807592261
57397,19.5,34.5,150.8651521077038
57398,19.5,35.0,173.27426094757521
57399,19.5,35.5,148.75750551360917
57400,19.5,36.0,152.46929299898179
57401,19.5,36.5,150.20247811921806
57402,19.5,37.0,149.20464778297458
57403,19.5,38.0,170.15227383501514
57404,19.5,39.0,177.33155291358193
57405,19.5,40.0,180.8965341539599
57406,19.5,40.5,180.9041722208618
57407,20.0,-37.0,151.24752685174167
57408,20.0,-36.5,150.17739522803106
57409,20.0,-36.0,148.54076111564342
57410,20.0,-35.5,147.60689137371563
57411,20.0,-35.0,148.94810889126973
57412,20.0,-34.5,149.89140064246678
57413,20.0,-34.0,147.92703734342845
57414,20.0,-33.5,146.79726651349017
57415,20.0,-33.0,154.7140455484179
57416,20.0,-32.5,156.56184230182205
57417,20.0,-32.0,148.0808677179156
57418,20.0,-31.5,155.01631303071767
57419,20.0,-31.0,155.4833638671063
57420,20.0,-30.5,156.03663352441606
57421,20.0,-30.0,154.04498189082562
57422,20.0,-29.5,157.02448845017662
57423,20.0,-29.0,155.49720495002188
57424,20.0,-28.5,154.31705836639398
57425,20.0,-28.0,153.90927292191478
57426,20.0,-27.5,151.93386344074614
57427,20.0,-27.0,153.3204333989809
57428,20.0,-26.5,149.37206755109733
57429,20.0,-26.0,147.13344726095258
57430,20.0,-25.5,146.33863730390382
57431,20.0,-25.0,150.44336523428157
57432,20.0,-24.5,153.9239952921298
57433,20.0,-24.0,152.8029342014933
57434,20.0,-23.5,150.6600942689202
57435,20.0,-23.0,151.34284326618888
57436,20.0,-22.5,150.82609855760174
57437,20.0,-22.0,151.8223625160133
57438,20.0,-21.5,150.3485611797919
57439,20.0,-21.0,148.71144122780998
57440,20.0,-20.5,149.46926029424836
57441,20.0,-20.0,150.59163632272393
57442,20.0,-19.5,148.21457243826958
57443,20.0,-19.0,151.6747795848784
57444,20.0,-18.5,150.99341582546737
57445,20.0,-18.0,148.50566556819555
57446,20.0,-17.0,149.58090484872793
57447,20.0,-16.5,150.6485558666603
57448,20.0,-16.0,153.81460668191522
57449,20.0,-15.5,150.14755524839305
57450,20.0,-15.0,152.24761857223314
57451,20.0,-14.5,149.53545562463967
57452,20.0,-14.0,149.98799196420762
57453,20.0,-13.5,151.91107420425004
57454,20.0,-12.5,150.67186101499072
57455,20.0,-12.0,153.19895649021564
57456,20.0,-11.5,153.18260295467144
57457,20.0,-11.0,153.68999242181195
57458,20.0,-10.5,153.53859486792868
57459,20.0,-10.0,153.11507048030674
57460,20.0,-9.5,151.653458100563
57461,20.0,-9.0,153.28600644848913
57462,20.0,-8.5,150.92017855735133
57463,20.0,-8.0,151.48534872078346
57464,20.0,-7.5,147.80547325979433
57465,20.0,-7.0,147.2352471259135
57466,20.0,-6.5,146.50886842838844
57467,20.0,-6.0,148.42374817932932
57468,20.0,-5.5,148.56777230202022
57469,20.0,-4.0,145.34527045556678
57470,20.0,-3.5,147.55807454068307
57471,20.0,-3.0,145.76126518943303
57472,20.0,-2.5,147.4850160612993
57473,20.0,-2.0,146.45559448202079
57474,20.0,-1.5,146.11256679107112
57475,20.0,-0.5,145.43487822854843
57476,20.0,0.0,146.30681453915162
57477,20.0,0.5,146.5895799175067
57478,20.0,1.0,149.3563013214479
57479,20.0,1.5,147.88276462689586
57480,20.0,2.0,145.9167388536407
57481,20.0,2.5,149.93166339824103
57482,20.0,3.0,148.61240705891512
57483,20.0,3.5,147.56561146097687
57484,20.0,4.0,152.03107961997057
57485,20.0,4.5,149.83538633264152
57486,20.0,5.0,157.23661234941994
57487,20.0,5.5,149.2349427507335
57488,20.0,6.0,150.55435255675542
57489,20.0,6.5,150.9188775233626
57490,20.0,7.0,151.40571988407498
57491,20.0,7.5,156.05596229788512
57492,20.0,8.0,151.3739358586805
57493,20.0,8.5,154.50155050677625
57494,20.0,9.0,157.6246672383266
57495,20.0,10.0,165.43298728553384
57496,20.0,10.5,166.9699259196352
57497,20.0,11.0,161.37402190955333
57498,20.0,11.5,164.89748761169412
57499,20.0,12.0,156.28895516394653
57500,20.0,12.5,157.5154641687666
57501,20.0,13.0,156.96688644929944
57502,20.0,13.5,158.17944024684743
57503,20.0,14.0,154.133464258724
57504,20.0,14.5,155.07321190013462
57505,20.0,15.0,157.09931084301633
57506,20.0,15.5,159.04844154099493
57507,20.0,16.0,153.8293176082665
57508,20.0,16.5,152.5511649507872
57509,20.0,17.0,151.39496619012365
57510,20.0,17.5,155.38894407136004
57511,20.0,18.0,155.28626509913377
57512,20.0,18.5,153.88221112673793
57513,20.0,19.0,152.76991340088938
57514,20.0,19.5,151.82661593397435
57515,20.0,20.0,150.25392049887034
57516,20.0,20.5,152.96393614492354
57517,20.0,21.0,152.98894672784144
57518,20.0,21.5,154.30522995523546
57519,20.0,22.0,153.47217485797654
57520,20.0,22.5,154.05044145905774
57521,20.0,23.0,152.52718476478657
57522,20.0,23.5,156.21534232142506
57523,20.0,24.0,154.0933577535054
57524,20.0,24.5,154.30429763612503
57525,20.0,25.0,156.7661095545367
57526,20.0,25.5,154.38449198526465
57527,20.0,26.0,157.70096619536866
57528,20.0,26.5,150.10974292273707
57529,20.0,27.0,148.90926504254986
57530,20.0,27.5,151.5726289637837
57531,20.0,28.0,147.29834196397374
57532,20.0,28.5,153.74760524647746
57533,20.0,29.0,152.40315267992167
57534,20.0,29.5,152.69524757108928
57535,20.0,30.0,154.20703887946712
57536,20.0,30.5,159.21000012636216
57537,20.0,31.0,152.7281174598038
57538,20.0,31.5,156.73418025500035
57539,20.0,32.0,154.08194663700993
57540,20.0,32.5,153.11663946935312
57541,20.0,33.0,160.41132981240568
57542,20.0,33.5,156.25622411879152
57543,20.0,34.0,154.90040599712398
57544,20.0,34.5,150.3238087409601
57545,20.0,35.0,173.73435912713126
57546,20.0,35.5,154.73111839514127
57547,20.0,36.0,150.91254192364747
57548,20.0,36.5,148.22006168426248
57549,20.0,37.0,145.33049476200148
57550,20.0,38.0,169.94293567008137
57551,20.0,39.0,177.1246152065298
57552,20.0,40.5,181.07349981498868
57553,20.5,-37.0,150.95676919755573
57554,20.5,-36.5,149.67888944608382
57555,20.5,-36.0,148.49938757316724
57556,20.5,-35.5,147.45401299617666
57557,20.5,-35.0,149.9994994775159
57558,20.5,-34.5,149.02849571010168
57559,20.5,-34.0,147.66108990974772
57560,20.5,-33.5,146.48616313656015
57561,20.5,-33.0,155.1144573662962
57562,20.5,-32.5,152.7897927654421
57563,20.5,-32.0,147.37201716905722
57564,20.5,-31.5,155.06082989964074
57565,20.5,-31.0,156.9243090695056
57566,20.5,-30.5,155.7719333608518
57567,20.5,-30.0,155.8293832890184
57568,20.5,-29.5,155.76285803925785
57569,20.5,-29.0,155.94605778471006
57570,20.5,-28.5,154.22570264646785
57571,20.5,-28.0,154.63489532462464
57572,20.5,-27.5,148.46824251247094
57573,20.5,-27.0,152.47764391499067
57574,20.5,-26.5,150.4264955742283
57575,20.5,-26.0,146.29395529393906
57576,20.5,-25.5,148.30628699407086
57577,20.5,-25.0,148.9391653374491
57578,20.5,-24.5,154.2335824692541
57579,20.5,-24.0,153.8724247876452
57580,20.5,-23.5,150.82069097482875
57581,20.5,-23.0,151.53577531804473
57582,20.5,-22.5,150.83014333365037
57583,20.5,-22.0,150.92261379747728
57584,20.5,-21.5,149.70429976808623
57585,20.5,-21.0,149.52035724976508
57586,20.5,-20.5,155.05206449933885
57587,20.5,-20.0,152.83345382155585
57588,20.5,-19.5,150.3334149500464
57589,20.5,-19.0,147.60004947983822
57590,20.5,-18.5,150.96639421524935
57591,20.5,-18.0,150.0966902732862
57592,20.5,-17.5,148.34951908912998
57593,20.5,-17.0,150.6182182338552
57594,20.5,-16.5,149.7967951336625
57595,20.5,-15.5,150.4357003557818
57596,20.5,-15.0,149.56237823991742
57597,20.5,-14.5,151.9073730162893
57598,20.5,-14.0,150.06846442214862
57599,20.5,-13.5,152.33887074478184
57600,20.5,-12.5,149.63074485014235
57601,20.5,-12.0,151.7371864195417
57602,20.5,-11.5,154.71177367815724
57603,20.5,-11.0,152.45102485353897
57604,20.5,-10.5,152.79310319170116
57605,20.5,-10.0,152.6120014616009
57606,20.5,-9.5,151.28265899023594
57607,20.5,-9.0,152.26531400532963
57608,20.5,-8.5,149.43926614779863
57609,20.5,-8.0,152.0002332206377
57610,20.5,-7.5,147.80385728668068
57611,20.5,-7.0,147.598407287644
57612,20.5,-6.5,145.84778599600523
57613,20.5,-6.0,147.43226559198678
57614,20.5,-4.5,154.85841443056145
57615,20.5,-4.0,146.1065652914653
57616,20.5,-3.5,147.2973992819982
57617,20.5,-3.0,143.9284929269584
57618,20.5,-2.5,146.67035897428354
57619,20.5,-2.0,142.9074064450039
57620,20.5,-1.5,145.5753664452937
57621,20.5,-1.0,147.44515319414143
57622,20.5,-0.5,144.12525796583662
57623,20.5,0.0,146.38709629667053
57624,20.5,0.5,146.19951540358602
57625,20.5,1.0,147.82416085066168
57626,20.5,1.5,150.03650989070812
57627,20.5,2.5,146.53915479685907
57628,20.5,3.0,149.94105817697783
57629,20.5,3.5,148.37872991457448
57630,20.5,4.0,150.85029052578793
57631,20.5,4.5,151.5317937790454
57632,20.5,5.0,155.86289411185936
57633,20.5,5.5,151.6439026066669
57634,20.5,6.0,149.99308942001463
57635,20.5,6.5,151.4224191886363
57636,20.5,7.0,151.68769935817463
57637,20.5,7.5,153.15675751784974
57638,20.5,8.0,157.40585151845013
57639,20.5,8.5,151.8196692854045
57640,20.5,9.0,151.18811415360994
57641,20.5,9.5,159.62519428245525
57642,20.5,10.0,159.91033709737152
57643,20.5,10.5,167.445485890053
57644,20.5,11.0,164.40085809866054
57645,20.5,11.5,157.93872265938862
57646,20.5,12.0,157.45274566274875
57647,20.5,12.5,156.93009772841378
57648,20.5,13.0,158.20475702507775
57649,20.5,13.5,157.5908037550441
57650,20.5,14.0,155.95652506597992
57651,20.5,14.5,155.99507838929708
57652,20.5,15.0,160.19088997994695
57653,20.5,15.5,155.63191844496814
57654,20.5,16.0,156.18102722014305
57655,20.5,16.5,153.8194753915292
57656,20.5,17.0,154.4234520090187
57657,20.5,17.5,155.43425775620247
57658,20.5,18.0,153.75061943389122
57659,20.5,18.5,158.12451610549775
57660,20.5,19.0,160.55516112177327
57661,20.5,19.5,153.40590009913691
57662,20.5,20.0,156.53303251331698
57663,20.5,20.5,156.32860464850432
57664,20.5,21.0,155.8035705568043
57665,20.5,21.5,157.60339502293468
57666,20.5,22.0,153.21907781524092
57667,20.5,22.5,151.37108180892122
57668,20.5,23.0,156.92759508929262
57669,20.5,23.5,155.45826304396624
57670,20.5,24.0,152.0799059407091
57671,20.5,24.5,158.7975655362562
57672,20.5,25.0,160.07441908543663
57673,20.5,25.5,149.8750059153782
57674,20.5,26.0,154.8040712676667
57675,20.5,26.5,157.0507322732697
57676,20.5,27.0,148.94616829419866
57677,20.5,27.5,148.9946582532568
57678,20.5,28.0,147.47328822920122
57679,20.5,28.5,157.416111338076
57680,20.5,29.0,153.19623512679783
57681,20.5,29.5,154.13106675239393
57682,20.5,30.0,155.83396401850112
57683,20.5,30.5,155.36041341705877
57684,20.5,31.0,156.90889118848483
57685,20.5,31.5,159.1531092951018
57686,20.5,32.0,154.39306253925864
57687,20.5,32.5,154.16331639013552
57688,20.5,33.0,155.62221929266892
57689,20.5,33.5,157.2677954169373
57690,20.5,34.0,155.09455429910852
57691,20.5,34.5,149.22100343870966
57692,20.5,35.0,169.11771904782196
57693,20.5,35.5,154.85922384356232
57694,20.5,36.0,150.29193484474104
57695,20.5,36.5,149.17060579341023
57696,20.5,37.0,145.797649568586
57697,20.5,38.0,169.980704549235
57698,20.5,39.0,176.81185417227246
57699,20.5,40.5,181.38186173652576
57700,21.0,-37.0,150.6844771422214
57701,21.0,-36.5,149.69338329565613
57702,21.0,-36.0,148.4224795851
57703,21.0,-35.5,147.4110143657349
57704,21.0,-35.0,150.00773768720973
57705,21.0,-34.5,149.69751089749255
57706,21.0,-34.0,146.87963223759712
57707,21.0,-33.5,149.87667702844686
57708,21.0,-33.0,152.18314412422671
57709,21.0,-32.5,151.94182255940743
57710,21.0,-32.0,167.87256159367985
57711,21.0,-31.5,153.69756704137458
57712,21.0,-31.0,160.07086300317664
57713,21.0,-30.5,153.47436066635527
57714,21.0,-30.0,155.0596282632891
57715,21.0,-29.5,153.78737122302041
57716,21.0,-29.0,154.91272933810404
57717,21.0,-28.5,155.15398175681634
57718,21.0,-28.0,152.58117852320711
57719,21.0,-27.5,147.69958739753216
57720,21.0,-27.0,150.31740354478148
57721,21.0,-26.5,148.40223945548172
57722,21.0,-26.0,146.7043334965303
57723,21.0,-25.5,150.12455278505814
57724,21.0,-25.0,151.45085003897486
57725,21.0,-24.5,151.81234078499412
57726,21.0,-24.0,150.6885996749472
57727,21.0,-23.5,149.43476312757022
57728,21.0,-23.0,150.92052426194843
57729,21.0,-22.5,150.0746933191587
57730,21.0,-22.0,150.15780651469885
57731,21.0,-21.5,149.69432444744928
57732,21.0,-21.0,147.92897853918086
57733,21.0,-20.0,147.58912300022104
57734,21.0,-19.5,152.37718089253116
57735,21.0,-19.0,148.7531994499293
57736,21.0,-18.5,148.70595011357977
57737,21.0,-18.0,151.73342150178448
57738,21.0,-17.5,147.57337826859822
57739,21.0,-17.0,151.3455678450353
57740,21.0,-16.5,146.6912445717906
57741,21.0,-16.0,148.65982052815076
57742,21.0,-15.5,150.7882059916345
57743,21.0,-15.0,148.73908969568961
57744,21.0,-14.5,150.0301372667592
57745,21.0,-14.0,151.82735033131715
57746,21.0,-13.5,150.1580090461541
57747,21.0,-13.0,152.7114689424883
57748,21.0,-12.5,154.26466607468817
57749,21.0,-12.0,154.89987958489473
57750,21.0,-11.5,154.03928192626609
57751,21.0,-11.0,150.90580178121675
57752,21.0,-10.5,152.57037376747851
57753,21.0,-10.0,151.5663775217767
57754,21.0,-9.5,153.72578016619877
57755,21.0,-9.0,147.79663551232812
57756,21.0,-8.5,150.94267782314301
57757,21.0,-8.0,148.3154958747987
57758,21.0,-7.5,147.27047055604802
57759,21.0,-7.0,146.96627357303876
57760,21.0,-6.5,146.81840093804837
57761,21.0,-6.0,144.89329206022285
57762,21.0,-5.5,142.86846978592627
57763,21.0,-5.0,146.82277205272607
57764,21.0,-4.5,154.77881596578328
57765,21.0,-4.0,145.93037954384639
57766,21.0,-3.0,147.1680828477817
57767,21.0,-2.5,144.17556279946405
57768,21.0,-2.0,146.68970323454974
57769,21.0,-1.5,149.23278839910762
57770,21.0,-1.0,145.82362465688948
57771,21.0,-0.5,148.26841055986054
57772,21.0,0.0,149.53523604287918
57773,21.0,0.5,148.32178533305637
57774,21.0,1.0,146.61551519987123
57775,21.0,2.0,146.9117456669678
57776,21.0,2.5,148.62443873867187
57777,21.0,3.0,147.9076291688556
57778,21.0,3.5,152.18407493092127
57779,21.0,4.0,147.57535610841956
57780,21.0,4.5,149.0606979526116
57781,21.0,5.0,150.41341825278843
57782,21.0,5.5,153.60428558444
57783,21.0,6.0,147.5029756379701
57784,21.0,6.5,150.5663879597281
57785,21.0,7.0,156.05347092422073
57786,21.0,7.5,155.185191692627
57787,21.0,8.0,154.39417470084342
57788,21.0,8.5,151.43793917639826
57789,21.0,9.0,153.78759399185725
57790,21.0,9.5,157.16520769074248
57791,21.0,10.0,161.17858244618336
57792,21.0,10.5,159.36993320637757
57793,21.0,11.0,169.06939715304725
57794,21.0,11.5,162.21291375104968
57795,21.0,12.0,157.61430540817636
57796,21.0,12.5,158.91710127747467
57797,21.0,13.5,152.2457242197053
57798,21.0,14.0,154.67819256869902
57799,21.0,14.5,156.5684533374186
57800,21.0,15.0,156.60695339448804
57801,21.0,15.5,154.06182268945093
57802,21.0,16.0,160.2071407193743
57803,21.0,16.5,154.68071882191904
57804,21.0,17.0,156.04856832198442
57805,21.0,17.5,151.3879885169685
57806,21.0,18.0,150.30498738402665
57807,21.0,18.5,155.24173893859125
57808,21.0,19.0,158.68719896667784
57809,21.0,19.5,152.05656718639202
57810,21.0,20.0,155.63933966372517
57811,21.0,20.5,157.7412470261657
57812,21.0,21.0,154.95851180666986
57813,21.0,21.5,152.06686288417637
57814,21.0,22.0,154.19098600089694
57815,21.0,22.5,151.6332604589722
57816,21.0,23.0,159.3981622239252
57817,21.0,23.5,149.4632586519387
57818,21.0,24.0,154.2561636098061
57819,21.0,24.5,156.4200490042478
57820,21.0,25.0,152.6225069971402
57821,21.0,25.5,153.42482752530518
57822,21.0,26.0,150.69101271569815
57823,21.0,26.5,150.29464041561974
57824,21.0,27.0,148.93733859617902
57825,21.0,27.5,150.69272294294336
57826,21.0,28.0,148.735641641612
57827,21.0,28.5,155.08033489602556
57828,21.0,29.0,154.29601363566644
57829,21.0,29.5,154.61398148901583
57830,21.0,30.0,152.2836066662017
57831,21.0,30.5,153.2882087882869
57832,21.0,31.0,160.29363889307854
57833,21.0,31.5,162.8834518299894
57834,21.0,32.0,153.50193043469693
57835,21.0,32.5,154.7037886738184
57836,21.0,33.0,153.26869404326976
57837,21.0,33.5,158.45699822773898
57838,21.0,34.0,154.63145657045052
57839,21.0,34.5,148.95883739467615
57840,21.0,35.0,168.9579854114496
57841,21.0,35.5,154.8726628277202
57842,21.0,36.0,148.83033828893699
57843,21.0,36.5,150.1405588265624
57844,21.0,37.0,146.8361502753866
57845,21.0,38.0,169.9510164458484
57846,21.0,39.0,176.6582923324972
57847,21.0,40.5,181.38800390838617
57848,21.5,-37.0,150.65033860338062
57849,21.5,-36.5,149.17251018102817
57850,21.5,-36.0,148.23562663302198
57851,21.5,-35.5,147.23827716643933
57852,21.5,-35.0,149.90690697018601
57853,21.5,-34.5,149.712212797345
57854,21.5,-34.0,147.2761673824677
57855,21.5,-33.5,152.28651398815023
57856,21.5,-33.0,153.53541224214533
57857,21.5,-32.5,148.888782128792
57858,21.5,-32.0,167.89075675542492
57859,21.5,-31.5,154.56108003620733
57860,21.5,-31.0,156.61613350458958
57861,21.5,-30.5,153.65715934280868
57862,21.5,-30.0,156.02957049321898
57863,21.5,-29.5,154.52340565922776
57864,21.5,-29.0,154.7086478945759
57865,21.5,-28.5,157.15206513808147
57866,21.5,-28.0,148.89206007709723
57867,21.5,-27.5,149.42232905593784
57868,21.5,-27.0,151.52048122319545
57869,21.5,-26.5,148.16143928373072
57870,21.5,-26.0,149.5145723038741
57871,21.5,-25.5,151.1252753194282
57872,21.5,-25.0,152.71986291452453
57873,21.5,-24.5,152.79060161499834
57874,21.5,-24.0,150.83498993156425
57875,21.5,-23.5,150.36749730385685
57876,21.5,-23.0,149.52188244884545
57877,21.5,-22.5,149.77023516723088
57878,21.5,-22.0,150.01800957095705
57879,21.5,-21.5,149.1056091724576
57880,21.5,-21.0,148.17169630748336
57881,21.5,-20.5,149.76911553593894
57882,21.5,-20.0,150.38249679531495
57883,21.5,-19.5,152.22316961031495
57884,21.5,-19.0,151.07219958690095
57885,21.5,-18.5,149.18847399553877
57886,21.5,-18.0,150.41409141045477
57887,21.5,-17.5,150.61464980298115
57888,21.5,-17.0,153.10669284008213
57889,21.5,-16.0,151.2366403812662
57890,21.5,-15.5,151.9452782628953
57891,21.5,-15.0,149.18627229504028
57892,21.5,-14.5,148.77081511339034
57893,21.5,-14.0,151.73172440966206
57894,21.5,-13.5,150.150670172631
57895,21.5,-13.0,154.1285761242704
57896,21.5,-12.5,154.38356101576662
57897,21.5,-12.0,155.79641971413025
57898,21.5,-11.5,153.19667009764456
57899,21.5,-11.0,153.2592902290643
57900,21.5,-10.5,150.37126897850132
57901,21.5,-10.0,152.0059673569973
57902,21.5,-9.5,150.6537221679637
57903,21.5,-9.0,149.36974258572957
57904,21.5,-8.5,146.901604638641
57905,21.5,-8.0,149.5166392417112
57906,21.5,-7.5,147.66713294342733
57907,21.5,-7.0,147.26019016717862
57908,21.5,-6.5,146.6963718905403
57909,21.5,-6.0,146.27404305732608
57910,21.5,-5.5,144.87025367303997
57911,21.5,-5.0,146.4303891802218
57912,21.5,-4.5,145.6880316365165
57913,21.5,-4.0,144.1291856303712
57914,21.5,-3.5,148.07088161360127
57915,21.5,-3.0,148.26874607778308
57916,21.5,-2.5,146.83657217638725
57917,21.5,-2.0,145.43151077898102
57918,21.5,-1.5,149.30429709045043
57919,21.5,-1.0,147.4716357045355
57920,21.5,-0.5,146.85222948671787
57921,21.5,0.0,149.9256873458685
57922,21.5,0.5,146.51443831884788
57923,21.5,1.0,144.90776937958356
57924,21.5,1.5,144.5979562956183
57925,21.5,2.0,152.8705211491785
57926,21.5,2.5,146.0268131130319
57927,21.5,3.0,151.48570468720368
57928,21.5,3.5,146.6880671463541
57929,21.5,4.5,148.37682178902293
57930,21.5,5.0,149.90274568210913
57931,21.5,5.5,149.65881758683122
57932,21.5,6.0,152.7435955026372
57933,21.5,6.5,148.85608455296497
57934,21.5,7.0,155.85888916577326
57935,21.5,7.5,156.14306613520534
57936,21.5,8.0,152.23886611908915
57937,21.5,9.0,156.54831371651832
57938,21.5,9.5,151.15126764968147
57939,21.5,10.0,158.76746992061067
57940,21.5,10.5,160.0976450741602
57941,21.5,11.0,161.69513901540964
57942,21.5,11.5,161.86213012831803
57943,21.5,12.0,165.70409442633854
57944,21.5,12.5,155.10060662404484
57945,21.5,13.5,155.77725307862153
57946,21.5,14.0,152.23432933945384
57947,21.5,14.5,155.97557443503075
57948,21.5,15.0,149.8075910032801
57949,21.5,15.5,155.11736094920042
57950,21.5,16.0,156.45031379936415
57951,21.5,16.5,156.43893526284762
57952,21.5,17.0,153.98037883436325
57953,21.5,17.5,152.2016643178445
57954,21.5,18.0,150.9594799516213
57955,21.5,18.5,155.36809136257963
57956,21.5,19.0,153.41937226127072
57957,21.5,19.5,161.05348546570335
57958,21.5,20.0,156.0673047419031
57959,21.5,20.5,153.38806478651944
57960,21.5,21.0,157.3969965553858
57961,21.5,21.5,155.46218944412786
57962,21.5,22.0,156.8035821233513
57963,21.5,22.5,156.40262367505693
57964,21.5,23.0,153.76553897840526
57965,21.5,23.5,151.4536614898543
57966,21.5,24.0,154.29982693283526
57967,21.5,24.5,152.56393639639356
57968,21.5,25.0,153.85322418985942
57969,21.5,25.5,160.515786502744
57970,21.5,26.0,157.2091845103931
57971,21.5,26.5,154.15298984399473
57972,21.5,27.0,150.78546593089678
57973,21.5,27.5,149.72820450311266
57974,21.5,28.0,156.2307577205484
57975,21.5,28.5,152.8793538697858
57976,21.5,29.0,153.7200785907553
57977,21.5,29.5,155.4576195016026
57978,21.5,30.0,149.80631639777584
57979,21.5,30.5,154.05895435264975
57980,21.5,31.0,156.67699612574503
57981,21.5,32.0,155.20846872341954
57982,21.5,32.5,155.07697990479213
57983,21.5,33.0,150.27516796840507
57984,21.5,33.5,166.87228677593325
57985,21.5,34.0,158.42893709391117
57986,21.5,34.5,149.78332893998808
57987,21.5,35.0,166.02780810936272
57988,21.5,35.5,161.4641687744
57989,21.5,36.0,148.53789508235974
57990,21.5,36.5,150.23916945892432
57991,21.5,37.0,149.26243744159152
57992,21.5,37.5,169.55964864241832
57993,21.5,38.0,170.45012315059427
57994,21.5,39.0,177.00773822578506
57995,21.5,40.5,181.55827253843364
57996,22.0,-37.0,150.04099646576339
57997,22.0,-36.5,149.01244234903683
57998,22.0,-35.5,147.19042752783625
57999,22.0,-35.0,149.3899211242459
58000,22.0,-34.5,150.48908958190276
58001,22.0,-34.0,149.79243362820264
58002,22.0,-33.5,152.16627686357282
58003,22.0,-33.0,152.66390936304097
58004,22.0,-32.5,151.772348268254
58005,22.0,-32.0,163.0715001889556
58006,22.0,-31.5,161.34957442625202
58007,22.0,-31.0,150.95010832793147
58008,22.0,-30.5,153.51038908702108
58009,22.0,-30.0,155.04612864663298
58010,22.0,-29.5,152.61638488999807
58011,22.0,-29.0,153.49680564150972
58012,22.0,-28.5,152.24970828673813
58013,22.0,-28.0,149.68297883685716
58014,22.0,-27.5,151.32351135708487
58015,22.0,-27.0,150.4364191910006
58016,22.0,-26.5,148.90781682663734
58017,22.0,-26.0,151.81805597873472
58018,22.0,-25.5,153.74652811653968
58019,22.0,-25.0,152.64883713657397
58020,22.0,-24.5,151.76019468532945
58021,22.0,-24.0,150.01020933011213
58022,22.0,-23.5,150.95590876360833
58023,22.0,-23.0,148.30812516499077
58024,22.0,-22.5,149.84535142056075
58025,22.0,-22.0,148.1006609649258
58026,22.0,-21.5,149.49326018629057
58027,22.0,-21.0,151.7012065629946
58028,22.0,-20.5,149.908932615575
58029,22.0,-20.0,152.432666858779
58030,22.0,-19.0,153.383913854543
58031,22.0,-18.5,150.63205282048972
58032,22.0,-18.0,148.42403945165535
58033,22.0,-17.5,152.41225081684942
58034,22.0,-17.0,149.42785884979133
58035,22.0,-16.5,154.48626649363788
58036,22.0,-16.0,152.45492039976338
58037,22.0,-15.5,150.97779279495015
58038,22.0,-14.5,155.228192666134
58039,22.0,-14.0,152.3286925831477
58040,22.0,-13.5,155.01593709385148
58041,22.0,-13.0,153.41006410708346
58042,22.0,-12.5,155.0856608984033
58043,22.0,-12.0,154.36539396070984
58044,22.0,-11.5,152.1949508103211
58045,22.0,-11.0,151.6603475020814
58046,22.0,-10.5,151.00872863113776
58047,22.0,-10.0,151.71533054138246
58048,22.0,-9.5,150.75459240917422
58049,22.0,-8.5,148.42833543503792
58050,22.0,-8.0,146.72915026161488
58051,22.0,-7.5,148.5739771017201
58052,22.0,-7.0,150.02976306487662
58053,22.0,-5.5,147.49090478836987
58054,22.0,-5.0,145.2001598253618
58055,22.0,-4.5,144.21332098476577
58056,22.0,-4.0,148.9276642978042
58057,22.0,-3.5,149.66889234929712
58058,22.0,-2.0,144.91106868459306
58059,22.0,-1.5,147.30334296848275
58060,22.0,-1.0,146.2840291474746
58061,22.0,-0.5,149.67319672358164
58062,22.0,0.0,146.9727790009142
58063,22.0,1.5,147.55105166487212
58064,22.0,2.0,145.68385940299396
58065,22.0,2.5,152.10925825295513
58066,22.0,3.0,149.11738719895519
58067,22.0,3.5,145.84529004736075
58068,22.0,4.0,154.26320823443285
58069,22.0,4.5,149.498749484488
58070,22.0,5.0,148.09814544645943
58071,22.0,5.5,151.30320307094811
58072,22.0,6.0,151.28393362767642
58073,22.0,6.5,153.45844631891333
58074,22.0,7.0,155.77808426295786
58075,22.0,7.5,152.39581395768732
58076,22.0,8.5,156.88336750877212
58077,22.0,9.5,153.89387066634524
58078,22.0,10.0,158.5355738152689
58079,22.0,10.5,158.73357557972363
58080,22.0,11.0,157.36854299659905
58081,22.0,11.5,169.40707673914326
58082,22.0,12.0,159.92907232089019
58083,22.0,12.5,157.75302485027842
58084,22.0,13.0,153.39422913478745
58085,22.0,13.5,157.56711298343743
58086,22.0,14.0,157.37698661546744
58087,22.0,14.5,154.10032682291882
58088,22.0,15.0,153.16743531745192
58089,22.0,15.5,160.30568419919078
58090,22.0,16.0,152.7675744378635
58091,22.0,16.5,153.61406471014655
58092,22.0,17.0,151.57824097185454
58093,22.0,17.5,153.9105767560115
58094,22.0,18.0,156.65416998786247
58095,22.0,18.5,155.93328066848835
58096,22.0,19.0,153.47806703419565
58097,22.0,19.5,158.17777826672963
58098,22.0,20.0,157.8318456827301
58099,22.0,20.5,153.00935680721457
58100,22.0,21.0,152.06169767073877
58101,22.0,21.5,155.0304872419418
58102,22.0,22.0,157.38893779043065
58103,22.0,22.5,157.63088912459705
58104,22.0,23.0,153.58619681794286
58105,22.0,23.5,153.81041615305543
58106,22.0,24.0,151.8497559503193
58107,22.0,24.5,148.99589751531755
58108,22.0,25.0,158.35760254746262
58109,22.0,25.5,160.77110122188333
58110,22.0,26.0,159.22775734313348
58111,22.0,26.5,155.81796744568658
58112,22.0,27.0,156.52626881840823
58113,22.0,27.5,152.12968567804606
58114,22.0,28.0,157.89534369940506
58115,22.0,28.5,153.1813839592604
58116,22.0,29.5,152.33607535977816
58117,22.0,30.0,152.1804481415818
58118,22.0,30.5,151.81243484748316
58119,22.0,31.0,154.3864062921123
58120,22.0,31.5,154.1480124622647
58121,22.0,32.0,156.03954829525148
58122,22.0,32.5,156.0571587928692
58123,22.0,33.0,148.9392607763688
58124,22.0,33.5,167.7118854385501
58125,22.0,34.0,152.80681368749288
58126,22.0,34.5,151.8024537824911
58127,22.0,35.0,173.73657444255699
58128,22.0,35.5,155.1530725707044
58129,22.0,36.0,148.90461289963852
58130,22.0,36.5,150.705602579481
58131,22.0,37.0,152.92526805411595
58132,22.0,37.5,169.50358979848102
58133,22.0,39.0,177.19268883861582
58134,22.0,39.5,177.2234254424494
58135,22.0,40.5,182.51908481996045
58136,22.5,-37.0,149.82575518695663
58137,22.5,-36.5,148.77338847196015
58138,22.5,-35.5,147.056726410503
58139,22.5,-35.0,150.1502321760493
58140,22.5,-34.5,149.91417879106743
58141,22.5,-34.0,150.43820616363138
58142,22.5,-33.5,152.3988332373756
58143,22.5,-33.0,152.95833554301043
58144,22.5,-32.5,150.59504949538945
58145,22.5,-32.0,157.238333339099
58146,22.5,-31.5,170.0940826904082
58147,22.5,-31.0,150.82173691247374
58148,22.5,-30.5,152.50778315435667
58149,22.5,-30.0,152.80342124750925
58150,22.5,-29.5,151.28109529622995
58151,22.5,-29.0,152.24886951260663
58152,22.5,-28.5,150.88772761319197
58153,22.5,-28.0,150.8473251742869
58154,22.5,-27.5,153.0026905661706
58155,22.5,-27.0,147.7852664308686
58156,22.5,-26.5,150.3562774229859
58157,22.5,-26.0,151.20020809935627
58158,22.5,-25.5,155.4557848864592
58159,22.5,-25.0,152.49311846555236
58160,22.5,-24.5,149.61304647228033
58161,22.5,-24.0,149.6262173960539
58162,22.5,-23.5,150.9745555214332
58163,22.5,-23.0,151.39919308172952
58164,22.5,-22.5,149.08073561083242
58165,22.5,-22.0,149.3468510413712
58166,22.5,-21.5,149.67520567196925
58167,22.5,-21.0,150.79520766356706
58168,22.5,-20.5,151.5014613143509
58169,22.5,-20.0,151.7746603605364
58170,22.5,-19.5,159.50436101712697
58171,22.5,-19.0,157.16424606441186
58172,22.5,-18.5,150.56607591027586
58173,22.5,-18.0,150.25184840295614
58174,22.5,-17.5,152.8716283222735
58175,22.5,-17.0,153.01622138555828
58176,22.5,-16.5,153.3960257216562
58177,22.5,-16.0,151.46294161974092
58178,22.5,-15.5,150.6140283554112
58179,22.5,-15.0,149.52817657315512
58180,22.5,-14.5,156.1354640402608
58181,22.5,-14.0,154.84830576424437
58182,22.5,-13.5,154.82803858339258
58183,22.5,-13.0,154.3429266221165
58184,22.5,-12.5,152.26203644638252
58185,22.5,-12.0,156.00133113950656
58186,22.5,-11.5,153.39634964372294
58187,22.5,-11.0,149.73272297572504
58188,22.5,-10.5,151.0220054790562
58189,22.5,-10.0,149.86712150442816
58190,22.5,-9.5,151.11458765019478
58191,22.5,-9.0,150.5906080815636
58192,22.5,-8.5,148.9730197624728
58193,22.5,-8.0,148.14257452452026
58194,22.5,-7.5,149.49633678163792
58195,22.5,-7.0,149.147055851802
58196,22.5,-6.5,151.25701583813733
58197,22.5,-6.0,148.2569952122344
58198,22.5,-5.5,146.7155471009553
58199,22.5,-5.0,144.3165105680598
58200,22.5,-4.5,145.8221346871506
58201,22.5,-4.0,148.56517326119788
58202,22.5,-3.5,148.79767379852757
58203,22.5,-2.0,144.60299588870208
58204,22.5,-1.5,146.1970550140524
58205,22.5,-1.0,150.1082114847845
58206,22.5,-0.5,147.50543153045464
58207,22.5,0.0,146.20813356426476
58208,22.5,0.5,144.47221444469943
58209,22.5,1.0,147.54149649384263
58210,22.5,1.5,145.64607690865316
58211,22.5,2.0,151.31765004932933
58212,22.5,2.5,149.81746759213536
58213,22.5,3.0,144.80352254925242
58214,22.5,4.0,149.61615635743718
58215,22.5,4.5,149.91608718403347
58216,22.5,5.0,146.5036111768916
58217,22.5,5.5,147.78052873930528
58218,22.5,6.0,153.8072474736377
58219,22.5,6.5,155.70515674443456
58220,22.5,7.0,152.3432731717436
58221,22.5,7.5,153.7143891118675
58222,22.5,8.0,158.27027413738486
58223,22.5,8.5,157.7532915505154
58224,22.5,9.5,156.3824459286756
58225,22.5,10.0,154.47272818265188
58226,22.5,10.5,158.99977798188598
58227,22.5,11.5,154.49380621822255
58228,22.5,12.0,167.76974423528947
58229,22.5,12.5,156.5390315135084
58230,22.5,13.0,155.6752178101481
58231,22.5,13.5,159.80775958017392
58232,22.5,14.0,160.47820832172232
58233,22.5,14.5,153.9791387190949
58234,22.5,15.0,154.54254646344182
58235,22.5,15.5,156.84044932625167
58236,22.5,16.0,153.72079596838694
58237,22.5,16.5,155.69127042941602
58238,22.5,17.0,151.61631669499334
58239,22.5,17.5,155.21389583020834
58240,22.5,18.0,158.9624418760178
58241,22.5,18.5,152.48451485856512
58242,22.5,19.0,152.11439601354786
58243,22.5,19.5,154.88994519108797
58244,22.5,20.0,152.9178990858905
58245,22.5,20.5,154.28645747329205
58246,22.5,21.0,153.87432335765897
58247,22.5,21.5,154.29032941950683
58248,22.5,22.0,157.56580613523352
58249,22.5,22.5,159.923597374933
58250,22.5,23.0,155.5238377558971
58251,22.5,23.5,156.51700491559248
58252,22.5,24.0,152.37110975055467
58253,22.5,24.5,148.6697744065954
58254,22.5,25.0,157.31324055026133
58255,22.5,26.0,155.0802857463207
58256,22.5,26.5,152.66344442072548
58257,22.5,27.0,161.5861093214782
58258,22.5,27.5,152.72253921322874
58259,22.5,28.0,155.92865481188824
58260,22.5,28.5,149.19134199320018
58261,22.5,29.0,148.9069235351391
58262,22.5,29.5,149.04628688273414
58263,22.5,30.0,153.43096632058274
58264,22.5,30.5,152.93583462903536
58265,22.5,31.0,153.70026061271938
58266,22.5,31.5,155.2360679814383
58267,22.5,32.0,157.78236256806557
58268,22.5,32.5,156.85673983236578
58269,22.5,33.0,151.5174770937105
58270,22.5,33.5,153.87596829359188
58271,22.5,34.0,147.35032651477874
58272,22.5,34.5,160.27090312920524
58273,22.5,35.0,174.33697034760758
58274,22.5,35.5,158.01948107731928
58275,22.5,36.0,149.03912182846008
58276,22.5,36.5,150.65373514346302
58277,22.5,37.0,149.35674266682597
58278,22.5,37.5,170.09960288390545
58279,22.5,39.0,176.39411780876628
58280,22.5,39.5,177.66436296993675
58281,22.5,40.5,183.1239405105236
58282,23.0,-37.5,159.4172193622537
58283,23.0,-37.0,149.4841996773145
58284,23.0,-36.5,148.55571261968421
58285,23.0,-36.0,146.8403318064824
58286,23.0,-35.5,147.50886741385744
58287,23.0,-35.0,151.61273370944747
58288,23.0,-34.5,150.72968298657565
58289,23.0,-34.0,150.22604113209104
58290,23.0,-33.5,152.3766410110096
58291,23.0,-33.0,156.24116847461588
58292,23.0,-32.5,155.59113130379671
58293,23.0,-32.0,154.30766035290128
58294,23.0,-31.5,170.02117601361093
58295,23.0,-31.0,153.03218635169495
58296,23.0,-30.5,153.51000967650268
58297,23.0,-30.0,155.01208923052818
58298,23.0,-29.5,151.91180471531177
58299,23.0,-29.0,151.63784075869862
58300,23.0,-28.5,152.09136553358115
58301,23.0,-28.0,151.22024703831016
58302,23.0,-27.5,152.53974712144753
58303,23.0,-27.0,149.36113717886468
58304,23.0,-26.5,152.74192911392524
58305,23.0,-26.0,155.774431408386
58306,23.0,-25.5,152.8250524276431
58307,23.0,-25.0,150.90527105557598
58308,23.0,-24.5,150.20080047431995
58309,23.0,-24.0,150.62890747595063
58310,23.0,-23.5,151.76987276366913
58311,23.0,-23.0,150.67413923075875
58312,23.0,-22.5,147.7426493461871
58313,23.0,-22.0,148.69140826998012
58314,23.0,-21.5,151.94355307701437
58315,23.0,-21.0,150.22636193820333
58316,23.0,-20.5,151.4419130226865
58317,23.0,-19.5,156.9700891467023
58318,23.0,-19.0,156.84187910091103
58319,23.0,-18.5,152.79142231327185
58320,23.0,-18.0,154.11854541134915
58321,23.0,-17.5,150.34257018538952
58322,23.0,-17.0,153.7826675288131
58323,23.0,-16.5,152.50404865818348
58324,23.0,-16.0,154.8846000424715
58325,23.0,-15.5,157.1670990825995
58326,23.0,-15.0,151.99268610674022
58327,23.0,-14.0,154.84602892601296
58328,23.0,-13.5,154.43768089520634
58329,23.0,-13.0,151.96200544925117
58330,23.0,-12.5,149.3733566882838
58331,23.0,-12.0,151.9089734951433
58332,23.0,-11.5,151.2216533050671
58333,23.0,-11.0,151.10992750414425
58334,23.0,-10.5,147.04095688724144
58335,23.0,-10.0,150.1624894627252
58336,23.0,-9.5,149.9162764624254
58337,23.0,-9.0,150.9089816812749
58338,23.0,-8.5,148.20432320171793
58339,23.0,-8.0,149.12815841632332
58340,23.0,-7.5,147.7057691998421
58341,23.0,-7.0,149.2303010778598
58342,23.0,-6.5,148.4600608466496
58343,23.0,-6.0,147.67983051836734
58344,23.0,-5.5,145.53409301884574
58345,23.0,-5.0,146.30049358256136
58346,23.0,-4.5,147.02661955321204
58347,23.0,-4.0,150.90583283605966
58348,23.0,-2.5,144.81276238552084
58349,23.0,-2.0,146.48579673739772
58350,23.0,-1.5,151.21705751676674
58351,23.0,-1.0,148.05977283461183
58352,23.0,-0.5,145.9250996703708
58353,23.0,0.0,147.06157059160907
58354,23.0,0.5,145.8254312487551
58355,23.0,1.0,147.81557068659498
58356,23.0,1.5,148.14253914189595
58357,23.0,2.0,157.28255926287105
58358,23.0,2.5,147.0287620391813
58359,23.0,3.5,146.7078647772741
58360,23.0,4.0,149.3750457530116
58361,23.0,4.5,146.46294794506738
58362,23.0,5.0,149.2165641937355
58363,23.0,5.5,148.75343037854063
58364,23.0,6.0,153.08891843026606
58365,23.0,6.5,153.17734290666604
58366,23.0,7.0,153.38117403232033
58367,23.0,7.5,149.32336110738734
58368,23.0,8.0,158.35822006518916
58369,23.0,8.5,157.64613047188516
58370,23.0,9.5,155.9309442880699
58371,23.0,10.0,155.8146635303746
58372,23.0,10.5,156.80517921551947
58373,23.0,11.5,152.35196392032356
58374,23.0,12.0,163.9179169199832
58375,23.0,12.5,160.94101297337727
58376,23.0,13.0,159.7657321828835
58377,23.0,13.5,153.0366615353701
58378,23.0,14.0,160.36327872356927
58379,23.0,15.0,157.5797741473846
58380,23.0,15.5,155.34105887756184
58381,23.0,16.0,154.89072945452784
58382,23.0,16.5,154.15361472776488
58383,23.0,17.5,156.71156197066347
58384,23.0,18.0,155.66084200081778
58385,23.0,18.5,152.71053928196875
58386,23.0,19.0,153.84638885942803
58387,23.0,19.5,152.86366311569284
58388,23.0,20.0,153.36190557154697
58389,23.0,20.5,153.31521803846496
58390,23.0,21.0,155.2548461216087
58391,23.0,21.5,156.13260545788944
58392,23.0,22.0,158.41191599864524
58393,23.0,22.5,155.37850717271783
58394,23.0,23.0,155.61009657122676
58395,23.0,23.5,154.9936820890922
58396,23.0,24.0,152.7389723526005
58397,23.0,24.5,150.0678845775176
58398,23.0,25.0,149.8961597969363
58399,23.0,25.5,157.32133568961365
58400,23.0,26.0,149.30754754081406
58401,23.0,26.5,154.1459882403692
58402,23.0,27.5,155.9048490937408
58403,23.0,28.0,149.98306542430151
58404,23.0,28.5,149.77935357421742
58405,23.0,29.0,149.87514189176514
58406,23.0,29.5,148.74365572201387
58407,23.0,30.0,154.58737605501145
58408,23.0,30.5,152.62405340428558
58409,23.0,31.5,156.66424547643925
58410,23.0,32.0,156.89273874257321
58411,23.0,32.5,154.39560409997475
58412,23.0,33.0,153.72287445130488
58413,23.0,33.5,147.4319782003906
58414,23.0,34.0,148.653658353376
58415,23.0,34.5,162.08120687714396
58416,23.0,35.5,157.43235835942875
58417,23.0,36.0,167.20106042059902
58418,23.0,36.5,150.9720829229952
58419,23.0,37.0,150.86221882266025
58420,23.0,39.0,176.71372339800513
58421,23.0,39.5,176.69884372170532
58422,23.0,40.5,182.4163630801951
58423,23.5,-37.5,158.6059209741484
58424,23.5,-37.0,149.18945900395823
58425,23.5,-36.5,148.50733666646215
58426,23.5,-36.0,147.0942768303279
58427,23.5,-35.5,148.84939210774672
58428,23.5,-35.0,151.86572152108562
58429,23.5,-34.5,151.22930645326304
58430,23.5,-34.0,149.88101188538775
58431,23.5,-33.5,152.74914625775062
58432,23.5,-33.0,155.2650623794189
58433,23.5,-32.5,152.0530628576181
58434,23.5,-32.0,158.26411463067222
58435,23.5,-31.5,162.31810485590808
58436,23.5,-31.0,149.92800657230507
58437,23.5,-30.5,152.78297158280887
58438,23.5,-30.0,155.17771270135322
58439,23.5,-29.5,153.36306363060945
58440,23.5,-29.0,153.20000276867455
58441,23.5,-28.5,152.85090847255236
58442,23.5,-28.0,150.2449778811616
58443,23.5,-27.5,149.9527361433442
58444,23.5,-27.0,149.47029433707436
58445,23.5,-26.5,150.26644078385763
58446,23.5,-26.0,155.96342659724934
58447,23.5,-25.5,151.69194342487364
58448,23.5,-25.0,151.6766258816092
58449,23.5,-24.5,149.7491043573935
58450,23.5,-24.0,150.7320456981045
58451,23.5,-23.5,151.66115412294727
58452,23.5,-23.0,150.4358207264759
58453,23.5,-22.5,147.68198775971442
58454,23.5,-22.0,148.52325585235388
58455,23.5,-21.5,151.95291940428953
58456,23.5,-21.0,150.99743631897562
58457,23.5,-20.5,151.48633345138165
58458,23.5,-20.0,156.2379014136914
58459,23.5,-19.5,153.03688331201084
58460,23.5,-19.0,153.12914295252537
58461,23.5,-18.5,153.0000949547621
58462,23.5,-18.0,155.78355715464403
58463,23.5,-17.5,151.79409007191887
58464,23.5,-17.0,150.48838858770523
58465,23.5,-16.5,153.09943463736968
58466,23.5,-16.0,154.02465310983246
58467,23.5,-15.5,156.195379447578
58468,23.5,-15.0,150.26078294670768
58469,23.5,-14.5,151.69931318994472
58470,23.5,-13.5,151.89839943733998
58471,23.5,-13.0,149.36603267560795
58472,23.5,-12.5,153.9641652173781
58473,23.5,-12.0,148.34667986310367
58474,23.5,-11.5,151.0927339748142
58475,23.5,-11.0,150.64081624700424
58476,23.5,-10.5,148.34383808275223
58477,23.5,-10.0,147.0851967627269
58478,23.5,-9.5,149.78603096452056
58479,23.5,-9.0,147.16781222372623
58480,23.5,-8.5,149.75231835980182
58481,23.5,-8.0,150.35557546000516
58482,23.5,-7.5,147.60990741171813
58483,23.5,-7.0,148.3868186359526
58484,23.5,-6.5,148.06496685167323
58485,23.5,-6.0,147.55080936374458
58486,23.5,-5.5,148.30277029767814
58487,23.5,-5.0,150.27573920197688
58488,23.5,-4.5,146.53177076208553
58489,23.5,-4.0,144.7884804366506
58490,23.5,-3.0,145.01416731979003
58491,23.5,-2.5,145.00150775475313
58492,23.5,-2.0,149.0473571738948
58493,23.5,-1.5,145.30848151989642
58494,23.5,-1.0,148.21319292282104
58495,23.5,-0.5,145.8201746983977
58496,23.5,0.0,144.83657550919938
58497,23.5,0.5,147.68105075086757
58498,23.5,1.0,145.4143478296248
58499,23.5,1.5,154.94966238222767
58500,23.5,2.0,144.01479456187343
58501,23.5,2.5,151.98444002721737
58502,23.5,3.0,144.3565598202955
58503,23.5,3.5,148.2074511826082
58504,23.5,4.0,151.93721541351732
58505,23.5,4.5,150.45820288448968
58506,23.5,5.0,147.33495908240874
58507,23.5,5.5,153.43508378801275
58508,23.5,6.0,149.0501717002295
58509,23.5,6.5,150.99452788697525
58510,23.5,7.0,150.2345923024368
58511,23.5,7.5,153.92735815743885
58512,23.5,8.0,147.65990082500542
58513,23.5,9.0,154.68235298705446
58514,23.5,9.5,155.10729594379157
58515,23.5,10.5,154.52272707734588
58516,23.5,12.0,147.69648424893566
58517,23.5,12.5,163.95983076194736
58518,23.5,13.0,159.30111932115966
58519,23.5,13.5,158.5065371352801
58520,23.5,14.0,153.11267421774502
58521,23.5,15.0,161.2598209051381
58522,23.5,15.5,154.39950935259188
58523,23.5,16.0,152.7151840432963
58524,23.5,16.5,154.37954514579636
58525,23.5,17.0,157.8978501842654
58526,23.5,17.5,154.5746974871007
58527,23.5,18.0,153.39367181700538
58528,23.5,18.5,153.54038056194068
58529,23.5,19.0,154.9495864267184
58530,23.5,19.5,153.378044515935
58531,23.5,20.0,154.33362722167269
58532,23.5,20.5,157.90770209842094
58533,23.5,21.0,156.96550413651713
58534,23.5,21.5,157.7612609174299
58535,23.5,22.0,155.91100201508755
58536,23.5,22.5,154.67191683832692
58537,23.5,23.0,157.52548339440588
58538,23.5,23.5,156.32413575042517
58539,23.5,24.0,152.71690962796796
58540,23.5,24.5,150.24122108629084
58541,23.5,25.0,149.47347120302305
58542,23.5,25.5,153.94567764702552
58543,23.5,26.0,149.39783041321508
58544,23.5,26.5,161.69526034152224
58545,23.5,27.0,151.94160109971057
58546,23.5,27.5,158.76286356479596
58547,23.5,28.0,157.39702586646234
58548,23.5,28.5,150.11510438594757
58549,23.5,29.0,151.32133005174867
58550,23.5,29.5,148.89823865294923
58551,23.5,30.0,152.89997233847382
58552,23.5,30.5,152.2177505480864
58553,23.5,31.0,154.18479822523756
58554,23.5,31.5,155.82053328257263
58555,23.5,32.0,156.4657032291576
58556,23.5,32.5,151.35461161273605
58557,23.5,33.0,156.74226087790802
58558,23.5,33.5,147.43057237436003
58559,23.5,34.0,151.0807325653656
58560,23.5,34.5,163.74920886447447
58561,23.5,35.5,159.7305334353741
58562,23.5,36.5,150.66040206869968
58563,23.5,37.0,152.54075703399204
58564,23.5,37.5,170.01640779893557
58565,23.5,39.0,177.44936753184996
58566,23.5,39.5,176.72590441438575
58567,24.0,-37.5,157.93562687903852
58568,24.0,-37.0,149.03003978619742
58569,24.0,-36.5,148.37469525748907
58570,24.0,-36.0,147.56213635761318
58571,24.0,-35.5,151.99516366705546
58572,24.0,-35.0,150.39425974228243
58573,24.0,-34.5,151.75736642430456
58574,24.0,-34.0,149.35431965016025
58575,24.0,-33.5,149.76706050515108
58576,24.0,-33.0,153.0453824554559
58577,24.0,-32.5,156.46543997764206
58578,24.0,-32.0,153.05592174380416
58579,24.0,-31.5,153.82716796311527
58580,24.0,-31.0,152.06253678046926
58581,24.0,-30.5,153.09237381855328
58582,24.0,-30.0,154.17426016905424
58583,24.0,-29.5,151.98595680310768
58584,24.0,-29.0,152.4602131918103
58585,24.0,-28.5,152.91637440409173
58586,24.0,-28.0,152.85778093104403
58587,24.0,-27.5,153.1045035673414
58588,24.0,-27.0,150.33636421079802
58589,24.0,-26.5,150.03798421273729
58590,24.0,-26.0,152.72577680928157
58591,24.0,-25.5,151.4052713364819
58592,24.0,-25.0,150.93692234536647
58593,24.0,-24.5,151.3348847538366
58594,24.0,-24.0,153.56235985790494
58595,24.0,-23.5,149.83958376543285
58596,24.0,-23.0,149.0237501323797
58597,24.0,-22.5,150.27125827349053
58598,24.0,-22.0,149.41483877863547
58599,24.0,-21.5,150.87091531891716
58600,24.0,-21.0,152.19979025813302
58601,24.0,-20.5,152.28813783064058
58602,24.0,-20.0,152.17007788994025
58603,24.0,-19.5,150.55483431991564
58604,24.0,-19.0,152.8679438792645
58605,24.0,-18.5,155.35326230070277
58606,24.0,-18.0,153.573626953161
58607,24.0,-17.5,153.21283600216194
58608,24.0,-17.0,149.47222580230624
58609,24.0,-16.5,155.15187827335097
58610,24.0,-16.0,153.8798403946822
58611,24.0,-15.5,153.49908477175296
58612,24.0,-14.5,146.72386365796118
58613,24.0,-14.0,151.67392260287775
58614,24.0,-13.5,152.66295945032851
58615,24.0,-13.0,153.69629725853764
58616,24.0,-12.5,151.66378515844454
58617,24.0,-12.0,150.94310477498684
58618,24.0,-11.5,148.2736998196387
58619,24.0,-11.0,150.3263371193271
58620,24.0,-10.5,149.64871807531077
58621,24.0,-10.0,147.81306194083464
58622,24.0,-9.5,152.3137690219314
58623,24.0,-9.0,148.30822741389665
58624,24.0,-8.5,150.50296050356908
58625,24.0,-8.0,151.39703217814866
58626,24.0,-7.5,151.07916042251108
58627,24.0,-7.0,148.5153067838127
58628,24.0,-6.5,148.89664631598427
58629,24.0,-6.0,146.61579725559366
58630,24.0,-5.5,146.96083404453466
58631,24.0,-5.0,150.16449443820744
58632,24.0,-4.5,150.19162014838182
58633,24.0,-4.0,145.73993732731785
58634,24.0,-3.5,146.70967894556608
58635,24.0,-3.0,145.51660518091785
58636,24.0,-2.5,145.16280564488298
58637,24.0,-1.5,144.97471360895145
58638,24.0,-0.5,144.4482671479178
58639,24.0,0.0,148.63751077829986
58640,24.0,0.5,147.79404070949548
58641,24.0,1.0,150.4091893117391
58642,24.0,1.5,146.2623181703978
58643,24.0,2.0,143.77367169292197
58644,24.0,2.5,147.7050476562298
58645,24.0,3.0,146.16049880095525
58646,24.0,3.5,146.90940835598116
58647,24.0,4.0,149.65741553828212
58648,24.0,4.5,149.83222349082095
58649,24.0,5.0,151.1451999570046
58650,24.0,5.5,153.00011953367405
58651,24.0,6.0,149.5360728101323
58652,24.0,6.5,147.5192603855069
58653,24.0,7.5,153.7534606178965
58654,24.0,8.0,150.35164991965524
58655,24.0,8.5,153.99714698017883
58656,24.0,9.0,154.53195156101427
58657,24.0,11.0,156.1854047028347
58658,24.0,12.0,160.25617736983824
58659,24.0,12.5,153.8052785589397
58660,24.0,13.0,168.2271021439085
58661,24.0,13.5,158.6768769740361
58662,24.0,14.0,154.86201267332967
58663,24.0,14.5,158.78842211625926
58664,24.0,15.0,155.66029153555618
58665,24.0,15.5,154.13725630903917
58666,24.0,16.0,153.68912077867634
58667,24.0,16.5,151.4217843288937
58668,24.0,17.0,158.17775350322526
58669,24.0,17.5,152.52435462868942
58670,24.0,18.0,152.52881077796147
58671,24.0,18.5,154.36398569137182
58672,24.0,19.0,154.2784521895436
58673,24.0,19.5,154.9315979836702
58674,24.0,20.0,154.00066986180187
58675,24.0,20.5,155.91027020588
58676,24.0,21.0,157.6970751862373
58677,24.0,21.5,156.65662708880143
58678,24.0,22.0,152.75297197808698
58679,24.0,22.5,155.45253196737193
58680,24.0,23.0,157.3522554048031
58681,24.0,23.5,154.53111019743037
58682,24.0,24.0,150.91641500442125
58683,24.0,24.5,151.84640351054722
58684,24.0,25.0,151.71124369885402
58685,24.0,25.5,150.7309327732877
58686,24.0,26.0,156.69034251267553
58687,24.0,26.5,163.74793351838463
58688,24.0,27.0,158.00325925839394
58689,24.0,27.5,159.9111120112617
58690,24.0,28.0,157.96163066304433
58691,24.0,28.5,155.56562942973116
58692,24.0,29.0,151.49064101694518
58693,24.0,29.5,149.7615038968324
58694,24.0,30.0,152.038840237447
58695,24.0,30.5,153.6864043887572
58696,24.0,31.0,157.2383109978501
58697,24.0,31.5,154.79407575152203
58698,24.0,32.0,152.71102009814578
58699,24.0,32.5,154.2731236171192
58700,24.0,33.0,154.2408214975436
58701,24.0,33.5,147.657876857706
58702,24.0,34.0,151.71858063185297
58703,24.0,34.5,149.89073813148798
58704,24.0,35.0,148.7794488923443
58705,24.0,35.5,159.12647938026734
58706,24.0,36.0,176.90452305601923
58707,24.0,36.5,152.54143580782866
58708,24.0,37.0,152.62033012037529
58709,24.0,37.5,169.68868984072554
58710,24.0,39.0,177.11180915321577
58711,24.0,39.5,176.0987541868228
58712,24.5,-37.5,157.0772938853941
58713,24.5,-37.0,149.51140327288115
58714,24.5,-36.5,148.44774116602366
58715,24.5,-36.0,147.39470379032363
58716,24.5,-35.5,151.89693716675373
58717,24.5,-35.0,150.89404857304515
58718,24.5,-34.5,151.46987722016806
58719,24.5,-34.0,148.73260537017063
58720,24.5,-33.5,149.53627344787697
58721,24.5,-33.0,152.20121487822308
58722,24.5,-32.5,157.3747066719966
58723,24.5,-32.0,152.68585687676276
58724,24.5,-31.5,145.70640521860486
58725,24.5,-31.0,153.2852971125369
58726,24.5,-30.5,153.2329959988418
58727,24.5,-30.0,153.86655361579213
58728,24.5,-29.5,152.89825212247297
58729,24.5,-29.0,152.56532633251427
58730,24.5,-28.5,152.80726570251696
58731,24.5,-28.0,153.39504052850228
58732,24.5,-27.5,153.58499514639288
58733,24.5,-27.0,152.20499123515066
58734,24.5,-26.5,154.85238924459546
58735,24.5,-26.0,151.34620622213754
58736,24.5,-25.5,153.43958713891914
58737,24.5,-25.0,150.86287335151172
58738,24.5,-24.5,153.87936110519027
58739,24.5,-24.0,150.640654624258
58740,24.5,-23.5,150.77458279272554
58741,24.5,-23.0,148.77523730316832
58742,24.5,-22.5,152.166762314574
58743,24.5,-22.0,150.26067062889328
58744,24.5,-21.5,150.1359537288023
58745,24.5,-21.0,154.01306480409957
58746,24.5,-20.5,152.19000217956454
58747,24.5,-20.0,149.4410492808605
58748,24.5,-19.5,148.88407922879463
58749,24.5,-19.0,155.8681607421183
58750,24.5,-18.5,151.78257316421448
58751,24.5,-18.0,153.57712292854612
58752,24.5,-17.5,155.27784197240337
58753,24.5,-17.0,150.05394786698855
58754,24.5,-16.5,151.31152371977504
58755,24.5,-16.0,153.7593947638764
58756,24.5,-15.5,152.00708022400715
58757,24.5,-15.0,152.614213035474
58758,24.5,-14.5,143.686074254625
58759,24.5,-14.0,146.47904158884833
58760,24.5,-13.0,154.25468674159393
58761,24.5,-12.5,151.440085711776
58762,24.5,-12.0,150.66455922898356
58763,24.5,-11.5,149.48113853108052
58764,24.5,-11.0,149.08307103162662
58765,24.5,-10.5,151.60750890547362
58766,24.5,-10.0,149.23144470325198
58767,24.5,-9.5,147.13037251522596
58768,24.5,-9.0,149.9487122347028
58769,24.5,-8.5,150.85776516150105
58770,24.5,-8.0,151.5976549844726
58771,24.5,-7.5,151.43723119105175
58772,24.5,-7.0,151.92732011450607
58773,24.5,-6.5,146.30102585141765
58774,24.5,-6.0,148.6552468016699
58775,24.5,-5.5,147.75939098337304
58776,24.5,-5.0,150.39742954084628
58777,24.5,-3.5,146.18076285270067
58778,24.5,-3.0,144.91140429613722
58779,24.5,-2.5,145.02870199709577
58780,24.5,-2.0,144.29436116082255
58781,24.5,-1.5,144.0797364042627
58782,24.5,-0.5,145.14737469871812
58783,24.5,0.0,145.23189152828746
58784,24.5,0.5,150.5518922474456
58785,24.5,1.0,146.16054468680676
58786,24.5,1.5,146.05241107011935
58787,24.5,2.0,144.61523713068325
58788,24.5,2.5,146.30498626283605
58789,24.5,3.0,147.08998540741945
58790,24.5,3.5,147.35756682449028
58791,24.5,4.0,146.6021953828567
58792,24.5,4.5,151.68285678158998
58793,24.5,5.0,153.92097479808007
58794,24.5,5.5,151.41833337560368
58795,24.5,6.0,154.3244714405502
58796,24.5,6.5,147.1143720420866
58797,24.5,7.0,146.81862996041846
58798,24.5,7.5,151.99989118532037
58799,24.5,8.0,152.57889497891802
58800,24.5,8.5,152.5578307446373
58801,24.5,11.0,158.53353962170485
58802,24.5,11.5,156.95957746183387
58803,24.5,12.0,160.79665813207404
58804,24.5,12.5,155.37643838378273
58805,24.5,13.0,154.63666639754442
58806,24.5,13.5,162.06192202153903
58807,24.5,14.0,153.68432275225882
58808,24.5,14.5,156.6165420976916
58809,24.5,15.0,156.07465130956965
58810,24.5,15.5,154.7837435376542
58811,24.5,16.0,154.0323782400966
58812,24.5,16.5,153.87149783654874
58813,24.5,17.0,154.38402514848173
58814,24.5,17.5,156.00580910378073
58815,24.5,18.0,155.24348349055714
58816,24.5,18.5,155.4860226275045
58817,24.5,19.0,154.1463306342414
58818,24.5,19.5,154.24099906374735
58819,24.5,20.0,156.37628392696146
58820,24.5,20.5,154.99297018093387
58821,24.5,21.0,157.31712285886704
58822,24.5,21.5,156.78728669016965
58823,24.5,22.0,154.53976237238857
58824,24.5,22.5,154.64083986459374
58825,24.5,23.0,153.70772108429827
58826,24.5,23.5,153.61596004756439
58827,24.5,24.0,152.0534550871271
58828,24.5,24.5,152.5233402530097
58829,24.5,25.0,152.61209138710055
58830,24.5,25.5,152.13680000993526
58831,24.5,26.0,155.8833277564716
58832,24.5,27.0,158.43446190660669
58833,24.5,27.5,154.41607158892106
58834,24.5,28.0,159.26759284100655
58835,24.5,28.5,158.81488845620183
58836,24.5,29.0,150.00324021468396
58837,24.5,29.5,149.3268293366616
58838,24.5,30.0,152.55272288426568
58839,24.5,30.5,154.2050802249718
58840,24.5,31.0,154.75597038410663
58841,24.5,32.0,149.46727171351563
58842,24.5,32.5,155.12740110646072
58843,24.5,33.0,152.5073596006304
58844,24.5,33.5,154.79340263870168
58845,24.5,34.0,151.8516800903489
58846,24.5,34.5,148.60443434167348
58847,24.5,35.0,152.50223491694354
58848,24.5,35.5,162.15896964667195
58849,24.5,36.0,166.48699480589966
58850,24.5,36.5,155.38101132021362
58851,24.5,37.0,153.2322012643523
58852,24.5,37.5,170.16248661122415
58853,24.5,39.5,176.52866762449096
58854,25.0,-37.5,156.48770995407432
58855,25.0,-37.0,150.87617567327007
58856,25.0,-36.5,148.30655795326157
58857,25.0,-36.0,147.69260789342485
58858,25.0,-35.5,150.13144830591278
58859,25.0,-35.0,152.59532877064615
58860,25.0,-34.5,151.2131646127689
58861,25.0,-34.0,149.53063056459425
58862,25.0,-33.5,150.0552065789941
58863,25.0,-33.0,155.41379750311881
58864,25.0,-32.5,156.13030204901486
58865,25.0,-32.0,150.51815047476956
58866,25.0,-31.5,146.3108556243306
58867,25.0,-31.0,149.60520667545947
58868,25.0,-30.5,154.15253682381058
58869,25.0,-30.0,152.47179659237716
58870,25.0,-29.5,152.30572572278115
58871,25.0,-29.0,154.97766015460226
58872,25.0,-28.5,151.44862101893807
58873,25.0,-28.0,154.65151995892143
58874,25.0,-27.5,151.9471438641198
58875,25.0,-27.0,153.60019975190082
58876,25.0,-26.5,156.11060732602274
58877,25.0,-26.0,152.43899668808416
58878,25.0,-25.5,152.68748506856204
58879,25.0,-25.0,152.23393149113724
58880,25.0,-24.5,151.85633356675592
58881,25.0,-24.0,150.52036739587626
58882,25.0,-23.5,151.44700546568473
58883,25.0,-23.0,149.17097353881744
58884,25.0,-22.5,147.82269796462626
58885,25.0,-22.0,150.9111603724939
58886,25.0,-21.5,149.29289374360488
58887,25.0,-21.0,156.02995136671123
58888,25.0,-20.5,155.56861316292967
58889,25.0,-20.0,151.35098917169853
58890,25.0,-19.5,150.78981201159596
58891,25.0,-18.5,151.3258610612754
58892,25.0,-18.0,150.30841649816986
58893,25.0,-17.5,154.27634698150908
58894,25.0,-17.0,155.7731963831091
58895,25.0,-16.5,150.1826629143025
58896,25.0,-16.0,155.64502658254605
58897,25.0,-15.5,151.4252265965745
58898,25.0,-15.0,152.41956696420584
58899,25.0,-14.5,151.99804529187293
58900,25.0,-14.0,146.24616478293012
58901,25.0,-13.5,152.82539056103866
58902,25.0,-13.0,145.93258015899565
58903,25.0,-12.5,152.38543869604854
58904,25.0,-12.0,150.7250642043815
58905,25.0,-11.5,150.86033032373075
58906,25.0,-11.0,147.85759439993143
58907,25.0,-10.5,150.21811790132298
58908,25.0,-10.0,149.89608263647298
58909,25.0,-9.5,148.84654291657762
58910,25.0,-9.0,149.35946376910059
58911,25.0,-8.5,151.22037551822964
58912,25.0,-8.0,150.15615040380268
58913,25.0,-7.5,151.4849750636397
58914,25.0,-7.0,148.85641626089463
58915,25.0,-6.5,145.93963511611776
58916,25.0,-6.0,149.52273401124722
58917,25.0,-5.5,149.76490156731978
58918,25.0,-5.0,149.49848432438972
58919,25.0,-4.5,149.88339219113408
58920,25.0,-4.0,150.4133538354066
58921,25.0,-3.5,149.82035701330503
58922,25.0,-3.0,146.17981958010878
58923,25.0,-2.5,146.14375452749317
58924,25.0,-2.0,143.71772009005184
58925,25.0,-1.0,146.18795267905816
58926,25.0,-0.5,148.46852963559263
58927,25.0,0.0,147.27360117302825
58928,25.0,0.5,149.850939950524
58929,25.0,1.0,144.4429629223893
58930,25.0,1.5,144.58885973474761
58931,25.0,2.0,145.10714646397565
58932,25.0,2.5,146.92605201529503
58933,25.0,3.0,149.78871248243664
58934,25.0,3.5,148.61386226737537
58935,25.0,4.0,144.99154406146445
58936,25.0,4.5,151.46446730657945
58937,25.0,5.0,153.63646506847874
58938,25.0,5.5,152.0805281669061
58939,25.0,6.0,148.01649418525164
58940,25.0,7.0,147.65418780850482
58941,25.0,7.5,149.21204344663553
58942,25.0,8.0,151.97179594295292
58943,25.0,8.5,152.4371115213918
58944,25.0,9.0,152.4296795659809
58945,25.0,10.5,162.11550555377517
58946,25.0,11.0,167.32079386307714
58947,25.0,11.5,156.23740441728236
58948,25.0,12.0,158.7978709358781
58949,25.0,12.5,153.92679892018245
58950,25.0,13.0,159.6587828664576
58951,25.0,13.5,175.01520335742956
58952,25.0,14.0,158.54479254418519
58953,25.0,14.5,156.50716154354137
58954,25.0,15.0,153.28939555577384
58955,25.0,15.5,153.2652454894144
58956,25.0,16.0,156.22405207994953
58957,25.0,16.5,154.08805320957978
58958,25.0,17.0,152.44866259901445
58959,25.0,17.5,155.79190435654124
58960,25.0,18.0,156.98700526569536
58961,25.0,18.5,154.08073443075554
58962,25.0,19.0,156.94040103839464
58963,25.0,19.5,154.77326778903839
58964,25.0,20.0,155.02876396904324
58965,25.0,20.5,156.07201371387237
58966,25.0,21.0,155.3618639544531
58967,25.0,21.5,155.54741567213716
58968,25.0,22.0,154.83136450198006
58969,25.0,22.5,150.32116743439437
58970,25.0,23.0,154.72235290481163
58971,25.0,23.5,154.14951304811194
58972,25.0,24.0,151.63958003347852
58973,25.0,24.5,148.43624042377922
58974,25.0,25.0,151.5176399032749
58975,25.0,25.5,153.99216670219027
58976,25.0,26.0,155.2666866801446
58977,25.0,26.5,155.5770902679093
58978,25.0,27.0,160.4460927163585
58979,25.0,27.5,157.5664074284953
58980,25.0,28.0,158.70338965126504
58981,25.0,28.5,155.8147127417569
58982,25.0,29.0,156.40461561717194
58983,25.0,29.5,150.4619012775891
58984,25.0,30.0,152.7793971242521
58985,25.0,30.5,154.4413736473824
58986,25.0,31.0,154.6964694374009
58987,25.0,32.0,150.12130263649172
58988,25.0,32.5,151.09283866170557
58989,25.0,33.0,150.4986065378123
58990,25.0,33.5,156.6426014560781
58991,25.0,34.0,151.92426729610764
58992,25.0,34.5,149.60342084001897
58993,25.0,35.0,156.82452137213082
58994,25.0,35.5,156.8784124563705
58995,25.0,36.0,163.10115158046293
58996,25.0,36.5,153.9922113006213
58997,25.0,37.0,152.53673003767173
58998,25.0,37.5,169.6259480342629
58999,25.0,39.0,174.44108292657103
59000,25.0,39.5,176.41807749111226
59001,25.5,-37.5,155.91671019870498
59002,25.5,-37.0,151.15121022623555
59003,25.5,-36.5,148.34679748589363
59004,25.5,-36.0,149.46211961760378
59005,25.5,-35.5,148.39581095555766
59006,25.5,-35.0,152.76616975064343
59007,25.5,-34.5,151.77081550545694
59008,25.5,-34.0,150.94185052152633
59009,25.5,-33.5,151.99137437638797
59010,25.5,-33.0,149.38189585401597
59011,25.5,-32.5,151.49016443026545
59012,25.5,-32.0,154.9843207315145
59013,25.5,-31.5,148.85838016762773
59014,25.5,-31.0,148.32613810216898
59015,25.5,-30.5,154.71399088817708
59016,25.5,-30.0,153.42732639908246
59017,25.5,-29.5,151.52618154900378
59018,25.5,-29.0,154.69509821395147
59019,25.5,-28.5,152.71689127183475
59020,25.5,-28.0,152.96500279763086
59021,25.5,-27.5,153.28882822141827
59022,25.5,-27.0,154.77052922422962
59023,25.5,-26.5,154.12862163719245
59024,25.5,-26.0,154.2610367896401
59025,25.5,-25.5,153.06721133684562
59026,25.5,-25.0,153.00991815553238
59027,25.5,-24.5,150.97903789480665
59028,25.5,-24.0,152.7403896700496
59029,25.5,-23.5,148.56143444589978
59030,25.5,-23.0,149.93772971685976
59031,25.5,-22.5,148.6039673922194
59032,25.5,-22.0,148.60909073127664
59033,25.5,-21.5,150.89903109780968
59034,25.5,-21.0,155.89578413470858
59035,25.5,-20.5,159.76599001107897
59036,25.5,-20.0,151.7247758161988
59037,25.5,-19.5,151.41173431396035
59038,25.5,-19.0,150.6455020003141
59039,25.5,-18.5,150.41499496401246
59040,25.5,-18.0,152.35659881865763
59041,25.5,-17.5,153.4123742753918
59042,25.5,-17.0,154.55099957078482
59043,25.5,-16.5,153.11240142424245
59044,25.5,-16.0,147.3465915384301
59045,25.5,-15.5,154.33314131823136
59046,25.5,-15.0,151.4014208345929
59047,25.5,-14.5,152.6979706124886
59048,25.5,-14.0,153.66602708871213
59049,25.5,-13.5,147.63926130962574
59050,25.5,-13.0,152.65287257674754
59051,25.5,-12.5,153.4072704349128
59052,25.5,-12.0,153.0900957676864
59053,25.5,-11.5,150.51465619251556
59054,25.5,-11.0,151.61937986142584
59055,25.5,-10.5,151.62449620982107
59056,25.5,-10.0,150.19322419657738
59057,25.5,-9.5,150.44592976317205
59058,25.5,-9.0,147.65536939256657
59059,25.5,-8.5,150.0778951966103
59060,25.5,-8.0,149.64282168989456
59061,25.5,-7.5,146.57960791366415
59062,25.5,-7.0,150.98861799803365
59063,25.5,-6.5,151.90491417212525
59064,25.5,-6.0,149.85372806751153
59065,25.5,-5.5,149.7807820199169
59066,25.5,-5.0,146.9719229082333
59067,25.5,-4.5,147.6676104136886
59068,25.5,-4.0,149.29981118087332
59069,25.5,-3.5,149.11734246138744
59070,25.5,-3.0,149.4966313970094
59071,25.5,-2.5,146.1949500716351
59072,25.5,-2.0,144.92316176611948
59073,25.5,-1.0,149.66489956510858
59074,25.5,-0.5,147.0782212638938
59075,25.5,0.0,148.18990181220806
59076,25.5,0.5,145.54976039617569
59077,25.5,1.0,148.5256879957023
59078,25.5,1.5,143.58437327600828
59079,25.5,2.0,146.7247557688311
59080,25.5,2.5,144.9304234628925
59081,25.5,3.0,148.4314829203572
59082,25.5,3.5,148.4964873312007
59083,25.5,4.0,146.51270898168272
59084,25.5,4.5,148.64475278835178
59085,25.5,5.0,151.82475539398416
59086,25.5,6.0,146.56865657564137
59087,25.5,6.5,146.67815888798378
59088,25.5,7.0,146.61204510308673
59089,25.5,7.5,148.487965073197
59090,25.5,8.0,152.67787379279622
59091,25.5,8.5,151.12708709265524
59092,25.5,9.0,154.91946747975086
59093,25.5,10.0,159.3904250908325
59094,25.5,10.5,160.03781079391496
59095,25.5,11.0,165.15694760328316
59096,25.5,11.5,158.98179901514158
59097,25.5,12.0,155.32429585635614
59098,25.5,12.5,158.86287805760458
59099,25.5,13.0,159.37471800331338
59100,25.5,14.0,163.8355342811445
59101,25.5,14.5,153.85599650508374
59102,25.5,15.0,154.09981388737845
59103,25.5,15.5,152.51263414714745
59104,25.5,16.0,155.61341146574026
59105,25.5,16.5,152.90175762109777
59106,25.5,17.0,153.34522055994705
59107,25.5,17.5,153.48889477042349
59108,25.5,18.0,154.6892466763162
59109,25.5,18.5,155.46773266591492
59110,25.5,19.0,158.2120616296258
59111,25.5,19.5,154.61307806344072
59112,25.5,20.0,153.99039325665686
59113,25.5,20.5,158.7743604603517
59114,25.5,21.0,153.67555318783837
59115,25.5,21.5,155.2908505263755
59116,25.5,22.0,153.386400195581
59117,25.5,22.5,150.13594873262804
59118,25.5,23.0,153.31626173565138
59119,25.5,23.5,147.72686020073917
59120,25.5,24.0,153.82969625667778
59121,25.5,24.5,150.5086304923775
59122,25.5,25.0,149.83802799812483
59123,25.5,25.5,158.07778062027577
59124,25.5,26.0,152.44957530918992
59125,25.5,26.5,154.01575483592165
59126,25.5,27.0,155.06900063275572
59127,25.5,27.5,157.89934368643745
59128,25.5,28.0,153.49503857028898
59129,25.5,28.5,154.98349762643954
59130,25.5,29.0,157.6039589179488
59131,25.5,29.5,152.40796533206327
59132,25.5,30.0,153.17483639064
59133,25.5,30.5,154.9243576552964
59134,25.5,31.0,155.24178713778295
59135,25.5,31.5,150.52637501472583
59136,25.5,32.0,146.82932901698234
59137,25.5,32.5,150.71933667555058
59138,25.5,33.0,151.00551341344388
59139,25.5,33.5,154.8003025655721
59140,25.5,34.0,154.1946527392186
59141,25.5,34.5,149.60058883934516
59142,25.5,35.0,154.60913010163915
59143,25.5,35.5,149.034843802593
59144,25.5,36.0,161.48166057132744
59145,25.5,36.5,148.94937256287895
59146,25.5,37.0,151.19319411721173
59147,25.5,37.5,177.036041970256
59148,25.5,39.5,176.32337702574236
59149,26.0,-37.5,155.25459493344016
59150,26.0,-37.0,150.1711881545494
59151,26.0,-36.5,148.4099672732734
59152,26.0,-36.0,148.9588571549981
59153,26.0,-35.5,151.23608957710678
59154,26.0,-35.0,151.36215263358784
59155,26.0,-34.5,151.43663022931625
59156,26.0,-34.0,151.87812282428146
59157,26.0,-33.5,152.64797052951954
59158,26.0,-33.0,144.77227267314444
59159,26.0,-32.5,151.30659357041355
59160,26.0,-32.0,155.55222049567283
59161,26.0,-31.5,146.58790844320166
59162,26.0,-31.0,153.70679900084286
59163,26.0,-30.5,155.31610629872992
59164,26.0,-30.0,151.7689338781189
59165,26.0,-29.5,152.89427400169504
59166,26.0,-29.0,153.5258176094086
59167,26.0,-28.5,153.2881100251273
59168,26.0,-28.0,152.75052650388133
59169,26.0,-27.5,152.89472593260672
59170,26.0,-27.0,150.91985380112527
59171,26.0,-26.5,153.6694794471496
59172,26.0,-26.0,152.50109241394694
59173,26.0,-25.5,152.4150564680282
59174,26.0,-25.0,151.47030284461786
59175,26.0,-24.5,152.88646251050054
59176,26.0,-24.0,150.9878260855081
59177,26.0,-23.5,152.58318341286923
59178,26.0,-23.0,148.7134464591631
59179,26.0,-22.5,149.30324529672495
59180,26.0,-22.0,150.22105666327593
59181,26.0,-21.5,152.95199635375775
59182,26.0,-21.0,161.54427470367582
59183,26.0,-20.5,158.58564922302259
59184,26.0,-20.0,155.63229431119723
59185,26.0,-19.5,148.38430793986478
59186,26.0,-19.0,148.94459858327585
59187,26.0,-18.5,149.15960921481624
59188,26.0,-18.0,152.3571470424918
59189,26.0,-17.5,150.82563783794654
59190,26.0,-17.0,152.3308992252956
59191,26.0,-16.5,156.08073150806646
59192,26.0,-16.0,150.06161089547004
59193,26.0,-15.5,150.0092210891595
59194,26.0,-15.0,153.80923324564318
59195,26.0,-14.5,153.9814534278141
59196,26.0,-14.0,153.7030893898319
59197,26.0,-13.5,144.4091193143113
59198,26.0,-13.0,147.91929199746488
59199,26.0,-12.5,150.9579242603953
59200,26.0,-12.0,151.06737496262036
59201,26.0,-11.5,154.01806170287767
59202,26.0,-11.0,151.60305171915329
59203,26.0,-10.5,149.13127450256854
59204,26.0,-10.0,149.0025900981402
59205,26.0,-9.5,150.60333110742937
59206,26.0,-9.0,154.33091566920749
59207,26.0,-8.5,148.29717361820778
59208,26.0,-8.0,148.98987661266543
59209,26.0,-7.5,147.2719395075109
59210,26.0,-7.0,151.8500576506043
59211,26.0,-6.5,150.60792855290606
59212,26.0,-6.0,150.90688318218028
59213,26.0,-5.5,151.51280189329339
59214,26.0,-5.0,148.43692325932042
59215,26.0,-4.5,149.13358172802074
59216,26.0,-4.0,150.26045520802253
59217,26.0,-3.0,149.65660735093124
59218,26.0,-2.5,146.33367476897428
59219,26.0,-2.0,144.76026611636357
59220,26.0,-1.5,147.10356870006362
59221,26.0,-1.0,143.47905079301438
59222,26.0,-0.5,147.10963727997492
59223,26.0,0.0,144.61077585846388
59224,26.0,0.5,142.4683037407177
59225,26.0,1.0,146.2344895578292
59226,26.0,1.5,147.23100238381562
59227,26.0,2.0,146.03234984601445
59228,26.0,2.5,146.96168857834286
59229,26.0,3.0,146.16530765791333
59230,26.0,3.5,155.9064012026024
59231,26.0,4.0,152.29997019390564
59232,26.0,4.5,148.54371203794057
59233,26.0,5.0,144.49677412224378
59234,26.0,6.5,146.78251499912807
59235,26.0,7.0,151.78843167525207
59236,26.0,7.5,149.54640685011861
59237,26.0,8.0,147.91516149628242
59238,26.0,9.0,153.3658957683768
59239,26.0,9.5,155.5771273632986
59240,26.0,10.0,159.41258759740487
59241,26.0,11.5,158.0629904584047
59242,26.0,12.0,151.9957291198166
59243,26.0,12.5,157.02596250450358
59244,26.0,13.5,158.47734656303558
59245,26.0,14.0,161.71906070574772
59246,26.0,14.5,162.2431122619638
59247,26.0,15.0,154.23800305467242
59248,26.0,15.5,153.12451603928497
59249,26.0,16.0,153.8876448978969
59250,26.0,16.5,152.80973314518815
59251,26.0,17.0,154.00481447509762
59252,26.0,17.5,153.8320985538629
59253,26.0,18.0,154.62016431714636
59254,26.0,18.5,159.9790137036506
59255,26.0,19.0,156.51085341667869
59256,26.0,19.5,154.17551544662848
59257,26.0,20.0,155.53983246399153
59258,26.0,20.5,158.2512134164971
59259,26.0,21.0,154.95986908836605
59260,26.0,21.5,152.6176267615414
59261,26.0,22.0,150.93294842986776
59262,26.0,22.5,152.63522228546927
59263,26.0,23.0,149.5784442300859
59264,26.0,23.5,152.31178106324995
59265,26.0,24.0,152.72755246866632
59266,26.0,24.5,151.22794211222939
59267,26.0,25.0,162.8456302074267
59268,26.0,25.5,154.92075072701712
59269,26.0,26.0,152.74512997121644
59270,26.0,26.5,155.5195292219289
59271,26.0,27.0,153.183767881967
59272,26.0,27.5,161.3845369393614
59273,26.0,28.0,146.47030403900865
59274,26.0,28.5,157.7116736865215
59275,26.0,29.0,158.0222064835026
59276,26.0,29.5,152.2176661282418
59277,26.0,30.0,154.39503529385837
59278,26.0,30.5,154.79202887301173
59279,26.0,31.0,155.66166027904035
59280,26.0,31.5,151.35679353058356
59281,26.0,32.0,149.05222002377522
59282,26.0,32.5,154.96210218518968
59283,26.0,33.0,153.22695877001144
59284,26.0,33.5,155.8308783811482
59285,26.0,34.0,154.25522299286516
59286,26.0,34.5,154.02804265501265
59287,26.0,35.0,151.64824845860113
59288,26.0,35.5,148.5375977951321
59289,26.0,36.0,153.35729530483795
59290,26.0,36.5,146.39462141281837
59291,26.0,37.0,150.42988868329675
59292,26.0,38.0,177.87199515752772
59293,26.5,-37.5,154.83289518974243
59294,26.5,-37.0,147.41165023516558
59295,26.5,-36.5,149.10362161303513
59296,26.5,-36.0,148.00917571798536
59297,26.5,-35.5,151.1200966605904
59298,26.5,-35.0,151.31450233617275
59299,26.5,-34.5,150.60617316514475
59300,26.5,-34.0,152.81051711310215
59301,26.5,-33.5,151.16246398120322
59302,26.5,-33.0,145.2047363757066
59303,26.5,-32.5,150.28599771386584
59304,26.5,-32.0,155.5249685316838
59305,26.5,-31.5,145.52921907542932
59306,26.5,-31.0,150.4192201687045
59307,26.5,-30.5,155.2864212968329
59308,26.5,-30.0,150.50161595546567
59309,26.5,-29.5,151.37262236359058
59310,26.5,-29.0,153.6475714153125
59311,26.5,-28.5,152.4631904267774
59312,26.5,-28.0,153.2416289493493
59313,26.5,-27.5,150.3475121544254
59314,26.5,-27.0,152.38245528648102
59315,26.5,-26.5,151.7370815422562
59316,26.5,-26.0,153.930700136371
59317,26.5,-25.5,150.38481433610005
59318,26.5,-25.0,153.49641057785232
59319,26.5,-24.5,154.17861316658272
59320,26.5,-24.0,150.28960291837987
59321,26.5,-23.5,153.418260149771
59322,26.5,-23.0,149.01735473943404
59323,26.5,-22.5,147.44154072480802
59324,26.5,-22.0,151.2040968026659
59325,26.5,-21.5,151.45620309554053
59326,26.5,-21.0,152.2147269338691
59327,26.5,-20.5,152.7888530978903
59328,26.5,-20.0,157.81694160802573
59329,26.5,-19.5,148.08509223215972
59330,26.5,-19.0,149.60664167591872
59331,26.5,-18.5,150.4723522555365
59332,26.5,-17.5,150.44808007365856
59333,26.5,-17.0,153.79697449882045
59334,26.5,-16.5,156.51573615580676
59335,26.5,-16.0,156.99876498913017
59336,26.5,-15.5,150.42908422975265
59337,26.5,-15.0,157.06892300400764
59338,26.5,-14.5,155.6086238976991
59339,26.5,-14.0,152.06843421127076
59340,26.5,-13.5,152.2312883130216
59341,26.5,-13.0,146.91639972340036
59342,26.5,-12.5,150.19413746173555
59343,26.5,-12.0,151.3146390030003
59344,26.5,-11.5,153.5281974985302
59345,26.5,-11.0,152.12735064679364
59346,26.5,-10.5,150.39449562497833
59347,26.5,-10.0,150.31955994846874
59348,26.5,-9.5,150.86593161778848
59349,26.5,-9.0,151.00014543079627
59350,26.5,-8.5,161.47129031926866
59351,26.5,-8.0,148.58609399043647
59352,26.5,-7.5,150.11069827340728
59353,26.5,-7.0,148.21124962164242
59354,26.5,-6.5,150.14660981948586
59355,26.5,-6.0,151.3685801348754
59356,26.5,-5.5,152.061290392801
59357,26.5,-5.0,148.30449143196842
59358,26.5,-4.5,147.76358832085077
59359,26.5,-4.0,147.61399893599878
59360,26.5,-3.5,147.9105050758771
59361,26.5,-3.0,143.79883306188282
59362,26.5,-2.5,149.95355864654059
59363,26.5,-2.0,145.43008132424467
59364,26.5,-1.5,145.02262695580123
59365,26.5,-1.0,145.7024861684202
59366,26.5,-0.5,145.76506134319786
59367,26.5,0.0,144.06336277809243
59368,26.5,1.0,144.18232612016394
59369,26.5,1.5,147.20056357318376
59370,26.5,2.0,146.0488336459142
59371,26.5,2.5,146.62473880694625
59372,26.5,3.0,144.88505664996018
59373,26.5,3.5,149.17884956160412
59374,26.5,4.0,152.63547254090156
59375,26.5,4.5,149.15105219779966
59376,26.5,5.0,144.75720892305355
59377,26.5,5.5,144.64552819351542
59378,26.5,6.5,146.68999006620825
59379,26.5,7.0,150.7392266286932
59380,26.5,8.0,149.07039372937032
59381,26.5,8.5,150.6750727948686
59382,26.5,9.0,153.8364480350437
59383,26.5,9.5,156.1682973739566
59384,26.5,10.0,161.10027398725765
59385,26.5,11.0,157.3409546148697
59386,26.5,11.5,157.33311855395525
59387,26.5,12.0,155.70485517650505
59388,26.5,12.5,154.37732157770463
59389,26.5,13.5,158.42051270125248
59390,26.5,14.5,165.85474284634742
59391,26.5,15.0,157.20979605459357
59392,26.5,15.5,154.36260924521866
59393,26.5,16.0,151.90506580120638
59394,26.5,16.5,153.81795582228906
59395,26.5,17.0,154.21258253231642
59396,26.5,17.5,153.56801315536768
59397,26.5,18.0,153.46194825455382
59398,26.5,18.5,152.70129619524837
59399,26.5,19.0,167.79895684213182
59400,26.5,19.5,154.86499720422722
59401,26.5,20.0,154.06564113135488
59402,26.5,20.5,153.53291253199717
59403,26.5,21.0,157.20289892298044
59404,26.5,21.5,151.51428778035037
59405,26.5,22.0,152.05280574305746
59406,26.5,22.5,157.70249840248434
59407,26.5,23.0,145.62332464011004
59408,26.5,23.5,151.39532077339558
59409,26.5,24.0,147.90983532490324
59410,26.5,24.5,151.01066774511813
59411,26.5,25.0,154.7807562878952
59412,26.5,25.5,149.89985892639015
59413,26.5,26.0,154.75557770903453
59414,26.5,26.5,152.28394389955736
59415,26.5,27.0,154.2223001111736
59416,26.5,27.5,152.0928244180905
59417,26.5,28.0,155.7591892521474
59418,26.5,28.5,156.38533923513234
59419,26.5,29.0,155.79729945278615
59420,26.5,29.5,154.45405600847369
59421,26.5,30.0,152.353466984766
59422,26.5,30.5,152.27803664579136
59423,26.5,31.0,155.38475758328107
59424,26.5,31.5,151.764544267749
59425,26.5,32.0,150.16261060070093
59426,26.5,32.5,153.00518410355477
59427,26.5,33.0,152.51533315301074
59428,26.5,33.5,155.68537485847796
59429,26.5,34.0,152.85210026658638
59430,26.5,34.5,153.97362873580428
59431,26.5,35.0,151.37004284515558
59432,26.5,35.5,148.87905246544693
59433,26.5,36.0,154.28619106703243
59434,26.5,36.5,144.60034722838273
59435,26.5,37.0,149.2535067999715
59436,26.5,37.5,155.84540072619998
59437,26.5,38.0,177.91808507946826
59438,27.0,-37.5,154.27854847535815
59439,27.0,-37.0,147.23577095297134
59440,27.0,-36.5,149.7840819686427
59441,27.0,-36.0,148.2724250544481
59442,27.0,-35.5,150.27571695305338
59443,27.0,-35.0,151.20581809221144
59444,27.0,-34.5,150.33950931096166
59445,27.0,-34.0,153.1118338127525
59446,27.0,-33.5,151.93559077975226
59447,27.0,-33.0,144.22676927535062
59448,27.0,-32.5,151.80562248944167
59449,27.0,-32.0,148.8829815827418
59450,27.0,-31.5,146.21221261196698
59451,27.0,-31.0,151.33625722840927
59452,27.0,-30.5,146.76851162160116
59453,27.0,-30.0,148.40019428518667
59454,27.0,-29.5,151.7293601841105
59455,27.0,-29.0,151.79262191056387
59456,27.0,-28.5,150.8902235316179
59457,27.0,-28.0,152.8321747294696
59458,27.0,-27.5,153.2686618586836
59459,27.0,-27.0,153.47919139229572
59460,27.0,-26.5,150.77261535911543
59461,27.0,-26.0,154.62672823433587
59462,27.0,-25.5,150.99449711922958
59463,27.0,-25.0,152.28376258478286
59464,27.0,-24.5,151.19888974556957
59465,27.0,-24.0,153.45961643837921
59466,27.0,-23.5,152.3957620062712
59467,27.0,-23.0,151.54499338660895
59468,27.0,-22.5,150.69094845054516
59469,27.0,-22.0,149.8974374404699
59470,27.0,-21.5,150.64237338561017
59471,27.0,-21.0,152.00620451276788
59472,27.0,-20.5,152.48989822033258
59473,27.0,-20.0,151.1163570661521
59474,27.0,-19.5,149.80000787469518
59475,27.0,-19.0,148.24960212749517
59476,27.0,-18.5,149.20529503273823
59477,27.0,-18.0,151.990813748902
59478,27.0,-17.5,152.3771320329222
59479,27.0,-17.0,152.32004731912588
59480,27.0,-16.5,162.48715242955288
59481,27.0,-16.0,157.9323754703247
59482,27.0,-15.5,152.17575704251817
59483,27.0,-15.0,146.43369524152183
59484,27.0,-14.5,147.4081305293155
59485,27.0,-14.0,145.937585060923
59486,27.0,-13.5,152.5921144338187
59487,27.0,-13.0,150.52914387913168
59488,27.0,-12.5,145.61877699008582
59489,27.0,-11.5,151.89775817739817
59490,27.0,-11.0,155.74856636540346
59491,27.0,-10.5,153.81586681984783
59492,27.0,-10.0,153.98291649113023
59493,27.0,-9.5,151.70833680622638
59494,27.0,-9.0,151.1292827474976
59495,27.0,-8.5,147.42742655060442
59496,27.0,-8.0,154.18850616585007
59497,27.0,-7.5,152.65110064500834
59498,27.0,-7.0,151.3438421951956
59499,27.0,-6.5,155.1406220684495
59500,27.0,-6.0,153.11654277429653
59501,27.0,-5.5,151.57652674574095
59502,27.0,-5.0,149.93853926643692
59503,27.0,-4.5,149.91210421746163
59504,27.0,-4.0,145.8913836551785
59505,27.0,-3.5,148.66245592799245
59506,27.0,-3.0,151.88110358905215
59507,27.0,-2.5,148.17914875407007
59508,27.0,-2.0,149.0622259845466
59509,27.0,-1.5,145.09490311460854
59510,27.0,-1.0,147.22541014294833
59511,27.0,-0.5,142.38648796721873
59512,27.0,0.5,143.35034389503107
59513,27.0,1.0,146.70681164051095
59514,27.0,1.5,142.82020092927817
59515,27.0,2.0,149.49301725920495
59516,27.0,2.5,142.91423830114056
59517,27.0,3.0,149.33912158458966
59518,27.0,3.5,149.90344754917405
59519,27.0,4.0,151.02315032780308
59520,27.0,5.0,144.74269712019026
59521,27.0,5.5,144.85591875894642
59522,27.0,6.0,145.21394907950594
59523,27.0,6.5,152.1038179926287
59524,27.0,7.0,151.46210920328934
59525,27.0,7.5,147.3360328661147
59526,27.0,8.0,146.6165642809693
59527,27.0,8.5,152.21350089371865
59528,27.0,9.0,157.41080822421964
59529,27.0,9.5,157.7450851033801
59530,27.0,10.0,159.23433451911674
59531,27.0,10.5,165.4030331097996
59532,27.0,11.0,157.6253919910401
59533,27.0,11.5,151.89709409833327
59534,27.0,12.0,155.90920641885128
59535,27.0,12.5,147.1382610984819
59536,27.0,13.0,154.51446470422783
59537,27.0,13.5,158.42642962003234
59538,27.0,14.0,156.5661166355757
59539,27.0,15.0,161.48130448543742
59540,27.0,15.5,153.3237305700472
59541,27.0,16.0,152.2596496054181
59542,27.0,16.5,153.2330137961682
59543,27.0,17.0,153.05505831710238
59544,27.0,17.5,154.8357694048352
59545,27.0,18.0,152.73827115562332
59546,27.0,19.0,153.51319430402282
59547,27.0,19.5,154.916708290718
59548,27.0,20.0,152.13139858393197
59549,27.0,20.5,154.28744524015676
59550,27.0,21.0,155.3206887076484
59551,27.0,21.5,152.1780706134054
59552,27.0,22.0,152.81993291870631
59553,27.0,22.5,153.42573821754442
59554,27.0,23.0,155.02158896470576
59555,27.0,23.5,148.3970087154244
59556,27.0,24.0,149.94441436192298
59557,27.0,24.5,151.79812295972906
59558,27.0,25.0,151.32142692312954
59559,27.0,25.5,153.7194253818012
59560,27.0,26.0,155.3875282161262
59561,27.0,26.5,152.77046456236872
59562,27.0,27.0,153.67341212184832
59563,27.0,27.5,151.01120649288697
59564,27.0,28.0,158.48805946907854
59565,27.0,28.5,148.39636879899564
59566,27.0,29.0,153.9482819116125
59567,27.0,29.5,157.7917357597424
59568,27.0,30.0,151.3437729006275
59569,27.0,30.5,150.15636562348988
59570,27.0,31.0,154.54189463374558
59571,27.0,31.5,150.86354798374214
59572,27.0,32.0,151.6433389114033
59573,27.0,32.5,149.7600374805538
59574,27.0,33.0,153.24955085793198
59575,27.0,33.5,154.19533659213027
59576,27.0,34.0,151.0921203453834
59577,27.0,34.5,151.47903280043147
59578,27.0,35.5,155.93472929523188
59579,27.0,36.0,153.9656509477281
59580,27.0,36.5,144.4250761535358
59581,27.0,37.0,149.87682278813335
59582,27.0,37.5,156.18556887429338
59583,27.5,-37.5,153.87986237927083
59584,27.5,-37.0,147.09657440916345
59585,27.5,-36.5,150.05724741888883
59586,27.5,-36.0,149.1861520437604
59587,27.5,-35.5,147.3240573963407
59588,27.5,-35.0,151.0713884312516
59589,27.5,-34.5,149.1998626914002
59590,27.5,-34.0,153.15621456655543
59591,27.5,-33.5,152.58990662253498
59592,27.5,-33.0,153.1067397511818
59593,27.5,-32.5,148.50969303067833
59594,27.5,-32.0,145.5005592222814
59595,27.5,-31.5,149.00429018453812
59596,27.5,-31.0,148.7843482800908
59597,27.5,-30.5,146.2858893615208
59598,27.5,-30.0,146.5224285581717
59599,27.5,-29.5,149.26366453977414
59600,27.5,-29.0,150.38697356215508
59601,27.5,-28.5,151.33037841156695
59602,27.5,-28.0,151.62519151206922
59603,27.5,-27.5,154.2920415887473
59604,27.5,-27.0,152.6278223244119
59605,27.5,-26.5,153.85666494529755
59606,27.5,-26.0,149.86638178682009
59607,27.5,-25.5,153.74756627280354
59608,27.5,-25.0,149.39736030837577
59609,27.5,-24.5,147.6988885391673
59610,27.5,-24.0,151.07315376156026
59611,27.5,-23.5,151.22981823555034
59612,27.5,-23.0,154.22266240969475
59613,27.5,-22.5,152.93432641713997
59614,27.5,-22.0,152.69365920298063
59615,27.5,-21.5,150.5192735145918
59616,27.5,-21.0,152.27342512140962
59617,27.5,-20.5,149.0839074601238
59618,27.5,-20.0,150.39472095828094
59619,27.5,-19.5,149.28477351396373
59620,27.5,-19.0,149.83552899408863
59621,27.5,-18.5,148.75693308731402
59622,27.5,-18.0,149.54213109674646
59623,27.5,-17.5,154.49579793999436
59624,27.5,-17.0,149.3567233937834
59625,27.5,-16.5,162.67758097389023
59626,27.5,-16.0,152.55719719041448
59627,27.5,-15.5,151.09992191968914
59628,27.5,-15.0,148.06036700549936
59629,27.5,-14.0,151.28634666904338
59630,27.5,-13.5,151.82369686094128
59631,27.5,-13.0,151.04134309482112
59632,27.5,-12.5,149.00190180039525
59633,27.5,-12.0,148.3683751518649
59634,27.5,-11.5,151.65364837166945
59635,27.5,-11.0,154.52113448694368
59636,27.5,-10.5,154.82484213459563
59637,27.5,-10.0,157.2571587832448
59638,27.5,-9.5,150.84476489673975
59639,27.5,-9.0,149.98007803013044
59640,27.5,-8.5,147.1785312455974
59641,27.5,-8.0,149.97734878749347
59642,27.5,-7.5,146.7737793306087
59643,27.5,-7.0,154.64666947698515
59644,27.5,-6.5,150.61423663303142
59645,27.5,-6.0,152.32025194771956
59646,27.5,-5.5,150.4390446089645
59647,27.5,-5.0,149.71701447375708
59648,27.5,-4.5,150.58217945524564
59649,27.5,-4.0,148.793132162296
59650,27.5,-3.5,146.01329335680703
59651,27.5,-3.0,146.14578129395076
59652,27.5,-2.5,146.3785146468463
59653,27.5,-2.0,145.40595227851648
59654,27.5,-1.5,147.0760913771376
59655,27.5,-1.0,145.65713090497565
59656,27.5,-0.5,144.91593751664774
59657,27.5,0.0,142.86411219759336
59658,27.5,0.5,145.83274236962112
59659,27.5,1.0,145.84123879541312
59660,27.5,1.5,148.54101263227747
59661,27.5,2.0,151.69715092875327
59662,27.5,2.5,148.57855432561172
59663,27.5,3.0,148.6643854634503
59664,27.5,3.5,150.23447467167028
59665,27.5,4.0,148.77811561339246
59666,27.5,4.5,146.00811252932263
59667,27.5,5.5,146.02925266692492
59668,27.5,6.0,147.49358086364958
59669,27.5,6.5,151.8982463037881
59670,27.5,7.5,147.25121882678485
59671,27.5,8.5,155.10497351795937
59672,27.5,9.0,161.14534611503012
59673,27.5,9.5,158.55518338002028
59674,27.5,10.0,157.66583167412912
59675,27.5,10.5,158.66487467675043
59676,27.5,11.0,156.80931960726156
59677,27.5,11.5,155.13803380675765
59678,27.5,12.0,157.07939622921197
59679,27.5,13.0,155.1669843769154
59680,27.5,13.5,156.408800046869
59681,27.5,14.0,158.22506599651214
59682,27.5,14.5,153.18606192169497
59683,27.5,15.0,169.55396982527023
59684,27.5,15.5,154.69046281967746
59685,27.5,16.0,154.53832330050705
59686,27.5,16.5,152.45192482035435
59687,27.5,17.0,153.99238011642288
59688,27.5,17.5,154.8456095629247
59689,27.5,18.0,151.6781707521622
59690,27.5,18.5,153.84741601743832
59691,27.5,19.0,153.92972664011393
59692,27.5,19.5,155.07944294517924
59693,27.5,20.0,151.38533357109733
59694,27.5,20.5,154.4138802154188
59695,27.5,21.0,153.58580731951508
59696,27.5,21.5,153.3742156191874
59697,27.5,22.0,153.1947936198166
59698,27.5,22.5,152.12214600446566
59699,27.5,23.0,156.2250253829222
59700,27.5,23.5,148.31797638700542
59701,27.5,24.0,152.95368287142816
59702,27.5,24.5,158.68750919298256
59703,27.5,25.0,154.23280448444302
59704,27.5,25.5,155.56538289689195
59705,27.5,26.0,152.65762848207117
59706,27.5,26.5,152.56674294583087
59707,27.5,27.0,153.25412032209584
59708,27.5,27.5,153.2372326190131
59709,27.5,28.0,161.71289141357255
59710,27.5,28.5,149.60708351624152
59711,27.5,29.0,154.9329533509717
59712,27.5,29.5,158.85564773132296
59713,27.5,30.0,152.60840688990734
59714,27.5,30.5,151.09738431544207
59715,27.5,31.0,153.464942151938
59716,27.5,31.5,150.00798467085096
59717,27.5,32.0,148.31488257492296
59718,27.5,32.5,152.1905282189756
59719,27.5,33.0,152.36541507753185
59720,27.5,33.5,152.92893500377957
59721,27.5,34.0,152.82838894993606
59722,27.5,34.5,148.17649767129626
59723,27.5,35.5,158.90309915657826
59724,27.5,36.0,154.87354586531487
59725,27.5,36.5,144.72605549721598
59726,27.5,37.0,149.9402560663044
59727,27.5,37.5,156.80817414111385
59728,28.0,-37.5,153.50689839195712
59729,28.0,-37.0,147.22115567310115
59730,28.0,-36.5,148.43492689623915
59731,28.0,-36.0,148.95137877583915
59732,28.0,-35.5,147.34486900862547
59733,28.0,-35.0,150.3329745786464
59734,28.0,-34.5,148.8477535195446
59735,28.0,-34.0,151.80818820792686
59736,28.0,-33.5,153.57747735908325
59737,28.0,-33.0,153.9419317731549
59738,28.0,-32.5,150.1107069583612
59739,28.0,-32.0,148.38273510663007
59740,28.0,-31.5,148.35503206588353
59741,28.0,-31.0,148.8427600234287
59742,28.0,-30.5,143.46739399317048
59743,28.0,-29.5,147.42959506620107
59744,28.0,-29.0,148.72549215021243
59745,28.0,-28.5,150.60329708161555
59746,28.0,-28.0,152.50756182453088
59747,28.0,-27.5,151.23251064945788
59748,28.0,-27.0,154.92422026767838
59749,28.0,-26.5,152.27698399756076
59750,28.0,-26.0,151.07363965738122
59751,28.0,-25.5,153.2661386001405
59752,28.0,-25.0,148.35248269805427
59753,28.0,-24.5,148.40748666124097
59754,28.0,-24.0,146.78372405141178
59755,28.0,-23.5,152.15804391987368
59756,28.0,-23.0,153.43694170508573
59757,28.0,-22.5,154.03735844192218
59758,28.0,-22.0,151.4962550077019
59759,28.0,-21.5,150.84553105677682
59760,28.0,-21.0,154.79073584613468
59761,28.0,-20.5,147.42953850891146
59762,28.0,-20.0,149.5962135231848
59763,28.0,-19.5,149.42134240642457
59764,28.0,-19.0,150.45860206383264
59765,28.0,-18.5,148.92954064750253
59766,28.0,-18.0,150.2085839479792
59767,28.0,-17.5,149.87026373690844
59768,28.0,-16.5,150.57777047509492
59769,28.0,-16.0,150.72614374605544
59770,28.0,-15.5,150.28998138191318
59771,28.0,-15.0,151.7508865225671
59772,28.0,-14.5,150.86000140696868
59773,28.0,-14.0,153.85075411158948
59774,28.0,-13.5,149.9074170627169
59775,28.0,-13.0,152.0285894709008
59776,28.0,-12.5,151.82594922786097
59777,28.0,-12.0,147.3474910399638
59778,28.0,-11.5,149.5337631852852
59779,28.0,-10.5,158.53429927990936
59780,28.0,-10.0,155.30020717036956
59781,28.0,-9.5,155.3719652842653
59782,28.0,-9.0,148.0222346127791
59783,28.0,-8.5,152.16568271451803
59784,28.0,-8.0,149.74063465720238
59785,28.0,-7.5,151.910979586313
59786,28.0,-7.0,153.516097917381
59787,28.0,-6.5,150.45978407392388
59788,28.0,-6.0,148.58063894442026
59789,28.0,-5.5,148.62311900001384
59790,28.0,-5.0,150.06317339495598
59791,28.0,-4.5,147.4843427829881
59792,28.0,-4.0,146.71331318127093
59793,28.0,-3.5,147.06490794791617
59794,28.0,-3.0,147.32220413963702
59795,28.0,-2.5,143.75607641427274
59796,28.0,-2.0,146.80785145197595
59797,28.0,-1.5,148.74653768474317
59798,28.0,-1.0,144.931275384206
59799,28.0,-0.5,145.39486836844
59800,28.0,0.0,147.3252466515508
59801,28.0,0.5,148.09348286731026
59802,28.0,1.0,149.27210881553964
59803,28.0,1.5,149.2175904406367
59804,28.0,2.5,151.18093473800496
59805,28.0,3.0,149.62266957007373
59806,28.0,3.5,144.80245778069076
59807,28.0,4.0,147.0662622270497
59808,28.0,4.5,146.12623723380452
59809,28.0,6.0,149.53862997701097
59810,28.0,6.5,148.76134666264247
59811,28.0,8.0,154.0716475562389
59812,28.0,8.5,158.85710715648116
59813,28.0,9.0,162.20037046860875
59814,28.0,9.5,159.94657740435062
59815,28.0,10.5,156.07234496522375
59816,28.0,11.0,159.4942334758286
59817,28.0,11.5,157.63733880983278
59818,28.0,12.0,156.44004768225068
59819,28.0,12.5,156.92134285769583
59820,28.0,13.0,155.51528053824427
59821,28.0,13.5,154.96238998934487
59822,28.0,14.0,154.29491371845015
59823,28.0,14.5,153.60326178253652
59824,28.0,15.0,153.9568485340902
59825,28.0,15.5,154.5362684327722
59826,28.0,16.0,155.86298231653512
59827,28.0,16.5,151.090183161664
59828,28.0,17.0,154.38545066140898
59829,28.0,17.5,156.96702636382275
59830,28.0,18.0,153.6815682691393
59831,28.0,18.5,153.39762569886835
59832,28.0,19.0,155.32923585779622
59833,28.0,19.5,150.7168662580944
59834,28.0,20.0,150.61845496657244
59835,28.0,20.5,153.19901474706808
59836,28.0,21.0,153.79981226361704
59837,28.0,21.5,154.2555480773132
59838,28.0,22.0,152.00183274605837
59839,28.0,22.5,154.30065406764137
59840,28.0,23.0,156.64989190141532
59841,28.0,23.5,151.8098133419648
59842,28.0,24.0,160.96959051999457
59843,28.0,24.5,156.29603291600608
59844,28.0,25.0,151.66385510344492
59845,28.0,25.5,154.26182072969135
59846,28.0,26.0,153.64426092045406
59847,28.0,26.5,152.13126467640413
59848,28.0,27.0,153.94459068488683
59849,28.0,27.5,154.74988625783797
59850,28.0,28.0,150.43320869287905
59851,28.0,28.5,160.1408322937945
59852,28.0,29.0,159.05412602381298
59853,28.0,29.5,154.10343469005778
59854,28.0,30.0,153.18002619108236
59855,28.0,30.5,151.66887168071386
59856,28.0,31.0,151.58301043154395
59857,28.0,31.5,151.79111427281876
59858,28.0,32.0,149.16009699052546
59859,28.0,32.5,152.4489523993536
59860,28.0,33.0,154.88098308454795
59861,28.0,33.5,152.90408770046344
59862,28.0,34.0,155.13892143875634
59863,28.0,34.5,146.09840794680375
59864,28.0,35.5,155.55496174107066
59865,28.0,36.0,156.93769027438418
59866,28.0,36.5,147.26774152313862
59867,28.0,37.0,150.96101114038197
59868,28.0,37.5,157.3820871887986
59869,28.5,-37.5,153.14633766723205
59870,28.5,-37.0,147.20181077998865
59871,28.5,-36.5,149.33011338460108
59872,28.5,-36.0,148.52982445321817
59873,28.5,-35.0,149.76243015131053
59874,28.5,-34.0,152.52296052533814
59875,28.5,-33.5,152.69734173676855
59876,28.5,-33.0,152.16838229886505
59877,28.5,-32.5,155.37707649858973
59878,28.5,-32.0,147.44797993118135
59879,28.5,-31.5,153.86299483493877
59880,28.5,-31.0,155.96569742027376
59881,28.5,-30.5,144.46681687943075
59882,28.5,-30.0,151.4418710005693
59883,28.5,-29.5,143.7818598622193
59884,28.5,-29.0,147.93038031539945
59885,28.5,-28.5,150.04363599989787
59886,28.5,-28.0,152.2839866288333
59887,28.5,-27.5,150.40915583996008
59888,28.5,-27.0,153.55276347891288
59889,28.5,-26.5,151.05869822999418
59890,28.5,-26.0,152.1150106614695
59891,28.5,-25.5,152.36828738355396
59892,28.5,-25.0,150.90387770914154
59893,28.5,-24.5,148.92370531683014
59894,28.5,-24.0,148.22870483632974
59895,28.5,-23.5,149.7817631630891
59896,28.5,-23.0,150.9094282267125
59897,28.5,-22.5,152.48271283452647
59898,28.5,-22.0,151.02801380417498
59899,28.5,-21.5,154.64788464181777
59900,28.5,-21.0,148.1299936884235
59901,28.5,-20.5,147.38796137712393
59902,28.5,-20.0,150.12473156136548
59903,28.5,-19.5,149.2372253613933
59904,28.5,-19.0,149.9957496346339
59905,28.5,-18.5,150.27724577094094
59906,28.5,-18.0,148.4828435121515
59907,28.5,-17.5,149.44442283465622
59908,28.5,-17.0,151.2281930750714
59909,28.5,-16.5,165.04292721481997
59910,28.5,-16.0,146.5455837218997
59911,28.5,-15.0,151.06660817291203
59912,28.5,-14.5,149.27626966285965
59913,28.5,-14.0,150.5633441359818
59914,28.5,-13.5,150.13274405096908
59915,28.5,-13.0,145.62172858833347
59916,28.5,-12.5,152.76690341009763
59917,28.5,-12.0,152.2546098363066
59918,28.5,-11.5,144.5581253093305
59919,28.5,-9.5,161.19912872703546
59920,28.5,-9.0,160.85656682141146
59921,28.5,-8.5,150.881511888773
59922,28.5,-8.0,155.03370604407095
59923,28.5,-7.5,152.10809690832116
59924,28.5,-7.0,148.68229739937087
59925,28.5,-6.5,146.9906745711813
59926,28.5,-6.0,147.81886863305985
59927,28.5,-5.5,147.53632666785722
59928,28.5,-5.0,149.10520208709391
59929,28.5,-4.5,150.2756503384066
59930,28.5,-4.0,151.07019478816662
59931,28.5,-3.5,146.64555601232874
59932,28.5,-3.0,145.9756445330398
59933,28.5,-2.5,146.0180492608724
59934,28.5,-2.0,145.3650586225095
59935,28.5,-1.5,145.7413764365625
59936,28.5,-1.0,148.34948615897252
59937,28.5,-0.5,144.66264784807558
59938,28.5,0.0,146.15004613632968
59939,28.5,0.5,147.9149401674667
59940,28.5,1.0,147.98559167004413
59941,28.5,2.0,149.0075143526172
59942,28.5,2.5,151.09029022054068
59943,28.5,3.0,150.19219578621298
59944,28.5,3.5,147.92326199443806
59945,28.5,4.0,145.14154987487984
59946,28.5,4.5,146.95305731512664
59947,28.5,5.0,148.3077228857545
59948,28.5,5.5,150.30648129991897
59949,28.5,6.0,150.07782207590708
59950,28.5,6.5,151.2831206826495
59951,28.5,7.0,153.0835041510565
59952,28.5,8.0,152.97497546039864
59953,28.5,8.5,160.07913146946984
59954,28.5,9.0,162.6228922551568
59955,28.5,9.5,160.5351042593886
59956,28.5,10.0,159.68610766532956
59957,28.5,10.5,156.16812270005633
59958,28.5,11.0,156.63258520727638
59959,28.5,11.5,159.38102296879703
59960,28.5,12.0,155.6593243701697
59961,28.5,12.5,157.06069550002027
59962,28.5,13.0,159.28520723308185
59963,28.5,13.5,152.59642656746152
59964,28.5,14.0,151.69006945606642
59965,28.5,14.5,154.04759236510407
59966,28.5,15.0,156.23011922709867
59967,28.5,15.5,155.69566881959983
59968,28.5,16.0,156.07815701491668
59969,28.5,16.5,156.12093121004253
59970,28.5,17.0,155.23474820751332
59971,28.5,17.5,154.55338374713963
59972,28.5,18.0,152.72035950143524
59973,28.5,18.5,153.43427695539225
59974,28.5,19.0,154.27261540433815
59975,28.5,19.5,152.16022491104752
59976,28.5,20.0,150.4547620185306
59977,28.5,20.5,153.62808226312927
59978,28.5,21.0,151.90310263790983
59979,28.5,21.5,154.55260645469926
59980,28.5,22.0,152.91311411303732
59981,28.5,22.5,152.49681813272545
59982,28.5,23.0,153.25064273616525
59983,28.5,23.5,155.61319491485958
59984,28.5,24.0,162.42651788064273
59985,28.5,24.5,154.1789995486427
59986,28.5,25.0,152.46533702482725
59987,28.5,25.5,151.93268867262668
59988,28.5,26.0,152.59394682479953
59989,28.5,27.0,153.0140611544226
59990,28.5,27.5,155.23052093834121
59991,28.5,28.0,150.16332706287116
59992,28.5,28.5,155.31537037589885
59993,28.5,29.0,156.84799702800964
59994,28.5,29.5,153.98447755507567
59995,28.5,30.0,152.53723880678882
59996,28.5,30.5,151.3775009040274
59997,28.5,31.0,150.8905903306151
59998,28.5,31.5,152.4379439762458
59999,28.5,32.0,151.59948655746862
60000,28.5,32.5,151.57274863148623
60001,28.5,33.0,158.66621111575662
60002,28.5,33.5,152.4657801254468
60003,28.5,34.0,156.2351589992275
60004,28.5,34.5,146.63820839363356
60005,28.5,35.5,153.197517396704
60006,28.5,36.0,147.73548050885952
60007,28.5,36.5,144.698198935253
60008,28.5,37.0,150.71033027742038
60009,28.5,37.5,158.54682927946016
60010,29.0,-37.5,152.65910409045833
60011,29.0,-37.0,147.09664974473634
60012,29.0,-36.5,151.3886755400263
60013,29.0,-36.0,148.16317175914136
60014,29.0,-35.0,149.44492628329877
60015,29.0,-34.5,150.09126572995856
60016,29.0,-34.0,153.44994091762942
60017,29.0,-33.5,153.5841303495154
60018,29.0,-33.0,152.6652238263519
60019,29.0,-32.5,152.88398307066316
60020,29.0,-32.0,149.58275733382706
60021,29.0,-31.5,144.41802400624567
60022,29.0,-31.0,160.51341480982558
60023,29.0,-30.5,155.3590037104831
60024,29.0,-30.0,145.00214295603558
60025,29.0,-29.5,145.1579324788931
60026,29.0,-29.0,149.14244405487122
60027,29.0,-28.5,151.53505605162465
60028,29.0,-28.0,150.30194916267624
60029,29.0,-27.5,151.06375366222795
60030,29.0,-27.0,150.07465647083697
60031,29.0,-26.5,152.0424277845492
60032,29.0,-26.0,151.5581932888408
60033,29.0,-25.5,148.63822726398533
60034,29.0,-25.0,154.30300461436104
60035,29.0,-24.5,150.7704114473869
60036,29.0,-24.0,148.36235367591246
60037,29.0,-23.5,151.0825730589808
60038,29.0,-23.0,152.54772200429522
60039,29.0,-22.5,151.66352274769585
60040,29.0,-22.0,153.51422007676805
60041,29.0,-21.5,151.8012526102476
60042,29.0,-21.0,148.90741222539467
60043,29.0,-20.5,148.23197696163243
60044,29.0,-20.0,150.9938827167747
60045,29.0,-19.5,150.60748825537334
60046,29.0,-19.0,148.92516848605842
60047,29.0,-18.5,152.61200391968637
60048,29.0,-18.0,146.65208282609353
60049,29.0,-17.5,147.77843197137798
60050,29.0,-17.0,148.92959517737074
60051,29.0,-16.5,148.02532686680345
60052,29.0,-16.0,151.259123911192
60053,29.0,-15.0,150.2577210979281
60054,29.0,-14.5,150.95039138464338
60055,29.0,-14.0,148.01228383244998
60056,29.0,-13.5,153.40920703671776
60057,29.0,-13.0,146.20041719877256
60058,29.0,-12.5,151.8530281629107
60059,29.0,-12.0,150.86273778416472
60060,29.0,-11.5,150.00133654416072
60061,29.0,-11.0,147.27193594023763
60062,29.0,-10.5,153.47613874301913
60063,29.0,-10.0,147.9275424241763
60064,29.0,-9.5,148.18033598654097
60065,29.0,-9.0,158.8855018701911
60066,29.0,-8.5,153.7138970893902
60067,29.0,-8.0,152.65670427389435
60068,29.0,-7.5,152.36642725014292
60069,29.0,-7.0,149.83898714233518
60070,29.0,-6.5,146.95102966338618
60071,29.0,-6.0,145.42831742388225
60072,29.0,-5.5,152.0726389098781
60073,29.0,-5.0,148.30497409664108
60074,29.0,-4.5,154.04896741189563
60075,29.0,-4.0,154.67771370175421
60076,29.0,-3.5,151.0902010513686
60077,29.0,-3.0,146.0895288638751
60078,29.0,-2.5,151.68032235073244
60079,29.0,-2.0,152.65914759659094
60080,29.0,-1.5,152.64572570075785
60081,29.0,-1.0,145.557093945013
60082,29.0,-0.5,146.76454595255183
60083,29.0,0.0,145.64476755212007
60084,29.0,0.5,147.30883778665557
60085,29.0,1.5,147.45833413133414
60086,29.0,2.0,150.44054367295468
60087,29.0,2.5,149.9722815922068
60088,29.0,3.0,153.263879312195
60089,29.0,3.5,151.17221661769545
60090,29.0,4.0,144.4960867045105
60091,29.0,4.5,144.77035866834262
60092,29.0,5.0,148.09689956724347
60093,29.0,5.5,149.23190052341226
60094,29.0,6.5,151.46246192676017
60095,29.0,7.0,155.525111636334
60096,29.0,7.5,157.9851213689079
60097,29.0,8.0,159.095092531665
60098,29.0,8.5,166.48684816490675
60099,29.0,9.0,161.15337128146265
60100,29.0,9.5,156.44702234190555
60101,29.0,10.0,157.95556243564928
60102,29.0,10.5,156.2233635425564
60103,29.0,11.0,155.52953616191087
60104,29.0,11.5,156.34862941671818
60105,29.0,12.0,158.04677241570428
60106,29.0,12.5,156.24665288301736
60107,29.0,13.0,160.2830118518372
60108,29.0,13.5,152.84551006889075
60109,29.0,14.0,151.87806240573852
60110,29.0,14.5,153.3181520835553
60111,29.0,15.0,154.0616027071452
60112,29.0,15.5,157.56388142433866
60113,29.0,16.0,156.39241463953658
60114,29.0,16.5,157.09782312961133
60115,29.0,17.0,157.48752080734764
60116,29.0,17.5,152.31659061163796
60117,29.0,18.0,153.60866483682295
60118,29.0,18.5,154.95613279030727
60119,29.0,19.0,152.24401571240725
60120,29.0,19.5,151.9726765616951
60121,29.0,20.0,150.10746459940705
60122,29.0,20.5,151.1143585220911
60123,29.0,21.0,154.79784191929483
60124,29.0,21.5,149.4974680993495
60125,29.0,22.0,154.5343206783892
60126,29.0,22.5,150.88633661348345
60127,29.0,23.0,153.463791851091
60128,29.0,23.5,159.41521732851078
60129,29.0,24.0,159.58383443628134
60130,29.0,24.5,151.30347566780665
60131,29.0,25.0,155.98794444811952
60132,29.0,25.5,151.22748619396413
60133,29.0,26.0,153.34003682895593
60134,29.0,26.5,156.08606655332417
60135,29.0,27.0,153.37693934287677
60136,29.0,27.5,153.8914483941349
60137,29.0,28.0,152.53390898520425
60138,29.0,28.5,154.15905267769128
60139,29.0,29.0,154.19907599141277
60140,29.0,29.5,153.1175888753133
60141,29.0,30.0,153.86790238447767
60142,29.0,30.5,150.88423926481556
60143,29.0,31.0,149.05464308999345
60144,29.0,31.5,154.89778575794386
60145,29.0,32.0,151.0878681960713
60146,29.0,32.5,150.71298677618896
60147,29.0,33.0,156.0699457707703
60148,29.0,33.5,147.88002542532354
60149,29.0,34.0,149.8884549643011
60150,29.0,34.5,153.297798163337
60151,29.0,35.0,165.26081212260019
60152,29.0,35.5,154.86470567364574
60153,29.0,36.0,147.94841262906778
60154,29.0,36.5,146.8450565630382
60155,29.0,37.0,152.65615943952906
60156,29.0,37.5,158.28397260899894
60157,29.5,-37.5,152.27067947928074
60158,29.5,-37.0,146.94320799283327
60159,29.5,-36.5,152.4908209470757
60160,29.5,-36.0,147.94816989893198
60161,29.5,-35.0,149.4614742509659
60162,29.5,-34.5,150.16013883202416
60163,29.5,-34.0,153.79504551943404
60164,29.5,-33.5,153.6712842082043
60165,29.5,-33.0,152.2171604656935
60166,29.5,-32.5,152.20794818236723
60167,29.5,-32.0,152.01255231978868
60168,29.5,-31.5,145.59924382210596
60169,29.5,-31.0,156.85352673504852
60170,29.5,-30.5,145.77891423087254
60171,29.5,-30.0,147.11642746230945
60172,29.5,-29.5,146.2766907603414
60173,29.5,-29.0,151.3318592449017
60174,29.5,-28.5,150.94165795126344
60175,29.5,-28.0,151.29836739677435
60176,29.5,-27.5,151.13529659877972
60177,29.5,-27.0,150.61511459325558
60178,29.5,-26.5,150.38228037308534
60179,29.5,-26.0,152.07299756282
60180,29.5,-25.5,148.48636407908975
60181,29.5,-25.0,148.93640373110904
60182,29.5,-24.5,150.36485810391687
60183,29.5,-24.0,148.4618658688452
60184,29.5,-23.5,151.61458793582537
60185,29.5,-23.0,151.35789573115395
60186,29.5,-22.5,151.6733817673774
60187,29.5,-22.0,159.11561152300047
60188,29.5,-21.5,148.52102857139568
60189,29.5,-21.0,147.86007591550126
60190,29.5,-20.5,147.72607548472942
60191,29.5,-20.0,150.19898139832395
60192,29.5,-19.5,149.3963572912383
60193,29.5,-19.0,150.47359870361777
60194,29.5,-18.5,152.052912478932
60195,29.5,-17.5,147.58301741927022
60196,29.5,-17.0,148.12505580206494
60197,29.5,-16.5,151.24583766618971
60198,29.5,-15.5,150.0417894548072
60199,29.5,-15.0,152.60632644337966
60200,29.5,-14.5,150.5034886525718
60201,29.5,-14.0,153.2049258782157
60202,29.5,-13.5,145.23169053236992
60203,29.5,-13.0,150.0769619344182
60204,29.5,-12.5,150.33659506064424
60205,29.5,-12.0,163.9780462596023
60206,29.5,-11.5,155.4989783317947
60207,29.5,-11.0,149.92793812055407
60208,29.5,-10.5,154.66669947635918
60209,29.5,-10.0,150.62898903271056
60210,29.5,-9.5,150.53031388587246
60211,29.5,-9.0,151.22548714788007
60212,29.5,-8.5,153.48505845078364
60213,29.5,-8.0,149.90702335415708
60214,29.5,-7.5,153.00977414418222
60215,29.5,-7.0,152.2729046551724
60216,29.5,-6.5,153.66516841187752
60217,29.5,-6.0,159.1756617872655
60218,29.5,-5.5,153.4230360836731
60219,29.5,-5.0,157.3683409621433
60220,29.5,-4.0,155.61961995872463
60221,29.5,-3.5,149.35221024853294
60222,29.5,-3.0,147.05345740446424
60223,29.5,-2.5,146.33044316386375
60224,29.5,-2.0,153.0510943885852
60225,29.5,-1.5,147.77576282509708
60226,29.5,-1.0,148.4184947961649
60227,29.5,-0.5,152.88733303732513
60228,29.5,0.0,150.065075030379
60229,29.5,0.5,147.456567497862
60230,29.5,1.0,146.13889123763317
60231,29.5,1.5,150.66006528156709
60232,29.5,2.0,149.70713128625727
60233,29.5,3.0,152.53773839099532
60234,29.5,3.5,153.26040333200368
60235,29.5,4.0,149.4614633359065
60236,29.5,4.5,145.2964888041808
60237,29.5,5.0,147.7662728167887
60238,29.5,5.5,148.63545791962642
60239,29.5,6.0,150.93759332500932
60240,29.5,7.0,157.85876257002298
60241,29.5,7.5,157.37173135828073
60242,29.5,8.0,156.36120225350038
60243,29.5,8.5,158.72869072481652
60244,29.5,9.0,155.87587823389393
60245,29.5,9.5,154.9884228496163
60246,29.5,10.0,157.46464445721026
60247,29.5,10.5,157.2063767048523
60248,29.5,11.0,157.6324117755024
60249,29.5,11.5,151.1049905942434
60250,29.5,12.0,159.085716911094
60251,29.5,12.5,156.6959414585253
60252,29.5,13.0,151.62330426839753
60253,29.5,13.5,151.11552674204245
60254,29.5,14.0,155.25378339679892
60255,29.5,14.5,154.03429922842932
60256,29.5,15.0,154.63540043587471
60257,29.5,16.0,155.4474401601667
60258,29.5,16.5,157.2905611734767
60259,29.5,17.0,155.94222332991836
60260,29.5,17.5,152.52286507725955
60261,29.5,18.0,154.28149447761018
60262,29.5,18.5,154.10992878642423
60263,29.5,19.0,152.3213644689188
60264,29.5,19.5,152.41153448851134
60265,29.5,20.0,150.96240921619864
60266,29.5,20.5,150.28951526591425
60267,29.5,21.0,153.2531925890223
60268,29.5,21.5,150.502115006917
60269,29.5,22.0,154.98229980462722
60270,29.5,22.5,150.86325600260668
60271,29.5,23.0,150.48801157581147
60272,29.5,23.5,157.20559085988359
60273,29.5,24.0,158.49756311217007
60274,29.5,24.5,153.49931473924264
60275,29.5,25.0,156.57965321948538
60276,29.5,25.5,151.15571442168775
60277,29.5,26.0,152.61306784573574
60278,29.5,26.5,153.13834504801693
60279,29.5,27.5,153.00076633553329
60280,29.5,28.0,153.33843169182487
60281,29.5,28.5,151.60035251869647
60282,29.5,29.0,153.65695179209752
60283,29.5,29.5,153.6233739267194
60284,29.5,30.0,154.0350357664837
60285,29.5,30.5,151.1143520743099
60286,29.5,31.0,149.32103351700843
60287,29.5,31.5,154.23738551511667
60288,29.5,32.0,151.85533581479734
60289,29.5,32.5,150.5053675387806
60290,29.5,33.0,154.91724619618637
60291,29.5,33.5,147.54340083831633
60292,29.5,34.0,150.7809107509273
60293,29.5,34.5,159.22110316707435
60294,29.5,35.0,165.15366028150868
60295,29.5,35.5,148.7603670741786
60296,29.5,36.0,160.16020625230288
60297,29.5,36.5,143.7296080213454
60298,29.5,37.0,152.9688442511819
60299,29.5,37.5,157.5318445870782
60300,30.0,-37.5,151.9253137733813
60301,30.0,-37.0,147.0002015581187
60302,30.0,-36.5,151.99609689767513
60303,30.0,-36.0,147.5522029602511
60304,30.0,-35.5,149.16892764896446
60305,30.0,-35.0,149.65962847502945
60306,30.0,-34.5,150.31520779007366
60307,30.0,-34.0,154.54408741769072
60308,30.0,-33.5,154.13294588301832
60309,30.0,-33.0,152.48629032107303
60310,30.0,-32.5,151.36377774582095
60311,30.0,-32.0,146.85788522523555
60312,30.0,-31.5,157.87563860120497
60313,30.0,-31.0,156.38991839985658
60314,30.0,-30.5,145.1051297914578
60315,30.0,-30.0,146.1630863939139
60316,30.0,-29.5,147.94491990730018
60317,30.0,-29.0,151.32963287202247
60318,30.0,-28.5,149.5236888837164
60319,30.0,-28.0,154.21994813248014
60320,30.0,-27.5,150.4222712729702
60321,30.0,-27.0,149.93562269696312
60322,30.0,-26.5,150.28397426167098
60323,30.0,-26.0,150.21809073385097
60324,30.0,-25.5,150.78263584938634
60325,30.0,-25.0,148.8944433396614
60326,30.0,-24.5,148.58771872670118
60327,30.0,-24.0,147.93406765083077
60328,30.0,-23.5,147.61548811954225
60329,30.0,-23.0,147.6782127888245
60330,30.0,-22.5,152.26450126449797
60331,30.0,-22.0,154.4754707394106
60332,30.0,-21.5,149.1124111368128
60333,30.0,-21.0,148.18361965331817
60334,30.0,-20.5,150.17760127032858
60335,30.0,-20.0,147.02608027245967
60336,30.0,-19.5,147.15974906811286
60337,30.0,-19.0,153.24622904930476
60338,30.0,-18.5,148.35049105747564
60339,30.0,-18.0,151.6615131373026
60340,30.0,-17.5,148.16718501937157
60341,30.0,-17.0,148.84014264496838
60342,30.0,-16.5,152.45566028652348
60343,30.0,-16.0,150.64010010917153
60344,30.0,-15.5,152.2863051304591
60345,30.0,-15.0,153.82818657088993
60346,30.0,-14.5,155.1080363516225
60347,30.0,-14.0,154.75100312992083
60348,30.0,-13.5,142.71225146343937
60349,30.0,-13.0,150.9247379137004
60350,30.0,-12.5,151.5754912452461
60351,30.0,-12.0,158.51572286698016
60352,30.0,-11.5,158.24738038591602
60353,30.0,-11.0,158.6619062564295
60354,30.0,-10.5,147.14960954243213
60355,30.0,-10.0,149.5937915154754
60356,30.0,-9.5,151.20438550727332
60357,30.0,-9.0,152.76136950383673
60358,30.0,-8.5,155.62651735314432
60359,30.0,-8.0,154.1715526964599
60360,30.0,-7.5,152.53414415145562
60361,30.0,-7.0,153.32552890423884
60362,30.0,-6.5,159.12160750003753
60363,30.0,-6.0,152.5312178139015
60364,30.0,-5.5,147.68313130057285
60365,30.0,-5.0,152.0040113609735
60366,30.0,-4.5,147.7782377959056
60367,30.0,-4.0,145.8199036488124
60368,30.0,-3.5,148.628125483402
60369,30.0,-3.0,148.3462699662457
60370,30.0,-2.5,148.43563077565545
60371,30.0,-2.0,150.66138080542274
60372,30.0,-1.5,147.42426971301592
60373,30.0,-1.0,145.83351543527226
60374,30.0,-0.5,150.53209910530688
60375,30.0,0.0,157.93438481827044
60376,30.0,0.5,146.59053861955636
60377,30.0,1.0,150.22164598463326
60378,30.0,1.5,150.47217512838853
60379,30.0,3.0,152.16962352527472
60380,30.0,4.0,150.93558833916006
60381,30.0,4.5,148.17522699882306
60382,30.0,5.0,145.16808166575422
60383,30.0,5.5,151.07778973721284
60384,30.0,6.0,153.1042342069873
60385,30.0,7.0,167.84546135257094
60386,30.0,7.5,163.61780102783024
60387,30.0,8.0,164.04914320459935
60388,30.0,8.5,159.90530648160703
60389,30.0,9.0,155.77113041863146
60390,30.0,9.5,156.25908681087333
60391,30.0,10.0,156.6871336845957
60392,30.0,10.5,156.13497536448207
60393,30.0,11.0,157.3408696322584
60394,30.0,11.5,155.1474077406595
60395,30.0,12.0,155.8017790479009
60396,30.0,12.5,160.17553434119958
60397,30.0,13.0,154.4898208142998
60398,30.0,13.5,153.59462925857778
60399,30.0,14.0,154.2905195769459
60400,30.0,14.5,156.47180317997987
60401,30.0,15.0,152.1703848934298
60402,30.0,15.5,156.38753453602382
60403,30.0,16.0,156.81905989138363
60404,30.0,16.5,157.70549907477405
60405,30.0,17.0,157.21809177172156
60406,30.0,17.5,155.43069558847583
60407,30.0,18.0,153.05509994681682
60408,30.0,18.5,151.1373178626628
60409,30.0,19.0,151.72938973937224
60410,30.0,19.5,152.70453123549512
60411,30.0,20.0,152.84387654422113
60412,30.0,20.5,150.21110090801344
60413,30.0,21.0,150.1092876504306
60414,30.0,21.5,157.0680362289955
60415,30.0,22.0,150.80029002963528
60416,30.0,22.5,151.3598059909425
60417,30.0,23.5,155.99183692677363
60418,30.0,24.0,153.95327188835148
60419,30.0,24.5,158.66935787956268
60420,30.0,25.0,156.2206784165058
60421,30.0,25.5,152.08151128163274
60422,30.0,26.0,149.36318946035323
60423,30.0,26.5,152.6107525222415
60424,30.0,27.0,152.66711221065844
60425,30.0,27.5,152.51032916757285
60426,30.0,28.0,153.20928624220474
60427,30.0,28.5,151.3196692373135
60428,30.0,29.0,150.36621926205828
60429,30.0,29.5,152.95763145943144
60430,30.0,30.0,151.81443935751622
60431,30.0,30.5,154.0687779159197
60432,30.0,31.0,149.998010804976
60433,30.0,31.5,153.58815922789586
60434,30.0,32.0,151.8097258497087
60435,30.0,32.5,153.64073837487624
60436,30.0,33.0,151.14125964507497
60437,30.0,33.5,147.09875799556195
60438,30.0,34.0,151.4366233956021
60439,30.0,34.5,160.2705455062793
60440,30.0,35.0,164.29213654997142
60441,30.0,35.5,144.53156072748348
60442,30.0,36.0,158.00997544794825
60443,30.0,36.5,143.88293219519792
60444,30.0,37.0,152.72501414967752
60445,30.0,37.5,157.6600053196339
60446,30.5,-37.5,151.6741873725181
60447,30.5,-37.0,148.03272116521083
60448,30.5,-36.5,152.39231956743967
60449,30.5,-36.0,147.23422667734715
60450,30.5,-35.5,147.28525651886798
60451,30.5,-35.0,149.1001348927952
60452,30.5,-34.5,150.42117283482978
60453,30.5,-34.0,155.05199881476435
60454,30.5,-33.5,152.74806199208007
60455,30.5,-33.0,154.52550231074395
60456,30.5,-32.5,150.92848040419403
60457,30.5,-32.0,146.757375677602
60458,30.5,-31.5,156.01156478372258
60459,30.5,-31.0,154.00657374109514
60460,30.5,-30.5,145.5134445698098
60461,30.5,-30.0,146.65515967636532
60462,30.5,-29.5,149.2052741563087
60463,30.5,-29.0,150.33851404893403
60464,30.5,-28.5,150.23386922215755
60465,30.5,-28.0,150.98711106446257
60466,30.5,-27.5,149.3733267270515
60467,30.5,-27.0,151.37028894946144
60468,30.5,-26.5,150.26680090855285
60469,30.5,-26.0,147.8151905130271
60470,30.5,-25.5,148.5246419918676
60471,30.5,-25.0,144.70068857338728
60472,30.5,-24.5,147.97542195358918
60473,30.5,-24.0,148.9491676094123
60474,30.5,-23.5,147.55988551706074
60475,30.5,-23.0,148.38473708401236
60476,30.5,-22.5,155.95029202796934
60477,30.5,-22.0,150.6723439947545
60478,30.5,-21.5,151.7628317401935
60479,30.5,-21.0,150.16900821651458
60480,30.5,-20.5,148.99644304157698
60481,30.5,-20.0,147.60287097078194
60482,30.5,-19.5,151.04124400773674
60483,30.5,-19.0,151.43552486358266
60484,30.5,-18.5,149.91433941200344
60485,30.5,-18.0,151.26512334559803
60486,30.5,-17.5,150.58663991304724
60487,30.5,-17.0,152.1027685864831
60488,30.5,-16.5,147.06845460097227
60489,30.5,-16.0,150.66199980606868
60490,30.5,-15.5,152.89479010333062
60491,30.5,-15.0,157.04594691555315
60492,30.5,-13.0,147.80963064110105
60493,30.5,-12.5,153.5477443937771
60494,30.5,-12.0,152.58000159144052
60495,30.5,-11.5,157.14510598149488
60496,30.5,-11.0,152.2317508825673
60497,30.5,-10.5,149.19948579159274
60498,30.5,-10.0,147.22001870339707
60499,30.5,-9.0,153.17001203897271
60500,30.5,-8.5,154.91146333937323
60501,30.5,-8.0,157.15781810441442
60502,30.5,-7.5,154.44876899135676
60503,30.5,-7.0,156.869294183812
60504,30.5,-6.5,152.66424034218656
60505,30.5,-6.0,147.90791155836013
60506,30.5,-5.5,146.33269742135846
60507,30.5,-5.0,147.30681509537305
60508,30.5,-4.5,148.01696337569462
60509,30.5,-4.0,147.35642702758943
60510,30.5,-3.5,147.14014031527745
60511,30.5,-3.0,148.78641860728487
60512,30.5,-2.0,151.7495347712072
60513,30.5,-1.5,148.91077266673202
60514,30.5,-1.0,148.266150652843
60515,30.5,-0.5,149.10014655388582
60516,30.5,0.0,154.33524123585576
60517,30.5,0.5,151.00732054344482
60518,30.5,1.0,153.9539193775326
60519,30.5,1.5,152.49418956688748
60520,30.5,2.5,151.93670792521678
60521,30.5,4.0,149.63410266780963
60522,30.5,4.5,149.54312335385964
60523,30.5,5.0,148.93703683767134
60524,30.5,5.5,150.0136836838417
60525,30.5,6.0,154.87775138892118
60526,30.5,6.5,157.32607507213845
60527,30.5,7.0,157.30839457497737
60528,30.5,7.5,155.973461732956
60529,30.5,8.0,162.55995851601187
60530,30.5,8.5,163.67694188489554
60531,30.5,9.0,160.0444196199375
60532,30.5,9.5,162.20328310732094
60533,30.5,10.0,154.82952099624885
60534,30.5,10.5,157.16189212717734
60535,30.5,11.0,149.83225662982528
60536,30.5,11.5,153.87987957273805
60537,30.5,12.0,152.5916901132415
60538,30.5,12.5,158.38982795572784
60539,30.5,13.0,161.82727330475103
60540,30.5,13.5,153.48331022598796
60541,30.5,14.0,153.32048455661692
60542,30.5,14.5,156.67298095925813
60543,30.5,15.0,154.9480004758388
60544,30.5,15.5,155.75769057413538
60545,30.5,16.0,158.03963764661265
60546,30.5,16.5,151.2203349307231
60547,30.5,17.0,156.0992557017952
60548,30.5,17.5,159.27706665492977
60549,30.5,18.0,156.06854828906293
60550,30.5,18.5,152.9826875465748
60551,30.5,19.0,152.23268682083784
60552,30.5,19.5,152.68311151844966
60553,30.5,20.0,151.68482198858982
60554,30.5,20.5,149.20762013461976
60555,30.5,21.0,147.6436323002034
60556,30.5,21.5,155.74273118383215
60557,30.5,22.0,150.84268165400118
60558,30.5,22.5,153.1231702702119
60559,30.5,23.0,152.19946804301557
60560,30.5,23.5,155.55981042204326
60561,30.5,24.0,150.68941676347453
60562,30.5,24.5,160.1793654071283
60563,30.5,25.0,153.57956609664717
60564,30.5,25.5,154.4945826266218
60565,30.5,26.0,149.7084776651867
60566,30.5,26.5,149.5408999604928
60567,30.5,27.0,153.2749286458465
60568,30.5,27.5,146.15202609947858
60569,30.5,28.0,152.39021325692585
60570,30.5,28.5,153.50192230287763
60571,30.5,29.0,151.82570900827943
60572,30.5,29.5,153.9782427185053
60573,30.5,30.0,151.52407377673643
60574,30.5,30.5,154.3010259006512
60575,30.5,31.0,154.7881326010169
60576,30.5,31.5,152.551398995258
60577,30.5,32.0,152.15971711276055
60578,30.5,32.5,153.16875053772173
60579,30.5,33.0,146.74016635125233
60580,30.5,33.5,146.2951646270222
60581,30.5,34.0,155.19709585793643
60582,30.5,34.5,163.49075542257972
60583,30.5,35.0,164.32971986964372
60584,30.5,35.5,142.81143389370084
60585,30.5,36.0,156.88265447775203
60586,30.5,36.5,151.39501556422832
60587,30.5,37.0,152.02926528570265
60588,30.5,37.5,155.24541024360312
60589,30.5,38.0,163.74310641874723
60590,31.0,-37.5,151.37950893713673
60591,31.0,-37.0,152.69433547934355
60592,31.0,-36.5,151.18176601117986
60593,31.0,-36.0,147.17384305986897
60594,31.0,-35.5,147.1977804636482
60595,31.0,-35.0,150.04240100859295
60596,31.0,-34.5,150.56809933750642
60597,31.0,-34.0,155.18710012308858
60598,31.0,-33.5,153.60819422478443
60599,31.0,-33.0,154.13668108031948
60600,31.0,-32.5,149.9018625107462
60601,31.0,-32.0,146.71174855193073
60602,31.0,-31.5,157.3203533718989
60603,31.0,-31.0,160.28921962008278
60604,31.0,-30.5,150.0210928032451
60605,31.0,-30.0,147.85431472615846
60606,31.0,-29.5,146.78890615110674
60607,31.0,-29.0,150.9206375947155
60608,31.0,-28.5,149.9908978373893
60609,31.0,-28.0,149.11682825902395
60610,31.0,-27.5,150.5841988637046
60611,31.0,-27.0,149.08783288783977
60612,31.0,-26.5,147.6573283768721
60613,31.0,-26.0,147.45252720021503
60614,31.0,-25.5,147.92065246540173
60615,31.0,-25.0,147.45096018577803
60616,31.0,-24.5,148.2612926134352
60617,31.0,-24.0,148.28544575342107
60618,31.0,-23.5,149.58526716828283
60619,31.0,-23.0,153.3764897399581
60620,31.0,-22.5,158.7703394070436
60621,31.0,-22.0,149.0203018273126
60622,31.0,-21.5,151.34740463694382
60623,31.0,-21.0,151.4110425970673
60624,31.0,-20.5,148.58723027567518
60625,31.0,-20.0,149.081780049249
60626,31.0,-19.5,149.7303272883179
60627,31.0,-19.0,148.72385109406403
60628,31.0,-18.5,152.61277790596895
60629,31.0,-18.0,150.402098166197
60630,31.0,-17.5,153.19358803829996
60631,31.0,-17.0,158.17139816389144
60632,31.0,-16.5,148.6231256741631
60633,31.0,-16.0,152.71711838944586
60634,31.0,-15.5,157.76693582878534
60635,31.0,-13.5,155.18733078478192
60636,31.0,-13.0,148.24359655456567
60637,31.0,-12.5,147.95819239662768
60638,31.0,-12.0,151.0586265429981
60639,31.0,-11.5,149.1711558174972
60640,31.0,-11.0,151.42309793248734
60641,31.0,-10.5,150.5620672066021
60642,31.0,-10.0,147.8386059674775
60643,31.0,-9.5,150.0160515538637
60644,31.0,-9.0,154.83036664827807
60645,31.0,-8.5,156.05061937519957
60646,31.0,-8.0,150.7098268919813
60647,31.0,-7.5,152.4767101073678
60648,31.0,-7.0,148.02869194044027
60649,31.0,-6.5,150.2729313848448
60650,31.0,-6.0,149.2831679947276
60651,31.0,-5.5,150.1475611120236
60652,31.0,-5.0,153.3108860263978
60653,31.0,-4.5,144.83495300046783
60654,31.0,-4.0,148.98002772733867
60655,31.0,-3.5,147.04114899612895
60656,31.0,-3.0,149.79084148256908
60657,31.0,-2.5,149.0003391933375
60658,31.0,-2.0,149.93971566788937
60659,31.0,-1.5,150.4134959901616
60660,31.0,-1.0,151.02673029076644
60661,31.0,-0.5,149.27326203373386
60662,31.0,0.0,150.78198184575945
60663,31.0,0.5,150.04097498752452
60664,31.0,1.0,149.94435749590724
60665,31.0,1.5,153.99662697449884
60666,31.0,2.0,152.17211768748962
60667,31.0,2.5,152.2693358501433
60668,31.0,3.5,148.78999682634506
60669,31.0,4.0,148.48018938567685
60670,31.0,5.0,152.5210989706653
60671,31.0,5.5,152.91810940848094
60672,31.0,6.0,158.3179732668408
60673,31.0,6.5,157.53769165253203
60674,31.0,7.0,162.6736010347412
60675,31.0,7.5,160.5938141857783
60676,31.0,8.0,161.14075459552296
60677,31.0,8.5,158.25657672935756
60678,31.0,9.0,158.40827257885536
60679,31.0,9.5,158.06510633703712
60680,31.0,10.0,154.9300297364871
60681,31.0,10.5,157.50731968261923
60682,31.0,11.0,156.93768994677413
60683,31.0,11.5,152.33693180412698
60684,31.0,12.0,151.18966285083602
60685,31.0,12.5,154.27543343483788
60686,31.0,13.0,156.41696082032377
60687,31.0,13.5,152.85205582301208
60688,31.0,14.0,151.24092759735046
60689,31.0,14.5,156.56747713713753
60690,31.0,15.0,155.09464220855685
60691,31.0,15.5,156.64392001440663
60692,31.0,16.0,157.81048889598677
60693,31.0,16.5,150.23667899985193
60694,31.0,17.0,154.6081680963321
60695,31.0,17.5,165.08608643704534
60696,31.0,18.0,155.62186838644183
60697,31.0,18.5,150.71430737548917
60698,31.0,19.0,150.16638588877998
60699,31.0,19.5,152.20131219318324
60700,31.0,20.0,152.95022226244524
60701,31.0,20.5,152.56770223291866
60702,31.0,21.5,150.20005878065803
60703,31.0,22.0,148.9806511195085
60704,31.0,23.0,153.73041336808913
60705,31.0,23.5,151.27992526173725
60706,31.0,24.0,153.8371065629366
60707,31.0,24.5,152.90626085517994
60708,31.0,25.0,155.3787771852887
60709,31.0,25.5,152.5403189072035
60710,31.0,26.0,151.77361510747718
60711,31.0,26.5,149.9827407790967
60712,31.0,27.0,154.0184857352584
60713,31.0,27.5,150.44094457446562
60714,31.0,28.0,153.04398834334913
60715,31.0,28.5,154.3364267827081
60716,31.0,29.0,152.04120787926357
60717,31.0,29.5,155.4685585639061
60718,31.0,30.0,152.60251069240658
60719,31.0,30.5,153.82080612998433
60720,31.0,31.0,153.8304279413203
60721,31.0,31.5,153.94367642110558
60722,31.0,32.0,151.5831391831098
60723,31.0,32.5,152.68414765413613
60724,31.0,33.0,146.80351282972904
60725,31.0,33.5,144.69846465790846
60726,31.0,34.0,161.34259121937913
60727,31.0,34.5,162.1455116033591
60728,31.0,35.0,159.28574389999312
60729,31.0,35.5,151.07982898292602
60730,31.0,36.0,154.82507865343547
60731,31.0,36.5,150.89115503100479
60732,31.0,37.0,152.51785158487235
60733,31.0,37.5,155.73032690338272
60734,31.0,38.0,164.24459218115746
60735,31.0,39.0,178.49217850158138
60736,31.5,-37.5,151.134845106453
60737,31.5,-37.0,153.11445357122832
60738,31.5,-36.5,153.63902864412785
60739,31.5,-36.0,147.23250004516504
60740,31.5,-35.5,147.88837252793542
60741,31.5,-35.0,150.2800756597034
60742,31.5,-34.5,150.67627303183278
60743,31.5,-34.0,155.9520966097742
60744,31.5,-33.5,153.14046011213247
60745,31.5,-33.0,154.82271032838233
60746,31.5,-32.5,150.34141214942812
60747,31.5,-32.0,152.77650784721465
60748,31.5,-31.5,156.0319182189133
60749,31.5,-31.0,148.76683164911185
60750,31.5,-30.5,151.10314576498644
60751,31.5,-30.0,147.82636733580122
60752,31.5,-29.5,148.29239216891648
60753,31.5,-29.0,149.95129671738823
60754,31.5,-28.5,149.14998157949518
60755,31.5,-28.0,148.42096377270272
60756,31.5,-27.5,149.33809369991843
60757,31.5,-27.0,149.3599778332214
60758,31.5,-26.5,148.7255985934443
60759,31.5,-26.0,146.67278546797303
60760,31.5,-25.5,149.22674336996087
60761,31.5,-25.0,148.4096355120777
60762,31.5,-24.5,148.43021831685272
60763,31.5,-24.0,149.53220588624183
60764,31.5,-23.5,151.82121554664883
60765,31.5,-23.0,156.85455199314737
60766,31.5,-22.5,147.08263130917393
60767,31.5,-22.0,148.33660481923567
60768,31.5,-21.5,152.3465192694446
60769,31.5,-21.0,151.04809832050597
60770,31.5,-20.5,149.1632634180071
60771,31.5,-20.0,148.97473150873031
60772,31.5,-19.5,148.23637910075888
60773,31.5,-19.0,152.84386555173305
60774,31.5,-18.5,148.7101307101583
60775,31.5,-18.0,151.04689926470473
60776,31.5,-17.5,151.3424354238018
60777,31.5,-17.0,149.0806583262142
60778,31.5,-16.5,149.5826261122717
60779,31.5,-16.0,152.59563027640547
60780,31.5,-15.5,155.14119612905594
60781,31.5,-14.0,156.64267809910393
60782,31.5,-13.5,156.4234433018011
60783,31.5,-13.0,152.13996297529872
60784,31.5,-12.5,144.19379333831637
60785,31.5,-12.0,150.19303204492934
60786,31.5,-11.5,148.17679474058266
60787,31.5,-11.0,149.53263878696546
60788,31.5,-10.5,150.98019223709406
60789,31.5,-10.0,150.92977265068026
60790,31.5,-9.5,145.79288118810143
60791,31.5,-9.0,151.60716294805403
60792,31.5,-8.5,151.6247933058263
60793,31.5,-8.0,150.39533825031086
60794,31.5,-7.5,156.77469696462953
60795,31.5,-7.0,148.00585216816114
60796,31.5,-6.5,146.45886945200078
60797,31.5,-6.0,151.15408629712869
60798,31.5,-5.5,152.69629897486166
60799,31.5,-5.0,151.5913025254762
60800,31.5,-4.5,151.0275529955599
60801,31.5,-4.0,147.3819225861903
60802,31.5,-3.5,148.06145842434094
60803,31.5,-3.0,147.59647076123449
60804,31.5,-2.5,150.45579766101113
60805,31.5,-2.0,151.24629840531367
60806,31.5,-1.5,152.6422283362831
60807,31.5,-1.0,155.56798387154706
60808,31.5,-0.5,155.84411497467906
60809,31.5,0.0,152.08351803671883
60810,31.5,0.5,153.66882521538227
60811,31.5,1.0,151.08360346167345
60812,31.5,1.5,152.01930441640008
60813,31.5,2.0,153.96049726486794
60814,31.5,2.5,152.00660380232574
60815,31.5,3.5,151.88184846745403
60816,31.5,5.0,153.17428720066675
60817,31.5,5.5,153.5587245345617
60818,31.5,6.0,157.21718147311023
60819,31.5,6.5,158.3060634810204
60820,31.5,7.0,164.27995576527744
60821,31.5,7.5,159.32689123062462
60822,31.5,8.0,157.83257801455682
60823,31.5,8.5,155.47863206420635
60824,31.5,9.0,157.70969024489514
60825,31.5,9.5,154.91551582647188
60826,31.5,10.5,156.17246616429568
60827,31.5,11.0,157.891012837266
60828,31.5,11.5,154.5365024707819
60829,31.5,12.0,149.87007553769624
60830,31.5,12.5,158.4038742455421
60831,31.5,13.0,156.65840257558975
60832,31.5,13.5,151.19853842064296
60833,31.5,15.0,159.17740608138087
60834,31.5,15.5,157.18365053625897
60835,31.5,16.0,151.6494387570189
60836,31.5,16.5,155.19911624858062
60837,31.5,17.0,152.4321737093452
60838,31.5,17.5,153.94088718352765
60839,31.5,18.0,161.8025176252429
60840,31.5,18.5,153.19555600442635
60841,31.5,19.0,151.26330711568662
60842,31.5,19.5,152.4959451290052
60843,31.5,20.0,156.1426841669278
60844,31.5,20.5,153.06512778166015
60845,31.5,21.0,153.5826201901532
60846,31.5,21.5,147.82435585536447
60847,31.5,23.0,155.03154559574023
60848,31.5,23.5,149.21138677872753
60849,31.5,24.0,157.47242446286734
60850,31.5,24.5,153.29337804799553
60851,31.5,25.0,156.4946012233885
60852,31.5,25.5,152.3381786003443
60853,31.5,26.0,152.96337874719464
60854,31.5,26.5,149.91967174491745
60855,31.5,27.0,146.60941380536573
60856,31.5,27.5,151.9808457109846
60857,31.5,28.0,154.2006831285099
60858,31.5,28.5,154.09227746420368
60859,31.5,29.0,151.20052079792296
60860,31.5,29.5,149.49553946360527
60861,31.5,30.0,151.06612653953238
60862,31.5,30.5,152.2148455030935
60863,31.5,31.0,153.28109748685927
60864,31.5,31.5,152.8496153869517
60865,31.5,32.0,151.7247267641482
60866,31.5,32.5,153.47877931243423
60867,31.5,33.0,146.7594732091221
60868,31.5,33.5,144.96941185682235
60869,31.5,34.0,148.68244122393608
60870,31.5,34.5,161.269074311695
60871,31.5,35.0,163.7308232164114
60872,31.5,35.5,154.09504690772334
60873,31.5,36.0,154.8354605864653
60874,31.5,36.5,145.6954871833012
60875,31.5,37.0,151.9424227657938
60876,31.5,37.5,155.749163017187
60877,31.5,38.0,168.0090657720885
60878,31.5,39.0,178.82855519085186
60879,32.0,-37.5,150.7878442069437
60880,32.0,-37.0,153.28575809130302
60881,32.0,-36.5,153.75910642472346
60882,32.0,-36.0,147.09198740852344
60883,32.0,-35.5,147.0931205266413
60884,32.0,-35.0,150.7778638666035
60885,32.0,-34.0,154.9051778778381
60886,32.0,-33.5,153.16917700518655
60887,32.0,-33.0,154.3632050229364
60888,32.0,-32.5,153.89926027853895
60889,32.0,-32.0,151.8396661814958
60890,32.0,-31.5,155.952729336971
60891,32.0,-31.0,149.24372171640363
60892,32.0,-30.5,148.97205442083327
60893,32.0,-30.0,146.8926778086252
60894,32.0,-29.5,148.1995163764748
60895,32.0,-29.0,150.12376368808148
60896,32.0,-28.5,150.12228287811823
60897,32.0,-28.0,148.26612965083683
60898,32.0,-27.5,150.66076850904884
60899,32.0,-27.0,150.40326455545326
60900,32.0,-26.5,149.89741275381985
60901,32.0,-26.0,149.78772215207601
60902,32.0,-25.5,151.00944568380416
60903,32.0,-25.0,150.00310845711078
60904,32.0,-24.5,151.27748095768484
60905,32.0,-24.0,153.3305335382108
60906,32.0,-23.5,155.65040893279502
60907,32.0,-23.0,153.67690096050222
60908,32.0,-22.5,148.50779767736915
60909,32.0,-22.0,149.57085403008978
60910,32.0,-21.5,151.62741929511597
60911,32.0,-21.0,150.77258123764238
60912,32.0,-20.5,150.6705224628124
60913,32.0,-20.0,150.16896482253043
60914,32.0,-19.5,148.9619362750313
60915,32.0,-19.0,148.63744846154555
60916,32.0,-18.5,150.38563555733555
60917,32.0,-18.0,152.76061702894725
60918,32.0,-17.5,147.40486468181874
60919,32.0,-17.0,148.4728826640567
60920,32.0,-16.5,148.08060094296815
60921,32.0,-16.0,155.30178182527325
60922,32.0,-15.5,152.15782539887184
60923,32.0,-15.0,148.14718073228326
60924,32.0,-14.0,157.3544973950455
60925,32.0,-13.5,151.58204837782682
60926,32.0,-13.0,153.8837217012956
60927,32.0,-12.5,153.3562537092596
60928,32.0,-12.0,146.07404671651486
60929,32.0,-11.5,150.1008453524357
60930,32.0,-11.0,146.49522193761652
60931,32.0,-10.5,150.88718729681742
60932,32.0,-10.0,152.9143012668714
60933,32.0,-9.5,149.04947803855487
60934,32.0,-9.0,143.8583247897904
60935,32.0,-8.5,149.89113686495122
60936,32.0,-7.5,146.44151603689562
60937,32.0,-7.0,145.7230726452099
60938,32.0,-6.0,152.24167409752957
60939,32.0,-5.5,149.69967252506464
60940,32.0,-5.0,151.36459213999532
60941,32.0,-4.5,148.08157099540682
60942,32.0,-4.0,146.01883953592662
60943,32.0,-3.5,148.52544040114427
60944,32.0,-3.0,148.91196480590438
60945,32.0,-2.5,152.8629414557778
60946,32.0,-2.0,155.23358597144434
60947,32.0,-1.5,152.9238480534518
60948,32.0,-1.0,154.2484606623872
60949,32.0,-0.5,160.86150564656668
60950,32.0,0.0,152.80675587335907
60951,32.0,0.5,150.8321387022355
60952,32.0,1.0,158.08461885963615
60953,32.0,1.5,152.64980010656177
60954,32.0,2.0,151.5127606918482
60955,32.0,2.5,152.2250667953917
60956,32.0,3.0,148.15237966459867
60957,32.0,3.5,148.431148890055
60958,32.0,5.0,155.6028109831708
60959,32.0,5.5,162.3536389047235
60960,32.0,6.0,164.2432349538941
60961,32.0,6.5,162.4732395766578
60962,32.0,7.0,163.5688743256594
60963,32.0,7.5,163.0491419876431
60964,32.0,8.0,160.2725380035487
60965,32.0,8.5,165.3734517491388
60966,32.0,9.0,154.23155874753246
60967,32.0,9.5,156.28823711819982
60968,32.0,10.0,158.74303405781237
60969,32.0,10.5,158.04782250500395
60970,32.0,11.0,158.8532478500253
60971,32.0,11.5,159.18564133617005
60972,32.0,12.0,158.34650223975794
60973,32.0,12.5,160.134608087541
60974,32.0,13.0,153.96828700231174
60975,32.0,13.5,151.78687662136898
60976,32.0,15.0,159.34372841600995
60977,32.0,15.5,154.6415133753903
60978,32.0,16.0,154.93368531764534
60979,32.0,16.5,155.74354400724414
60980,32.0,17.0,149.09531337052715
60981,32.0,17.5,151.18819803103747
60982,32.0,18.0,150.12530994690024
60983,32.0,18.5,152.21891656345957
60984,32.0,19.0,154.13460543605484
60985,32.0,19.5,153.58986463817885
60986,32.0,20.0,154.96696772912597
60987,32.0,20.5,155.39706830416694
60988,32.0,21.0,153.11867719819483
60989,32.0,21.5,148.46808895723507
60990,32.0,23.0,153.41249618859078
60991,32.0,23.5,152.93304299227188
60992,32.0,24.0,157.63103257398419
60993,32.0,24.5,152.79402835193463
60994,32.0,25.0,155.75345699007894
60995,32.0,26.0,152.26586705493983
60996,32.0,26.5,151.38572281619
60997,32.0,27.0,148.67002499328444
60998,32.0,27.5,153.27484924491827
60999,32.0,28.0,153.74698947662066
61000,32.0,28.5,150.61449805687562
61001,32.0,29.0,149.455402660261
61002,32.0,29.5,149.25050818368553
61003,32.0,30.0,151.38621604095638
61004,32.0,30.5,151.45966450936942
61005,32.0,31.0,155.33982597513935
61006,32.0,31.5,157.08875169018864
61007,32.0,32.0,151.23083813196482
61008,32.0,32.5,156.36367664284936
61009,32.0,33.0,149.9060173336204
61010,32.0,33.5,144.56152379906746
61011,32.0,34.5,161.20035858612383
61012,32.0,35.0,158.85682833080725
61013,32.0,35.5,153.83604547834625
61014,32.0,36.0,157.92683145086565
61015,32.0,36.5,147.54552518949572
61016,32.0,37.0,152.15542818211924
61017,32.0,37.5,156.72318081418098
61018,32.0,38.0,170.96992826186016
61019,32.0,39.0,178.71069096383175
61020,32.5,-37.5,150.64928498328783
61021,32.5,-37.0,155.3136037135911
61022,32.5,-36.5,151.77695917545452
61023,32.5,-36.0,146.8380175660099
61024,32.5,-35.5,146.95975064799924
61025,32.5,-35.0,150.11795205209464
61026,32.5,-34.0,151.94574172638085
61027,32.5,-33.5,155.875044856649
61028,32.5,-33.0,153.5779787471883
61029,32.5,-32.5,152.76784664418304
61030,32.5,-32.0,151.94439504252458
61031,32.5,-31.5,164.82353882037287
61032,32.5,-31.0,149.55116812018937
61033,32.5,-30.5,146.8513432410507
61034,32.5,-30.0,146.54089612841565
61035,32.5,-29.5,148.5879250413924
61036,32.5,-29.0,149.04961002484364
61037,32.5,-28.5,150.38409810884232
61038,32.5,-28.0,150.79143186097141
61039,32.5,-27.5,151.2788589477007
61040,32.5,-27.0,149.72481494779734
61041,32.5,-26.5,151.28951767558775
61042,32.5,-26.0,153.4585040226805
61043,32.5,-25.5,148.3241343788284
61044,32.5,-25.0,150.65187671735967
61045,32.5,-24.5,150.55116407055257
61046,32.5,-24.0,150.3987379000915
61047,32.5,-23.5,153.64574300408194
61048,32.5,-23.0,152.66318673106568
61049,32.5,-22.5,150.28342417696794
61050,32.5,-22.0,149.95756083882708
61051,32.5,-21.5,150.63643962228352
61052,32.5,-21.0,148.77455740429446
61053,32.5,-20.5,150.48449085490546
61054,32.5,-19.5,149.0565631883738
61055,32.5,-19.0,148.1211366701158
61056,32.5,-18.5,149.0411384145312
61057,32.5,-18.0,149.6918885687669
61058,32.5,-17.5,148.95906904656496
61059,32.5,-17.0,146.16808470014598
61060,32.5,-16.5,149.63339876866698
61061,32.5,-16.0,154.1758251143392
61062,32.5,-15.5,153.83332801957718
61063,32.5,-15.0,148.28616395958653
61064,32.5,-14.5,154.84412828297718
61065,32.5,-14.0,157.81773004292535
61066,32.5,-13.5,150.88563492268244
61067,32.5,-13.0,150.20989017090406
61068,32.5,-12.5,150.43794097874476
61069,32.5,-12.0,151.64122270513136
61070,32.5,-11.5,149.92730574866383
61071,32.5,-11.0,144.21238627783086
61072,32.5,-10.5,147.67758087692744
61073,32.5,-10.0,150.56436449293548
61074,32.5,-9.5,152.29831766726156
61075,32.5,-9.0,149.3232789898238
61076,32.5,-8.5,147.94803926407684
61077,32.5,-8.0,146.80296493982758
61078,32.5,-7.5,146.3875732746102
61079,32.5,-6.5,154.03402018813537
61080,32.5,-6.0,151.33750737487742
61081,32.5,-5.5,149.68284897165893
61082,32.5,-5.0,149.80026644391722
61083,32.5,-4.5,148.5714880077008
61084,32.5,-4.0,148.71957531155442
61085,32.5,-3.5,147.94497710220884
61086,32.5,-3.0,148.0190680652536
61087,32.5,-2.5,150.19080312172164
61088,32.5,-2.0,152.33464377358635
61089,32.5,-1.5,155.2577367352813
61090,32.5,-1.0,154.01607648616405
61091,32.5,-0.5,157.14138218162265
61092,32.5,0.0,160.15514824575578
61093,32.5,0.5,149.40237016656664
61094,32.5,1.0,152.98754785163536
61095,32.5,1.5,155.07140019720484
61096,32.5,2.0,149.71394783306866
61097,32.5,2.5,151.035623015271
61098,32.5,3.0,152.37224431671302
61099,32.5,4.5,152.80720969160586
61100,32.5,5.0,159.77680748824062
61101,32.5,5.5,163.35990180544218
61102,32.5,6.0,160.27144742119066
61103,32.5,6.5,160.52564513594564
61104,32.5,7.0,162.1991422816355
61105,32.5,7.5,162.4549159908578
61106,32.5,8.0,163.86768942704225
61107,32.5,9.0,156.9978579390414
61108,32.5,9.5,152.51593581972517
61109,32.5,10.0,154.18422052901812
61110,32.5,10.5,159.50629683295898
61111,32.5,11.0,158.5038284299069
61112,32.5,11.5,160.04949536876975
61113,32.5,12.0,159.8152280435879
61114,32.5,12.5,159.5985479149383
61115,32.5,13.0,158.9928004002417
61116,32.5,13.5,158.9394011253904
61117,32.5,14.0,156.42184339903935
61118,32.5,15.5,155.07263066503842
61119,32.5,16.0,157.46995349796535
61120,32.5,17.0,155.3237167534411
61121,32.5,17.5,151.4292173114243
61122,32.5,18.0,147.78182283900458
61123,32.5,18.5,160.36329499096752
61124,32.5,19.0,153.17509252154636
61125,32.5,19.5,153.1327344630883
61126,32.5,20.0,153.58281374924505
61127,32.5,20.5,156.94284725820185
61128,32.5,21.0,151.08245662234097
61129,32.5,21.5,154.58016144740225
61130,32.5,22.0,154.55843407613781
61131,32.5,22.5,156.74783172741076
61132,32.5,23.0,152.0086522151455
61133,32.5,23.5,155.94082322533632
61134,32.5,24.0,155.40034282628054
61135,32.5,24.5,155.2701954941999
61136,32.5,25.0,151.68503061570192
61137,32.5,26.0,152.39246560350946
61138,32.5,26.5,147.6126353002692
61139,32.5,27.0,149.80885798119382
61140,32.5,27.5,155.43234822132348
61141,32.5,28.0,152.4506327225711
61142,32.5,28.5,150.44375315187497
61143,32.5,29.0,150.96567633097862
61144,32.5,29.5,150.22970120003524
61145,32.5,30.0,151.83871165711778
61146,32.5,30.5,151.17229598811943
61147,32.5,31.0,153.43841022232408
61148,32.5,31.5,149.23258052511073
61149,32.5,32.0,150.32454982463682
61150,32.5,32.5,152.42624845431686
61151,32.5,33.0,150.3240574385175
61152,32.5,33.5,145.1026320780158
61153,32.5,34.5,162.12312572748354
61154,32.5,35.0,155.34657991806665
61155,32.5,35.5,153.50130466400103
61156,32.5,36.0,156.31269713627555
61157,32.5,36.5,145.33466609081324
61158,32.5,37.0,152.66156361005199
61159,32.5,37.5,156.80990365932547
61160,32.5,38.0,170.5963266294838
61161,32.5,39.0,178.82476325138097
61162,33.0,-37.5,150.3614674643887
61163,33.0,-37.0,158.05349666103956
61164,33.0,-36.5,148.76567945618646
61165,33.0,-36.0,147.03705840796084
61166,33.0,-35.5,146.73899014990423
61167,33.0,-35.0,149.26227497079324
61168,33.0,-34.0,151.71212710276114
61169,33.0,-33.5,155.63127077905392
61170,33.0,-33.0,154.2612423727195
61171,33.0,-32.5,152.69286543185316
61172,33.0,-32.0,152.65395632527577
61173,33.0,-31.5,160.31766251603528
61174,33.0,-31.0,150.12809449523547
61175,33.0,-30.5,146.33370294289946
61176,33.0,-30.0,147.13239615126946
61177,33.0,-29.5,148.1800482468858
61178,33.0,-29.0,146.98217881108306
61179,33.0,-28.5,150.36475304822818
61180,33.0,-28.0,149.4340614709253
61181,33.0,-27.5,150.40897126063658
61182,33.0,-27.0,150.38226969601692
61183,33.0,-26.5,152.11048025436833
61184,33.0,-26.0,152.73397512416759
61185,33.0,-25.5,151.952087247186
61186,33.0,-25.0,151.05909495398606
61187,33.0,-24.5,152.01612133795322
61188,33.0,-24.0,151.46635384877973
61189,33.0,-23.5,151.59152396203473
61190,33.0,-23.0,149.2222037044753
61191,33.0,-22.5,152.2130523738547
61192,33.0,-22.0,151.4917849702213
61193,33.0,-21.5,149.86155972056645
61194,33.0,-21.0,148.24429270080773
61195,33.0,-20.5,149.17195165887568
61196,33.0,-20.0,149.9331532534159
61197,33.0,-19.5,148.38256261027584
61198,33.0,-19.0,151.90790148423216
61199,33.0,-18.5,149.07537876448237
61200,33.0,-18.0,148.12519218723497
61201,33.0,-17.5,146.8569369389117
61202,33.0,-17.0,146.55100945891755
61203,33.0,-16.5,149.89219664405346
61204,33.0,-16.0,149.09892927523828
61205,33.0,-15.5,147.41336559548378
61206,33.0,-15.0,148.5088979079237
61207,33.0,-14.5,153.85607221215642
61208,33.0,-14.0,149.93442015686603
61209,33.0,-13.5,152.55200035972743
61210,33.0,-13.0,150.68252463828298
61211,33.0,-12.5,165.41250683887299
61212,33.0,-11.5,148.050696791727
61213,33.0,-11.0,146.60996260834747
61214,33.0,-10.5,150.15081765553467
61215,33.0,-10.0,148.725009248517
61216,33.0,-9.5,149.0209456331414
61217,33.0,-9.0,149.89704771777306
61218,33.0,-8.5,148.46753101139885
61219,33.0,-8.0,145.56753615700234
61220,33.0,-6.5,151.25884381547124
61221,33.0,-6.0,149.23630026222258
61222,33.0,-5.5,149.5955244315129
61223,33.0,-5.0,147.6161148016115
61224,33.0,-4.5,151.75963524031692
61225,33.0,-4.0,151.27508899068482
61226,33.0,-3.5,150.57242519095092
61227,33.0,-3.0,147.9355810379323
61228,33.0,-2.5,151.27857883871553
61229,33.0,-1.5,154.54441259016625
61230,33.0,-1.0,152.76214649787556
61231,33.0,-0.5,151.44212880178893
61232,33.0,0.0,158.8869601933275
61233,33.0,0.5,156.4663501030029
61234,33.0,1.0,152.13159388148512
61235,33.0,1.5,158.5796471174468
61236,33.0,2.0,152.28634815897783
61237,33.0,2.5,148.9150883097585
61238,33.0,3.0,152.78268418419725
61239,33.0,3.5,154.13438995875669
61240,33.0,4.0,150.23064672719812
61241,33.0,4.5,154.9763200772404
61242,33.0,5.0,162.1321933227283
61243,33.0,5.5,157.21185583029472
61244,33.0,6.0,153.50745521405094
61245,33.0,6.5,159.1530870970449
61246,33.0,7.0,157.48482351418713
61247,33.0,7.5,158.3882304791455
61248,33.0,8.0,160.45001678080175
61249,33.0,8.5,160.7832338766802
61250,33.0,9.0,156.7615071476467
61251,33.0,10.0,158.6213253951494
61252,33.0,10.5,160.10432902858912
61253,33.0,11.0,157.26565076172457
61254,33.0,11.5,157.0010824961984
61255,33.0,12.0,156.2637190298675
61256,33.0,12.5,158.17253444859983
61257,33.0,13.0,165.43177360109465
61258,33.0,13.5,154.03068019759246
61259,33.0,14.0,152.0661064959261
61260,33.0,15.0,154.08386145689337
61261,33.0,15.5,158.50384952723718
61262,33.0,16.0,154.9690767554705
61263,33.0,16.5,156.73814730887082
61264,33.0,17.0,151.98108483622457
61265,33.0,17.5,150.84381308984422
61266,33.0,18.0,150.07581750571518
61267,33.0,18.5,163.09640112479414
61268,33.0,19.0,162.82885770335162
61269,33.0,19.5,156.29980585202026
61270,33.0,20.0,153.9144137401824
61271,33.0,20.5,154.28055381680792
61272,33.0,21.0,148.99534584064236
61273,33.0,21.5,154.3614555854106
61274,33.0,22.0,153.2062839724182
61275,33.0,22.5,152.3979356921656
61276,33.0,23.5,157.99281059182442
61277,33.0,24.0,153.8297629711147
61278,33.0,24.5,154.16404783261146
61279,33.0,25.0,152.01209802802416
61280,33.0,26.0,151.73474167180734
61281,33.0,26.5,148.16562820735405
61282,33.0,27.0,149.7950902045182
61283,33.0,27.5,153.1093903665826
61284,33.0,28.0,149.93788069865107
61285,33.0,28.5,153.21548936216098
61286,33.0,29.0,151.31227890250898
61287,33.0,29.5,148.91594609742134
61288,33.0,30.0,150.57242515255433
61289,33.0,30.5,150.3450345173167
61290,33.0,31.0,152.07598458033786
61291,33.0,31.5,149.6095330894373
61292,33.0,32.0,149.3562567284887
61293,33.0,32.5,151.79523982648425
61294,33.0,33.0,145.94040720460404
61295,33.0,33.5,155.42841588135417
61296,33.0,34.5,158.67737708142482
61297,33.0,35.0,152.23882855254658
61298,33.0,35.5,161.17084969768226
61299,33.0,36.0,152.11442550243777
61300,33.0,36.5,145.70825553270643
61301,33.0,37.0,153.28566314057642
61302,33.0,37.5,158.61446671135178
61303,33.0,38.0,167.72773825191877
61304,33.0,39.0,178.71333002080917
61305,33.5,-37.0,155.82848568276972
61306,33.5,-36.5,148.60002853206987
61307,33.5,-36.0,147.20272070823955
61308,33.5,-35.5,147.0173200021664
61309,33.5,-35.0,148.64685037881523
61310,33.5,-34.5,150.42824847132903
61311,33.5,-34.0,151.91386008432522
61312,33.5,-33.5,155.99031439364973
61313,33.5,-33.0,154.3333253979722
61314,33.5,-32.5,151.900939841336
61315,33.5,-32.0,158.30745065212037
61316,33.5,-31.5,157.43859468157467
61317,33.5,-31.0,150.5452790107301
61318,33.5,-30.5,145.90940589620206
61319,33.5,-30.0,147.82514797021355
61320,33.5,-29.5,146.06603831734327
61321,33.5,-28.5,149.6699794708349
61322,33.5,-28.0,150.57099302996275
61323,33.5,-27.5,149.77619626922436
61324,33.5,-27.0,150.5821649760935
61325,33.5,-26.5,151.8648612451718
61326,33.5,-26.0,153.27125263664277
61327,33.5,-25.5,150.87434263047072
61328,33.5,-25.0,150.79502203573216
61329,33.5,-24.5,151.34099139615776
61330,33.5,-24.0,149.96298714548192
61331,33.5,-23.5,153.16444890623785
61332,33.5,-23.0,150.3021313998193
61333,33.5,-22.5,151.0040083142356
61334,33.5,-22.0,150.7385257522471
61335,33.5,-21.5,151.4546361907296
61336,33.5,-21.0,151.73831076171928
61337,33.5,-20.5,149.65683076321116
61338,33.5,-20.0,150.3105966071718
61339,33.5,-19.5,149.67380404316546
61340,33.5,-19.0,149.04604513378132
61341,33.5,-18.5,149.00977287978978
61342,33.5,-18.0,147.04244941039735
61343,33.5,-17.5,145.55169144497046
61344,33.5,-17.0,149.0632917975401
61345,33.5,-16.5,150.85197049967118
61346,33.5,-16.0,150.20516793407202
61347,33.5,-15.5,149.57994722427762
61348,33.5,-15.0,152.23193549469394
61349,33.5,-14.5,149.88639450685426
61350,33.5,-14.0,149.1365036446644
61351,33.5,-13.5,150.9728258025672
61352,33.5,-12.5,150.6292034338476
61353,33.5,-11.0,147.03258837033417
61354,33.5,-10.0,143.8958260557214
61355,33.5,-9.5,149.35690871331028
61356,33.5,-9.0,154.668884535918
61357,33.5,-8.5,148.08757631819023
61358,33.5,-8.0,144.08349593903978
61359,33.5,-7.0,150.21231710379655
61360,33.5,-6.5,147.1991819934644
61361,33.5,-6.0,148.71163608652705
61362,33.5,-5.5,148.44800044196526
61363,33.5,-5.0,149.70219393610884
61364,33.5,-4.5,149.55614166691316
61365,33.5,-4.0,152.3524386580848
61366,33.5,-3.5,150.597496884172
61367,33.5,-3.0,149.65524643626264
61368,33.5,-2.5,150.30012668103592
61369,33.5,-2.0,153.92684346419452
61370,33.5,-1.5,153.60988698557213
61371,33.5,-1.0,152.9710975197098
61372,33.5,-0.5,155.6335535748705
61373,33.5,0.5,154.78007721466065
61374,33.5,1.0,156.3618815259287
61375,33.5,1.5,157.09580482956554
61376,33.5,2.0,153.87090447501785
61377,33.5,2.5,151.81283097668882
61378,33.5,3.0,150.35196052613784
61379,33.5,3.5,152.64381915136883
61380,33.5,4.0,152.89528098529271
61381,33.5,4.5,153.32918710414185
61382,33.5,5.0,151.94480476507897
61383,33.5,5.5,152.93515831478703
61384,33.5,6.0,152.46495076575818
61385,33.5,6.5,150.51158345016393
61386,33.5,7.0,156.804634995062
61387,33.5,7.5,160.96798841647268
61388,33.5,8.0,162.03893925032898
61389,33.5,8.5,163.12499563394366
61390,33.5,9.5,158.90582506703495
61391,33.5,10.0,158.46428288162437
61392,33.5,10.5,156.94859558353795
61393,33.5,11.0,158.3786981829534
61394,33.5,11.5,158.15645816925613
61395,33.5,12.0,155.2875946354783
61396,33.5,12.5,156.04922387793533
61397,33.5,14.0,154.51040017949978
61398,33.5,14.5,153.54348361331378
61399,33.5,15.0,157.96014855652533
61400,33.5,15.5,158.94104364034567
61401,33.5,16.0,158.733685609041
61402,33.5,16.5,154.2343786939868
61403,33.5,17.0,153.64054789822433
61404,33.5,17.5,152.64653103835866
61405,33.5,18.0,153.53683169891875
61406,33.5,19.0,172.27585325004148
61407,33.5,19.5,161.23690366282582
61408,33.5,20.0,156.71859187229455
61409,33.5,20.5,152.57029116708756
61410,33.5,21.0,153.7067236335853
61411,33.5,21.5,152.27465461540416
61412,33.5,22.0,152.60562881639925
61413,33.5,22.5,152.87829425697188
61414,33.5,23.0,152.987819180114
61415,33.5,23.5,157.13066427423934
61416,33.5,24.0,152.3408021161741
61417,33.5,24.5,156.1360791259185
61418,33.5,25.0,151.6299661539502
61419,33.5,25.5,150.9809244770631
61420,33.5,26.0,154.80429340187865
61421,33.5,26.5,147.1959418185322
61422,33.5,27.0,150.63410262511255
61423,33.5,27.5,151.60515874751445
61424,33.5,28.0,153.82240569488977
61425,33.5,28.5,149.9062651107396
61426,33.5,29.0,150.2174047554781
61427,33.5,29.5,149.79525566399892
61428,33.5,30.0,151.14833188756168
61429,33.5,30.5,150.7506997016598
61430,33.5,31.0,149.45726847891328
61431,33.5,31.5,150.32218708274468
61432,33.5,32.0,150.73688671759805
61433,33.5,32.5,151.20351445619556
61434,33.5,33.0,147.1079180218962
61435,33.5,33.5,157.1423487867169
61436,33.5,34.0,148.99562678207403
61437,33.5,34.5,157.63105203875332
61438,33.5,35.0,154.23116996120075
61439,33.5,35.5,158.89132717773464
61440,33.5,36.0,153.19352197104172
61441,33.5,36.5,145.9387876295617
61442,33.5,37.0,154.37908635075271
61443,33.5,37.5,158.26710538618417
61444,33.5,38.0,167.6320523261533
61445,33.5,38.5,178.07261055043588
61446,33.5,39.0,178.65114829121396
61447,34.0,-37.5,166.70432431143985
61448,34.0,-37.0,155.44504584641942
61449,34.0,-36.5,147.6739591085132
61450,34.0,-36.0,147.2769401195444
61451,34.0,-35.5,146.91590678775933
61452,34.0,-35.0,148.1347623132361
61453,34.0,-34.5,150.20175581716992
61454,34.0,-34.0,151.95183943090495
61455,34.0,-33.5,156.43474271413632
61456,34.0,-33.0,154.79195189734023
61457,34.0,-32.5,153.31789949941032
61458,34.0,-32.0,166.67113775217942
61459,34.0,-31.5,156.00955579606497
61460,34.0,-31.0,158.96056913512902
61461,34.0,-30.5,146.0393145626006
61462,34.0,-30.0,147.42774512018937
61463,34.0,-29.5,145.2206103159246
61464,34.0,-28.5,148.8910610547861
61465,34.0,-28.0,150.6115878402518
61466,34.0,-27.5,149.59015115166832
61467,34.0,-27.0,150.5868972951992
61468,34.0,-26.5,150.99493662810505
61469,34.0,-26.0,155.16418919630763
61470,34.0,-25.5,150.46620805672345
61471,34.0,-25.0,149.6838401890778
61472,34.0,-24.5,151.98065316850267
61473,34.0,-24.0,150.09508007899564
61474,34.0,-23.5,153.07977141763266
61475,34.0,-23.0,149.70835778180634
61476,34.0,-22.5,150.22459507882084
61477,34.0,-22.0,148.35154785392695
61478,34.0,-21.5,149.91742438451382
61479,34.0,-21.0,152.63879508691636
61480,34.0,-20.5,151.9075460402647
61481,34.0,-20.0,149.26105057920853
61482,34.0,-19.5,150.13224074835705
61483,34.0,-19.0,153.44845412211203
61484,34.0,-18.5,145.817116111358
61485,34.0,-18.0,145.37834278763077
61486,34.0,-17.5,146.82910938070833
61487,34.0,-17.0,148.01407379018812
61488,34.0,-16.5,150.81624159594398
61489,34.0,-16.0,149.2420585324033
61490,34.0,-15.5,148.75947327405675
61491,34.0,-15.0,163.11902598285343
61492,34.0,-14.5,148.05955315170215
61493,34.0,-14.0,148.934184229542
61494,34.0,-13.5,149.1470376100276
61495,34.0,-11.5,150.61266223965416
61496,34.0,-11.0,146.6298970164683
61497,34.0,-10.5,147.846668177722
61498,34.0,-10.0,153.86670724139606
61499,34.0,-9.5,152.08325426814784
61500,34.0,-9.0,147.6499707398227
61501,34.0,-8.5,151.44392273037914
61502,34.0,-8.0,145.94066895842846
61503,34.0,-7.5,144.41696567693577
61504,34.0,-7.0,147.08643128288125
61505,34.0,-6.5,146.07176620037419
61506,34.0,-6.0,146.76346059161418
61507,34.0,-5.5,148.64110895456898
61508,34.0,-4.5,152.01431597371686
61509,34.0,-4.0,153.71560904345995
61510,34.0,-3.5,151.3255653706861
61511,34.0,-3.0,150.18627952781168
61512,34.0,-2.5,153.08517193210022
61513,34.0,-2.0,150.8987815611745
61514,34.0,-1.5,152.37383924568744
61515,34.0,-1.0,155.95917995113098
61516,34.0,-0.5,157.86039529876916
61517,34.0,0.0,156.39940850343262
61518,34.0,0.5,153.36254568377353
61519,34.0,1.0,156.50963423302443
61520,34.0,1.5,158.4913785630169
61521,34.0,2.0,155.1803979824654
61522,34.0,2.5,158.0942978130325
61523,34.0,3.0,150.0382153896828
61524,34.0,3.5,149.8800576508423
61525,34.0,4.0,152.85190234245917
61526,34.0,4.5,153.0550276896461
61527,34.0,5.0,148.94775240325205
61528,34.0,5.5,155.42514929766992
61529,34.0,6.0,153.40125861368603
61530,34.0,6.5,150.62195381905775
61531,34.0,7.0,154.43245339437723
61532,34.0,7.5,154.92298558202438
61533,34.0,8.0,160.56712768379907
61534,34.0,8.5,161.28387589812658
61535,34.0,9.0,149.7630563613088
61536,34.0,9.5,151.7715484131754
61537,34.0,10.0,153.42505731901977
61538,34.0,10.5,152.65381812649696
61539,34.0,11.0,153.18489941045638
61540,34.0,11.5,154.83146913399068
61541,34.0,12.5,160.44377966326914
61542,34.0,13.0,160.99768173478586
61543,34.0,14.0,155.43561121560987
61544,34.0,14.5,156.41455779074502
61545,34.0,15.0,158.9373953497482
61546,34.0,15.5,158.31886951640067
61547,34.0,16.0,159.02355994379437
61548,34.0,16.5,156.24680585507144
61549,34.0,17.0,156.42444625643063
61550,34.0,17.5,155.58865493573938
61551,34.0,18.0,150.6412590920019
61552,34.0,18.5,157.461234376609
61553,34.0,19.5,156.23261235481505
61554,34.0,20.0,154.95750118827274
61555,34.0,20.5,152.8001820325294
61556,34.0,21.0,152.3303490839453
61557,34.0,22.0,151.9910052227196
61558,34.0,22.5,152.75056030645968
61559,34.0,23.0,153.74706556156934
61560,34.0,24.0,153.37667868251143
61561,34.0,24.5,152.99230432470966
61562,34.0,25.0,156.83218848584835
61563,34.0,25.5,150.59420456009994
61564,34.0,26.0,156.08502098459178
61565,34.0,26.5,149.29212143298815
61566,34.0,27.0,152.18631855032126
61567,34.0,27.5,149.12155000719451
61568,34.0,28.0,154.31513939195972
61569,34.0,28.5,151.45602042806786
61570,34.0,29.0,149.76490397755646
61571,34.0,29.5,150.61308161338556
61572,34.0,30.0,150.42573376494173
61573,34.0,30.5,151.59386618050613
61574,34.0,31.0,149.05084275769727
61575,34.0,31.5,151.08624649924585
61576,34.0,32.0,151.00348154429977
61577,34.0,32.5,150.99506089892637
61578,34.0,33.0,150.0588753598235
61579,34.0,33.5,153.60962356970754
61580,34.0,34.5,151.63422627629296
61581,34.0,35.0,154.19363859814325
61582,34.0,35.5,152.50155429755907
61583,34.0,36.0,150.18318298539938
61584,34.0,37.0,161.79015184759524
61585,34.0,37.5,159.45182977925836
61586,34.0,38.0,169.0401562107895
61587,34.0,38.5,178.1269217890456
61588,34.0,39.0,178.68724069787564
61589,34.5,-37.5,168.1278941111613
61590,34.5,-37.0,154.84537952569934
61591,34.5,-36.5,147.79938583048735
61592,34.5,-36.0,147.52902225988996
61593,34.5,-35.5,148.16145875968772
61594,34.5,-35.0,148.06472343931185
61595,34.5,-34.5,148.04330211043174
61596,34.5,-34.0,153.22956772863876
61597,34.5,-33.5,156.55171367570404
61598,34.5,-33.0,154.9502743274099
61599,34.5,-32.5,153.47010560922928
61600,34.5,-32.0,155.29057922013925
61601,34.5,-31.5,156.38304015819148
61602,34.5,-31.0,162.84694899501847
61603,34.5,-30.5,146.15672069964103
61604,34.5,-30.0,147.39596516667726
61605,34.5,-29.5,145.1969291794372
61606,34.5,-29.0,145.13185497598514
61607,34.5,-28.5,150.31966072457016
61608,34.5,-28.0,148.91640303055058
61609,34.5,-27.5,149.51719260537595
61610,34.5,-27.0,151.33812475622614
61611,34.5,-26.5,150.3810574595087
61612,34.5,-26.0,152.14344499736012
61613,34.5,-25.5,150.0437614508095
61614,34.5,-25.0,151.47411872193302
61615,34.5,-24.5,150.54306096124955
61616,34.5,-24.0,151.60636929233755
61617,34.5,-23.5,150.41349566803453
61618,34.5,-23.0,148.78126523841186
61619,34.5,-22.5,148.3686445172133
61620,34.5,-22.0,150.45707081497088
61621,34.5,-21.5,150.03114693195042
61622,34.5,-21.0,152.04513884582263
61623,34.5,-20.5,154.97824440591285
61624,34.5,-20.0,152.41338101779488
61625,34.5,-19.5,153.7782626671177
61626,34.5,-19.0,151.82406369478974
61627,34.5,-18.5,147.45677986981946
61628,34.5,-18.0,147.65460553106988
61629,34.5,-17.5,147.8532016288436
61630,34.5,-17.0,149.5325412787403
61631,34.5,-16.5,150.1768522857239
61632,34.5,-16.0,148.39978678275304
61633,34.5,-15.5,153.7668887389334
61634,34.5,-15.0,150.8064594831931
61635,34.5,-14.5,147.21196679329148
61636,34.5,-14.0,152.9265835142394
61637,34.5,-13.5,156.20685358570987
61638,34.5,-12.0,152.4085483393402
61639,34.5,-11.5,152.75472549398276
61640,34.5,-10.5,150.36789719273048
61641,34.5,-10.0,151.76593381851674
61642,34.5,-9.5,145.38462385216968
61643,34.5,-9.0,143.76816464425448
61644,34.5,-8.5,148.58659690970237
61645,34.5,-8.0,150.1345763140663
61646,34.5,-7.5,147.37648217853103
61647,34.5,-7.0,144.59839696918658
61648,34.5,-6.5,148.67992534660343
61649,34.5,-6.0,147.70812379431766
61650,34.5,-5.5,152.02780789828506
61651,34.5,-5.0,144.99220491274983
61652,34.5,-4.5,148.42672915663658
61653,34.5,-4.0,149.59619235728678
61654,34.5,-3.5,150.67705999803104
61655,34.5,-3.0,152.49809448630498
61656,34.5,-2.5,152.8121004432872
61657,34.5,-2.0,153.27928601557275
61658,34.5,-1.5,150.49767417661
61659,34.5,-1.0,147.74983127230098
61660,34.5,-0.5,156.52960192138752
61661,34.5,0.0,154.31161731785352
61662,34.5,0.5,151.5834474951569
61663,34.5,1.0,150.8428237506122
61664,34.5,1.5,155.33900022685225
61665,34.5,2.0,154.53545507926137
61666,34.5,2.5,154.04478480762722
61667,34.5,3.0,152.42046925361848
61668,34.5,3.5,150.34217751557838
61669,34.5,4.0,152.65999719568853
61670,34.5,4.5,154.65462174508602
61671,34.5,5.0,152.33178673873186
61672,34.5,5.5,150.54936292332613
61673,34.5,6.0,148.39223347283541
61674,34.5,6.5,151.4854509234537
61675,34.5,7.5,150.263932033628
61676,34.5,8.0,152.93231125638098
61677,34.5,8.5,147.48835557350588
61678,34.5,9.0,148.70910847319786
61679,34.5,9.5,148.5833728472659
61680,34.5,10.5,145.48423744256965
61681,34.5,11.0,151.81003656883502
61682,34.5,11.5,157.32731410989308
61683,34.5,12.0,159.0814127340403
61684,34.5,13.0,159.07529609441255
61685,34.5,13.5,158.52490096722553
61686,34.5,14.0,153.8611058979319
61687,34.5,14.5,156.61615933383183
61688,34.5,15.0,154.9505157290295
61689,34.5,15.5,159.63083510234318
61690,34.5,16.0,157.81347389968585
61691,34.5,16.5,159.44447045809466
61692,34.5,17.0,157.71100502763122
61693,34.5,17.5,157.63510297904654
61694,34.5,18.0,161.52272260837003
61695,34.5,18.5,158.54859226255593
61696,34.5,19.5,157.8641500210449
61697,34.5,20.0,155.41558071256503
61698,34.5,20.5,151.99004477734374
61699,34.5,21.0,152.3708130970037
61700,34.5,21.5,150.9390564644007
61701,34.5,22.0,153.06768630906012
61702,34.5,22.5,154.1163816944372
61703,34.5,23.0,154.08081683674956
61704,34.5,23.5,151.13065104362173
61705,34.5,24.0,155.33168428248115
61706,34.5,24.5,152.54468538800646
61707,34.5,25.0,154.12450080415755
61708,34.5,25.5,155.0203854510348
61709,34.5,26.0,150.16554545978298
61710,34.5,26.5,149.49623611664884
61711,34.5,27.0,153.5315966839467
61712,34.5,27.5,148.50094344841398
61713,34.5,28.0,153.0912071197743
61714,34.5,28.5,153.18395168865626
61715,34.5,29.0,149.60365728764108
61716,34.5,29.5,150.1205545309477
61717,34.5,30.0,150.22386852020566
61718,34.5,30.5,148.76886812522068
61719,34.5,31.0,150.7747952709697
61720,34.5,31.5,149.64778701015837
61721,34.5,32.0,150.43289242214635
61722,34.5,32.5,147.9458213898794
61723,34.5,33.0,153.84240252660302
61724,34.5,33.5,157.07302395881095
61725,34.5,34.0,157.55765316976394
61726,34.5,34.5,149.6864203160812
61727,34.5,35.0,152.3852048592745
61728,34.5,35.5,150.62722477577907
61729,34.5,36.0,150.39035794780253
61730,34.5,37.0,158.74713056531672
61731,34.5,37.5,159.76611998792026
61732,34.5,38.0,166.05600657133596
61733,34.5,38.5,176.3396578447797
61734,34.5,39.0,178.96753552767686
61735,35.0,-37.5,169.94862515602352
61736,35.0,-37.0,153.24089193321655
61737,35.0,-36.5,148.08724394191853
61738,35.0,-36.0,147.50685035301163
61739,35.0,-35.5,148.61895896627018
61740,35.0,-35.0,147.04549715021219
61741,35.0,-34.5,147.77345362453562
61742,35.0,-34.0,155.26504002012163
61743,35.0,-33.5,163.0284439543713
61744,35.0,-33.0,154.89146363235818
61745,35.0,-32.5,154.39647036534387
61746,35.0,-32.0,154.10813385514567
61747,35.0,-31.5,157.567077306031
61748,35.0,-31.0,154.01586244682883
61749,35.0,-30.5,146.63589039028395
61750,35.0,-30.0,147.96284169975164
61751,35.0,-29.5,145.54931466143017
61752,35.0,-29.0,147.11797264527817
61753,35.0,-28.5,150.87818968706435
61754,35.0,-28.0,148.74674627916144
61755,35.0,-27.5,149.64704261432897
61756,35.0,-27.0,151.67194128819548
61757,35.0,-26.5,150.66221256178903
61758,35.0,-26.0,151.220825172361
61759,35.0,-25.5,149.56593207692555
61760,35.0,-25.0,150.5893086638017
61761,35.0,-24.5,152.59061021812582
61762,35.0,-24.0,152.01086801843255
61763,35.0,-23.5,148.71469200638757
61764,35.0,-23.0,149.14720006898298
61765,35.0,-22.5,148.12657186193218
61766,35.0,-22.0,152.53226238301582
61767,35.0,-21.5,152.6394926760751
61768,35.0,-21.0,155.18240588920617
61769,35.0,-20.5,155.2536843128794
61770,35.0,-20.0,155.90319590031146
61771,35.0,-19.5,152.46037241210306
61772,35.0,-19.0,147.94293719357128
61773,35.0,-18.5,147.35066447145368
61774,35.0,-18.0,150.3855657309803
61775,35.0,-17.5,153.30907175414052
61776,35.0,-17.0,150.51743405679574
61777,35.0,-16.5,149.2805530806775
61778,35.0,-16.0,145.7084777168698
61779,35.0,-15.5,154.1760084706341
61780,35.0,-15.0,148.8360455096759
61781,35.0,-14.5,153.44669459548967
61782,35.0,-14.0,156.32553240400335
61783,35.0,-13.5,152.29515865229013
61784,35.0,-13.0,149.5065480257172
61785,35.0,-12.0,155.57668297509193
61786,35.0,-11.5,149.6223618987907
61787,35.0,-10.5,150.39174436575658
61788,35.0,-10.0,146.09814918722603
61789,35.0,-9.5,146.83294285107348
61790,35.0,-9.0,142.79527460153002
61791,35.0,-8.5,147.5189405879769
61792,35.0,-8.0,149.80678003866754
61793,35.0,-7.5,147.98948061536854
61794,35.0,-7.0,148.22422571084115
61795,35.0,-6.5,147.62074459986857
61796,35.0,-5.5,148.68696278101896
61797,35.0,-5.0,148.0788547478757
61798,35.0,-4.5,146.2330637984476
61799,35.0,-4.0,151.92470239910827
61800,35.0,-3.5,158.86252646067902
61801,35.0,-3.0,156.72553756744028
61802,35.0,-2.5,153.91968469155756
61803,35.0,-2.0,149.46356508580638
61804,35.0,-1.0,147.9321961017738
61805,35.0,-0.5,150.73637513843218
61806,35.0,0.0,152.2874520276964
61807,35.0,0.5,155.4113511769943
61808,35.0,1.0,147.37129867244448
61809,35.0,1.5,156.15142185241578
61810,35.0,2.0,157.09076117064942
61811,35.0,2.5,150.81245712264334
61812,35.0,3.0,151.26697581516999
61813,35.0,3.5,154.7208236016915
61814,35.0,4.0,155.73179385711796
61815,35.0,4.5,153.86357229425937
61816,35.0,5.0,152.82171780461394
61817,35.0,5.5,146.8356491360879
61818,35.0,6.0,149.14541423986265
61819,35.0,6.5,149.46953455266868
61820,35.0,7.5,151.23963425978184
61821,35.0,8.0,151.22235441719752
61822,35.0,8.5,146.9788426098695
61823,35.0,9.0,148.23023516422583
61824,35.0,9.5,152.39535207724805
61825,35.0,10.0,146.9858839023765
61826,35.0,10.5,148.55899311294493
61827,35.0,11.0,150.12830893969044
61828,35.0,11.5,153.86031446284733
61829,35.0,12.0,154.54584387654938
61830,35.0,12.5,164.18964628732616
61831,35.0,13.5,153.10842783091945
61832,35.0,14.0,157.52861807272382
61833,35.0,14.5,156.5377948638928
61834,35.0,15.0,155.20585230174228
61835,35.0,15.5,156.3447123922652
61836,35.0,16.0,157.8420476376815
61837,35.0,16.5,157.79237557442136
61838,35.0,17.0,157.5272233528366
61839,35.0,17.5,158.4616871294496
61840,35.0,18.0,160.5360732458637
61841,35.0,18.5,154.98709920113222
61842,35.0,19.0,156.3955703543543
61843,35.0,19.5,158.17959861218364
61844,35.0,20.0,155.67593011272677
61845,35.0,20.5,155.07896672411547
61846,35.0,21.0,151.67132806145239
61847,35.0,21.5,149.2576061765345
61848,35.0,22.0,152.07414878277746
61849,35.0,22.5,152.4024513095982
61850,35.0,23.0,154.08311198423777
61851,35.0,23.5,151.56543319087535
61852,35.0,24.0,152.14281060457665
61853,35.0,25.0,152.5181483710689
61854,35.0,25.5,154.8151562863043
61855,35.0,26.0,150.42667224283184
61856,35.0,26.5,150.8231478764409
61857,35.0,27.0,153.49055022000974
61858,35.0,27.5,152.9353795278201
61859,35.0,28.0,156.37057613876178
61860,35.0,28.5,152.00264359160593
61861,35.0,29.0,149.79562153306037
61862,35.0,29.5,150.17641691708926
61863,35.0,30.0,148.12040866959916
61864,35.0,30.5,148.19086498078644
61865,35.0,31.0,151.38230513111753
61866,35.0,31.5,149.36485471405783
61867,35.0,32.0,149.4948597864796
61868,35.0,32.5,148.24881627826525
61869,35.0,33.0,156.19869075895753
61870,35.0,34.0,155.71699244702995
61871,35.0,34.5,149.84491471992226
61872,35.0,35.0,151.1792856060513
61873,35.0,35.5,151.7340508168473
61874,35.0,36.0,151.22956971239591
61875,35.0,37.0,161.51208598911745
61876,35.0,37.5,160.40871769004113
61877,35.0,38.0,166.08227005304292
61878,35.0,38.5,176.5971035649405
61879,35.0,39.0,179.8286363404429
61880,35.5,-37.5,171.93724145858383
61881,35.5,-37.0,153.67448125641695
61882,35.5,-36.5,148.29859961926377
61883,35.5,-36.0,147.70891660154703
61884,35.5,-35.5,148.0743534362613
61885,35.5,-35.0,147.6650055682024
61886,35.5,-34.5,146.53799284486814
61887,35.5,-34.0,153.8657987116713
61888,35.5,-33.5,162.97359992487554
61889,35.5,-33.0,149.12843267972664
61890,35.5,-32.5,157.41632678374415
61891,35.5,-32.0,155.8985024062299
61892,35.5,-31.5,162.3930938049472
61893,35.5,-31.0,155.1316370815761
61894,35.5,-30.5,147.4733681090693
61895,35.5,-30.0,146.7198555437878
61896,35.5,-29.5,145.5231569065099
61897,35.5,-29.0,148.4214547865824
61898,35.5,-28.5,149.15298278987356
61899,35.5,-28.0,149.30261918779016
61900,35.5,-27.5,149.53288540987242
61901,35.5,-27.0,150.32554108516698
61902,35.5,-26.5,152.42948993801554
61903,35.5,-26.0,149.51747406396845
61904,35.5,-25.5,150.24601623197796
61905,35.5,-25.0,151.75151224320769
61906,35.5,-24.5,149.09367085967222
61907,35.5,-24.0,152.39409157573482
61908,35.5,-23.5,150.34986810732346
61909,35.5,-23.0,150.58350386976915
61910,35.5,-22.5,152.5793424186596
61911,35.5,-22.0,154.02079831603027
61912,35.5,-21.5,153.21193246829736
61913,35.5,-21.0,151.63509162418578
61914,35.5,-20.5,153.29517330661773
61915,35.5,-20.0,153.94449147156055
61916,35.5,-19.5,154.18176375904798
61917,35.5,-19.0,152.28166965883838
61918,35.5,-18.5,151.9433092318114
61919,35.5,-18.0,150.97817733877744
61920,35.5,-17.5,151.3618317227858
61921,35.5,-17.0,148.61111960452746
61922,35.5,-16.5,146.87464319267477
61923,35.5,-16.0,156.14265848010754
61924,35.5,-15.5,150.4948709560819
61925,35.5,-15.0,153.3047696731091
61926,35.5,-14.5,153.47640090393745
61927,35.5,-14.0,155.72989264437837
61928,35.5,-13.5,147.7130717414369
61929,35.5,-13.0,148.86177304343443
61930,35.5,-12.5,148.9785601832498
61931,35.5,-12.0,150.0459080908298
61932,35.5,-11.5,154.16675450841535
61933,35.5,-11.0,148.81167940756913
61934,35.5,-10.5,154.2458391946647
61935,35.5,-10.0,145.7222918431552
61936,35.5,-9.5,141.19295587784316
61937,35.5,-8.5,145.70488560763968
61938,35.5,-8.0,146.954757371057
61939,35.5,-7.5,151.60564157699204
61940,35.5,-7.0,150.46565642659314
61941,35.5,-6.5,151.2904366377487
61942,35.5,-6.0,146.46145862465818
61943,35.5,-5.5,148.23573640812796
61944,35.5,-5.0,149.15570498003407
61945,35.5,-4.5,150.20161411952742
61946,35.5,-4.0,150.06513580342576
61947,35.5,-3.5,149.4724077595839
61948,35.5,-3.0,151.2289167255225
61949,35.5,-2.5,150.76327523097083
61950,35.5,-2.0,147.00025754903942
61951,35.5,-1.5,145.10246887058716
61952,35.5,-1.0,149.60167426395947
61953,35.5,-0.5,148.86403114309212
61954,35.5,0.0,149.9970071624617
61955,35.5,0.5,150.4273022981767
61956,35.5,2.0,153.32517606737258
61957,35.5,2.5,154.64822605110146
61958,35.5,3.0,156.1535824586044
61959,35.5,3.5,154.28591350053404
61960,35.5,4.0,153.28765387494062
61961,35.5,4.5,152.52178262668846
61962,35.5,5.0,152.01995864361558
61963,35.5,5.5,155.14830342567603
61964,35.5,6.0,148.98551836815656
61965,35.5,7.0,148.80279946562322
61966,35.5,7.5,151.8179013004919
61967,35.5,8.0,151.2845350529996
61968,35.5,8.5,150.67808190982535
61969,35.5,9.0,149.09502323965444
61970,35.5,9.5,145.6714704914378
61971,35.5,10.0,147.93293572135977
61972,35.5,10.5,147.15491530056096
61973,35.5,11.5,149.19753932142234
61974,35.5,12.0,152.98064625434787
61975,35.5,12.5,153.98622721402384
61976,35.5,13.5,156.2777719906315
61977,35.5,14.0,160.67029092434169
61978,35.5,14.5,163.05222045919064
61979,35.5,15.0,156.8382218858587
61980,35.5,15.5,154.69055331184657
61981,35.5,16.0,159.9473796273311
61982,35.5,16.5,160.07943658393896
61983,35.5,17.5,158.0083015924618
61984,35.5,18.0,162.86309070677413
61985,35.5,19.0,156.48298819319663
61986,35.5,19.5,159.6257947781661
61987,35.5,20.0,163.5318536208153
61988,35.5,20.5,156.70646635838887
61989,35.5,21.0,152.4715037770513
61990,35.5,21.5,152.42230484823463
61991,35.5,22.5,153.68652228363868
61992,35.5,23.0,154.6384276281647
61993,35.5,23.5,153.34255052150277
61994,35.5,24.0,153.7901942970648
61995,35.5,25.0,155.4733975362097
61996,35.5,25.5,152.5373095852973
61997,35.5,26.0,150.9241119698229
61998,35.5,26.5,151.16194449790083
61999,35.5,27.0,155.47406974052387
62000,35.5,27.5,155.0414845634842
62001,35.5,28.0,155.12929788954264
62002,35.5,28.5,151.62333584309232
62003,35.5,29.0,149.6488867144205
62004,35.5,29.5,149.6905986975726
62005,35.5,30.0,148.74845372274274
62006,35.5,30.5,148.9905117691343
62007,35.5,31.0,151.90672362197193
62008,35.5,31.5,151.26281691116674
62009,35.5,32.0,149.16705878189413
62010,35.5,32.5,147.94333692374738
62011,35.5,33.0,155.4531135134071
62012,35.5,33.5,149.77332203646836
62013,35.5,34.0,153.294832295463
62014,35.5,34.5,148.54569986602485
62015,35.5,35.0,157.5292395836341
62016,35.5,35.5,150.91739295019065
62017,35.5,36.0,151.47754931893624
62018,35.5,37.0,160.7909572931281
62019,35.5,37.5,161.11825479230572
62020,35.5,38.0,164.05375491639833
62021,35.5,38.5,176.6016430876997
62022,35.5,39.0,178.79201607221984
62023,36.0,-37.5,173.79258350917496
62024,36.0,-37.0,153.47542047948835
62025,36.0,-36.5,148.39641519135407
62026,36.0,-36.0,147.66194375987672
62027,36.0,-35.5,149.51348776528582
62028,36.0,-35.0,146.71667522272182
62029,36.0,-34.5,147.37468507188655
62030,36.0,-34.0,152.9298922619964
62031,36.0,-33.5,163.0803625146897
62032,36.0,-33.0,148.48112499044487
62033,36.0,-32.5,157.4933575803682
62034,36.0,-32.0,157.3661884465973
62035,36.0,-31.5,168.12581531891496
62036,36.0,-31.0,147.82295734194614
62037,36.0,-30.5,148.5495586857786
62038,36.0,-30.0,146.208101724883
62039,36.0,-29.5,145.96081910958532
62040,36.0,-29.0,149.9796846192636
62041,36.0,-28.5,147.19427839401993
62042,36.0,-28.0,149.75996731466387
62043,36.0,-27.5,150.03752246988444
62044,36.0,-27.0,149.20638209308572
62045,36.0,-26.5,151.86729533325905
62046,36.0,-26.0,149.4894434243043
62047,36.0,-25.5,150.3284735224393
62048,36.0,-25.0,149.84156788256038
62049,36.0,-24.5,149.7044973485131
62050,36.0,-24.0,150.08675836759525
62051,36.0,-23.5,150.75562333401032
62052,36.0,-23.0,150.24917212866882
62053,36.0,-22.5,150.52860282130047
62054,36.0,-22.0,150.90345754127273
62055,36.0,-21.5,150.56577163840532
62056,36.0,-21.0,151.89551372893638
62057,36.0,-20.5,152.98781283008182
62058,36.0,-20.0,153.2051820498841
62059,36.0,-19.5,152.72931181663597
62060,36.0,-19.0,153.1615622138359
62061,36.0,-18.5,153.65614236107797
62062,36.0,-18.0,150.42044996853681
62063,36.0,-17.5,153.40717299919734
62064,36.0,-17.0,146.73564478278013
62065,36.0,-16.5,145.90819266060421
62066,36.0,-16.0,155.88371929577204
62067,36.0,-15.5,147.47819049199464
62068,36.0,-15.0,152.36331528109392
62069,36.0,-14.5,151.4933810491009
62070,36.0,-14.0,152.28045918039143
62071,36.0,-13.5,147.83178272806947
62072,36.0,-13.0,147.945353425618
62073,36.0,-12.5,148.97029934421107
62074,36.0,-12.0,149.20740758501088
62075,36.0,-11.5,152.18821151029235
62076,36.0,-11.0,152.50919685236744
62077,36.0,-10.5,146.94018617381303
62078,36.0,-10.0,146.57906399670114
62079,36.0,-9.5,144.57970575814173
62080,36.0,-9.0,142.71787439325593
62081,36.0,-8.5,148.98568161670528
62082,36.0,-8.0,143.86243736251424
62083,36.0,-7.5,147.81055092152957
62084,36.0,-7.0,156.048960902514
62085,36.0,-6.5,149.31438050716773
62086,36.0,-6.0,149.0043699658048
62087,36.0,-5.5,150.04339885619368
62088,36.0,-5.0,151.7204550919533
62089,36.0,-4.5,151.55877825065247
62090,36.0,-3.5,154.38667795162547
62091,36.0,-3.0,150.51029026237302
62092,36.0,-2.0,151.73355865172852
62093,36.0,-1.5,148.77054795728426
62094,36.0,-1.0,150.9847324908759
62095,36.0,-0.5,148.31778742282793
62096,36.0,0.0,148.586145800006
62097,36.0,0.5,151.1139489853292
62098,36.0,1.0,151.78322243502336
62099,36.0,1.5,147.94187760523886
62100,36.0,2.0,150.78387865236272
62101,36.0,2.5,157.60283290916576
62102,36.0,3.0,157.80896775728186
62103,36.0,3.5,152.58199184977707
62104,36.0,4.0,154.06720917418707
62105,36.0,4.5,155.2224455027269
62106,36.0,5.0,155.49597287017286
62107,36.0,5.5,154.2442941083936
62108,36.0,6.0,154.98985607738896
62109,36.0,6.5,148.40876006677234
62110,36.0,7.0,150.68672478589585
62111,36.0,7.5,160.7551984978302
62112,36.0,8.0,151.35563499785798
62113,36.0,8.5,148.93516283737677
62114,36.0,9.0,152.57058082372632
62115,36.0,9.5,146.3140440791972
62116,36.0,10.0,147.46967977691165
62117,36.0,10.5,149.13936234023618
62118,36.0,12.0,149.34181553627067
62119,36.0,12.5,151.6891514997646
62120,36.0,13.0,152.28188924134554
62121,36.0,13.5,160.87177371962562
62122,36.0,14.0,156.8651560581258
62123,36.0,14.5,155.6279321132472
62124,36.0,15.0,157.70353066300592
62125,36.0,15.5,157.81195084363682
62126,36.0,16.0,153.9679439940777
62127,36.0,16.5,162.59239024117306
62128,36.0,17.5,158.85403223389795
62129,36.0,18.0,157.08787297363432
62130,36.0,18.5,158.8599379566373
62131,36.0,19.0,155.35764844046557
62132,36.0,19.5,151.58790379970307
62133,36.0,20.5,156.41013663073238
62134,36.0,21.0,153.10539329137458
62135,36.0,21.5,152.95866855608023
62136,36.0,22.0,151.24565548773367
62137,36.0,22.5,153.19141678356957
62138,36.0,23.0,152.68862253579073
62139,36.0,23.5,151.90416484033696
62140,36.0,24.0,152.22124150872654
62141,36.0,25.0,158.7506091071183
62142,36.0,25.5,152.4315243866563
62143,36.0,26.0,152.250336018349
62144,36.0,26.5,152.22470963345782
62145,36.0,27.0,155.6806991571764
62146,36.0,27.5,146.37161193529585
62147,36.0,28.0,151.49893732356497
62148,36.0,28.5,152.10572806215163
62149,36.0,29.0,150.7712442954344
62150,36.0,29.5,149.73029102217555
62151,36.0,30.0,151.7711681233832
62152,36.0,30.5,150.67678606653098
62153,36.0,31.0,151.9332264851679
62154,36.0,31.5,151.25797231711314
62155,36.0,32.0,147.2594680797745
62156,36.0,32.5,148.44596718651485
62157,36.0,33.0,152.5959164697233
62158,36.0,33.5,150.3433005015105
62159,36.0,34.0,153.33868328733578
62160,36.0,34.5,151.05565232515642
62161,36.0,35.0,157.48966561029783
62162,36.0,35.5,151.83356263043223
62163,36.0,36.0,151.79313586662636
62164,36.0,37.0,160.3001237063406
62165,36.0,37.5,161.7389987159747
62166,36.0,38.0,165.05431634044137
62167,36.0,38.5,176.87092872496913
62168,36.0,39.0,178.46477846223993
62169,36.5,-37.5,174.59858856690983
62170,36.5,-37.0,152.3838133862244
62171,36.5,-36.5,148.49165796100058
62172,36.5,-36.0,148.48283600179457
62173,36.5,-35.5,150.40273419998044
62174,36.5,-35.0,146.66637657000152
62175,36.5,-34.5,147.35979528852874
62176,36.5,-34.0,151.97433166438378
62177,36.5,-33.5,161.07956296660637
62178,36.5,-33.0,149.1659291352663
62179,36.5,-32.5,155.43302288511018
62180,36.5,-32.0,158.49626083605332
62181,36.5,-31.5,166.49449844629606
62182,36.5,-31.0,147.567440562748
62183,36.5,-30.5,149.83612744422305
62184,36.5,-30.0,146.43278549206136
62185,36.5,-29.5,146.40675091321467
62186,36.5,-29.0,150.08789974319455
62187,36.5,-28.5,147.42211285899452
62188,36.5,-28.0,149.62796389417943
62189,36.5,-27.5,150.42139261098484
62190,36.5,-27.0,149.3952897976792
62191,36.5,-26.5,149.46337447893973
62192,36.5,-26.0,149.89545894110898
62193,36.5,-25.5,150.5077768209068
62194,36.5,-25.0,150.32783702029283
62195,36.5,-24.5,150.27585174026842
62196,36.5,-24.0,149.66058443723696
62197,36.5,-23.5,149.803636720025
62198,36.5,-23.0,149.46590720900085
62199,36.5,-22.5,150.98744081308251
62200,36.5,-22.0,150.49624110586342
62201,36.5,-21.5,150.17298024938998
62202,36.5,-21.0,151.8988631009788
62203,36.5,-20.5,153.07224335904974
62204,36.5,-20.0,151.9849828870411
62205,36.5,-19.5,152.23078332777325
62206,36.5,-19.0,155.10779059013703
62207,36.5,-18.5,153.9597918569282
62208,36.5,-18.0,156.5999235174676
62209,36.5,-17.5,162.74653863201047
62210,36.5,-17.0,146.55252119861066
62211,36.5,-16.5,155.5896055882708
62212,36.5,-16.0,146.62143197816582
62213,36.5,-15.5,147.4924753755147
62214,36.5,-15.0,146.70869615904724
62215,36.5,-14.5,151.7767984374535
62216,36.5,-14.0,147.80751928770738
62217,36.5,-13.5,148.52607181652678
62218,36.5,-13.0,148.3392914874753
62219,36.5,-12.5,148.73978588729645
62220,36.5,-12.0,149.38464888691104
62221,36.5,-11.5,149.88882458424874
62222,36.5,-11.0,153.05975119168818
62223,36.5,-10.5,148.97637473571655
62224,36.5,-9.0,146.46157424200698
62225,36.5,-8.5,146.4032642312321
62226,36.5,-8.0,146.36070149644456
62227,36.5,-7.5,148.93738503649323
62228,36.5,-7.0,151.5498930811419
62229,36.5,-6.5,147.37562016040482
62230,36.5,-6.0,148.95705559046263
62231,36.5,-5.5,148.52221520683884
62232,36.5,-5.0,150.83556433210825
62233,36.5,-4.5,150.46254586015672
62234,36.5,-4.0,152.51829169534582
62235,36.5,-3.5,151.93806519781117
62236,36.5,-3.0,149.9578832284951
62237,36.5,-2.5,147.32720540623745
62238,36.5,-1.5,150.52386577528733
62239,36.5,-1.0,149.9424305545632
62240,36.5,-0.5,146.29650365916171
62241,36.5,0.0,149.13137313243885
62242,36.5,1.0,150.49380304120064
62243,36.5,1.5,149.67526794516237
62244,36.5,2.0,152.7804108553929
62245,36.5,2.5,160.0194569271675
62246,36.5,3.0,154.33661188302784
62247,36.5,3.5,153.0397152424035
62248,36.5,4.0,151.1932103606462
62249,36.5,4.5,153.3408330290833
62250,36.5,5.0,147.45241974109524
62251,36.5,5.5,151.25649123400981
62252,36.5,6.0,155.65865218516413
62253,36.5,6.5,151.21977291884215
62254,36.5,7.0,151.3880059042171
62255,36.5,7.5,153.05622649511665
62256,36.5,8.0,148.9417418040689
62257,36.5,9.0,148.4918793264039
62258,36.5,9.5,149.41124788300837
62259,36.5,10.0,146.11553593560183
62260,36.5,10.5,148.6761424509066
62261,36.5,11.0,150.82803137830416
62262,36.5,12.5,148.99080140991725
62263,36.5,13.0,152.46697930516126
62264,36.5,13.5,157.53103331456003
62265,36.5,14.0,154.71960427526065
62266,36.5,14.5,153.00464902363925
62267,36.5,15.0,158.09262555806114
62268,36.5,15.5,155.32226522728902
62269,36.5,16.0,153.64051306901345
62270,36.5,16.5,151.08003452480347
62271,36.5,17.0,160.75031973927548
62272,36.5,18.0,153.9609933768392
62273,36.5,18.5,158.56721152186657
62274,36.5,19.0,159.11616407862076
62275,36.5,19.5,147.55069244208966
62276,36.5,21.0,156.54212951862067
62277,36.5,21.5,153.0809748440063
62278,36.5,22.0,151.14579403042103
62279,36.5,23.0,151.25075447278573
62280,36.5,23.5,152.33417927103704
62281,36.5,24.0,154.16964246841064
62282,36.5,24.5,153.3556309301223
62283,36.5,25.5,155.44690947455996
62284,36.5,26.0,155.28504613058792
62285,36.5,26.5,151.1661445352689
62286,36.5,27.0,153.10639089083935
62287,36.5,27.5,149.05402705320273
62288,36.5,28.0,150.3559209236157
62289,36.5,28.5,150.3509304407438
62290,36.5,29.0,150.95233064010148
62291,36.5,29.5,148.83134623775362
62292,36.5,30.0,151.55645752595248
62293,36.5,30.5,151.0348547462098
62294,36.5,31.0,152.74947951149235
62295,36.5,31.5,148.99282103625907
62296,36.5,32.0,147.69873784266517
62297,36.5,32.5,148.72175901435966
62298,36.5,33.0,151.70288436937818
62299,36.5,33.5,159.9274103034125
62300,36.5,34.0,152.80450689000398
62301,36.5,34.5,154.4002056438317
62302,36.5,35.5,153.7706633894028
62303,36.5,36.0,153.46634955375313
62304,36.5,36.5,158.931464772535
62305,36.5,37.0,160.9876283832137
62306,36.5,37.5,164.5760266264563
62307,36.5,39.0,179.02976486586837
62308,37.0,-37.5,173.80596287926198
62309,37.0,-37.0,152.5382731701953
62310,37.0,-36.5,148.4550146334083
62311,37.0,-36.0,147.67524389392787
62312,37.0,-35.5,150.72063698659542
62313,37.0,-35.0,146.6956058752238
62314,37.0,-34.5,147.41380432628532
62315,37.0,-34.0,151.4198100563674
62316,37.0,-33.5,158.2254784294757
62317,37.0,-33.0,149.35226337915418
62318,37.0,-32.5,155.09207534997915
62319,37.0,-32.0,161.43764771453877
62320,37.0,-31.5,167.12214055610184
62321,37.0,-31.0,147.0074207436037
62322,37.0,-30.5,149.60396673747547
62323,37.0,-30.0,146.50214808296298
62324,37.0,-29.5,150.4179652610267
62325,37.0,-29.0,148.06688219394033
62326,37.0,-28.5,147.04583137721883
62327,37.0,-28.0,149.75358278581126
62328,37.0,-27.5,151.0951894643784
62329,37.0,-27.0,148.964542816367
62330,37.0,-26.5,149.0173186225374
62331,37.0,-26.0,149.9157151078465
62332,37.0,-25.5,149.71471570960693
62333,37.0,-25.0,150.3924207207494
62334,37.0,-24.5,149.28998327086413
62335,37.0,-24.0,150.81313947914427
62336,37.0,-23.5,148.90306429346927
62337,37.0,-23.0,149.68702412363527
62338,37.0,-22.5,149.71692558334612
62339,37.0,-22.0,150.5297664189435
62340,37.0,-21.5,150.5069413017749
62341,37.0,-21.0,151.68977063555127
62342,37.0,-20.5,152.31036067572666
62343,37.0,-20.0,151.9968435767445
62344,37.0,-19.5,152.45980242840156
62345,37.0,-19.0,152.03264750831457
62346,37.0,-18.5,149.26186576018637
62347,37.0,-18.0,153.2006157367155
62348,37.0,-17.5,153.8331895902117
62349,37.0,-17.0,147.59901141923268
62350,37.0,-16.5,148.19950539332285
62351,37.0,-16.0,147.08447439523118
62352,37.0,-15.5,147.47800845330232
62353,37.0,-15.0,152.51171924924992
62354,37.0,-14.5,148.35543615625807
62355,37.0,-14.0,147.57154950267068
62356,37.0,-13.5,148.28008499300802
62357,37.0,-13.0,148.63269958555568
62358,37.0,-12.5,149.08239367824115
62359,37.0,-12.0,150.00627834076835
62360,37.0,-11.0,147.33700659432114
62361,37.0,-10.5,153.4791504859579
62362,37.0,-9.5,152.2129972260311
62363,37.0,-9.0,147.65089533510496
62364,37.0,-8.5,148.7918215073254
62365,37.0,-8.0,149.72257550079422
62366,37.0,-7.5,150.41419084684742
62367,37.0,-7.0,150.13301397656525
62368,37.0,-6.5,148.0234423302311
62369,37.0,-6.0,148.46117806296488
62370,37.0,-5.5,147.97582451187372
62371,37.0,-4.0,153.65865027424863
62372,37.0,-3.5,153.5426724324165
62373,37.0,-2.5,147.61919924194225
62374,37.0,-2.0,149.39796701200777
62375,37.0,-1.5,151.60249481092254
62376,37.0,-1.0,148.50133110789852
62377,37.0,-0.5,146.75496481716206
62378,37.0,0.5,149.78215619576696
62379,37.0,1.0,149.55242943430122
62380,37.0,1.5,150.86333703661694
62381,37.0,2.0,156.49853861919328
62382,37.0,2.5,150.60004919620792
62383,37.0,3.0,152.25869241745514
62384,37.0,3.5,155.46163949989452
62385,37.0,4.0,156.09430477222142
62386,37.0,4.5,155.6308203764735
62387,37.0,5.0,153.3236658596457
62388,37.0,5.5,144.5052047889302
62389,37.0,6.0,151.59171850937867
62390,37.0,6.5,155.50993746360757
62391,37.0,7.0,155.46932112050544
62392,37.0,7.5,150.84921361992738
62393,37.0,8.0,147.11196270278052
62394,37.0,8.5,147.401712176058
62395,37.0,9.0,146.70752585697275
62396,37.0,9.5,151.76862393613564
62397,37.0,10.0,146.85726825733428
62398,37.0,10.5,149.83630294853987
62399,37.0,11.0,151.79240307398186
62400,37.0,12.0,157.55556356376763
62401,37.0,12.5,148.70997433427488
62402,37.0,13.0,153.4773312454523
62403,37.0,13.5,152.20748149730457
62404,37.0,14.0,150.4986611673745
62405,37.0,14.5,149.44738788345973
62406,37.0,15.0,152.17823904743193
62407,37.0,15.5,152.22411274597314
62408,37.0,16.0,155.02402350231222
62409,37.0,16.5,153.3996561818774
62410,37.0,17.0,160.02432403297556
62411,37.0,18.5,159.8164089215568
62412,37.0,19.0,159.0562745331391
62413,37.0,20.0,153.13179118114448
62414,37.0,20.5,157.98301649052985
62415,37.0,21.0,154.70917642798958
62416,37.0,21.5,160.46425535765556
62417,37.0,22.0,153.16203832404253
62418,37.0,22.5,151.3516797561619
62419,37.0,23.0,151.2764410646773
62420,37.0,23.5,152.1072410457272
62421,37.0,24.0,153.66119903039123
62422,37.0,24.5,153.1734545441202
62423,37.0,25.5,160.31754056553368
62424,37.0,26.0,152.46790948695443
62425,37.0,26.5,149.31048523883058
62426,37.0,27.0,151.33727248068934
62427,37.0,27.5,148.28462795041844
62428,37.0,28.0,148.10423733360346
62429,37.0,28.5,149.66450319117192
62430,37.0,29.0,149.13901566579568
62431,37.0,29.5,149.03247707563148
62432,37.0,30.0,149.17918195175162
62433,37.0,30.5,150.19134438149484
62434,37.0,31.0,153.05837792611928
62435,37.0,31.5,151.85606214777513
62436,37.0,32.0,149.01360203084275
62437,37.0,32.5,149.28718268092976
62438,37.0,33.0,151.10933907188306
62439,37.0,33.5,158.75919538960443
62440,37.0,34.0,150.28748519202352
62441,37.0,34.5,154.8471749865809
62442,37.0,35.0,148.7648546984174
62443,37.0,35.5,153.37181476791955
62444,37.0,36.0,152.31497345256693
62445,37.0,36.5,158.91705246000004
62446,37.0,37.0,161.95355493530633
62447,37.0,37.5,165.24014796334566
62448,37.0,38.5,176.6788234600474
62449,37.0,39.0,178.9836769932354
62450,37.5,-37.5,171.65837659783332
62451,37.5,-37.0,151.84004383809005
62452,37.5,-36.5,148.7109738606714
62453,37.5,-36.0,147.77629885992798
62454,37.5,-35.5,150.7088323179966
62455,37.5,-35.0,146.79256125489798
62456,37.5,-34.5,147.67238816782506
62457,37.5,-34.0,150.58216467000483
62458,37.5,-33.5,156.66358496572005
62459,37.5,-33.0,149.7055544668912
62460,37.5,-32.5,154.61400103260104
62461,37.5,-32.0,163.17306865437482
62462,37.5,-31.5,167.7640706895506
62463,37.5,-31.0,146.99566761856514
62464,37.5,-30.5,149.8194130929901
62465,37.5,-29.5,147.28701225354502
62466,37.5,-29.0,147.28279682322912
62467,37.5,-28.5,146.53117536657942
62468,37.5,-28.0,149.22990031420852
62469,37.5,-27.5,150.41112539289142
62470,37.5,-27.0,148.95813660602496
62471,37.5,-26.5,149.34425390539954
62472,37.5,-26.0,149.00847650579627
62473,37.5,-25.5,149.47538492404496
62474,37.5,-25.0,149.41054837819394
62475,37.5,-24.5,149.7164683712896
62476,37.5,-24.0,150.4029157486249
62477,37.5,-23.5,149.21061856974123
62478,37.5,-23.0,148.78348056313834
62479,37.5,-22.5,150.0886994221256
62480,37.5,-22.0,150.67189178965242
62481,37.5,-21.5,150.89813812589483
62482,37.5,-21.0,151.75669240075482
62483,37.5,-20.5,150.71473672404554
62484,37.5,-20.0,152.2854146307362
62485,37.5,-19.5,150.13188517956252
62486,37.5,-19.0,151.21022181237905
62487,37.5,-18.5,151.89220821014453
62488,37.5,-18.0,150.62560166579874
62489,37.5,-17.5,151.78742188536404
62490,37.5,-17.0,147.46649354428666
62491,37.5,-16.5,146.97558910294302
62492,37.5,-16.0,146.9581628656318
62493,37.5,-15.5,147.93751430974183
62494,37.5,-15.0,154.40109079084817
62495,37.5,-14.5,147.5962483584178
62496,37.5,-14.0,148.20608534685798
62497,37.5,-13.5,147.3964125800285
62498,37.5,-13.0,148.69891729201987
62499,37.5,-12.5,150.1267256534549
62500,37.5,-12.0,149.43664306458513
62501,37.5,-11.5,150.55767125226168
62502,37.5,-11.0,148.3522557449366
62503,37.5,-10.5,151.64330142901227
62504,37.5,-10.0,152.50484115570416
62505,37.5,-9.5,148.5140255173969
62506,37.5,-9.0,146.8543061294659
62507,37.5,-8.5,147.51920749564613
62508,37.5,-8.0,150.22745257697136
62509,37.5,-7.5,144.29945501167785
62510,37.5,-7.0,145.21115236577182
62511,37.5,-6.5,153.18319914488941
62512,37.5,-6.0,151.11129408823942
62513,37.5,-5.5,148.45134920895146
62514,37.5,-5.0,146.92531069414923
62515,37.5,-4.5,156.09355221916667
62516,37.5,-4.0,153.32247162296315
62517,37.5,-3.5,150.743108195411
62518,37.5,-3.0,153.82644609120098
62519,37.5,-2.5,152.31386665610458
62520,37.5,-2.0,148.41833763025323
62521,37.5,-1.5,147.70642820105144
62522,37.5,-1.0,148.70751732126394
62523,37.5,-0.5,147.1500764256438
62524,37.5,0.0,146.14055217146066
62525,37.5,0.5,150.3371345234531
62526,37.5,1.0,150.46243284090448
62527,37.5,1.5,151.08964503662673
62528,37.5,2.0,152.98135073872427
62529,37.5,2.5,156.74789728812488
62530,37.5,3.0,148.82557128737074
62531,37.5,3.5,149.47046318312593
62532,37.5,4.0,157.55859681973814
62533,37.5,4.5,153.5853727243603
62534,37.5,5.0,151.83300933853346
62535,37.5,5.5,151.00207150375127
62536,37.5,6.0,154.0716482467126
62537,37.5,6.5,157.40070753904573
62538,37.5,7.0,154.76792709431703
62539,37.5,7.5,150.6455672345408
62540,37.5,8.0,149.79771957884182
62541,37.5,8.5,148.0938269952913
62542,37.5,9.0,148.09928762459876
62543,37.5,9.5,154.89934787539272
62544,37.5,10.0,155.4934620832391
62545,37.5,10.5,150.9168881950191
62546,37.5,11.0,148.20393861290947
62547,37.5,11.5,151.74037178946395
62548,37.5,12.5,164.72167882240106
62549,37.5,13.0,151.31910683260193
62550,37.5,13.5,150.06646907778585
62551,37.5,14.0,150.78643578832947
62552,37.5,14.5,151.83335484317104
62553,37.5,15.0,148.92558948322628
62554,37.5,16.0,153.78890847551142
62555,37.5,16.5,148.07526864955386
62556,37.5,17.0,152.03239288479696
62557,37.5,17.5,160.09018859137788
62558,37.5,18.0,155.22221746594414
62559,37.5,18.5,160.10164753524958
62560,37.5,19.0,164.67165493783742
62561,37.5,19.5,164.26218961105778
62562,37.5,20.0,151.83549441558267
62563,37.5,20.5,152.00590715606276
62564,37.5,21.5,159.50370197852973
62565,37.5,22.0,154.92214566534483
62566,37.5,22.5,151.49565512076958
62567,37.5,23.0,151.63926630104203
62568,37.5,23.5,151.15778884599916
62569,37.5,24.0,153.43182314649758
62570,37.5,24.5,151.40769616043676
62571,37.5,25.0,152.05072443330326
62572,37.5,25.5,153.13153406188997
62573,37.5,26.0,150.58339749099486
62574,37.5,26.5,151.79292080451074
62575,37.5,27.0,148.22156774987704
62576,37.5,27.5,149.96224048792607
62577,37.5,28.0,148.87001664246563
62578,37.5,28.5,150.3942967273058
62579,37.5,29.0,147.86322447225461
62580,37.5,29.5,149.3642064933293
62581,37.5,30.0,148.79752829836903
62582,37.5,30.5,150.33869122977617
62583,37.5,31.0,153.76002682466438
62584,37.5,31.5,152.12954638123975
62585,37.5,32.0,150.5066946102593
62586,37.5,32.5,149.8816092308053
62587,37.5,33.0,150.31673315665267
62588,37.5,33.5,156.16006975240788
62589,37.5,34.0,145.55415232105622
62590,37.5,34.5,155.58618674120297
62591,37.5,35.0,150.03332460891937
62592,37.5,35.5,152.5919200595121
62593,37.5,36.0,153.4312785869629
62594,37.5,36.5,159.63390505887682
62595,37.5,37.0,160.83517532827557
62596,37.5,37.5,156.79913069083196
62597,37.5,38.5,179.24269702673442
62598,37.5,39.0,180.1510511147857
62599,38.0,-37.5,170.2912115052256
62600,38.0,-37.0,152.82514820616817
62601,38.0,-36.5,148.39150233067463
62602,38.0,-36.0,147.89932250568148
62603,38.0,-35.5,152.32104051820824
62604,38.0,-35.0,146.87362087092373
62605,38.0,-34.5,147.83579007760264
62606,38.0,-34.0,150.4184792682927
62607,38.0,-33.5,156.54331795723678
62608,38.0,-33.0,149.8862617036628
62609,38.0,-32.5,154.31290831738647
62610,38.0,-32.0,172.89640002317574
62611,38.0,-31.5,163.82393116792954
62612,38.0,-30.5,150.26386836175388
62613,38.0,-30.0,148.65517350395646
62614,38.0,-29.5,147.40834625227828
62615,38.0,-29.0,146.9081102637631
62616,38.0,-28.5,147.89956190398834
62617,38.0,-28.0,149.42801410217922
62618,38.0,-27.5,149.18906255757202
62619,38.0,-27.0,149.28081811961638
62620,38.0,-26.5,149.21559654427392
62621,38.0,-26.0,148.3473877788749
62622,38.0,-25.5,149.80473099789629
62623,38.0,-25.0,149.66829634841056
62624,38.0,-24.5,150.75514799693178
62625,38.0,-24.0,148.88351436210021
62626,38.0,-23.5,150.25429532165782
62627,38.0,-23.0,149.0528671971366
62628,38.0,-22.5,150.13273509566847
62629,38.0,-22.0,149.4039531447522
62630,38.0,-21.5,151.57358195321456
62631,38.0,-21.0,150.83223668347708
62632,38.0,-20.5,149.59872928515404
62633,38.0,-20.0,151.2682306857794
62634,38.0,-19.5,150.5666023787193
62635,38.0,-19.0,151.51495315354472
62636,38.0,-18.5,151.76273547008051
62637,38.0,-18.0,149.56570170992322
62638,38.0,-17.5,151.29991300962115
62639,38.0,-17.0,150.8065189330467
62640,38.0,-16.5,147.11618891927745
62641,38.0,-16.0,147.09590476788546
62642,38.0,-15.5,159.67103363561097
62643,38.0,-15.0,146.73955241261186
62644,38.0,-14.5,147.73826976930692
62645,38.0,-14.0,148.5857721812443
62646,38.0,-13.5,148.41614001718946
62647,38.0,-13.0,149.01040790509182
62648,38.0,-12.5,149.96576305885048
62649,38.0,-12.0,149.3808444461672
62650,38.0,-11.5,154.724473376301
62651,38.0,-10.0,151.29239548528474
62652,38.0,-9.5,148.6075803624715
62653,38.0,-9.0,149.30593904431373
62654,38.0,-8.5,150.4127020711902
62655,38.0,-8.0,155.51842407942277
62656,38.0,-7.5,150.27950255173116
62657,38.0,-7.0,147.6991293506541
62658,38.0,-6.5,149.3198778080416
62659,38.0,-6.0,150.2634149422136
62660,38.0,-5.5,154.14247642417598
62661,38.0,-5.0,150.65349283945528
62662,38.0,-4.5,149.41103299624842
62663,38.0,-4.0,152.8009490952068
62664,38.0,-3.0,152.2492950168879
62665,38.0,-2.5,149.80823534907037
62666,38.0,-2.0,151.04764064047737
62667,38.0,-1.5,146.6897908643095
62668,38.0,-1.0,148.00698660303271
62669,38.0,-0.5,148.69675283751872
62670,38.0,0.0,147.47707761332404
62671,38.0,0.5,149.00030256447891
62672,38.0,1.0,151.06378981058728
62673,38.0,1.5,150.66045962241492
62674,38.0,2.0,151.86671240401876
62675,38.0,2.5,151.1120622710996
62676,38.0,3.0,153.594162567366
62677,38.0,4.0,148.76423641434235
62678,38.0,4.5,155.18993440260365
62679,38.0,5.0,156.0129494267001
62680,38.0,5.5,150.13003269334598
62681,38.0,6.0,151.34042041859044
62682,38.0,6.5,155.78020559224476
62683,38.0,7.0,154.10746446378752
62684,38.0,7.5,155.73060027417995
62685,38.0,8.0,148.02781199469322
62686,38.0,8.5,147.55828142853971
62687,38.0,9.0,147.5812469027429
62688,38.0,10.0,156.8008946274805
62689,38.0,10.5,157.7484943548097
62690,38.0,11.0,149.49350503692165
62691,38.0,11.5,149.96224847513764
62692,38.0,12.0,154.78763963615094
62693,38.0,12.5,163.85618003420598
62694,38.0,13.0,155.36908795113848
62695,38.0,13.5,151.30419682210604
62696,38.0,14.0,150.97674493563838
62697,38.0,15.0,147.41693967723364
62698,38.0,15.5,149.41761961399183
62699,38.0,16.5,150.44671440470165
62700,38.0,17.0,151.91051900353622
62701,38.0,17.5,156.33470209147774
62702,38.0,18.0,154.53646333287443
62703,38.0,19.0,160.17074080104453
62704,38.0,19.5,162.03070177356514
62705,38.0,20.0,153.26245242525516
62706,38.0,20.5,152.33492852066536
62707,38.0,21.5,153.0076410575433
62708,38.0,22.0,159.36697997067492
62709,38.0,22.5,151.93332824922055
62710,38.0,23.0,151.00547825502102
62711,38.0,24.0,155.67941328383455
62712,38.0,24.5,151.34951058506576
62713,38.0,25.0,149.85466380129205
62714,38.0,25.5,154.6452007067564
62715,38.0,26.0,152.7258436910808
62716,38.0,26.5,152.40774231549224
62717,38.0,27.0,148.4747682535392
62718,38.0,27.5,150.45013572711633
62719,38.0,28.0,148.6769996721888
62720,38.0,28.5,149.39682631136958
62721,38.0,29.0,146.89595906842922
62722,38.0,29.5,149.03863038816155
62723,38.0,30.0,150.3278771080442
62724,38.0,30.5,151.1638189259771
62725,38.0,31.0,150.8801741654821
62726,38.0,31.5,150.99846822030096
62727,38.0,32.0,154.07319542001517
62728,38.0,32.5,151.27640718978463
62729,38.0,33.0,151.96964991231516
62730,38.0,33.5,153.45202188905523
62731,38.0,34.0,153.14506479292038
62732,38.0,34.5,156.01572341255553
62733,38.0,35.0,150.4783533991084
62734,38.0,35.5,153.31358342998564
62735,38.0,36.0,152.69402296673215
62736,38.0,36.5,159.27376771448522
62737,38.0,37.0,160.4624050459792
62738,38.0,37.5,156.16886294622634
62739,38.0,38.5,179.9766559975423
62740,38.0,39.0,180.10398472883367
62741,38.5,-37.0,154.26699843427917
62742,38.5,-36.5,148.64850719520467
62743,38.5,-36.0,156.0811286806096
62744,38.5,-35.5,155.30504470683303
62745,38.5,-35.0,147.01670545884772
62746,38.5,-34.5,147.84033599584242
62747,38.5,-34.0,150.69214417401204
62748,38.5,-33.5,154.62494516327703
62749,38.5,-33.0,148.31213402625087
62750,38.5,-32.5,156.2285717746985
62751,38.5,-32.0,172.17322141262133
62752,38.5,-31.5,167.59431670235392
62753,38.5,-30.5,151.12478563372127
62754,38.5,-30.0,147.83438225223898
62755,38.5,-29.5,147.9073755203515
62756,38.5,-29.0,146.79023816227905
62757,38.5,-28.5,148.97064090348516
62758,38.5,-28.0,148.88156829873412
62759,38.5,-27.5,148.90113980268148
62760,38.5,-27.0,149.6431477898237
62761,38.5,-26.5,148.3812458763561
62762,38.5,-26.0,148.97447727695646
62763,38.5,-25.5,149.21869606112875
62764,38.5,-25.0,148.96986592495634
62765,38.5,-24.5,149.53730291105424
62766,38.5,-24.0,150.44588438838286
62767,38.5,-23.5,151.51181549729975
62768,38.5,-23.0,149.37261448034803
62769,38.5,-22.5,147.75214294600744
62770,38.5,-22.0,150.07838907310796
62771,38.5,-21.5,151.608604404624
62772,38.5,-21.0,150.04717851496656
62773,38.5,-20.5,149.21197176742297
62774,38.5,-20.0,149.48530769845559
62775,38.5,-19.5,151.04304742086893
62776,38.5,-18.5,151.3186028500402
62777,38.5,-18.0,151.61463709175527
62778,38.5,-17.5,150.44661301223826
62779,38.5,-17.0,149.40561737017032
62780,38.5,-16.5,147.77717221400587
62781,38.5,-16.0,147.41377455330561
62782,38.5,-15.5,147.5908883270272
62783,38.5,-15.0,146.59487364980427
62784,38.5,-14.5,148.30589539134496
62785,38.5,-14.0,149.41522124598865
62786,38.5,-13.5,149.1315497986619
62787,38.5,-13.0,149.94503026074514
62788,38.5,-12.5,149.26627146792472
62789,38.5,-12.0,152.84288349644814
62790,38.5,-11.5,150.3134147393421
62791,38.5,-10.5,152.39763820585225
62792,38.5,-10.0,149.44750605183927
62793,38.5,-9.5,151.31176382053314
62794,38.5,-9.0,150.76576757424746
62795,38.5,-8.5,154.33232536046032
62796,38.5,-8.0,149.94362458057176
62797,38.5,-7.5,148.54622432190632
62798,38.5,-7.0,148.97077647879559
62799,38.5,-6.5,150.97483931269943
62800,38.5,-6.0,151.37002403962072
62801,38.5,-5.5,152.0703961405272
62802,38.5,-5.0,150.9288108045336
62803,38.5,-4.5,147.7318903600017
62804,38.5,-4.0,144.86592658327172
62805,38.5,-3.0,152.2553847711355
62806,38.5,-2.5,151.7210565341977
62807,38.5,-2.0,150.95846318907562
62808,38.5,-1.5,148.05691645857092
62809,38.5,-1.0,148.58630451087723
62810,38.5,-0.5,149.22138488853182
62811,38.5,0.0,149.74426791202146
62812,38.5,0.5,151.19159799445038
62813,38.5,1.5,155.46835159207444
62814,38.5,2.0,154.50453408280234
62815,38.5,2.5,150.0676810578074
62816,38.5,3.0,155.86318764938488
62817,38.5,3.5,156.22864959399072
62818,38.5,4.0,151.9606194877279
62819,38.5,5.0,153.12210302564444
62820,38.5,5.5,158.35987290715966
62821,38.5,6.0,152.23876270579544
62822,38.5,6.5,148.47265719376668
62823,38.5,7.0,158.76123493456012
62824,38.5,7.5,157.6164830938177
62825,38.5,8.0,153.8655266910075
62826,38.5,8.5,147.50130090146098
62827,38.5,9.0,161.0854286918533
62828,38.5,10.5,157.44999446370878
62829,38.5,11.0,154.8264088121904
62830,38.5,11.5,149.20997964581633
62831,38.5,12.0,156.47369132486017
62832,38.5,12.5,147.20200891409263
62833,38.5,13.0,152.58035981938372
62834,38.5,13.5,154.8940341433685
62835,38.5,14.0,150.1827462058824
62836,38.5,14.5,147.1506667622649
62837,38.5,15.5,147.94855152973128
62838,38.5,16.5,153.40004126460892
62839,38.5,17.0,145.1126476707039
62840,38.5,17.5,154.17311637582296
62841,38.5,18.0,160.19380241484834
62842,38.5,18.5,160.01397226877026
62843,38.5,19.0,153.43946615367764
62844,38.5,19.5,159.017674415
62845,38.5,20.5,151.33855340095252
62846,38.5,21.0,152.9938633045782
62847,38.5,21.5,152.9384164043755
62848,38.5,22.0,160.24531105826506
62849,38.5,22.5,153.87946577345488
62850,38.5,23.0,152.03521374086617
62851,38.5,23.5,158.19934144180476
62852,38.5,24.0,153.7089360690961
62853,38.5,24.5,151.65490654416288
62854,38.5,25.0,148.00424684888108
62855,38.5,25.5,153.99417832522536
62856,38.5,26.5,152.17648651956836
62857,38.5,27.0,150.67328056272424
62858,38.5,27.5,150.42879280233052
62859,38.5,28.0,149.80362091532908
62860,38.5,28.5,147.6228554512374
62861,38.5,29.0,148.2599012416094
62862,38.5,29.5,149.31475905578384
62863,38.5,30.0,151.96000387344694
62864,38.5,30.5,152.2679764482373
62865,38.5,31.0,151.90002002228636
62866,38.5,31.5,151.138900614045
62867,38.5,32.0,155.7045658217919
62868,38.5,32.5,151.3077545066584
62869,38.5,33.0,152.171842655249
62870,38.5,33.5,153.91800683548115
62871,38.5,34.0,156.5308826246316
62872,38.5,34.5,155.95744011499255
62873,38.5,35.0,150.62117743126595
62874,38.5,35.5,154.2102984124303
62875,38.5,36.0,155.07799864876182
62876,38.5,36.5,157.98451459262645
62877,38.5,37.0,160.33872172237508
62878,38.5,37.5,158.6310138422338
62879,38.5,38.5,177.62741374497807
62880,38.5,39.0,179.35869011270722
62881,39.0,-37.0,153.83276362969372
62882,39.0,-36.5,148.32410329601288
62883,39.0,-36.0,156.27774796094707
62884,39.0,-35.0,147.62171636908894
62885,39.0,-34.5,147.9915603511867
62886,39.0,-34.0,150.08950331231804
62887,39.0,-33.5,154.81206117783614
62888,39.0,-33.0,149.31466529615466
62889,39.0,-32.5,156.54207253973354
62890,39.0,-32.0,167.59511386749054
62891,39.0,-31.5,164.3461893041549
62892,39.0,-30.5,151.63485436261564
62893,39.0,-30.0,146.19406475884816
62894,39.0,-29.5,147.83991160569823
62895,39.0,-29.0,147.15657913952214
62896,39.0,-28.5,148.66666676352165
62897,39.0,-28.0,148.67414520762367
62898,39.0,-27.5,149.5563526626555
62899,39.0,-27.0,149.11369301362802
62900,39.0,-26.5,148.14626479733087
62901,39.0,-26.0,148.99958131082758
62902,39.0,-25.5,148.3936997126529
62903,39.0,-25.0,150.51585724264635
62904,39.0,-24.5,150.19044970660616
62905,39.0,-24.0,150.77367305203802
62906,39.0,-23.5,152.18113529790676
62907,39.0,-23.0,150.1360165243292
62908,39.0,-22.5,147.99013932881604
62909,39.0,-22.0,150.29274324288946
62910,39.0,-21.5,150.42873980048424
62911,39.0,-21.0,152.3092541499971
62912,39.0,-20.5,148.94619034332922
62913,39.0,-20.0,148.8482779923172
62914,39.0,-19.5,149.93941141298802
62915,39.0,-19.0,151.54442839214553
62916,39.0,-18.0,150.70265287609575
62917,39.0,-17.5,150.64557209239226
62918,39.0,-17.0,151.79682328716407
62919,39.0,-16.5,149.98481630154893
62920,39.0,-16.0,148.52770932318725
62921,39.0,-15.5,146.8129265067912
62922,39.0,-15.0,147.27544679962423
62923,39.0,-14.5,147.45918109819056
62924,39.0,-14.0,148.68808921591835
62925,39.0,-13.5,149.85117175115195
62926,39.0,-13.0,149.5965036849562
62927,39.0,-12.5,150.18808760946257
62928,39.0,-12.0,151.6652046288542
62929,39.0,-11.5,149.97298574121277
62930,39.0,-11.0,151.88720764804106
62931,39.0,-10.5,149.57061404001672
62932,39.0,-9.5,147.50636805469864
62933,39.0,-9.0,152.16880014429805
62934,39.0,-8.5,151.07427611833467
62935,39.0,-8.0,150.44963961829495
62936,39.0,-7.5,148.6884137793299
62937,39.0,-7.0,149.8443131046693
62938,39.0,-6.5,155.0204281537943
62939,39.0,-6.0,153.15221490752444
62940,39.0,-5.5,153.94316668683518
62941,39.0,-5.0,152.90977163495256
62942,39.0,-4.5,149.58465992139787
62943,39.0,-4.0,146.60404190630132
62944,39.0,-3.5,153.80440675002663
62945,39.0,-3.0,153.57503218380276
62946,39.0,-2.5,153.94175096523145
62947,39.0,-2.0,154.55301499116896
62948,39.0,-1.0,151.4452374442237
62949,39.0,-0.5,151.13619186725657
62950,39.0,0.0,152.1365787139865
62951,39.0,0.5,154.4637960764297
62952,39.0,1.0,154.98604453302875
62953,39.0,1.5,157.50304993725192
62954,39.0,2.0,155.69627756219032
62955,39.0,2.5,151.93538654833458
62956,39.0,3.0,153.23878840844094
62957,39.0,3.5,151.93803030341962
62958,39.0,4.0,152.80868841442677
62959,39.0,4.5,148.44906404369863
62960,39.0,5.0,149.3246454251922
62961,39.0,5.5,157.74397519519675
62962,39.0,6.0,148.18122917115213
62963,39.0,6.5,151.62907043510683
62964,39.0,7.0,148.81765588309403
62965,39.0,7.5,157.4092316489202
62966,39.0,8.0,157.0515564831915
62967,39.0,10.5,155.89596735140256
62968,39.0,11.0,151.91675858927385
62969,39.0,11.5,158.712599338964
62970,39.0,12.0,148.53608380124288
62971,39.0,12.5,150.85316569277296
62972,39.0,13.0,149.33765631537463
62973,39.0,13.5,153.0951080461642
62974,39.0,14.0,152.1576336255468
62975,39.0,14.5,147.83421778186812
62976,39.0,15.0,147.33381362984005
62977,39.0,15.5,147.9074284899732
62978,39.0,16.0,153.0835027310528
62979,39.0,16.5,156.26383549663097
62980,39.0,17.0,159.6797432803211
62981,39.0,17.5,156.7755292852147
62982,39.0,18.0,156.74293039164283
62983,39.0,18.5,159.86421295257392
62984,39.0,19.0,150.54725737054787
62985,39.0,19.5,157.06982143608641
62986,39.0,20.0,159.10703806050097
62987,39.0,20.5,152.03382972602626
62988,39.0,21.0,155.13467062456246
62989,39.0,22.0,155.34810611768356
62990,39.0,22.5,158.37937671751436
62991,39.0,23.0,154.50546526200748
62992,39.0,23.5,150.2341836894425
62993,39.0,24.0,155.28635453325546
62994,39.0,24.5,151.87644207120346
62995,39.0,25.0,154.13816854249896
62996,39.0,25.5,148.41425243081727
62997,39.0,26.0,156.54765386216306
62998,39.0,26.5,152.49588098404337
62999,39.0,27.0,150.65383346893586
63000,39.0,27.5,149.26248992941078
63001,39.0,28.0,148.2174859777318
63002,39.0,28.5,146.56611588599742
63003,39.0,29.0,148.31733575295803
63004,39.0,29.5,148.4128240433287
63005,39.0,30.0,150.56528737600775
63006,39.0,30.5,150.37216507001443
63007,39.0,31.0,153.67693898503592
63008,39.0,31.5,155.10494937511274
63009,39.0,32.0,158.14850433926588
63010,39.0,32.5,153.64652587745672
63011,39.0,33.0,152.65685092780993
63012,39.0,33.5,154.63750391787462
63013,39.0,34.0,156.37286001504648
63014,39.0,34.5,155.41076142900297
63015,39.0,35.0,151.12739225811495
63016,39.0,35.5,153.697021294221
63017,39.0,36.0,151.9298118540831
63018,39.0,36.5,160.11974409428674
63019,39.0,37.0,158.83683433992084
63020,39.0,37.5,157.45076348451315
63021,39.0,38.5,179.80629688896818
63022,39.0,39.0,178.94386513798904
63023,39.5,-37.0,154.47034027924602
63024,39.5,-36.5,148.85914374035076
63025,39.5,-36.0,156.99334708332552
63026,39.5,-35.0,147.65997011851482
63027,39.5,-34.5,148.45805280896215
63028,39.5,-34.0,149.9609221105513
63029,39.5,-33.5,154.9503900430553
63030,39.5,-33.0,149.72883808496587
63031,39.5,-32.5,156.5924912051885
63032,39.5,-32.0,161.60042686926317
63033,39.5,-31.5,173.37192711743222
63034,39.5,-30.5,151.22382269538423
63035,39.5,-30.0,146.60742876023608
63036,39.5,-29.5,147.72452612868108
63037,39.5,-29.0,148.96413658925815
63038,39.5,-28.5,147.3280013833497
63039,39.5,-28.0,150.12674401181206
63040,39.5,-27.5,148.57584643943747
63041,39.5,-27.0,149.03078577580504
63042,39.5,-26.5,148.23204044768207
63043,39.5,-26.0,149.52472314282366
63044,39.5,-25.5,148.35226763926576
63045,39.5,-25.0,149.86668865267217
63046,39.5,-24.5,150.3371694370355
63047,39.5,-24.0,149.98581892731784
63048,39.5,-23.5,152.26127045509307
63049,39.5,-23.0,151.34297916654293
63050,39.5,-22.5,147.90930996516883
63051,39.5,-22.0,149.4712166550958
63052,39.5,-21.5,150.40840293009072
63053,39.5,-21.0,152.43162468563452
63054,39.5,-20.5,148.27122505640557
63055,39.5,-20.0,149.1271943711982
63056,39.5,-19.5,149.9560582865094
63057,39.5,-19.0,151.1927723407971
63058,39.5,-18.5,150.9989462525166
63059,39.5,-18.0,149.27096119501456
63060,39.5,-17.5,150.48172415425034
63061,39.5,-17.0,150.11943442375687
63062,39.5,-16.5,151.45557437747743
63063,39.5,-16.0,148.99564584505288
63064,39.5,-15.0,147.48701378793663
63065,39.5,-14.5,148.6214094335091
63066,39.5,-14.0,149.44975076805957
63067,39.5,-13.5,149.28514742110946
63068,39.5,-13.0,154.91828597080433
63069,39.5,-12.5,150.61710550964852
63070,39.5,-12.0,148.66271810445392
63071,39.5,-11.5,149.16178014918438
63072,39.5,-11.0,151.44916746849904
63073,39.5,-10.5,147.74153108898025
63074,39.5,-10.0,148.58681869661274
63075,39.5,-9.5,151.60683754015292
63076,39.5,-9.0,162.1320996850425
63077,39.5,-8.5,151.26726059854374
63078,39.5,-8.0,153.40728522304823
63079,39.5,-7.5,153.5805750738969
63080,39.5,-7.0,153.8721535068441
63081,39.5,-6.5,147.9162862360111
63082,39.5,-6.0,154.28506600802052
63083,39.5,-5.5,153.43007973775096
63084,39.5,-5.0,155.10682421199806
63085,39.5,-4.0,149.21782917021963
63086,39.5,-3.5,146.58256587295605
63087,39.5,-3.0,152.41592536488483
63088,39.5,-2.5,153.76233003242055
63089,39.5,-2.0,156.00339728524636
63090,39.5,-1.5,154.15663554439269
63091,39.5,-1.0,153.92674029097725
63092,39.5,-0.5,153.0316887900803
63093,39.5,0.0,153.90856178593484
63094,39.5,0.5,154.23116713334034
63095,39.5,1.0,154.8392561068592
63096,39.5,1.5,156.55646329373974
63097,39.5,2.0,155.62682349231176
63098,39.5,2.5,155.23190426623395
63099,39.5,3.0,152.11027940633286
63100,39.5,3.5,147.50100812011016
63101,39.5,4.0,155.49488500530165
63102,39.5,4.5,152.93388146420327
63103,39.5,5.0,150.60491842227023
63104,39.5,5.5,153.35119372417367
63105,39.5,6.0,153.66088613415127
63106,39.5,6.5,145.74749370788936
63107,39.5,7.0,149.54491804859325
63108,39.5,7.5,148.4815351191798
63109,39.5,8.0,163.66412649229548
63110,39.5,8.5,167.05513722136388
63111,39.5,10.5,145.33774526073083
63112,39.5,11.0,162.8828244482336
63113,39.5,11.5,164.45983279033382
63114,39.5,12.0,148.078646016218
63115,39.5,12.5,150.3814838189935
63116,39.5,13.0,150.66907144409018
63117,39.5,13.5,152.77380034085277
63118,39.5,14.0,153.02472728034493
63119,39.5,14.5,147.93717043622016
63120,39.5,15.0,149.0726087988152
63121,39.5,15.5,159.2513924378693
63122,39.5,16.0,159.07743102332228
63123,39.5,17.0,158.39410523206206
63124,39.5,17.5,157.40721065719944
63125,39.5,18.0,153.142655751246
63126,39.5,18.5,160.19701553466942
63127,39.5,19.0,159.36474298044985
63128,39.5,19.5,155.40831448545217
63129,39.5,20.0,160.15710412818342
63130,39.5,21.0,156.26681095788854
63131,39.5,22.0,152.33346296665735
63132,39.5,22.5,161.69737445472785
63133,39.5,23.0,154.95871940038302
63134,39.5,23.5,153.52271433932248
63135,39.5,24.0,155.75356861345495
63136,39.5,24.5,150.43273193619635
63137,39.5,25.0,152.69408365494473
63138,39.5,25.5,149.57900773283225
63139,39.5,26.0,148.06406506317825
63140,39.5,26.5,153.01842070104564
63141,39.5,27.0,150.7544418821151
63142,39.5,27.5,149.28212550973765
63143,39.5,28.0,146.89374911014013
63144,39.5,28.5,145.9790304000036
63145,39.5,29.0,147.33563044551744
63146,39.5,29.5,147.73344436195745
63147,39.5,30.0,151.58027943404258
63148,39.5,30.5,152.41819190175113
63149,39.5,31.0,155.43680705871384
63150,39.5,31.5,157.93654443183206
63151,39.5,32.0,156.46776751385178
63152,39.5,32.5,155.0761197982824
63153,39.5,33.0,152.7705688752966
63154,39.5,33.5,154.17584723267277
63155,39.5,34.0,152.06915557988214
63156,39.5,34.5,153.25089924149265
63157,39.5,35.0,152.02775048208542
63158,39.5,35.5,153.90796739615635
63159,39.5,36.0,153.87823409758695
63160,39.5,36.5,160.48741072864706
63161,39.5,37.0,156.9482862164693
63162,39.5,37.5,156.28705563740675
63163,39.5,39.0,179.41389502921862
63164,40.0,-37.0,154.7817395209774
63165,40.0,-36.5,149.43198107706687
63166,40.0,-36.0,157.64146587990368
63167,40.0,-35.5,147.7605307376469
63168,40.0,-35.0,147.76067223967792
63169,40.0,-34.5,148.48771640240787
63170,40.0,-34.0,148.88809275065756
63171,40.0,-33.5,153.9235496649106
63172,40.0,-33.0,150.04926833696808
63173,40.0,-32.5,159.79552378255124
63174,40.0,-32.0,163.7030149030427
63175,40.0,-31.5,173.2413121979899
63176,40.0,-31.0,161.3002822289632
63177,40.0,-30.5,147.12314960296507
63178,40.0,-30.0,147.65348085442108
63179,40.0,-29.5,147.6618971810531
63180,40.0,-29.0,149.26440096366733
63181,40.0,-28.5,148.08073610306494
63182,40.0,-28.0,148.48784445760512
63183,40.0,-27.5,148.358090916965
63184,40.0,-27.0,148.5413161617208
63185,40.0,-26.5,148.83129076185642
63186,40.0,-26.0,149.73502158578296
63187,40.0,-25.5,148.31541088364852
63188,40.0,-25.0,148.33406446124465
63189,40.0,-24.5,150.40944376524448
63190,40.0,-24.0,151.99233162978513
63191,40.0,-23.5,152.42255773127647
63192,40.0,-23.0,150.45743752806223
63193,40.0,-22.5,150.08012682007987
63194,40.0,-22.0,148.8086334183758
63195,40.0,-21.5,150.33108272743456
63196,40.0,-21.0,148.38489661297245
63197,40.0,-20.5,150.55424433773462
63198,40.0,-20.0,149.27918523461636
63199,40.0,-19.5,149.99496756058377
63200,40.0,-19.0,150.07278789128205
63201,40.0,-18.5,149.77168519168148
63202,40.0,-18.0,148.57615693605524
63203,40.0,-17.5,149.82242458938512
63204,40.0,-17.0,151.28009131699082
63205,40.0,-16.5,151.43370001652974
63206,40.0,-16.0,151.1097050835523
63207,40.0,-15.5,148.1937818653458
63208,40.0,-15.0,148.69981798288427
63209,40.0,-14.5,148.2435111183142
63210,40.0,-14.0,147.82257889827014
63211,40.0,-13.5,156.57643904801046
63212,40.0,-13.0,150.9999592414014
63213,40.0,-12.0,148.76928665785502
63214,40.0,-11.5,150.2851655311718
63215,40.0,-11.0,151.1796997878744
63216,40.0,-10.5,147.99075225847537
63217,40.0,-10.0,152.7598994034083
63218,40.0,-9.5,155.41810903184904
63219,40.0,-9.0,148.621771655862
63220,40.0,-8.5,149.887041841185
63221,40.0,-8.0,151.65535521610198
63222,40.0,-7.5,154.59507342198995
63223,40.0,-7.0,151.08903385717173
63224,40.0,-6.5,151.9004396880944
63225,40.0,-6.0,151.9534639321469
63226,40.0,-5.5,151.17333418605045
63227,40.0,-5.0,152.28138000724198
63228,40.0,-4.5,151.78241896776453
63229,40.0,-4.0,152.06553425760652
63230,40.0,-3.5,150.1898480693653
63231,40.0,-3.0,150.0582542326582
63232,40.0,-2.5,147.78400944296402
63233,40.0,-2.0,151.0420131685792
63234,40.0,-1.5,153.68778029032572
63235,40.0,-1.0,155.79280283648984
63236,40.0,-0.5,155.62650213573343
63237,40.0,0.0,154.2023930616074
63238,40.0,0.5,151.47749918177908
63239,40.0,1.0,154.3655919877943
63240,40.0,1.5,155.36341391662947
63241,40.0,2.0,154.7244125307733
63242,40.0,2.5,153.2458025761584
63243,40.0,3.0,153.3476535036562
63244,40.0,3.5,152.29626219250133
63245,40.0,4.0,148.7308555110763
63246,40.0,4.5,153.67798686957698
63247,40.0,5.0,147.39917556834658
63248,40.0,5.5,148.1056983521562
63249,40.0,6.0,156.99667331176855
63250,40.0,6.5,154.4859437197895
63251,40.0,7.0,149.24123391520675
63252,40.0,7.5,151.63587642084462
63253,40.0,8.0,161.906477539074
63254,40.0,8.5,167.2639614496107
63255,40.0,10.0,146.69873719792693
63256,40.0,10.5,150.9711407843044
63257,40.0,11.0,166.41125243167167
63258,40.0,11.5,161.55472734586965
63259,40.0,12.0,155.38040885277206
63260,40.0,12.5,149.83735301014198
63261,40.0,13.0,153.42515948543098
63262,40.0,13.5,148.49650068430566
63263,40.0,14.5,154.29005817403737
63264,40.0,15.0,153.48862697132515
63265,40.0,15.5,156.15318983733025
63266,40.0,16.0,157.80924531337118
63267,40.0,16.5,157.3377944830011
63268,40.0,17.0,156.45142015408496
63269,40.0,17.5,159.58316860451205
63270,40.0,18.0,155.19142215962856
63271,40.0,18.5,158.4864516518683
63272,40.0,19.0,159.64633762910424
63273,40.0,19.5,161.4497654536903
63274,40.0,20.0,160.67185208931483
63275,40.0,20.5,161.51891175835397
63276,40.0,21.0,146.91239903887393
63277,40.0,23.0,157.93228166660614
63278,40.0,23.5,152.82296614860746
63279,40.0,24.0,150.61721738661487
63280,40.0,25.0,152.48917189938905
63281,40.0,25.5,148.871158122583
63282,40.0,26.0,149.76182448156783
63283,40.0,26.5,151.9602854138065
63284,40.0,27.0,149.77635545387378
63285,40.0,27.5,148.97925897145032
63286,40.0,28.0,147.3452001033868
63287,40.0,28.5,146.6671111259896
63288,40.0,29.0,146.6940164066864
63289,40.0,29.5,148.7434291430806
63290,40.0,30.0,151.54032970876727
63291,40.0,30.5,154.1851163193642
63292,40.0,31.0,155.6878128968381
63293,40.0,31.5,156.14135810307693
63294,40.0,32.0,156.38706005817326
63295,40.0,32.5,156.14147048292293
63296,40.0,33.0,150.68545804941013
63297,40.0,33.5,153.48692968287767
63298,40.0,34.0,150.4200393154413
63299,40.0,34.5,153.64045794278908
63300,40.0,35.0,152.2490181737802
63301,40.0,35.5,153.15459441740168
63302,40.0,36.0,153.77438844404028
63303,40.0,36.5,161.02613387959053
63304,40.0,37.0,155.8122867245441
63305,40.0,37.5,155.97631215421808
63306,40.0,38.5,179.06654600020985
63307,40.0,39.0,178.98177134424466
63308,40.5,-37.0,153.43732049966422
63309,40.5,-36.5,151.06102536654504
63310,40.5,-35.5,147.61659413953825
63311,40.5,-35.0,148.07284651087795
63312,40.5,-34.5,147.77266546986624
63313,40.5,-34.0,150.40451585294218
63314,40.5,-33.5,154.81941525423656
63315,40.5,-33.0,150.14352724136958
63316,40.5,-32.5,164.9114132821818
63317,40.5,-32.0,164.28256263703597
63318,40.5,-31.5,173.05725686610702
63319,40.5,-31.0,164.41281524907762
63320,40.5,-30.5,146.57518702847125
63321,40.5,-30.0,147.720190732012
63322,40.5,-29.5,147.4560114471898
63323,40.5,-29.0,149.2760699925892
63324,40.5,-28.5,148.26375601818242
63325,40.5,-28.0,148.12509882298409
63326,40.5,-27.5,148.68739952505533
63327,40.5,-27.0,148.3069507353034
63328,40.5,-26.5,148.96063947503396
63329,40.5,-26.0,148.78014789874396
63330,40.5,-25.5,148.9560104805239
63331,40.5,-25.0,148.38711180399827
63332,40.5,-24.5,150.9216459127663
63333,40.5,-24.0,154.21113132348887
63334,40.5,-23.5,150.43842943495156
63335,40.5,-23.0,150.30327442920716
63336,40.5,-22.5,151.70953083152958
63337,40.5,-22.0,147.41165806085957
63338,40.5,-21.5,147.6254727450033
63339,40.5,-21.0,149.57288749706893
63340,40.5,-20.5,153.1793975720196
63341,40.5,-20.0,149.5014154837386
63342,40.5,-19.5,149.287451790939
63343,40.5,-19.0,149.62006828120144
63344,40.5,-18.5,148.73307864711393
63345,40.5,-18.0,150.4071001027347
63346,40.5,-17.5,151.66353183820627
63347,40.5,-17.0,150.7828392960069
63348,40.5,-16.5,148.7633799214986
63349,40.5,-16.0,150.80604108034595
63350,40.5,-15.5,150.24699928956412
63351,40.5,-15.0,150.89360347126527
63352,40.5,-14.5,150.66451673917183
63353,40.5,-14.0,151.21775740669577
63354,40.5,-13.5,154.23390711017174
63355,40.5,-13.0,150.95981759341896
63356,40.5,-12.5,152.02306051608204
63357,40.5,-12.0,151.31141080281873
63358,40.5,-11.5,150.50931869374253
63359,40.5,-11.0,152.6954408650856
63360,40.5,-10.5,153.3116122662815
63361,40.5,-10.0,154.520040283592
63362,40.5,-9.5,148.84511501452758
63363,40.5,-9.0,148.69514307663243
63364,40.5,-8.5,148.87890537103954
63365,40.5,-8.0,154.16119092922366
63366,40.5,-7.5,151.6513650979547
63367,40.5,-7.0,150.70461784337306
63368,40.5,-6.5,150.31116657549217
63369,40.5,-6.0,150.18203576401064
63370,40.5,-5.5,147.40091652976105
63371,40.5,-5.0,147.88789144877674
63372,40.5,-4.5,150.74078541530915
63373,40.5,-4.0,151.3667112988163
63374,40.5,-3.5,151.9111903435099
63375,40.5,-3.0,149.1000739025138
63376,40.5,-2.5,147.3269586501008
63377,40.5,-2.0,149.9158284143397
63378,40.5,-1.5,151.39132566317215
63379,40.5,-1.0,152.78555842976982
63380,40.5,0.0,152.11536980825377
63381,40.5,0.5,152.55161050119526
63382,40.5,1.0,154.1230495798551
63383,40.5,1.5,155.01107243998447
63384,40.5,2.0,154.2342179528516
63385,40.5,2.5,152.24104905012197
63386,40.5,3.0,150.74858159690143
63387,40.5,3.5,150.9678519013802
63388,40.5,4.0,151.12560437551357
63389,40.5,4.5,153.0423395674434
63390,40.5,5.0,150.85606567065574
63391,40.5,5.5,148.40018369496522
63392,40.5,6.0,145.7584277969885
63393,40.5,6.5,154.41652518574452
63394,40.5,7.0,156.78797013337893
63395,40.5,7.5,144.23520807227638
63396,40.5,8.0,146.17790017367636
63397,40.5,8.5,165.18189636272396
63398,40.5,9.0,167.97372979559043
63399,40.5,9.5,157.9817590435319
63400,40.5,10.0,156.38784682966136
63401,40.5,10.5,166.84604485712123
63402,40.5,11.5,153.59511175488308
63403,40.5,12.0,161.75363269365172
63404,40.5,12.5,153.7946083793909
63405,40.5,13.0,150.9009901268373
63406,40.5,13.5,155.618841294878
63407,40.5,14.0,154.72715503605272
63408,40.5,14.5,156.34682845396438
63409,40.5,15.0,155.7479962481039
63410,40.5,15.5,156.30967281255494
63411,40.5,16.0,154.0580504932905
63412,40.5,16.5,155.99685653527825
63413,40.5,17.5,157.13270781689428
63414,40.5,18.0,158.12761812479178
63415,40.5,18.5,157.0164666671756
63416,40.5,19.0,160.26321836616077
63417,40.5,19.5,161.5507246954951
63418,40.5,20.0,155.32301647683434
63419,40.5,20.5,156.1100437663363
63420,40.5,21.0,144.78285560861676
63421,40.5,21.5,147.23375362236072
63422,40.5,22.5,157.5464854864949
63423,40.5,23.0,153.97129891014308
63424,40.5,23.5,155.10902517427584
63425,40.5,24.0,155.1153340395031
63426,40.5,25.0,153.13331836133818
63427,40.5,25.5,153.3249231718012
63428,40.5,26.0,151.2505060481439
63429,40.5,26.5,149.8647012919868
63430,40.5,27.0,148.84264336738065
63431,40.5,27.5,150.92903398423576
63432,40.5,28.0,148.60471184028583
63433,40.5,28.5,147.8067071790391
63434,40.5,29.0,146.0184802185941
63435,40.5,29.5,148.2171045605501
63436,40.5,30.0,150.23153550810315
63437,40.5,30.5,153.2164143732361
63438,40.5,31.0,154.11590972854214
63439,40.5,31.5,154.33135440865772
63440,40.5,32.0,153.71321047538675
63441,40.5,32.5,155.98118697856802
63442,40.5,33.0,151.433492676495
63443,40.5,33.5,151.0734966675675
63444,40.5,34.0,154.29053124467654
63445,40.5,34.5,153.47192289735602
63446,40.5,35.0,156.96704725745107
63447,40.5,35.5,154.00443799461868
63448,40.5,36.0,152.84401234388812
63449,40.5,36.5,160.14055671925234
63450,40.5,37.0,154.82494005977244
63451,40.5,37.5,155.54668677814686
63452,40.5,39.0,179.84205281711715
63453,40.5,39.5,171.2451812862003
63454,41.0,-37.0,155.65711144395138
63455,41.0,-36.5,153.5951905361455
63456,41.0,-35.5,148.25315824724132
63457,41.0,-35.0,148.44938333017788
63458,41.0,-34.5,147.921561091503
63459,41.0,-34.0,150.67490243532956
63460,41.0,-33.5,154.38920955669138
63461,41.0,-33.0,150.67794526334868
63462,41.0,-32.5,158.70352458377906
63463,41.0,-32.0,163.61228597520514
63464,41.0,-31.5,172.91792813749743
63465,41.0,-31.0,160.084930941262
63466,41.0,-30.5,146.7174145833929
63467,41.0,-30.0,147.7958146967221
63468,41.0,-29.5,148.65318774751938
63469,41.0,-29.0,147.32621046608924
63470,41.0,-28.5,150.39015676102747
63471,41.0,-28.0,147.74131967220254
63472,41.0,-27.5,148.44358536995463
63473,41.0,-27.0,147.9231919421229
63474,41.0,-26.5,148.85360833887637
63475,41.0,-26.0,148.1851434558559
63476,41.0,-25.5,149.81704701579386
63477,41.0,-25.0,148.62963323089193
63478,41.0,-24.5,151.6337343606586
63479,41.0,-24.0,152.7201773610632
63480,41.0,-23.5,148.27992746217876
63481,41.0,-23.0,150.6154964985354
63482,41.0,-22.5,150.78867588540336
63483,41.0,-22.0,149.85462726595134
63484,41.0,-21.5,147.30121187874178
63485,41.0,-21.0,150.45281770131007
63486,41.0,-20.5,148.19990888782934
63487,41.0,-20.0,153.91054062635266
63488,41.0,-19.5,149.66266820039584
63489,41.0,-19.0,148.38165167773028
63490,41.0,-18.5,149.56642926953012
63491,41.0,-18.0,150.90239252475806
63492,41.0,-17.5,152.61283129349005
63493,41.0,-17.0,149.19141939298777
63494,41.0,-16.5,151.3047174955394
63495,41.0,-16.0,149.76510189325236
63496,41.0,-15.5,150.32420207169045
63497,41.0,-15.0,150.95812039469425
63498,41.0,-14.5,150.46187432902582
63499,41.0,-14.0,152.53160809404122
63500,41.0,-13.5,152.7708816215447
63501,41.0,-13.0,150.05117028553326
63502,41.0,-12.5,150.48432858599
63503,41.0,-12.0,147.35580765744595
63504,41.0,-11.5,150.69918515323099
63505,41.0,-11.0,150.07240433464747
63506,41.0,-10.5,152.94022217011442
63507,41.0,-10.0,151.60751909209333
63508,41.0,-9.5,148.7770355853137
63509,41.0,-9.0,149.09797565296637
63510,41.0,-8.5,155.02719808661968
63511,41.0,-8.0,155.098141719858
63512,41.0,-7.5,151.89815661827947
63513,41.0,-7.0,148.2988889537453
63514,41.0,-6.5,149.59860138142585
63515,41.0,-5.5,147.33747058688257
63516,41.0,-5.0,153.21949267581596
63517,41.0,-4.5,149.40472094178412
63518,41.0,-4.0,150.8288810192051
63519,41.0,-3.5,149.0338683258023
63520,41.0,-3.0,152.2998869321414
63521,41.0,-2.5,148.8897168044132
63522,41.0,-2.0,152.83156989892996
63523,41.0,-1.5,150.81746534347474
63524,41.0,-1.0,151.61009047541194
63525,41.0,-0.5,151.54550102967812
63526,41.0,0.0,148.4571906800827
63527,41.0,0.5,154.88149468190082
63528,41.0,1.0,153.61078851216269
63529,41.0,1.5,153.4582238220006
63530,41.0,2.0,152.21615534350818
63531,41.0,2.5,150.1566912586838
63532,41.0,3.0,151.3405711520081
63533,41.0,3.5,149.2788953655231
63534,41.0,4.0,152.38705126708135
63535,41.0,4.5,149.30022906285578
63536,41.0,5.0,152.49118412861813
63537,41.0,5.5,152.5911320477782
63538,41.0,6.0,147.5989958399055
63539,41.0,6.5,147.82680735461645
63540,41.0,7.0,160.28820686702662
63541,41.0,8.0,145.7751811759721
63542,41.0,8.5,144.5595543857073
63543,41.0,9.0,166.5897352454555
63544,41.0,9.5,151.86405850822334
63545,41.0,10.0,161.6933241270771
63546,41.0,10.5,167.01024961406824
63547,41.0,12.0,159.66268561289132
63548,41.0,12.5,157.42979068333827
63549,41.0,13.0,148.6939955859704
63550,41.0,13.5,154.61296769591132
63551,41.0,14.0,148.33930177320147
63552,41.0,15.0,156.29966658592153
63553,41.0,15.5,154.86760512297715
63554,41.0,16.0,152.89888454509853
63555,41.0,16.5,155.18654069698795
63556,41.0,17.0,156.98824164617739
63557,41.0,17.5,155.97080978613516
63558,41.0,18.0,157.8530906304299
63559,41.0,18.5,157.75283705983892
63560,41.0,19.0,159.31510415343513
63561,41.0,19.5,160.47780799421986
63562,41.0,20.0,155.044795963238
63563,41.0,20.5,150.6498924855911
63564,41.0,21.0,155.01770564302512
63565,41.0,21.5,156.38060970780407
63566,41.0,22.0,155.11186452396237
63567,41.0,22.5,157.37598028210152
63568,41.0,23.0,150.99479203252326
63569,41.0,23.5,157.6919231694339
63570,41.0,24.0,151.67042959768273
63571,41.0,24.5,152.72622589769236
63572,41.0,25.0,155.0216553811081
63573,41.0,25.5,152.80680130764097
63574,41.0,26.0,154.94618323517085
63575,41.0,26.5,151.0489335991553
63576,41.0,27.0,156.99606334543657
63577,41.0,27.5,151.1728155138436
63578,41.0,28.0,147.83748202552835
63579,41.0,28.5,147.40226852863458
63580,41.0,29.0,145.96265563572084
63581,41.0,29.5,148.349616738868
63582,41.0,30.0,151.1518554189626
63583,41.0,30.5,154.19749416896386
63584,41.0,31.0,153.55525478682128
63585,41.0,31.5,153.74525268924043
63586,41.0,32.0,153.4074180205235
63587,41.0,32.5,155.8994119368094
63588,41.0,33.0,152.57340317093605
63589,41.0,33.5,150.78951874289115
63590,41.0,34.0,154.32812414680555
63591,41.0,34.5,155.2671599724155
63592,41.0,35.0,156.39714945687277
63593,41.0,35.5,151.65269725452907
63594,41.0,36.0,153.36370687042725
63595,41.0,36.5,153.59139886964323
63596,41.0,37.0,154.23321521095804
63597,41.0,37.5,155.60255608597114
63598,41.0,38.5,180.7964968488336
63599,41.5,-37.0,155.6364438518432
63600,41.5,-36.5,153.01490388754667
63601,41.5,-35.5,149.01740268848687
63602,41.5,-35.0,149.44989016613724
63603,41.5,-34.5,148.50126571830958
63604,41.5,-34.0,150.79261004621497
63605,41.5,-33.5,154.8013951780523
63606,41.5,-33.0,149.8612577141609
63607,41.5,-32.5,161.29468358105535
63608,41.5,-32.0,162.69027541391497
63609,41.5,-31.5,172.70020006510546
63610,41.5,-31.0,157.63033002233095
63611,41.5,-30.5,146.25997761582278
63612,41.5,-30.0,148.0724155671213
63613,41.5,-29.5,149.24022846799588
63614,41.5,-29.0,147.19427851297203
63615,41.5,-28.5,150.11271788223073
63616,41.5,-28.0,147.70139315627299
63617,41.5,-27.5,147.9835013455133
63618,41.5,-27.0,148.02857803244333
63619,41.5,-26.5,148.97670594630327
63620,41.5,-26.0,147.95464872283677
63621,41.5,-25.5,149.98618814334495
63622,41.5,-25.0,149.06628294038708
63623,41.5,-24.5,153.12360207341172
63624,41.5,-24.0,151.12237492215303
63625,41.5,-23.5,148.3830244119389
63626,41.5,-23.0,151.1813128499924
63627,41.5,-22.5,150.81308054686255
63628,41.5,-22.0,151.93604693407346
63629,41.5,-21.5,147.2254159135711
63630,41.5,-21.0,149.21011674352744
63631,41.5,-20.5,150.0618648452534
63632,41.5,-20.0,154.56906220008838
63633,41.5,-19.5,148.99482013864215
63634,41.5,-19.0,149.11142353048356
63635,41.5,-18.5,149.20619325047988
63636,41.5,-18.0,150.92201271412966
63637,41.5,-17.5,150.12282482973603
63638,41.5,-17.0,151.3873049600223
63639,41.5,-16.5,150.98438906420043
63640,41.5,-16.0,149.23895123954424
63641,41.5,-15.5,150.51293833796964
63642,41.5,-15.0,150.34032376760513
63643,41.5,-14.5,150.62681058028005
63644,41.5,-14.0,154.19399901894806
63645,41.5,-13.5,151.714612041482
63646,41.5,-13.0,150.05024465754414
63647,41.5,-12.5,147.73807085199672
63648,41.5,-12.0,149.9884900351262
63649,41.5,-11.5,149.26263168870324
63650,41.5,-11.0,151.9811869273433
63651,41.5,-10.0,150.682170664918
63652,41.5,-9.5,149.99988415627985
63653,41.5,-9.0,154.12130534563772
63654,41.5,-8.5,154.72443843003256
63655,41.5,-8.0,152.59330354923983
63656,41.5,-7.5,147.8762347744104
63657,41.5,-7.0,149.43579481958312
63658,41.5,-6.5,161.52407270476075
63659,41.5,-6.0,149.0361504800197
63660,41.5,-5.5,147.67132266482733
63661,41.5,-5.0,150.0240600643784
63662,41.5,-4.5,151.24761354873496
63663,41.5,-4.0,148.4525147175363
63664,41.5,-3.5,150.76958320389735
63665,41.5,-3.0,149.96015294138445
63666,41.5,-2.5,150.66503607419668
63667,41.5,-2.0,149.06086320565086
63668,41.5,-1.5,149.22382207869384
63669,41.5,-1.0,146.72642144094084
63670,41.5,-0.5,150.05018436637909
63671,41.5,0.0,151.32288057971127
63672,41.5,0.5,153.70775815794337
63673,41.5,1.0,154.08882865848955
63674,41.5,1.5,151.52874292683939
63675,41.5,2.0,151.0641679857745
63676,41.5,2.5,150.73298009278233
63677,41.5,3.0,149.3638687034695
63678,41.5,3.5,151.32929612089322
63679,41.5,4.0,152.19591746453193
63680,41.5,4.5,149.86370557842974
63681,41.5,5.0,147.69535149728762
63682,41.5,5.5,151.70662114922888
63683,41.5,6.0,149.23230576059893
63684,41.5,7.0,155.2077633750935
63685,41.5,7.5,161.89911489772558
63686,41.5,8.5,146.63229442648327
63687,41.5,9.0,152.09638390853263
63688,41.5,9.5,160.83642139951354
63689,41.5,10.0,167.61376635512465
63690,41.5,11.5,154.3924762535986
63691,41.5,12.0,155.44210714853492
63692,41.5,12.5,166.2623158621619
63693,41.5,13.5,149.41647584912315
63694,41.5,14.0,154.53430683031226
63695,41.5,14.5,155.0430043454008
63696,41.5,15.5,152.9889919974513
63697,41.5,16.0,152.08973227935047
63698,41.5,16.5,151.81962872920806
63699,41.5,17.0,159.82235580483234
63700,41.5,17.5,159.19294075693313
63701,41.5,18.0,159.5181374924757
63702,41.5,18.5,155.60881971544285
63703,41.5,19.0,152.86757853337
63704,41.5,19.5,156.23575160548125
63705,41.5,20.0,154.33828155158267
63706,41.5,20.5,150.38021776830627
63707,41.5,21.0,155.46602244635665
63708,41.5,21.5,152.69568770677245
63709,41.5,22.0,154.6994754667672
63710,41.5,23.5,155.22134091021837
63711,41.5,24.0,159.45214598029463
63712,41.5,24.5,154.22088696792682
63713,41.5,25.0,154.81913323958088
63714,41.5,25.5,153.31209874464096
63715,41.5,26.0,154.71853685886057
63716,41.5,26.5,151.91875187378133
63717,41.5,27.0,150.3282467948127
63718,41.5,27.5,151.8308409473345
63719,41.5,28.0,149.95742157185882
63720,41.5,28.5,146.81183074831415
63721,41.5,29.0,146.97205672716973
63722,41.5,29.5,148.6588797357642
63723,41.5,30.0,159.46986893225565
63724,41.5,30.5,155.71612790720573
63725,41.5,31.0,154.6252623990055
63726,41.5,31.5,156.66714302619977
63727,41.5,32.0,149.07886370262287
63728,41.5,32.5,147.04089441698457
63729,41.5,33.0,154.10719639127012
63730,41.5,33.5,152.05259148670888
63731,41.5,34.0,153.61423789363874
63732,41.5,34.5,159.0311066240464
63733,41.5,35.0,154.319429421221
63734,41.5,35.5,151.6731379896681
63735,41.5,36.0,152.906838192311
63736,41.5,36.5,153.54060803841065
63737,41.5,37.0,153.60874869137245
63738,41.5,37.5,154.71400246897227
63739,41.5,38.5,180.282930460285
63740,42.0,-37.0,154.2644818233829
63741,42.0,-36.5,151.88880123074233
63742,42.0,-36.0,152.64704810759252
63743,42.0,-35.5,150.61760354352964
63744,42.0,-35.0,152.86609485146684
63745,42.0,-34.5,150.5470929075747
63746,42.0,-34.0,149.33068458968066
63747,42.0,-33.5,155.71933669379064
63748,42.0,-33.0,149.7261067528686
63749,42.0,-32.5,154.604173158343
63750,42.0,-32.0,167.35379638459617
63751,42.0,-31.5,168.0499567959468
63752,42.0,-31.0,157.8926717387467
63753,42.0,-30.5,147.0218869246319
63754,42.0,-30.0,148.1053947447522
63755,42.0,-29.5,148.31110499214637
63756,42.0,-29.0,148.36234526690993
63757,42.0,-28.5,149.8622304095042
63758,42.0,-28.0,148.3040491119323
63759,42.0,-27.5,147.56431322464698
63760,42.0,-27.0,148.35505549518325
63761,42.0,-26.5,148.4141789273528
63762,42.0,-26.0,148.64305004393714
63763,42.0,-25.5,149.575375689854
63764,42.0,-25.0,152.8100677455386
63765,42.0,-24.5,151.5982913351321
63766,42.0,-24.0,149.61584252913752
63767,42.0,-23.5,150.32649977140883
63768,42.0,-23.0,150.9286056192796
63769,42.0,-22.5,148.84556893936679
63770,42.0,-22.0,149.63860786822858
63771,42.0,-21.5,151.27174502945934
63772,42.0,-21.0,151.10599770348523
63773,42.0,-20.5,151.10618306849273
63774,42.0,-20.0,151.1237219900553
63775,42.0,-19.5,151.27647632472957
63776,42.0,-19.0,148.43144181639857
63777,42.0,-18.5,150.2191789374293
63778,42.0,-18.0,150.50314441241602
63779,42.0,-17.5,148.27565873094062
63780,42.0,-17.0,153.0334705968291
63781,42.0,-16.5,162.9296114789722
63782,42.0,-16.0,150.6041518920164
63783,42.0,-15.5,151.06481530395544
63784,42.0,-15.0,150.60333056444208
63785,42.0,-14.5,152.80925156015272
63786,42.0,-14.0,157.05156324531998
63787,42.0,-13.5,150.91669065073023
63788,42.0,-13.0,151.148677771014
63789,42.0,-12.5,147.73426285261482
63790,42.0,-12.0,150.48902694237552
63791,42.0,-11.5,150.62395633918348
63792,42.0,-11.0,153.24327153460985
63793,42.0,-10.5,151.47551228500754
63794,42.0,-10.0,149.78517248989942
63795,42.0,-9.5,152.4706869545963
63796,42.0,-9.0,153.35460430581188
63797,42.0,-8.5,152.37384393530564
63798,42.0,-8.0,152.78029573354547
63799,42.0,-7.5,147.89617247918554
63800,42.0,-7.0,150.36839756509076
63801,42.0,-6.5,149.9817455768302
63802,42.0,-5.5,148.8321708997399
63803,42.0,-5.0,149.42244169085075
63804,42.0,-4.5,150.5005123840964
63805,42.0,-4.0,148.18742163282946
63806,42.0,-3.5,149.05552465460187
63807,42.0,-3.0,150.29880993909984
63808,42.0,-2.5,151.34117246944234
63809,42.0,-2.0,149.77694237597427
63810,42.0,-1.5,147.18440541066633
63811,42.0,-1.0,149.4563406712845
63812,42.0,-0.5,151.2138459851751
63813,42.0,0.0,149.70863655487273
63814,42.0,1.0,153.2996382745455
63815,42.0,1.5,149.38089951052584
63816,42.0,2.0,149.79062361686132
63817,42.0,2.5,149.37831961996272
63818,42.0,3.0,148.26975766908288
63819,42.0,3.5,150.37110299770802
63820,42.0,4.0,155.40157118742093
63821,42.0,4.5,154.68684390055975
63822,42.0,5.0,153.59526473396383
63823,42.0,5.5,153.2596998188555
63824,42.0,6.0,154.97456712582294
63825,42.0,7.5,160.41000679054451
63826,42.0,8.0,162.76904639704566
63827,42.0,8.5,149.87119824569652
63828,42.0,9.0,146.66473035750704
63829,42.0,9.5,167.72421768871217
63830,42.0,10.0,165.11013026947916
63831,42.0,11.0,154.46672362387062
63832,42.0,11.5,153.6553462241988
63833,42.0,12.0,153.20322065919802
63834,42.0,13.5,148.4834382738387
63835,42.0,14.0,154.62618852988106
63836,42.0,14.5,156.90809861978659
63837,42.0,15.0,157.38029478331217
63838,42.0,15.5,157.77013928421886
63839,42.0,16.0,158.3535350453959
63840,42.0,16.5,158.40749806421286
63841,42.0,17.0,159.89624371193446
63842,42.0,17.5,161.76994172673682
63843,42.0,18.0,145.28135464583067
63844,42.0,18.5,150.75208750552852
63845,42.0,19.0,150.81276661137036
63846,42.0,19.5,152.52715275627628
63847,42.0,20.0,152.67458531782455
63848,42.0,20.5,157.88968871471036
63849,42.0,21.0,155.2022692620814
63850,42.0,21.5,155.58843024243748
63851,42.0,22.0,155.31702288429108
63852,42.0,22.5,158.88460269039095
63853,42.0,24.0,158.5265674338705
63854,42.0,24.5,155.6762249032271
63855,42.0,25.0,152.7960109562051
63856,42.0,25.5,153.67337801842095
63857,42.0,26.0,154.88363759228042
63858,42.0,26.5,154.2265803225711
63859,42.0,27.0,148.36602389374357
63860,42.0,27.5,162.03106280702013
63861,42.0,28.0,151.6826823192188
63862,42.0,28.5,147.08051587172875
63863,42.0,29.0,148.59433241077224
63864,42.0,29.5,149.760956629021
63865,42.0,30.0,155.28312184171497
63866,42.0,30.5,155.1850327054355
63867,42.0,31.0,155.60272445616656
63868,42.0,31.5,155.64923915987652
63869,42.0,32.0,152.86760375261312
63870,42.0,32.5,152.60008702768053
63871,42.0,33.0,154.230101245482
63872,42.0,33.5,153.12634670454315
63873,42.0,34.0,154.55394188657223
63874,42.0,34.5,156.9563471758638
63875,42.0,35.0,154.1938708353724
63876,42.0,35.5,152.79083084134643
63877,42.0,36.0,153.750971587307
63878,42.0,36.5,154.11138703438036
63879,42.0,37.0,153.14897303223788
63880,42.0,37.5,154.0120905692805
63881,42.0,38.5,178.6514908384607
63882,42.5,-37.0,153.18155940641512
63883,42.5,-36.5,149.45784873278083
63884,42.5,-36.0,151.54360917356288
63885,42.5,-35.5,150.57057036301907
63886,42.5,-35.0,155.63876144185386
63887,42.5,-34.5,151.64102349668795
63888,42.5,-34.0,149.46232335647497
63889,42.5,-33.5,155.39363899357883
63890,42.5,-33.0,149.82696903882592
63891,42.5,-32.5,157.83092387329776
63892,42.5,-32.0,171.16092055834517
63893,42.5,-31.5,157.3735268054435
63894,42.5,-31.0,158.22667188091435
63895,42.5,-30.5,147.28504846491626
63896,42.5,-30.0,148.75117317908706
63897,42.5,-29.5,147.94527167495855
63898,42.5,-29.0,149.33464234280584
63899,42.5,-28.5,149.56202608028102
63900,42.5,-28.0,148.21295901912592
63901,42.5,-27.5,147.23328232510198
63902,42.5,-27.0,147.99577089326172
63903,42.5,-26.5,149.10097197570528
63904,42.5,-26.0,148.83259193587534
63905,42.5,-25.5,148.1291176919174
63906,42.5,-25.0,153.11002565392818
63907,42.5,-24.5,149.75409934086215
63908,42.5,-24.0,148.8184647815318
63909,42.5,-23.5,151.66928516602258
63910,42.5,-23.0,149.3625515658985
63911,42.5,-22.5,148.97153260566134
63912,42.5,-22.0,149.1700341837056
63913,42.5,-21.5,153.76302020836656
63914,42.5,-21.0,151.44610824168953
63915,42.5,-20.5,148.50610887387566
63916,42.5,-20.0,150.4422265122055
63917,42.5,-19.5,152.1006828578242
63918,42.5,-19.0,151.61472886036154
63919,42.5,-18.5,150.91637945011198
63920,42.5,-18.0,148.5436985779485
63921,42.5,-17.5,150.7114652029268
63922,42.5,-17.0,150.23706396980836
63923,42.5,-16.5,154.62044431776283
63924,42.5,-16.0,162.5946846577495
63925,42.5,-15.5,150.89002469822645
63926,42.5,-15.0,153.10506530643204
63927,42.5,-14.5,155.0771203809364
63928,42.5,-14.0,151.54213430909965
63929,42.5,-13.5,158.94075495303736
63930,42.5,-13.0,150.3899996196556
63931,42.5,-12.5,148.07920179630955
63932,42.5,-12.0,150.08457446478337
63933,42.5,-11.5,151.8781197332146
63934,42.5,-11.0,151.22821480080455
63935,42.5,-10.5,151.64546883014697
63936,42.5,-10.0,149.84785434473773
63937,42.5,-9.5,153.31650021772023
63938,42.5,-9.0,152.85361391845913
63939,42.5,-8.5,152.4681712754111
63940,42.5,-8.0,149.47465921608494
63941,42.5,-6.5,149.8220012076867
63942,42.5,-6.0,149.54567736993286
63943,42.5,-5.5,148.85607555632006
63944,42.5,-5.0,148.97190433025918
63945,42.5,-4.5,147.88194192278917
63946,42.5,-4.0,152.40226120783097
63947,42.5,-3.5,148.65353005815632
63948,42.5,-3.0,150.01785809893858
63949,42.5,-2.5,150.27283973648593
63950,42.5,-2.0,152.6282875157304
63951,42.5,-1.5,148.25923518063522
63952,42.5,-1.0,147.65745442714288
63953,42.5,-0.5,150.29484413335123
63954,42.5,0.0,150.85063736151653
63955,42.5,0.5,147.98524689327573
63956,42.5,1.0,150.7951924914202
63957,42.5,1.5,152.62976416969147
63958,42.5,2.0,150.55277417905884
63959,42.5,2.5,152.23821186675337
63960,42.5,3.0,152.44839147190694
63961,42.5,3.5,153.9620146022824
63962,42.5,4.0,156.50307506541225
63963,42.5,4.5,153.65485144960573
63964,42.5,5.0,155.84614007973428
63965,42.5,5.5,155.56616046717485
63966,42.5,6.0,155.55960975813267
63967,42.5,6.5,156.920175715277
63968,42.5,8.0,159.48968557329013
63969,42.5,8.5,154.4210827885536
63970,42.5,9.0,158.78620258256979
63971,42.5,9.5,154.5269142582849
63972,42.5,10.0,166.0207268233639
63973,42.5,10.5,157.9870201805263
63974,42.5,11.0,154.40646614600112
63975,42.5,11.5,153.89969572344555
63976,42.5,14.0,155.54618358068592
63977,42.5,14.5,158.8772631957589
63978,42.5,15.0,162.92240627590024
63979,42.5,15.5,165.93923053696713
63980,42.5,16.0,163.11066801275882
63981,42.5,16.5,160.25131259180637
63982,42.5,17.0,156.52679220692124
63983,42.5,17.5,151.80069020817257
63984,42.5,18.0,154.3672138893298
63985,42.5,18.5,155.05486115074416
63986,42.5,19.0,151.11700186022
63987,42.5,19.5,148.21732864399561
63988,42.5,20.0,155.7517504171372
63989,42.5,20.5,158.4631547012498
63990,42.5,21.0,156.18419881530286
63991,42.5,21.5,156.35809929781624
63992,42.5,22.0,156.58248657038175
63993,42.5,22.5,156.13067939711203
63994,42.5,23.0,158.80443870255985
63995,42.5,24.0,155.35323125663993
63996,42.5,24.5,157.68535495284686
63997,42.5,25.0,151.63113421547334
63998,42.5,25.5,155.91148307468936
63999,42.5,26.0,153.69939893544995
64000,42.5,26.5,153.841969112238
64001,42.5,27.0,149.98494294447585
64002,42.5,27.5,150.78758559144197
64003,42.5,28.0,150.97259728966844
64004,42.5,28.5,147.96782957580584
64005,42.5,29.0,149.18398049659336
64006,42.5,29.5,149.13203607277032
64007,42.5,30.0,155.23276406184934
64008,42.5,30.5,154.19563993983306
64009,42.5,31.0,154.26364314308412
64010,42.5,31.5,153.46229411901354
64011,42.5,32.0,154.75661399122728
64012,42.5,32.5,155.4688744611523
64013,42.5,33.0,152.83219631693436
64014,42.5,33.5,154.2953259323137
64015,42.5,34.0,153.46654756644517
64016,42.5,34.5,158.5406465679573
64017,42.5,35.0,153.50066764925964
64018,42.5,35.5,151.7087916695339
64019,42.5,36.0,152.89853510897737
64020,42.5,36.5,153.1446153910488
64021,42.5,37.0,152.42094383790092
64022,42.5,37.5,153.34290945473083
64023,42.5,38.5,178.02962294031803
64024,43.0,-37.0,152.54005145707734
64025,43.0,-36.5,149.0066865304124
64026,43.0,-36.0,151.2047629672479
64027,43.0,-35.5,151.60990698906306
64028,43.0,-35.0,155.0840136970779
64029,43.0,-34.5,152.11209587982594
64030,43.0,-34.0,150.36930004773174
64031,43.0,-33.5,155.60008578495209
64032,43.0,-33.0,148.69271375498548
64033,43.0,-32.5,158.62771291264673
64034,43.0,-32.0,170.88008194368714
64035,43.0,-31.5,153.33506335796008
64036,43.0,-31.0,151.12052642163573
64037,43.0,-30.5,147.8803349551686
64038,43.0,-30.0,148.48849605433134
64039,43.0,-29.5,147.8371315880293
64040,43.0,-29.0,149.31243323433608
64041,43.0,-28.5,148.823739621014
64042,43.0,-28.0,146.5753524357142
64043,43.0,-27.5,147.15138244503004
64044,43.0,-27.0,148.0766130820225
64045,43.0,-26.5,149.0875593539612
64046,43.0,-26.0,148.62423089413358
64047,43.0,-25.5,149.09303177978043
64048,43.0,-25.0,152.83807788905668
64049,43.0,-24.5,148.8671072262297
64050,43.0,-24.0,149.94745520989864
64051,43.0,-23.5,151.86130969766847
64052,43.0,-23.0,150.94536546925713
64053,43.0,-22.5,148.63630769823214
64054,43.0,-22.0,150.42471234360184
64055,43.0,-21.5,156.72614151585927
64056,43.0,-21.0,155.1961646675754
64057,43.0,-20.5,148.54313296816125
64058,43.0,-20.0,150.31127909935594
64059,43.0,-19.5,150.51418704479872
64060,43.0,-19.0,156.812828610424
64061,43.0,-18.5,149.46361746295048
64062,43.0,-18.0,149.6488779297426
64063,43.0,-17.5,150.5807701751705
64064,43.0,-17.0,149.01265961649273
64065,43.0,-16.5,152.9992237834857
64066,43.0,-16.0,158.26629408592046
64067,43.0,-15.5,151.95674974309384
64068,43.0,-15.0,154.2824954096031
64069,43.0,-14.5,156.95631874091492
64070,43.0,-14.0,151.4161888190172
64071,43.0,-13.5,150.78220969747423
64072,43.0,-13.0,150.52441618581025
64073,43.0,-12.5,151.6303848519167
64074,43.0,-12.0,151.593170984312
64075,43.0,-11.5,151.97400954561724
64076,43.0,-11.0,150.87152610203668
64077,43.0,-10.5,151.29629381433307
64078,43.0,-10.0,154.432984334777
64079,43.0,-9.5,153.81695372046843
64080,43.0,-9.0,152.3355469838138
64081,43.0,-8.5,151.96644673477434
64082,43.0,-8.0,149.4982196386854
64083,43.0,-7.5,150.73152949988759
64084,43.0,-6.0,149.40013253253417
64085,43.0,-5.5,150.15071698184735
64086,43.0,-5.0,147.9582505960993
64087,43.0,-4.5,147.4231861066934
64088,43.0,-4.0,149.08676937093702
64089,43.0,-3.5,151.03310265356683
64090,43.0,-3.0,148.856589932627
64091,43.0,-2.5,149.99238227610414
64092,43.0,-2.0,148.743835461302
64093,43.0,-1.5,150.1988591757938
64094,43.0,-1.0,147.70758481205738
64095,43.0,-0.5,148.34332803162633
64096,43.0,0.5,147.53706090839617
64097,43.0,1.0,147.35347834778912
64098,43.0,2.0,150.84074533099562
64099,43.0,2.5,150.80296183120518
64100,43.0,3.0,153.298131215627
64101,43.0,3.5,153.8935941712237
64102,43.0,4.0,156.4928142872207
64103,43.0,4.5,157.08320360788207
64104,43.0,5.0,155.41985852895334
64105,43.0,5.5,153.1609095660461
64106,43.0,6.5,156.62179362594426
64107,43.0,7.0,157.11231589618757
64108,43.0,8.0,152.37484468030024
64109,43.0,8.5,159.97513187978564
64110,43.0,9.0,168.48077106890048
64111,43.0,9.5,152.44049499100316
64112,43.0,10.0,150.55636240430596
64113,43.0,10.5,161.2306848525042
64114,43.0,11.0,153.22227846239875
64115,43.0,14.5,156.56815268722767
64116,43.0,15.0,156.33146421020805
64117,43.0,15.5,155.20610992695447
64118,43.0,16.0,161.48466437823413
64119,43.0,16.5,153.08772412654892
64120,43.0,17.0,149.08625024789634
64121,43.0,17.5,147.63205146842344
64122,43.0,18.0,145.60702816203374
64123,43.0,18.5,156.35855579666108
64124,43.0,19.0,151.17818582570712
64125,43.0,19.5,154.21589696668593
64126,43.0,20.0,154.8184968335789
64127,43.0,20.5,155.70054642540296
64128,43.0,21.0,160.38302167860672
64129,43.0,21.5,159.54238430835846
64130,43.0,22.0,154.84094571185068
64131,43.0,22.5,154.4707902524693
64132,43.0,23.0,158.4572661772154
64133,43.0,24.0,156.88207825151233
64134,43.0,24.5,154.3823113006803
64135,43.0,25.0,156.0827440556914
64136,43.0,25.5,153.58747172566834
64137,43.0,26.5,153.00544834307894
64138,43.0,27.0,151.20496868275484
64139,43.0,27.5,150.44279950076157
64140,43.0,28.0,150.09943598046283
64141,43.0,28.5,149.95593235956545
64142,43.0,29.0,148.9476851075405
64143,43.0,29.5,151.0580613902965
64144,43.0,30.0,154.5218469468682
64145,43.0,30.5,152.35716219133738
64146,43.0,31.0,153.32126718106642
64147,43.0,31.5,151.24283823445597
64148,43.0,32.0,155.607390531577
64149,43.0,32.5,153.63028103037377
64150,43.0,33.0,154.0285031168319
64151,43.0,33.5,152.91038554189112
64152,43.0,34.0,155.89643530854897
64153,43.0,34.5,153.689086535931
64154,43.0,35.0,153.55505142565045
64155,43.0,35.5,149.9818466829629
64156,43.0,36.5,153.47712010720014
64157,43.0,37.0,152.04626235353888
64158,43.0,37.5,153.06163711249297
64159,43.0,38.5,178.2504352229285
64160,43.5,-37.0,151.2813892825152
64161,43.5,-36.5,152.39039465471507
64162,43.5,-36.0,150.97117420094358
64163,43.5,-35.5,151.4815914267032
64164,43.5,-35.0,154.5608482503297
64165,43.5,-34.5,152.4871577440966
64166,43.5,-34.0,151.42261913813888
64167,43.5,-33.5,155.2257868600107
64168,43.5,-33.0,148.74519132867243
64169,43.5,-32.5,156.03194345512927
64170,43.5,-32.0,163.7138685041752
64171,43.5,-31.5,158.26610591506366
64172,43.5,-31.0,155.37407843549485
64173,43.5,-30.5,147.92421339252374
64174,43.5,-30.0,148.48637979659372
64175,43.5,-29.5,148.1406697011682
64176,43.5,-29.0,148.7774919633103
64177,43.5,-28.5,149.48055944781083
64178,43.5,-28.0,146.76315550125054
64179,43.5,-27.5,147.49298789413317
64180,43.5,-27.0,148.21946200943273
64181,43.5,-26.5,151.15143452853005
64182,43.5,-26.0,148.76320378638746
64183,43.5,-25.5,152.93294235411756
64184,43.5,-25.0,148.9270638997904
64185,43.5,-24.5,150.004464346915
64186,43.5,-24.0,151.6854700117648
64187,43.5,-23.5,148.68983359762728
64188,43.5,-23.0,159.0022107969689
64189,43.5,-22.5,150.76419717692374
64190,43.5,-22.0,154.42634592872497
64191,43.5,-21.5,159.55348841310547
64192,43.5,-21.0,154.6981959928164
64193,43.5,-20.5,149.26329776052822
64194,43.5,-20.0,149.11215692437995
64195,43.5,-19.5,150.93231374109874
64196,43.5,-19.0,150.68751607997575
64197,43.5,-18.5,148.68833163078432
64198,43.5,-18.0,151.55094400700168
64199,43.5,-17.5,149.50169598283796
64200,43.5,-17.0,151.20100095757002
64201,43.5,-16.5,152.32675781738192
64202,43.5,-16.0,153.5756574310589
64203,43.5,-15.5,152.53853784714246
64204,43.5,-15.0,156.72927493531304
64205,43.5,-14.5,155.54904956401543
64206,43.5,-14.0,153.6851515750173
64207,43.5,-13.5,151.4499314710832
64208,43.5,-13.0,152.00665360828697
64209,43.5,-12.5,152.37245622939574
64210,43.5,-12.0,152.78234445457028
64211,43.5,-11.5,150.69862606689597
64212,43.5,-11.0,150.99857427566928
64213,43.5,-10.5,154.39407583967147
64214,43.5,-10.0,156.25654539590892
64215,43.5,-9.5,152.6178703002114
64216,43.5,-9.0,152.53740420772826
64217,43.5,-8.5,149.6003512374474
64218,43.5,-8.0,154.2795897641191
64219,43.5,-7.5,150.38542875401916
64220,43.5,-6.5,149.5230910394052
64221,43.5,-6.0,150.08555419785577
64222,43.5,-5.5,148.81413257139863
64223,43.5,-4.5,147.2368568186001
64224,43.5,-4.0,150.32419924356077
64225,43.5,-3.5,149.8797525377449
64226,43.5,-3.0,151.93706453803898
64227,43.5,-2.5,148.28909131460378
64228,43.5,-2.0,149.08992496495932
64229,43.5,-1.5,149.64610796654503
64230,43.5,-1.0,149.19686280628807
64231,43.5,-0.5,147.25995820597936
64232,43.5,0.0,147.16770852945254
64233,43.5,0.5,149.14781259069537
64234,43.5,1.0,148.0772168359296
64235,43.5,1.5,147.80002609246674
64236,43.5,2.0,152.28887862425984
64237,43.5,2.5,152.00494945681103
64238,43.5,3.0,151.70017431689783
64239,43.5,3.5,153.21870413559455
64240,43.5,4.0,153.55752623948345
64241,43.5,4.5,154.3649612287899
64242,43.5,5.0,157.4310686180547
64243,43.5,5.5,152.20473505039675
64244,43.5,7.0,156.14460574858055
64245,43.5,7.5,152.03813036901286
64246,43.5,8.0,154.84430843451565
64247,43.5,8.5,168.5722105069121
64248,43.5,9.0,165.920584390069
64249,43.5,9.5,153.8353292913357
64250,43.5,10.0,148.79161244439052
64251,43.5,10.5,157.92363559615168
64252,43.5,11.0,159.66236614762363
64253,43.5,13.5,151.5718162892788
64254,43.5,14.5,151.71167516702192
64255,43.5,15.0,150.08480004667075
64256,43.5,15.5,152.4939406606645
64257,43.5,16.0,148.14504021076505
64258,43.5,16.5,148.35006104962878
64259,43.5,17.0,148.4267816961544
64260,43.5,17.5,146.3595450212285
64261,43.5,18.0,148.30067036621892
64262,43.5,19.0,153.04047456746721
64263,43.5,19.5,150.66443417363047
64264,43.5,20.0,154.43900166020282
64265,43.5,20.5,157.02871168979775
64266,43.5,21.5,156.56210042531052
64267,43.5,22.0,156.82255311790502
64268,43.5,22.5,157.15877857634118
64269,43.5,23.5,157.06357494120107
64270,43.5,24.0,152.7339897448737
64271,43.5,24.5,154.31499780087623
64272,43.5,25.0,159.5612183318656
64273,43.5,25.5,153.5718993042672
64274,43.5,26.0,150.55540434167185
64275,43.5,26.5,152.8642334538821
64276,43.5,27.0,153.21973598252183
64277,43.5,27.5,148.93853961671567
64278,43.5,28.0,151.6127030231212
64279,43.5,28.5,149.40967312758355
64280,43.5,29.0,150.85270787552312
64281,43.5,29.5,152.81094609186138
64282,43.5,30.0,153.10936337845914
64283,43.5,30.5,153.358511124576
64284,43.5,31.0,153.52535111713684
64285,43.5,31.5,153.6444538527471
64286,43.5,32.0,155.2369456532596
64287,43.5,32.5,153.40489916965305
64288,43.5,33.0,154.33627318489482
64289,43.5,33.5,154.17007020451484
64290,43.5,34.0,155.64191616696567
64291,43.5,34.5,151.80713448409944
64292,43.5,35.0,153.2102109921469
64293,43.5,35.5,149.51065700279227
64294,43.5,36.5,151.7218957935453
64295,43.5,37.0,151.22405235494793
64296,43.5,38.5,178.10661682882483
64297,44.0,-37.0,150.88920841207917
64298,44.0,-36.5,152.11955670978938
64299,44.0,-36.0,149.85112434536617
64300,44.0,-35.5,150.69724139809296
64301,44.0,-35.0,150.23384179331774
64302,44.0,-34.5,153.2027337915781
64303,44.0,-34.0,152.95456260195752
64304,44.0,-33.5,155.35808802589776
64305,44.0,-33.0,149.57596942475143
64306,44.0,-32.5,158.6718615049596
64307,44.0,-32.0,156.29881527874846
64308,44.0,-31.5,159.35007501679084
64309,44.0,-31.0,159.39389747252656
64310,44.0,-30.5,148.14535350926167
64311,44.0,-30.0,148.2497779815632
64312,44.0,-29.5,148.59361540351964
64313,44.0,-29.0,148.3038001056056
64314,44.0,-28.5,150.24826780154118
64315,44.0,-28.0,146.84187533899473
64316,44.0,-27.5,147.47146892066914
64317,44.0,-27.0,149.0303482444829
64318,44.0,-26.5,148.7619395928205
64319,44.0,-26.0,149.09619017747343
64320,44.0,-25.5,151.72741972144073
64321,44.0,-25.0,148.44828611496317
64322,44.0,-24.5,150.53085635147542
64323,44.0,-24.0,151.50131809415134
64324,44.0,-23.5,151.42770420594917
64325,44.0,-23.0,149.2175446894202
64326,44.0,-22.5,150.6457030511611
64327,44.0,-22.0,156.30688277515435
64328,44.0,-21.5,153.06947914700916
64329,44.0,-21.0,152.3008828877673
64330,44.0,-20.5,155.5221043764952
64331,44.0,-20.0,149.9100437774131
64332,44.0,-19.5,149.49602005879896
64333,44.0,-19.0,150.6439748869053
64334,44.0,-18.0,152.45403726734406
64335,44.0,-17.5,154.6457610182702
64336,44.0,-17.0,152.65470827805694
64337,44.0,-16.5,150.4946332994413
64338,44.0,-16.0,153.6774807802641
64339,44.0,-15.5,152.26620566641222
64340,44.0,-15.0,156.82483112786474
64341,44.0,-14.5,153.09379466530817
64342,44.0,-14.0,153.40660774761636
64343,44.0,-13.5,153.61186174406137
64344,44.0,-13.0,153.387493501696
64345,44.0,-12.5,151.86960059737416
64346,44.0,-12.0,152.28321751366127
64347,44.0,-11.5,150.5057342607763
64348,44.0,-11.0,153.1656565971274
64349,44.0,-10.5,152.8139841852434
64350,44.0,-10.0,153.80772380503188
64351,44.0,-9.5,153.7088384978687
64352,44.0,-9.0,149.32163835426093
64353,44.0,-8.5,152.2561469565396
64354,44.0,-8.0,151.77244205531773
64355,44.0,-7.5,153.1160582428273
64356,44.0,-7.0,149.7180290157527
64357,44.0,-6.5,149.80913083136315
64358,44.0,-6.0,149.84835551256148
64359,44.0,-5.5,150.58290847997645
64360,44.0,-5.0,148.4438413370235
64361,44.0,-4.5,149.37827283628909
64362,44.0,-4.0,149.78274163528275
64363,44.0,-3.5,149.20118407587736
64364,44.0,-3.0,149.8028646515013
64365,44.0,-2.5,147.7153499699362
64366,44.0,-2.0,148.5603301406304
64367,44.0,-1.5,148.71493926430415
64368,44.0,-1.0,152.54660851300682
64369,44.0,-0.5,147.1944031684435
64370,44.0,0.0,147.7365948891503
64371,44.0,0.5,148.86043675730147
64372,44.0,1.0,149.71990466102008
64373,44.0,1.5,149.18869327522427
64374,44.0,2.0,150.94610323135123
64375,44.0,2.5,153.1666821835458
64376,44.0,3.0,151.7431264324607
64377,44.0,3.5,149.62415941388295
64378,44.0,4.0,154.13243534073806
64379,44.0,4.5,148.2323762522947
64380,44.0,5.0,153.95095995280124
64381,44.0,5.5,155.0057516123867
64382,44.0,6.0,154.9051321789844
64383,44.0,7.0,152.5591055932788
64384,44.0,7.5,154.00575248762752
64385,44.0,8.0,167.3351760213733
64386,44.0,8.5,168.96816375455276
64387,44.0,9.0,164.9745701590657
64388,44.0,9.5,153.95280617250413
64389,44.0,10.0,153.8472975341239
64390,44.0,10.5,153.74231228926942
64391,44.0,11.0,164.06359159825857
64392,44.0,13.0,149.2106111249948
64393,44.0,13.5,149.6733160550181
64394,44.0,14.0,148.5990127658336
64395,44.0,14.5,148.23369177541704
64396,44.0,15.0,144.8879213693737
64397,44.0,15.5,150.16944635059053
64398,44.0,16.0,148.31036563461834
64399,44.0,16.5,149.06733102030378
64400,44.0,17.0,150.07104970779844
64401,44.0,17.5,146.1143842068819
64402,44.0,18.0,147.78697788024687
64403,44.0,18.5,150.00840150102093
64404,44.0,19.0,164.07732007132432
64405,44.0,19.5,151.19328460341654
64406,44.0,20.0,152.11426663068625
64407,44.0,20.5,157.14656434675365
64408,44.0,21.0,157.5660049397776
64409,44.0,21.5,155.24113225042964
64410,44.0,22.0,158.24428731661664
64411,44.0,22.5,156.52553954812316
64412,44.0,23.0,153.10932855441663
64413,44.0,23.5,156.55293926465188
64414,44.0,24.0,156.64151682098304
64415,44.0,24.5,154.87340391046797
64416,44.0,25.0,157.83935630351826
64417,44.0,25.5,153.14158183744183
64418,44.0,26.0,150.18859201217242
64419,44.0,26.5,152.17361387801637
64420,44.0,27.0,152.60989730571117
64421,44.0,27.5,148.95590246825938
64422,44.0,28.0,149.79751909233192
64423,44.0,28.5,149.78671243365503
64424,44.0,29.0,150.8726259942119
64425,44.0,29.5,153.80575794172842
64426,44.0,30.0,153.94893247461405
64427,44.0,30.5,153.5912981118622
64428,44.0,31.0,153.99845600216736
64429,44.0,31.5,153.11380286946763
64430,44.0,32.0,153.8403151190264
64431,44.0,32.5,152.10939816804873
64432,44.0,33.0,155.22801523285437
64433,44.0,33.5,154.19939290463253
64434,44.0,34.0,157.47160491327546
64435,44.0,34.5,152.87672614700458
64436,44.0,35.0,152.58205870249694
64437,44.0,35.5,148.9667371682925
64438,44.0,36.5,150.6497288361204
64439,44.0,37.0,150.91817272954492
64440,44.5,-37.0,150.50837450995732
64441,44.5,-36.5,150.71224026997345
64442,44.5,-36.0,149.65891456414545
64443,44.5,-35.5,150.54410333783122
64444,44.5,-35.0,152.0890706501185
64445,44.5,-34.5,154.0374904306487
64446,44.5,-34.0,153.56003232463976
64447,44.5,-33.5,155.5415083652348
64448,44.5,-33.0,150.28349627598953
64449,44.5,-32.5,160.28105158885288
64450,44.5,-32.0,157.66184289002842
64451,44.5,-31.5,159.01616485265873
64452,44.5,-31.0,159.70317117260367
64453,44.5,-30.5,148.72302942172735
64454,44.5,-30.0,147.67455963457783
64455,44.5,-29.5,149.1109295300398
64456,44.5,-29.0,148.3608843364505
64457,44.5,-28.5,148.6149405466846
64458,44.5,-28.0,147.26693740562285
64459,44.5,-27.5,147.57739367613542
64460,44.5,-27.0,148.6597153299636
64461,44.5,-26.5,148.39909523200726
64462,44.5,-26.0,153.51241020076276
64463,44.5,-25.5,149.473895202044
64464,44.5,-25.0,150.11832056705182
64465,44.5,-24.5,151.55234146234318
64466,44.5,-23.5,155.1776800875359
64467,44.5,-23.0,150.51307887570368
64468,44.5,-22.5,153.75716754723555
64469,44.5,-22.0,156.1075006599743
64470,44.5,-21.5,149.7292846642624
64471,44.5,-21.0,149.50021886574388
64472,44.5,-20.5,154.80112220643537
64473,44.5,-20.0,155.58370481142595
64474,44.5,-19.5,151.96817456462693
64475,44.5,-19.0,151.0138771990088
64476,44.5,-18.5,145.76582030890305
64477,44.5,-18.0,146.85024332466065
64478,44.5,-17.5,150.2699718934273
64479,44.5,-17.0,150.0743257319492
64480,44.5,-16.5,151.93353347449624
64481,44.5,-16.0,152.04337383895893
64482,44.5,-15.5,153.26543398011518
64483,44.5,-14.5,153.3328860076975
64484,44.5,-14.0,154.26633895077305
64485,44.5,-13.5,157.21811344365358
64486,44.5,-13.0,153.02967497946693
64487,44.5,-12.5,153.08013091115063
64488,44.5,-12.0,152.81991151950703
64489,44.5,-11.5,152.39351513202254
64490,44.5,-11.0,153.09567339481407
64491,44.5,-10.5,152.6501887981009
64492,44.5,-10.0,153.8689727111675
64493,44.5,-9.5,152.08999410375725
64494,44.5,-9.0,153.93229447558033
64495,44.5,-8.5,151.75123475572687
64496,44.5,-8.0,150.2684049241422
64497,44.5,-7.5,152.52373062508755
64498,44.5,-7.0,149.5581313500501
64499,44.5,-6.5,149.50681008366962
64500,44.5,-6.0,149.68189704895266
64501,44.5,-5.5,152.55806363798484
64502,44.5,-5.0,148.7864455617701
64503,44.5,-4.5,149.88334372089545
64504,44.5,-4.0,148.78554146828952
64505,44.5,-3.5,146.98592812416436
64506,44.5,-3.0,148.1495811053014
64507,44.5,-2.5,149.99765236661375
64508,44.5,-2.0,147.69670852631742
64509,44.5,-1.5,149.03414828879426
64510,44.5,-1.0,149.77276817594097
64511,44.5,-0.5,151.50165306104847
64512,44.5,0.0,147.75554299944233
64513,44.5,0.5,147.52595472366795
64514,44.5,1.0,149.29266044549462
64515,44.5,1.5,152.5489804744227
64516,44.5,2.0,151.50816613847638
64517,44.5,2.5,154.9795173581111
64518,44.5,3.0,151.48427558320557
64519,44.5,3.5,150.7442067193898
64520,44.5,4.0,153.72961301334695
64521,44.5,4.5,153.0149144204801
64522,44.5,5.0,159.07492575260835
64523,44.5,5.5,155.19192035855357
64524,44.5,6.0,155.41277258899248
64525,44.5,6.5,154.3143946252318
64526,44.5,7.0,150.31217818558412
64527,44.5,7.5,159.27870442966045
64528,44.5,8.0,162.18423406099612
64529,44.5,9.0,157.8977634467181
64530,44.5,9.5,157.56987329012912
64531,44.5,10.0,153.8640081915855
64532,44.5,10.5,150.75795771028436
64533,44.5,11.0,152.24841593266208
64534,44.5,11.5,162.7787359782372
64535,44.5,13.0,153.9399897990936
64536,44.5,14.0,148.7134386493165
64537,44.5,14.5,149.9090895330272
64538,44.5,15.5,144.7618590943139
64539,44.5,16.0,153.42685236329282
64540,44.5,16.5,149.25638566084788
64541,44.5,17.0,148.695485717967
64542,44.5,18.0,147.81994137552883
64543,44.5,18.5,152.4785355662528
64544,44.5,19.0,155.77564758849536
64545,44.5,19.5,156.90210713519403
64546,44.5,20.0,150.50569596108875
64547,44.5,20.5,156.9874363165197
64548,44.5,21.0,157.26836549228074
64549,44.5,21.5,154.4859766527939
64550,44.5,22.0,157.39557706883633
64551,44.5,22.5,155.08621208778152
64552,44.5,23.0,154.03440644147156
64553,44.5,23.5,147.89151959881772
64554,44.5,24.0,153.17902438470813
64555,44.5,24.5,155.41547179363585
64556,44.5,25.0,149.72307684165497
64557,44.5,25.5,155.41898819010478
64558,44.5,26.0,152.97164952003288
64559,44.5,26.5,149.98606216610273
64560,44.5,27.0,150.6536580710792
64561,44.5,27.5,150.72316045448
64562,44.5,28.0,148.171964835869
64563,44.5,28.5,153.34310097909795
64564,44.5,29.0,151.32544422014783
64565,44.5,29.5,154.65658851266042
64566,44.5,30.0,153.31985088085
64567,44.5,30.5,153.45056925296623
64568,44.5,31.0,153.37323911705818
64569,44.5,31.5,153.7689429521075
64570,44.5,32.0,156.24834121591806
64571,44.5,32.5,151.52231454434
64572,44.5,33.0,154.35708841573123
64573,44.5,33.5,154.33094942329356
64574,44.5,34.0,158.87053935172042
64575,44.5,34.5,153.75254811666693
64576,44.5,35.0,150.95325324029892
64577,44.5,35.5,148.67805626769064
64578,44.5,36.5,149.42830143476357
64579,44.5,37.0,151.1266940784169
64580,45.0,-37.0,149.55600787112996
64581,45.0,-36.5,152.45076365451905
64582,45.0,-36.0,148.7441939176521
64583,45.0,-35.5,150.1822987218441
64584,45.0,-35.0,152.40141642479207
64585,45.0,-34.5,154.42618232286398
64586,45.0,-34.0,153.65839838522132
64587,45.0,-33.5,156.2537694492783
64588,45.0,-33.0,151.02442927746526
64589,45.0,-32.5,157.98406513808283
64590,45.0,-32.0,154.7475311875107
64591,45.0,-31.5,159.79109889887064
64592,45.0,-31.0,159.98580613436377
64593,45.0,-30.5,148.67235227807623
64594,45.0,-30.0,148.07381807706312
64595,45.0,-29.5,148.74009043785068
64596,45.0,-29.0,148.44684075510727
64597,45.0,-28.5,148.2406617769423
64598,45.0,-28.0,147.2834467240275
64599,45.0,-27.5,147.9111688549375
64600,45.0,-27.0,148.5540507835351
64601,45.0,-26.5,148.69989758592715
64602,45.0,-26.0,152.8441283254998
64603,45.0,-25.5,149.59663086884348
64604,45.0,-25.0,150.76411218925082
64605,45.0,-24.5,150.70196994561067
64606,45.0,-24.0,149.53884198800387
64607,45.0,-23.5,151.7654233102243
64608,45.0,-23.0,148.58216894733155
64609,45.0,-22.5,154.28388182243424
64610,45.0,-22.0,152.8784552374856
64611,45.0,-21.5,151.65356816099208
64612,45.0,-21.0,150.21078778579928
64613,45.0,-20.5,150.9816321212584
64614,45.0,-20.0,155.68764070237245
64615,45.0,-19.5,145.8607757253374
64616,45.0,-19.0,146.51146828097225
64617,45.0,-18.5,146.1120474940441
64618,45.0,-18.0,148.37428997575054
64619,45.0,-17.5,149.58671959658977
64620,45.0,-17.0,149.33614182287914
64621,45.0,-16.5,155.16449503717632
64622,45.0,-16.0,154.78114771335163
64623,45.0,-15.5,154.42652182566096
64624,45.0,-15.0,153.65638137911512
64625,45.0,-14.5,152.96956118319156
64626,45.0,-14.0,154.87992802716695
64627,45.0,-13.5,154.83894049347825
64628,45.0,-13.0,154.17863403628382
64629,45.0,-12.5,154.55923061389245
64630,45.0,-12.0,152.6535098358425
64631,45.0,-11.5,153.14629995977907
64632,45.0,-11.0,153.14104144331634
64633,45.0,-10.5,152.43296986290434
64634,45.0,-9.0,150.94137750823734
64635,45.0,-8.5,149.885600140146
64636,45.0,-8.0,151.2578129293609
64637,45.0,-7.5,150.58404340284923
64638,45.0,-7.0,151.96757595677659
64639,45.0,-6.5,149.17098942062134
64640,45.0,-6.0,149.13836320023742
64641,45.0,-5.5,147.61072455906483
64642,45.0,-5.0,150.98779755011807
64643,45.0,-4.5,149.21980322568174
64644,45.0,-4.0,147.90110264797423
64645,45.0,-3.5,147.7902850093079
64646,45.0,-3.0,147.50724193990328
64647,45.0,-2.5,148.4335303875748
64648,45.0,-2.0,149.56838778178155
64649,45.0,-1.5,147.70677695423635
64650,45.0,-1.0,149.37432716697097
64651,45.0,-0.5,149.64815802642354
64652,45.0,0.0,152.6536734903468
64653,45.0,0.5,147.79962550479962
64654,45.0,1.0,149.33921617451165
64655,45.0,1.5,150.36670910863603
64656,45.0,2.0,153.21728127006102
64657,45.0,2.5,155.2351009123484
64658,45.0,3.0,154.72387079991407
64659,45.0,3.5,154.0436892372815
64660,45.0,4.0,152.12809963813632
64661,45.0,4.5,154.82912362377004
64662,45.0,5.5,152.69939848035185
64663,45.0,6.0,151.47094209636384
64664,45.0,6.5,153.026410084645
64665,45.0,7.0,151.7196774443254
64666,45.0,7.5,169.69583107570082
64667,45.0,8.5,154.9886148343789
64668,45.0,9.0,154.65467945141842
64669,45.0,9.5,156.06783179146817
64670,45.0,10.0,154.90907600323376
64671,45.0,11.0,149.69043852198752
64672,45.0,11.5,158.6078148874621
64673,45.0,12.0,161.4832058269443
64674,45.0,12.5,154.86602909314678
64675,45.0,13.5,148.6084461750866
64676,45.0,14.0,147.8876086202003
64677,45.0,15.0,148.53765429281913
64678,45.0,16.0,150.5759256169533
64679,45.0,16.5,153.5795771937281
64680,45.0,17.0,151.7028626278757
64681,45.0,18.0,154.60625848919324
64682,45.0,18.5,154.01997903610308
64683,45.0,19.0,153.87709819563136
64684,45.0,19.5,155.25498879222937
64685,45.0,20.0,157.37074358955357
64686,45.0,20.5,151.15330757732056
64687,45.0,21.0,159.05480640398963
64688,45.0,21.5,156.60338909192618
64689,45.0,22.0,157.801051696926
64690,45.0,22.5,159.53674872048705
64691,45.0,23.0,151.41439408089195
64692,45.0,23.5,149.77651595837375
64693,45.0,24.5,152.81556966794525
64694,45.0,25.0,151.1505159807547
64695,45.0,25.5,152.70428073031897
64696,45.0,26.0,153.2904962842439
64697,45.0,26.5,150.39337526311851
64698,45.0,27.0,148.99289510221794
64699,45.0,27.5,151.37163014624005
64700,45.0,28.0,150.7529119918255
64701,45.0,28.5,153.98199930577553
64702,45.0,29.0,153.68932750991746
64703,45.0,29.5,153.29989518276625
64704,45.0,30.0,153.67760689491092
64705,45.0,30.5,154.3910762054207
64706,45.0,31.0,154.11873164479616
64707,45.0,31.5,153.69798082324428
64708,45.0,32.0,152.80691952935595
64709,45.0,32.5,149.79102238330648
64710,45.0,33.0,153.74545240529497
64711,45.0,33.5,154.66479859054144
64712,45.0,34.0,158.50723601582513
64713,45.0,34.5,155.29910452768482
64714,45.0,35.0,150.67071601671068
64715,45.0,35.5,148.5774877350904
64716,45.0,36.0,147.81070870693705
64717,45.0,36.5,149.0805924424251
64718,45.0,37.0,150.17866269176866
64719,45.5,-37.0,149.24932481305777
64720,45.5,-36.5,152.6418045149043
64721,45.5,-36.0,147.88160862279707
64722,45.5,-35.5,148.9832539163723
64723,45.5,-35.0,152.46221203517584
64724,45.5,-34.5,153.42681377264685
64725,45.5,-34.0,154.5541560963287
64726,45.5,-33.5,157.33034375280974
64727,45.5,-33.0,152.10407782482412
64728,45.5,-32.5,152.67064967856078
64729,45.5,-32.0,157.45754158495058
64730,45.5,-31.5,159.25160366118467
64731,45.5,-31.0,156.8223101089225
64732,45.5,-30.5,148.66280667111505
64733,45.5,-30.0,149.13454570904446
64734,45.5,-29.5,148.3673498805624
64735,45.5,-29.0,146.8052713515716
64736,45.5,-28.5,148.7501366202664
64737,45.5,-28.0,147.34919117407702
64738,45.5,-27.5,150.88712955063124
64739,45.5,-27.0,148.85990930228368
64740,45.5,-26.5,148.8737639679718
64741,45.5,-26.0,150.3334322871675
64742,45.5,-25.5,149.01394927430078
64743,45.5,-25.0,151.16196309658065
64744,45.5,-24.5,146.89067666822618
64745,45.5,-24.0,149.85304163557834
64746,45.5,-23.5,151.12158480668336
64747,45.5,-23.0,154.10708482156048
64748,45.5,-22.5,154.99385910348929
64749,45.5,-22.0,153.31666601305417
64750,45.5,-21.5,148.33645879179898
64751,45.5,-21.0,147.70598040258048
64752,45.5,-20.5,149.82133226749133
64753,45.5,-20.0,150.67974558631568
64754,45.5,-19.5,149.05815934714357
64755,45.5,-19.0,147.7940932949849
64756,45.5,-18.5,146.65362037264924
64757,45.5,-18.0,147.40231240324954
64758,45.5,-17.5,148.6249250158578
64759,45.5,-17.0,149.54553363862394
64760,45.5,-16.5,150.59361232638642
64761,45.5,-16.0,153.50228487242106
64762,45.5,-15.5,151.72272568948915
64763,45.5,-15.0,153.00051574219245
64764,45.5,-14.5,158.76614781802994
64765,45.5,-14.0,153.34384883322977
64766,45.5,-13.5,152.25982437773004
64767,45.5,-13.0,155.49078621239
64768,45.5,-12.5,153.8652272940402
64769,45.5,-12.0,154.6572322767538
64770,45.5,-11.5,152.98544814603892
64771,45.5,-11.0,153.39742440930544
64772,45.5,-10.5,151.30658605349842
64773,45.5,-9.0,149.50801849582896
64774,45.5,-8.5,149.8441405761238
64775,45.5,-8.0,149.29272098310256
64776,45.5,-7.5,150.72581532316937
64777,45.5,-7.0,151.23190361844703
64778,45.5,-6.5,156.28937819461234
64779,45.5,-6.0,149.08801186788227
64780,45.5,-5.5,148.9125186725359
64781,45.5,-5.0,151.3611078132743
64782,45.5,-4.5,152.76016079351604
64783,45.5,-4.0,150.17929345421706
64784,45.5,-3.5,148.52882442642476
64785,45.5,-3.0,147.38585728644608
64786,45.5,-2.5,147.89677014797581
64787,45.5,-2.0,149.57409702030674
64788,45.5,-1.5,150.63080175868555
64789,45.5,-1.0,148.19088200911503
64790,45.5,-0.5,149.45028926787202
64791,45.5,0.0,150.70764068368698
64792,45.5,0.5,150.4897589696395
64793,45.5,1.0,148.9490649081887
64794,45.5,1.5,149.7360207841885
64795,45.5,2.0,150.95658200481816
64796,45.5,2.5,153.16931759374592
64797,45.5,3.0,156.50843681267878
64798,45.5,3.5,154.70424385582112
64799,45.5,4.0,154.02590941985522
64800,45.5,4.5,149.5442637555744
64801,45.5,5.0,151.54304518031176
64802,45.5,6.0,153.14881586347317
64803,45.5,6.5,154.14854477043028
64804,45.5,7.0,154.87982556407292
64805,45.5,8.5,153.19360454597532
64806,45.5,9.0,155.12342741988303
64807,45.5,9.5,156.29512203883095
64808,45.5,11.5,149.2560164721733
64809,45.5,12.0,160.87145292093908
64810,45.5,13.0,154.05491645117345
64811,45.5,13.5,150.94397733151152
64812,45.5,14.0,155.38405913299016
64813,45.5,16.0,147.39249164076594
64814,45.5,16.5,154.23761464286298
64815,45.5,17.0,155.06108171557057
64816,45.5,17.5,153.90762636765027
64817,45.5,18.0,152.9530049974465
64818,45.5,18.5,146.54854248695455
64819,45.5,19.0,151.76408974175925
64820,45.5,19.5,151.31520118167163
64821,45.5,20.0,155.30100675204972
64822,45.5,20.5,151.3687344038616
64823,45.5,21.0,151.67365388159743
64824,45.5,21.5,156.81308669291758
64825,45.5,22.0,152.18728716566343
64826,45.5,22.5,160.57021757737937
64827,45.5,23.0,151.2118031683631
64828,45.5,23.5,152.16967176737492
64829,45.5,25.0,148.07650998967233
64830,45.5,25.5,153.47952552659584
64831,45.5,26.0,153.80813862064903
64832,45.5,26.5,152.70048032885123
64833,45.5,27.0,148.46193758571582
64834,45.5,27.5,155.10510036968648
64835,45.5,28.0,152.09221181187462
64836,45.5,28.5,152.42976634070655
64837,45.5,29.0,155.75370267143023
64838,45.5,29.5,152.84399821287425
64839,45.5,30.0,152.45732420753592
64840,45.5,30.5,154.62117912867026
64841,45.5,31.0,153.77957670579374
64842,45.5,31.5,152.16474387073214
64843,45.5,32.0,154.93618755481006
64844,45.5,33.0,154.2241364239004
64845,45.5,33.5,154.8738781094262
64846,45.5,34.0,157.2847327353133
64847,45.5,34.5,156.74844508988988
64848,45.5,35.0,150.42711858633922
64849,45.5,35.5,148.35834863622222
64850,45.5,36.0,147.2946971937536
64851,45.5,36.5,148.6131401910513
64852,45.5,37.0,151.60390590250182
64853,46.0,-37.0,149.02536117928597
64854,46.0,-36.5,150.96978014044475
64855,46.0,-36.0,148.4226162153485
64856,46.0,-35.5,148.32148895708627
64857,46.0,-35.0,152.15382579189085
64858,46.0,-34.5,151.90099924114494
64859,46.0,-34.0,153.0760374255472
64860,46.0,-33.5,157.31783357777655
64861,46.0,-33.0,152.90696651669052
64862,46.0,-32.5,156.32152114723405
64863,46.0,-32.0,158.27973373529062
64864,46.0,-31.5,158.24445398738678
64865,46.0,-31.0,154.42361340276904
64866,46.0,-30.5,148.6601052755239
64867,46.0,-30.0,148.6966009787899
64868,46.0,-29.5,148.18385891741255
64869,46.0,-29.0,146.92956810530154
64870,46.0,-28.5,148.6870963363336
64871,46.0,-28.0,147.43233136281071
64872,46.0,-27.5,149.48055550425366
64873,46.0,-27.0,149.13590488342874
64874,46.0,-26.5,154.2821545522845
64875,46.0,-26.0,148.87746389722065
64876,46.0,-25.5,149.30460759537277
64877,46.0,-25.0,149.9977160353959
64878,46.0,-24.5,151.16866191283066
64879,46.0,-24.0,151.2408307154103
64880,46.0,-23.5,151.12471981856245
64881,46.0,-23.0,162.03026876071075
64882,46.0,-22.5,152.0160414818722
64883,46.0,-22.0,149.94468712455776
64884,46.0,-21.5,151.84040641104153
64885,46.0,-21.0,147.80235499239595
64886,46.0,-20.5,148.14218853131922
64887,46.0,-20.0,146.16626877697772
64888,46.0,-19.5,150.56243423293907
64889,46.0,-19.0,149.76804658461538
64890,46.0,-18.5,151.0062321234819
64891,46.0,-18.0,148.88263253143967
64892,46.0,-17.5,147.9775362069252
64893,46.0,-17.0,150.441191218938
64894,46.0,-16.5,152.8279811777467
64895,46.0,-15.5,152.1272017573415
64896,46.0,-15.0,152.29772025007605
64897,46.0,-14.5,149.57098264018782
64898,46.0,-14.0,150.4244850245714
64899,46.0,-13.5,153.97762298196113
64900,46.0,-13.0,154.25531542183273
64901,46.0,-12.5,157.14584626585005
64902,46.0,-12.0,154.99873304917182
64903,46.0,-11.5,154.96164060488883
64904,46.0,-11.0,151.5192933180632
64905,46.0,-10.5,152.55244303290303
64906,46.0,-9.0,149.39328665416292
64907,46.0,-8.5,150.4011264472866
64908,46.0,-8.0,151.16039121194268
64909,46.0,-7.5,150.16095583196827
64910,46.0,-7.0,150.02981083956345
64911,46.0,-6.5,151.48836908604008
64912,46.0,-6.0,148.6842473051154
64913,46.0,-5.5,149.67974748659464
64914,46.0,-5.0,150.26638374941132
64915,46.0,-4.5,152.39047994793998
64916,46.0,-4.0,148.59270704765657
64917,46.0,-3.5,150.90065090586623
64918,46.0,-3.0,147.79469773253672
64919,46.0,-2.5,147.01453810914904
64920,46.0,-2.0,149.1696299833447
64921,46.0,-1.5,149.32709941981335
64922,46.0,-1.0,148.38616944179594
64923,46.0,-0.5,148.46950196767176
64924,46.0,0.0,148.8692465956725
64925,46.0,0.5,151.35233404838158
64926,46.0,1.0,148.92583949121232
64927,46.0,1.5,148.61020382856634
64928,46.0,2.0,149.97348652997874
64929,46.0,2.5,149.9078313031228
64930,46.0,3.0,147.9153191919575
64931,46.0,4.0,151.98397070141502
64932,46.0,4.5,149.5857988338977
64933,46.0,5.0,151.76548791011885
64934,46.0,5.5,153.97062651916022
64935,46.0,6.0,155.40798281963484
64936,46.0,6.5,153.76766974247116
64937,46.0,7.0,153.0855255060756
64938,46.0,8.0,154.4123443320818
64939,46.0,8.5,158.70024230684567
64940,46.0,9.0,154.3191086574607
64941,46.0,11.5,149.1362500066895
64942,46.0,12.0,151.70657521427833
64943,46.0,12.5,158.05915609826386
64944,46.0,13.0,153.01612527492742
64945,46.0,16.0,156.53855323900675
64946,46.0,16.5,158.2772579012462
64947,46.0,17.0,153.71350774110553
64948,46.0,17.5,152.55079417535694
64949,46.0,18.0,152.42627435267244
64950,46.0,18.5,148.45560424573335
64951,46.0,19.0,147.3596020349567
64952,46.0,19.5,150.80662024891447
64953,46.0,20.0,154.13948804205234
64954,46.0,20.5,158.10544657399862
64955,46.0,21.0,153.38302629923518
64956,46.0,21.5,157.66058646066824
64957,46.0,22.0,150.70080670367525
64958,46.0,22.5,151.60776425641936
64959,46.0,23.0,155.6014619650542
64960,46.0,23.5,156.6462169612109
64961,46.0,24.5,145.65372554389157
64962,46.0,25.0,147.007170320951
64963,46.0,25.5,151.2557706974335
64964,46.0,26.0,154.82359718911346
64965,46.0,26.5,153.9318704499951
64966,46.0,27.0,151.47871718644691
64967,46.0,27.5,151.55757647219653
64968,46.0,28.0,156.5431756178016
64969,46.0,28.5,150.82950286421718
64970,46.0,29.0,156.3465186743497
64971,46.0,29.5,153.24958457820944
64972,46.0,30.0,153.91644786391421
64973,46.0,30.5,154.37455534726232
64974,46.0,31.0,152.22438795207725
64975,46.0,31.5,152.86374429454295
64976,46.0,32.0,153.8797388236176
64977,46.0,32.5,158.788524303553
64978,46.0,33.0,152.9701256507446
64979,46.0,33.5,149.42536408917766
64980,46.0,34.0,155.7682657721443
64981,46.0,34.5,158.79221417484004
64982,46.0,35.0,149.8649967596328
64983,46.0,35.5,148.10454979566106
64984,46.0,36.0,147.04929227237514
64985,46.0,36.5,150.1799123772334
64986,46.0,37.0,149.6529679000136
64987,46.5,-37.0,149.078871262871
64988,46.5,-36.5,150.4879994134413
64989,46.5,-36.0,148.23324792853504
64990,46.5,-35.5,148.28804661378754
64991,46.5,-35.0,151.37463116306304
64992,46.5,-34.5,153.39961324297784
64993,46.5,-34.0,152.47180362958346
64994,46.5,-33.5,157.2003727910725
64995,46.5,-33.0,154.20640557724883
64996,46.5,-32.5,156.22609953716557
64997,46.5,-32.0,163.30745085915711
64998,46.5,-31.5,152.63474475609516
64999,46.5,-31.0,150.40979743313306
65000,46.5,-30.5,152.15484314552629
65001,46.5,-30.0,148.70316313164818
65002,46.5,-29.5,146.78418393921172
65003,46.5,-29.0,146.7374981500244
65004,46.5,-28.5,148.51626929611632
65005,46.5,-28.0,150.68934133992323
65006,46.5,-27.5,155.38931323099735
65007,46.5,-27.0,149.1516056545275
65008,46.5,-26.5,153.8803920336228
65009,46.5,-26.0,149.473835382415
65010,46.5,-25.5,149.0324051162816
65011,46.5,-25.0,148.87577724822043
65012,46.5,-24.5,151.21757527617638
65013,46.5,-24.0,149.66500994385774
65014,46.5,-23.5,149.9110042309185
65015,46.5,-23.0,168.58364382380526
65016,46.5,-22.5,152.77703824673793
65017,46.5,-22.0,148.6753120284495
65018,46.5,-21.5,153.8080558942592
65019,46.5,-21.0,148.30373415276597
65020,46.5,-20.5,146.1567515015903
65021,46.5,-20.0,148.4186721716066
65022,46.5,-19.5,151.99002840904078
65023,46.5,-19.0,151.6657374914489
65024,46.5,-18.5,150.98536268237297
65025,46.5,-18.0,149.26950770396792
65026,46.5,-17.5,147.9506602015424
65027,46.5,-17.0,148.13633671683667
65028,46.5,-16.5,150.95219466232118
65029,46.5,-16.0,157.16072844505211
65030,46.5,-15.5,154.02028367633324
65031,46.5,-15.0,152.2168373614349
65032,46.5,-14.5,149.81696994880159
65033,46.5,-14.0,152.51783552043304
65034,46.5,-13.5,152.5568570570289
65035,46.5,-13.0,157.0387231436406
65036,46.5,-12.5,156.18094125807724
65037,46.5,-12.0,156.85237741519225
65038,46.5,-11.5,155.2279493703518
65039,46.5,-11.0,150.6173157550467
65040,46.5,-10.5,154.0973141425946
65041,46.5,-10.0,152.53208007224694
65042,46.5,-9.5,150.88525977025543
65043,46.5,-9.0,149.35046512245268
65044,46.5,-8.5,149.44790712560825
65045,46.5,-8.0,150.10375254192056
65046,46.5,-7.5,151.17311509060616
65047,46.5,-7.0,150.4792333869245
65048,46.5,-6.5,147.998648132039
65049,46.5,-6.0,149.65103245193714
65050,46.5,-5.5,149.27057798984717
65051,46.5,-5.0,147.8242790002228
65052,46.5,-4.5,148.4079025095712
65053,46.5,-4.0,152.3296270774101
65054,46.5,-3.5,147.9898875087077
65055,46.5,-3.0,151.03341643336685
65056,46.5,-2.5,146.93780170399393
65057,46.5,-2.0,147.36103924672892
65058,46.5,-1.5,148.29362616164528
65059,46.5,-1.0,149.7469462889253
65060,46.5,-0.5,148.03003038047888
65061,46.5,0.0,149.35371702597138
65062,46.5,0.5,150.64489413677825
65063,46.5,1.0,151.17664261410175
65064,46.5,1.5,148.24036127806514
65065,46.5,2.0,148.89407084040866
65066,46.5,2.5,150.33179893605862
65067,46.5,3.0,146.65575796768633
65068,46.5,3.5,146.27808713444904
65069,46.5,4.0,150.95039606162047
65070,46.5,4.5,151.72971737804377
65071,46.5,5.0,151.19439224783503
65072,46.5,5.5,152.11055828507583
65073,46.5,6.0,157.12343465991495
65074,46.5,6.5,152.97176844556512
65075,46.5,7.0,153.48535615008117
65076,46.5,7.5,153.50907915634974
65077,46.5,8.0,156.9229257975122
65078,46.5,8.5,156.00790523570407
65079,46.5,9.0,160.17718112581926
65080,46.5,11.5,152.513352429729
65081,46.5,12.0,149.65988747096915
65082,46.5,12.5,153.01021511581658
65083,46.5,13.0,152.13406331838712
65084,46.5,13.5,151.52294364431071
65085,46.5,14.0,150.55255755926962
65086,46.5,15.5,145.05408860971107
65087,46.5,16.0,157.2458466431291
65088,46.5,16.5,168.9323590766668
65089,46.5,17.0,151.5038247935782
65090,46.5,17.5,154.3176208184021
65091,46.5,18.0,153.01660212202418
65092,46.5,18.5,148.59347377376324
65093,46.5,19.0,145.9244009508074
65094,46.5,19.5,148.05309104994134
65095,46.5,20.0,152.30618186967862
65096,46.5,20.5,157.33091923504756
65097,46.5,21.0,157.30115435262235
65098,46.5,21.5,154.0577422843596
65099,46.5,22.0,155.02765419640505
65100,46.5,22.5,150.05578136691037
65101,46.5,23.0,152.5024573457766
65102,46.5,23.5,153.58414673664402
65103,46.5,24.0,145.38359740201102
65104,46.5,24.5,145.20180636199922
65105,46.5,25.0,152.53571925503167
65106,46.5,25.5,148.78053595043212
65107,46.5,26.0,153.43609493420288
65108,46.5,26.5,154.53261253667904
65109,46.5,27.0,153.1510306636427
65110,46.5,27.5,151.5218905281456
65111,46.5,28.0,154.06714679128794
65112,46.5,28.5,154.54366685568917
65113,46.5,29.0,154.19106069090194
65114,46.5,29.5,154.43094176721092
65115,46.5,30.0,152.93077150756366
65116,46.5,30.5,154.20452307111896
65117,46.5,31.0,153.36702338955973
65118,46.5,31.5,152.26485833403055
65119,46.5,32.0,151.9012824950263
65120,46.5,32.5,159.266195725856
65121,46.5,33.0,151.6069912718518
65122,46.5,33.5,145.98635444035781
65123,46.5,34.0,155.7982807453461
65124,46.5,34.5,159.624784318876
65125,46.5,35.0,150.38955587437718
65126,46.5,35.5,148.2122991941243
65127,46.5,36.0,146.80160617080207
65128,46.5,36.5,149.4202874148875
65129,46.5,37.0,149.3398009764596
65130,47.0,-37.0,149.10270164674137
65131,47.0,-36.5,150.3672394703833
65132,47.0,-36.0,148.33711866380924
65133,47.0,-35.5,149.70361126372026
65134,47.0,-35.0,151.67849081094866
65135,47.0,-34.5,154.38043445841978
65136,47.0,-34.0,150.97626865877604
65137,47.0,-33.5,158.09886283842965
65138,47.0,-33.0,154.3855078598501
65139,47.0,-32.5,154.50435162732273
65140,47.0,-32.0,161.4683634323248
65141,47.0,-31.5,156.68266362764487
65142,47.0,-31.0,149.98065786042886
65143,47.0,-30.5,153.55668591060396
65144,47.0,-30.0,148.56064538575734
65145,47.0,-29.5,147.52159598032117
65146,47.0,-29.0,147.27622667972642
65147,47.0,-28.5,148.20131280117235
65148,47.0,-28.0,153.12425172397488
65149,47.0,-27.5,154.49726470660204
65150,47.0,-27.0,149.30558426286473
65151,47.0,-26.5,149.726180531025
65152,47.0,-26.0,149.13636163640817
65153,47.0,-25.5,149.02992422099996
65154,47.0,-25.0,150.32776435402698
65155,47.0,-24.5,150.54554335513515
65156,47.0,-24.0,148.150591488722
65157,47.0,-23.5,156.46444244211978
65158,47.0,-23.0,151.87073668043539
65159,47.0,-22.5,152.26272893417215
65160,47.0,-22.0,152.07360842444882
65161,47.0,-21.5,152.60300473928356
65162,47.0,-21.0,155.1316571499391
65163,47.0,-20.5,149.11920750062106
65164,47.0,-20.0,149.21270453459712
65165,47.0,-19.5,148.2917657544212
65166,47.0,-19.0,150.96718175770562
65167,47.0,-18.5,149.9869645816056
65168,47.0,-18.0,149.95657194182385
65169,47.0,-17.5,148.81002991067137
65170,47.0,-17.0,150.25107159761959
65171,47.0,-16.0,154.37962048721687
65172,47.0,-15.5,156.00203393946762
65173,47.0,-15.0,151.9115636288058
65174,47.0,-14.5,149.949073867939
65175,47.0,-14.0,152.0735526222216
65176,47.0,-13.5,156.41132628568198
65177,47.0,-13.0,155.54579545090525
65178,47.0,-12.5,154.29691070751878
65179,47.0,-12.0,153.16870922965768
65180,47.0,-11.5,153.42126035138
65181,47.0,-11.0,153.50457576415133
65182,47.0,-10.0,148.83866932564544
65183,47.0,-9.5,149.7660256450319
65184,47.0,-9.0,151.21346601543604
65185,47.0,-8.5,149.92870352310894
65186,47.0,-8.0,150.15442544245616
65187,47.0,-7.5,150.41087936019662
65188,47.0,-7.0,150.39607027618914
65189,47.0,-6.5,149.8646089635299
65190,47.0,-6.0,149.25762244011275
65191,47.0,-5.5,148.50437026699342
65192,47.0,-5.0,148.05697384498592
65193,47.0,-4.5,147.36880575404814
65194,47.0,-4.0,148.88012567497935
65195,47.0,-3.5,150.90009244075233
65196,47.0,-3.0,149.35715604116723
65197,47.0,-2.5,151.2503693415022
65198,47.0,-2.0,147.36186137985766
65199,47.0,-1.5,146.7210699362341
65200,47.0,-1.0,148.53104369221364
65201,47.0,-0.5,149.85824487066466
65202,47.0,0.0,149.54822385031963
65203,47.0,0.5,149.07327243792795
65204,47.0,1.0,151.0155267900911
65205,47.0,1.5,150.04591939231807
65206,47.0,2.0,148.34043162084907
65207,47.0,2.5,148.08344276617734
65208,47.0,3.5,150.01561033367463
65209,47.0,4.0,153.20221962215902
65210,47.0,4.5,151.2937971030229
65211,47.0,5.0,148.6513901999891
65212,47.0,5.5,152.16779873398858
65213,47.0,6.0,154.10306621569302
65214,47.0,7.0,152.65331587178719
65215,47.0,7.5,152.73273090498898
65216,47.0,8.0,157.37461986998267
65217,47.0,8.5,156.93183590269743
65218,47.0,9.0,164.4325709138188
65219,47.0,9.5,164.80354034690814
65220,47.0,11.0,153.84454598013798
65221,47.0,11.5,152.69216686058178
65222,47.0,12.5,151.04951623330447
65223,47.0,13.0,152.3158051883977
65224,47.0,13.5,152.7303070784397
65225,47.0,14.0,150.52288223033642
65226,47.0,15.5,146.40847612333687
65227,47.0,16.0,177.1452152192115
65228,47.0,17.0,153.60257775729258
65229,47.0,17.5,150.52721606025622
65230,47.0,18.0,149.46492460208458
65231,47.0,18.5,150.2230481637618
65232,47.0,19.0,146.32076402592085
65233,47.0,19.5,149.14925343859852
65234,47.0,20.0,152.83119617676746
65235,47.0,20.5,155.2154083160244
65236,47.0,21.0,160.61374538860528
65237,47.0,21.5,155.10536419592185
65238,47.0,22.0,156.97986124187662
65239,47.0,22.5,153.87767905120293
65240,47.0,23.0,156.40823286122676
65241,47.0,23.5,156.79944902004496
65242,47.0,24.0,146.66052767350266
65243,47.0,24.5,146.98468940530333
65244,47.0,25.0,148.0790635999308
65245,47.0,25.5,151.82771663196192
65246,47.0,26.0,152.75369033921686
65247,47.0,26.5,154.8446850322384
65248,47.0,27.0,153.1967412901468
65249,47.0,27.5,154.99125079247125
65250,47.0,28.0,153.664639185814
65251,47.0,28.5,156.81234513160666
65252,47.0,29.0,155.27077767489465
65253,47.0,29.5,154.10501500746588
65254,47.0,30.0,153.62418652320935
65255,47.0,30.5,153.55810117005694
65256,47.0,31.0,160.53850574117683
65257,47.0,31.5,154.0102636074991
65258,47.0,32.0,154.27707728922007
65259,47.0,33.0,151.89444824264194
65260,47.0,33.5,146.1079962441626
65261,47.0,34.0,156.46394422049312
65262,47.0,34.5,161.70760849870788
65263,47.0,35.0,151.87248651662173
65264,47.0,35.5,147.28984527626906
65265,47.0,36.0,146.6414160244101
65266,47.0,36.5,149.0043665744067
65267,47.0,37.0,149.12077938929846
65268,47.5,-37.0,149.06227766870487
65269,47.5,-36.5,149.75844015437752
65270,47.5,-36.0,150.20712201287418
65271,47.5,-35.5,150.28267071743815
65272,47.5,-35.0,150.81440445128422
65273,47.5,-34.5,155.32517392236392
65274,47.5,-34.0,149.39451847916573
65275,47.5,-33.5,159.2284566189001
65276,47.5,-33.0,154.9008823267575
65277,47.5,-32.5,154.02793451997715
65278,47.5,-32.0,160.63163179003857
65279,47.5,-31.5,152.73740833763065
65280,47.5,-31.0,151.12263791827652
65281,47.5,-30.5,151.95790665043003
65282,47.5,-30.0,148.8616231477519
65283,47.5,-29.5,148.0295299186674
65284,47.5,-29.0,147.37134579183103
65285,47.5,-28.5,149.39694635865786
65286,47.5,-28.0,152.0728360892627
65287,47.5,-27.5,153.56379044687995
65288,47.5,-27.0,152.39999343441386
65289,47.5,-26.5,150.08710949364064
65290,47.5,-26.0,149.1602568619232
65291,47.5,-25.5,148.35756929920316
65292,47.5,-25.0,150.07781659909824
65293,47.5,-24.5,149.69388453849857
65294,47.5,-24.0,151.0461247147138
65295,47.5,-23.5,161.81486622543545
65296,47.5,-23.0,155.32505898538463
65297,47.5,-22.5,155.1172653702927
65298,47.5,-22.0,157.2841556769487
65299,47.5,-21.5,152.28058868649305
65300,47.5,-21.0,155.2455567047707
65301,47.5,-20.5,150.85628021722172
65302,47.5,-20.0,148.41312014885952
65303,47.5,-19.5,151.26209327307933
65304,47.5,-19.0,152.4494669852806
65305,47.5,-18.5,149.91128469973702
65306,47.5,-18.0,150.10634535293076
65307,47.5,-17.5,146.6723749302878
65308,47.5,-17.0,147.21155508415956
65309,47.5,-16.5,156.28550524651564
65310,47.5,-16.0,155.45571487081247
65311,47.5,-15.5,153.19670320663639
65312,47.5,-15.0,152.87275548032838
65313,47.5,-14.5,152.99288642513736
65314,47.5,-14.0,155.39954274918804
65315,47.5,-13.5,155.36696614049671
65316,47.5,-13.0,157.6198333645659
65317,47.5,-12.5,154.2077502720347
65318,47.5,-12.0,151.0900992631875
65319,47.5,-11.5,152.1174110805738
65320,47.5,-11.0,152.856557974832
65321,47.5,-10.5,149.7253740183472
65322,47.5,-10.0,148.7011204198502
65323,47.5,-9.5,149.1967052740579
65324,47.5,-9.0,149.53820707738856
65325,47.5,-8.5,150.28502583277455
65326,47.5,-8.0,150.75742205627353
65327,47.5,-7.5,149.2145210293771
65328,47.5,-7.0,149.5270801150514
65329,47.5,-6.5,150.9680339042066
65330,47.5,-6.0,152.30038591123792
65331,47.5,-5.5,148.2592323654208
65332,47.5,-5.0,150.41665599140958
65333,47.5,-4.5,147.60106352217275
65334,47.5,-4.0,147.84258104542712
65335,47.5,-3.5,151.77868679465075
65336,47.5,-3.0,151.74802572924116
65337,47.5,-2.5,148.79919125038822
65338,47.5,-2.0,150.65827149905138
65339,47.5,-1.5,146.93616878643738
65340,47.5,-1.0,147.89290765365936
65341,47.5,-0.5,149.90677508796472
65342,47.5,0.0,149.92457721861936
65343,47.5,0.5,148.89089441461536
65344,47.5,1.0,149.5111263155683
65345,47.5,1.5,149.97459144818757
65346,47.5,2.5,147.82135417827607
65347,47.5,3.0,148.5342364323296
65348,47.5,4.0,153.7554042338065
65349,47.5,4.5,148.29871940812873
65350,47.5,5.0,150.44620083978484
65351,47.5,5.5,156.12690909523548
65352,47.5,6.0,153.83117207386738
65353,47.5,6.5,153.86856184857484
65354,47.5,7.0,154.19885752285987
65355,47.5,7.5,151.8439879205522
65356,47.5,8.0,157.0958091042688
65357,47.5,9.5,161.99324914812894
65358,47.5,10.5,153.44962302068427
65359,47.5,11.0,151.7256486882835
65360,47.5,12.5,152.00979060237705
65361,47.5,13.0,150.60251619294374
65362,47.5,13.5,153.64996911443325
65363,47.5,15.5,145.77495350302806
65364,47.5,16.5,159.55064444795957
65365,47.5,17.0,156.6989999134053
65366,47.5,17.5,149.59960330863782
65367,47.5,18.0,147.05265199588487
65368,47.5,18.5,153.8591647959838
65369,47.5,19.0,150.50224285617895
65370,47.5,19.5,148.81373903806337
65371,47.5,20.0,149.95043895825816
65372,47.5,20.5,156.51737761745287
65373,47.5,21.0,156.38290371862817
65374,47.5,21.5,157.76337824728324
65375,47.5,22.0,153.69533913572158
65376,47.5,22.5,158.34916590626273
65377,47.5,23.0,154.86621384533305
65378,47.5,23.5,151.57458239750932
65379,47.5,24.0,153.55572841401207
65380,47.5,24.5,147.48067730733703
65381,47.5,25.0,148.6899509952504
65382,47.5,25.5,151.35740777286895
65383,47.5,26.0,152.3131493950065
65384,47.5,26.5,154.50807305733724
65385,47.5,27.0,154.50997467840958
65386,47.5,27.5,152.20047795952806
65387,47.5,28.0,156.62869021964133
65388,47.5,28.5,156.07173881713933
65389,47.5,29.0,152.91140290637262
65390,47.5,29.5,152.39873926340064
65391,47.5,30.0,153.4937318385993
65392,47.5,30.5,153.9520768604442
65393,47.5,31.0,156.7396330669849
65394,47.5,31.5,158.3084907811176
65395,47.5,32.0,153.98748720042272
65396,47.5,32.5,145.85271544476683
65397,47.5,33.0,151.6953412982753
65398,47.5,33.5,148.3855572820156
65399,47.5,34.0,159.3494411641785
65400,47.5,34.5,162.36405798772026
65401,47.5,35.0,151.81220185501087
65402,47.5,35.5,146.97448508550997
65403,47.5,36.0,148.12381153005725
65404,47.5,36.5,148.5597428816257
65405,47.5,37.0,148.8245875050546
65406,48.0,-37.0,149.4661917934729
65407,48.0,-36.5,149.098102229381
65408,48.0,-36.0,150.54560375796427
65409,48.0,-35.5,151.33403126159237
65410,48.0,-35.0,150.45550177633578
65411,48.0,-34.5,153.93206416335696
65412,48.0,-34.0,149.32458467263282
65413,48.0,-33.5,156.63526958440966
65414,48.0,-33.0,155.42716472772258
65415,48.0,-32.5,152.0570504711578
65416,48.0,-32.0,159.3618711052533
65417,48.0,-31.5,148.77995679491463
65418,48.0,-31.0,152.57261899633403
65419,48.0,-30.5,152.17347691341755
65420,48.0,-30.0,147.29625065855686
65421,48.0,-29.5,147.8948776392644
65422,48.0,-29.0,147.71228498588516
65423,48.0,-28.5,152.04721078907238
65424,48.0,-28.0,148.3405405246365
65425,48.0,-27.5,155.20033404685876
65426,48.0,-27.0,150.64484962872157
65427,48.0,-26.5,149.98086715190482
65428,48.0,-26.0,149.57999511365185
65429,48.0,-25.5,149.60022696705556
65430,48.0,-25.0,149.211482202347
65431,48.0,-24.5,149.24456104289027
65432,48.0,-24.0,153.7388623569761
65433,48.0,-23.5,168.1693756968975
65434,48.0,-23.0,152.7643667765264
65435,48.0,-22.5,152.3031337716407
65436,48.0,-22.0,164.2839106175478
65437,48.0,-21.5,152.9852077778066
65438,48.0,-21.0,151.70152885423556
65439,48.0,-20.5,153.12579605637947
65440,48.0,-20.0,148.8116806797979
65441,48.0,-19.5,150.9582450783231
65442,48.0,-19.0,152.19976226462617
65443,48.0,-18.5,151.74990756465448
65444,48.0,-18.0,150.67169131300727
65445,48.0,-17.5,148.48941387218534
65446,48.0,-17.0,146.87161526625786
65447,48.0,-16.5,149.18175952151935
65448,48.0,-15.5,148.53595602609278
65449,48.0,-15.0,150.4659666378306
65450,48.0,-14.5,155.08758622107482
65451,48.0,-14.0,155.78203553103666
65452,48.0,-13.5,153.31711409036902
65453,48.0,-13.0,153.74190662185828
65454,48.0,-12.5,153.73012985926627
65455,48.0,-12.0,150.4732212701553
65456,48.0,-11.0,152.87289221509013
65457,48.0,-10.5,149.3657039529614
65458,48.0,-10.0,149.09228661399644
65459,48.0,-9.5,149.1359850309757
65460,48.0,-9.0,150.14739429806397
65461,48.0,-8.5,150.23281946368564
65462,48.0,-7.5,147.82115629104976
65463,48.0,-7.0,149.92961025543673
65464,48.0,-6.5,150.83176245647056
65465,48.0,-6.0,151.77662137750966
65466,48.0,-5.5,148.449149330936
65467,48.0,-5.0,149.30236917449383
65468,48.0,-4.5,148.45695685145762
65469,48.0,-4.0,147.17429415433133
65470,48.0,-3.0,150.76232901362675
65471,48.0,-2.5,148.22500218989128
65472,48.0,-2.0,149.39214905812514
65473,48.0,-1.5,147.58398799173642
65474,48.0,-1.0,148.6753691501679
65475,48.0,-0.5,150.13626104025013
65476,48.0,0.0,150.441551708673
65477,48.0,0.5,150.01744991029554
65478,48.0,1.0,149.38134411489312
65479,48.0,1.5,149.00324587062136
65480,48.0,3.0,148.43933919804638
65481,48.0,3.5,148.83147322503717
65482,48.0,4.0,149.56650655783258
65483,48.0,4.5,150.96857767692566
65484,48.0,5.0,153.32064683753674
65485,48.0,5.5,151.29758913010113
65486,48.0,6.0,152.32643038910732
65487,48.0,6.5,152.4574449436913
65488,48.0,7.0,150.51255286560462
65489,48.0,7.5,155.0690282126846
65490,48.0,8.0,153.1177265801269
65491,48.0,9.5,158.26367269159869
65492,48.0,10.0,163.4520459110347
65493,48.0,10.5,152.3011744774264
65494,48.0,12.0,151.77580673088053
65495,48.0,12.5,152.1708016447888
65496,48.0,13.0,152.56419677267277
65497,48.0,13.5,148.46702156205075
65498,48.0,15.0,163.68950207643692
65499,48.0,16.5,152.00621997011436
65500,48.0,17.0,165.28316943336836
65501,48.0,17.5,151.05347390228093
65502,48.0,18.0,147.1140879679104
65503,48.0,18.5,152.594425063909
65504,48.0,19.0,151.56606297260765
65505,48.0,19.5,146.1161463652492
65506,48.0,20.0,151.08168009743284
65507,48.0,20.5,155.14684297650498
65508,48.0,21.0,156.84837744787765
65509,48.0,21.5,160.40165448478126
65510,48.0,22.0,150.55049828807267
65511,48.0,22.5,155.21962017180817
65512,48.0,23.0,155.04857566481226
65513,48.0,23.5,152.27035501292215
65514,48.0,24.0,156.29410098923398
65515,48.0,24.5,150.43653623652767
65516,48.0,25.0,148.97772602680175
65517,48.0,25.5,153.0360278592532
65518,48.0,26.0,152.50292488500148
65519,48.0,26.5,151.72728130129582
65520,48.0,27.0,155.64170457869352
65521,48.0,27.5,151.01781474786378
65522,48.0,28.0,155.05880980074403
65523,48.0,28.5,154.61225148204025
65524,48.0,29.0,153.71540262692267
65525,48.0,29.5,155.61587515095852
65526,48.0,30.0,156.93341916511952
65527,48.0,30.5,154.8983575140448
65528,48.0,31.0,155.59683357755233
65529,48.0,31.5,155.21595547673368
65530,48.0,32.0,148.99949380942817
65531,48.0,32.5,153.8727809733059
65532,48.0,33.0,149.05053897667082
65533,48.0,33.5,149.45124915204983
65534,48.0,34.5,160.92428965978823
65535,48.0,35.0,151.7261129333296
65536,48.0,35.5,149.96314628382655
65537,48.0,36.0,148.25478648625943
65538,48.0,36.5,148.47083048865406
65539,48.0,37.0,148.99213873784868
65540,48.0,40.5,184.44137430938972
65541,48.5,-37.0,149.3864295403103
65542,48.5,-36.5,149.1041420770448
65543,48.5,-36.0,149.69718461548618
65544,48.5,-35.5,151.93340818732386
65545,48.5,-35.0,151.63028152713764
65546,48.5,-34.5,152.22492070237277
65547,48.5,-33.5,155.83259553199426
65548,48.5,-33.0,155.8877240332256
65549,48.5,-32.5,151.61132314523795
65550,48.5,-32.0,157.96169038087658
65551,48.5,-31.5,148.5680897763126
65552,48.5,-31.0,152.71985772171888
65553,48.5,-30.5,152.06626190944615
65554,48.5,-30.0,147.43048973368127
65555,48.5,-29.5,147.72407935191487
65556,48.5,-29.0,147.81922776585156
65557,48.5,-28.5,152.42276293265965
65558,48.5,-28.0,150.34769532272736
65559,48.5,-27.5,153.48772640916096
65560,48.5,-27.0,150.11795153178608
65561,48.5,-26.5,149.36717594302078
65562,48.5,-26.0,149.59317167599556
65563,48.5,-25.5,152.0044074686379
65564,48.5,-25.0,147.52558239890348
65565,48.5,-24.5,149.524461881099
65566,48.5,-24.0,152.6920312535947
65567,48.5,-23.5,148.12575094951006
65568,48.5,-23.0,152.34475820915154
65569,48.5,-22.5,152.30497074882027
65570,48.5,-22.0,149.4472529062544
65571,48.5,-21.5,156.5732344979704
65572,48.5,-21.0,153.4775940656485
65573,48.5,-20.5,152.70548258179946
65574,48.5,-20.0,151.56695665993786
65575,48.5,-19.5,148.1689051998877
65576,48.5,-19.0,148.98776851119473
65577,48.5,-18.5,150.44715058337053
65578,48.5,-18.0,151.04895063908424
65579,48.5,-17.5,155.3934922375176
65580,48.5,-17.0,147.96945583929607
65581,48.5,-16.5,147.05023678297556
65582,48.5,-16.0,148.08538279868674
65583,48.5,-15.5,148.29468105681633
65584,48.5,-15.0,151.2976690634429
65585,48.5,-14.5,156.3734375386481
65586,48.5,-14.0,152.18892480335887
65587,48.5,-13.5,158.2210130985604
65588,48.5,-13.0,152.87576144848043
65589,48.5,-12.5,150.999923617647
65590,48.5,-12.0,151.3531785133454
65591,48.5,-11.5,151.33725022340795
65592,48.5,-11.0,148.76841263135915
65593,48.5,-10.5,151.79963478758737
65594,48.5,-10.0,149.1241976798306
65595,48.5,-9.5,149.7907960429248
65596,48.5,-9.0,150.47834333158184
65597,48.5,-8.5,149.86635352420913
65598,48.5,-8.0,147.58422637905713
65599,48.5,-7.5,149.35699400120967
65600,48.5,-7.0,151.56347515051866
65601,48.5,-6.5,149.3026171633679
65602,48.5,-6.0,149.49773573966206
65603,48.5,-5.5,151.21179100141822
65604,48.5,-5.0,147.6149907107837
65605,48.5,-4.5,150.01540636076538
65606,48.5,-4.0,149.3969810724213
65607,48.5,-3.5,147.00218348161738
65608,48.5,-3.0,147.92167628039206
65609,48.5,-2.5,151.3521715838782
65610,48.5,-2.0,147.71638820274197
65611,48.5,-1.5,149.89380158364847
65612,48.5,-1.0,148.8803469361831
65613,48.5,-0.5,150.30394078215974
65614,48.5,0.0,149.78896378887035
65615,48.5,0.5,150.01108857342243
65616,48.5,1.0,148.54138210806988
65617,48.5,1.5,148.8337248890054
65618,48.5,2.0,149.31896864355636
65619,48.5,3.0,148.2293221125864
65620,48.5,3.5,148.84262916002388
65621,48.5,4.0,149.36403118046755
65622,48.5,4.5,152.42915422307468
65623,48.5,5.0,151.90107596630497
65624,48.5,5.5,153.6125443117888
65625,48.5,6.0,150.4339328980104
65626,48.5,6.5,151.4167818711842
65627,48.5,7.0,150.99619474648793
65628,48.5,7.5,158.1739596313273
65629,48.5,8.0,152.71465178480756
65630,48.5,8.5,153.1130845871179
65631,48.5,9.5,160.79266016029985
65632,48.5,10.0,160.29527727919032
65633,48.5,10.5,154.55025591888395
65634,48.5,11.5,152.53023214903612
65635,48.5,12.0,151.57199214178698
65636,48.5,12.5,153.61629720637214
65637,48.5,13.0,155.69789493586813
65638,48.5,13.5,147.95476468479916
65639,48.5,14.0,148.05673419216026
65640,48.5,14.5,144.74814898260493
65641,48.5,15.0,163.27117009813043
65642,48.5,17.0,158.74064001090954
65643,48.5,17.5,148.25908194109195
65644,48.5,18.0,145.9181756004345
65645,48.5,18.5,146.6563641996538
65646,48.5,19.0,156.39827820440507
65647,48.5,19.5,153.35860400424318
65648,48.5,20.0,149.28935508842443
65649,48.5,20.5,147.49705328317893
65650,48.5,21.0,154.26976075179158
65651,48.5,21.5,156.49321060164002
65652,48.5,22.0,156.34707472925055
65653,48.5,22.5,150.89993528237977
65654,48.5,23.0,152.0094100106218
65655,48.5,23.5,150.61525205193743
65656,48.5,24.0,150.67183185110935
65657,48.5,24.5,155.76329981998356
65658,48.5,25.0,150.08480479207586
65659,48.5,25.5,152.4595582109524
65660,48.5,26.0,152.7032258666908
65661,48.5,26.5,151.1852865529216
65662,48.5,27.0,155.82683802643243
65663,48.5,27.5,153.23895500477025
65664,48.5,28.0,154.89866151078928
65665,48.5,28.5,156.62423377360975
65666,48.5,29.0,153.57663946486306
65667,48.5,29.5,155.34806873918737
65668,48.5,30.0,159.73759560115747
65669,48.5,30.5,159.42787982029668
65670,48.5,31.0,154.8779982075212
65671,48.5,31.5,157.26665068662328
65672,48.5,32.0,152.53188087082978
65673,48.5,32.5,152.19969762041345
65674,48.5,33.0,149.8505064736876
65675,48.5,33.5,149.56658894762563
65676,48.5,34.5,159.00878635414935
65677,48.5,35.0,153.11885225932082
65678,48.5,35.5,149.67000297824876
65679,48.5,36.0,149.74400916913152
65680,48.5,36.5,146.86619036344075
65681,48.5,37.0,148.58555801821092
65682,49.0,-37.0,149.00060148874246
65683,49.0,-36.5,149.18800521078856
65684,49.0,-36.0,150.12208397743163
65685,49.0,-35.5,152.12491389163876
65686,49.0,-35.0,152.02029720086827
65687,49.0,-34.5,152.5902339575933
65688,49.0,-33.5,155.45238753091317
65689,49.0,-33.0,156.32066504059966
65690,49.0,-32.5,152.5058027185359
65691,49.0,-32.0,159.88457225933422
65692,49.0,-31.5,148.56809637717788
65693,49.0,-31.0,153.0917980772707
65694,49.0,-30.5,152.89004038008844
65695,49.0,-30.0,147.6265232450069
65696,49.0,-29.5,147.7544250103189
65697,49.0,-29.0,150.81753196649524
65698,49.0,-28.5,151.49865786923942
65699,49.0,-28.0,149.8366454384871
65700,49.0,-27.5,151.93148255504565
65701,49.0,-27.0,150.22384942488378
65702,49.0,-26.5,150.8592943486444
65703,49.0,-26.0,152.99325617868084
65704,49.0,-25.5,149.16317825844794
65705,49.0,-25.0,148.32301394976727
65706,49.0,-24.5,155.00066938319878
65707,49.0,-24.0,150.54164987912992
65708,49.0,-23.5,152.1003377658891
65709,49.0,-23.0,150.9579643524492
65710,49.0,-22.5,153.80684609494946
65711,49.0,-22.0,151.26059356498791
65712,49.0,-21.5,163.50637541004576
65713,49.0,-21.0,152.7877381823941
65714,49.0,-20.5,151.92408278124782
65715,49.0,-20.0,152.67326188894629
65716,49.0,-19.5,151.62347779711297
65717,49.0,-19.0,155.94666440037636
65718,49.0,-18.5,152.21548356937396
65719,49.0,-18.0,149.35763328214333
65720,49.0,-17.0,148.98121382620644
65721,49.0,-16.5,146.84011868071124
65722,49.0,-16.0,148.1556868349129
65723,49.0,-15.5,151.0481470285073
65724,49.0,-15.0,151.9753125479913
65725,49.0,-14.5,154.0169241485843
65726,49.0,-14.0,148.08409294382702
65727,49.0,-13.5,152.58293250464956
65728,49.0,-13.0,152.2216107474825
65729,49.0,-12.5,151.0235464246378
65730,49.0,-11.5,148.4561357682226
65731,49.0,-11.0,149.85470430371
65732,49.0,-10.5,150.39368347129738
65733,49.0,-10.0,151.02312024809572
65734,49.0,-9.5,151.27771807899626
65735,49.0,-9.0,150.01481610643486
65736,49.0,-8.5,147.24040890393871
65737,49.0,-8.0,147.84738400860167
65738,49.0,-7.5,150.28152701520014
65739,49.0,-6.5,149.6717543284692
65740,49.0,-6.0,148.43242849043875
65741,49.0,-5.5,148.75530479635032
65742,49.0,-5.0,147.69819964061304
65743,49.0,-4.5,146.72946082050927
65744,49.0,-4.0,151.17541509345904
65745,49.0,-3.5,149.33435780265427
65746,49.0,-3.0,146.72131438585592
65747,49.0,-2.5,148.95779324025114
65748,49.0,-2.0,151.03141081625262
65749,49.0,-1.5,149.33859960566153
65750,49.0,-1.0,150.7319570816728
65751,49.0,-0.5,148.80596380714732
65752,49.0,0.0,150.0897036428025
65753,49.0,0.5,149.7351953859221
65754,49.0,1.0,148.58631024058667
65755,49.0,1.5,148.84735569921008
65756,49.0,2.0,148.58440711960066
65757,49.0,3.0,149.88008258132652
65758,49.0,3.5,149.22935441246113
65759,49.0,4.0,149.39836899085282
65760,49.0,4.5,154.33502013720548
65761,49.0,5.0,149.32352072374275
65762,49.0,5.5,150.6488316323081
65763,49.0,6.0,151.7915549892048
65764,49.0,6.5,152.83909256312134
65765,49.0,7.0,152.15759620863872
65766,49.0,7.5,148.30578580026153
65767,49.0,8.0,152.04402255613556
65768,49.0,8.5,154.03862512374772
65769,49.0,9.0,149.81990702597696
65770,49.0,9.5,158.56033853442722
65771,49.0,10.0,157.89565371751218
65772,49.0,10.5,158.8921762508814
65773,49.0,11.5,152.7681770120598
65774,49.0,12.0,153.35379444434346
65775,49.0,12.5,155.1695870017134
65776,49.0,14.0,149.45586388212453
65777,49.0,14.5,150.72391677973877
65778,49.0,17.0,145.68093262566387
65779,49.0,17.5,162.48054943571174
65780,49.0,18.5,150.94885969357316
65781,49.0,19.0,155.8554307142238
65782,49.0,19.5,154.14045982996558
65783,49.0,20.0,150.21319282714026
65784,49.0,20.5,146.33820091205024
65785,49.0,21.0,147.78576871175602
65786,49.0,21.5,154.38789874208004
65787,49.0,22.0,154.6951340734826
65788,49.0,22.5,148.55034160000244
65789,49.0,23.0,152.3923991664251
65790,49.0,23.5,151.4094892929011
65791,49.0,24.0,153.52195154682087
65792,49.0,24.5,155.28711616366826
65793,49.0,25.0,155.27185505758024
65794,49.0,25.5,150.0425967365129
65795,49.0,26.0,151.96054688414677
65796,49.0,26.5,150.66183271278732
65797,49.0,27.0,149.6960984923173
65798,49.0,27.5,158.97715833571394
65799,49.0,28.0,154.76647761998234
65800,49.0,28.5,153.60714468928484
65801,49.0,29.0,153.8207019636188
65802,49.0,29.5,156.58194550579233
65803,49.0,30.0,155.93499680831817
65804,49.0,30.5,161.47427936889676
65805,49.0,31.0,153.16796568907955
65806,49.0,31.5,153.14277372306657
65807,49.0,32.0,148.89458456478388
65808,49.0,32.5,150.22388874150874
65809,49.0,33.0,152.4675527979741
65810,49.0,33.5,146.45615938380774
65811,49.0,34.0,146.570422225373
65812,49.0,34.5,151.4245337622094
65813,49.0,35.0,152.89007973977306
65814,49.0,35.5,151.21054690473608
65815,49.0,36.0,149.72258846851858
65816,49.0,36.5,145.97188948120404
65817,49.0,37.0,148.37818116922475
65818,49.5,-37.0,148.81111868103014
65819,49.5,-36.5,149.12558385853526
65820,49.5,-36.0,150.16003823781998
65821,49.5,-35.5,152.6228688299458
65822,49.5,-35.0,151.91849230590205
65823,49.5,-34.5,152.71227073390028
65824,49.5,-33.5,153.39819526966832
65825,49.5,-33.0,158.28554462840225
65826,49.5,-32.5,151.9566541855926
65827,49.5,-32.0,153.5693104097729
65828,49.5,-31.5,151.7468062085892
65829,49.5,-31.0,153.28238966357554
65830,49.5,-30.5,153.81057367373165
65831,49.5,-30.0,146.92182370400673
65832,49.5,-29.5,147.8652165546495
65833,49.5,-29.0,153.24974809503271
65834,49.5,-28.5,148.50685891034723
65835,49.5,-28.0,154.4387678944593
65836,49.5,-27.5,149.4488947783152
65837,49.5,-27.0,149.86888778793377
65838,49.5,-26.5,151.4868820549203
65839,49.5,-26.0,156.41118236812588
65840,49.5,-25.5,151.3403626215287
65841,49.5,-25.0,149.06942255035923
65842,49.5,-24.5,154.44715375962244
65843,49.5,-24.0,148.39922088733096
65844,49.5,-23.5,154.1023290203578
65845,49.5,-23.0,148.32924708817993
65846,49.5,-22.5,151.12876766557784
65847,49.5,-22.0,152.54978680861277
65848,49.5,-21.5,149.79384444977484
65849,49.5,-21.0,154.8082759129388
65850,49.5,-20.5,151.71821680448772
65851,49.5,-20.0,150.8617953076475
65852,49.5,-19.5,151.47841863140616
65853,49.5,-19.0,150.31887034784523
65854,49.5,-18.5,152.28776460380143
65855,49.5,-18.0,153.90072751282796
65856,49.5,-17.5,153.19701560275914
65857,49.5,-17.0,151.43034024728456
65858,49.5,-16.5,151.0176769499739
65859,49.5,-16.0,148.6115660469339
65860,49.5,-15.5,151.43978320463484
65861,49.5,-14.5,150.5996114299841
65862,49.5,-14.0,153.6387927554863
65863,49.5,-13.5,151.88411672331608
65864,49.5,-13.0,147.22220673629784
65865,49.5,-11.5,149.2777248065204
65866,49.5,-11.0,150.02769483670463
65867,49.5,-10.5,150.19421902084144
65868,49.5,-10.0,152.103241073995
65869,49.5,-9.5,151.46180302898344
65870,49.5,-8.5,147.9148166241682
65871,49.5,-8.0,150.31458037806158
65872,49.5,-7.0,149.89006423921873
65873,49.5,-6.5,148.55239221421178
65874,49.5,-6.0,147.86251568327202
65875,49.5,-5.5,148.26507460679707
65876,49.5,-5.0,152.1654810993424
65877,49.5,-4.0,147.42938280031305
65878,49.5,-3.5,151.7084693188534
65879,49.5,-3.0,148.53426278417072
65880,49.5,-2.5,147.9290496134436
65881,49.5,-2.0,150.4639954403225
65882,49.5,-1.5,151.0957631436628
65883,49.5,-1.0,149.80383694850698
65884,49.5,-0.5,150.53745797809307
65885,49.5,0.0,148.52669018534306
65886,49.5,1.0,148.50249897028755
65887,49.5,1.5,148.34164284641426
65888,49.5,2.0,148.6932581968132
65889,49.5,2.5,148.52256436108874
65890,49.5,3.0,149.77503223288974
65891,49.5,3.5,149.56573115458434
65892,49.5,4.0,151.6418028033834
65893,49.5,4.5,149.28856517087033
65894,49.5,5.0,150.00474834643134
65895,49.5,5.5,149.43234207704307
65896,49.5,6.0,151.50045126009113
65897,49.5,6.5,156.37617944441172
65898,49.5,7.0,152.71775491152542
65899,49.5,7.5,151.5730567805728
65900,49.5,8.0,149.71957876702413
65901,49.5,8.5,154.88490830934015
65902,49.5,9.0,155.8359676978222
65903,49.5,9.5,159.1853741314621
65904,49.5,10.0,153.05727344168594
65905,49.5,10.5,161.59046517150196
65906,49.5,11.0,151.79384697106212
65907,49.5,11.5,154.94642581867618
65908,49.5,12.0,155.4299427647351
65909,49.5,12.5,157.99733124065887
65910,49.5,13.0,155.21746149114048
65911,49.5,14.0,151.05124032911655
65912,49.5,14.5,150.4801591384867
65913,49.5,15.5,148.00375782197236
65914,49.5,16.5,146.1840238035588
65915,49.5,17.0,150.61390435183083
65916,49.5,17.5,160.43970878305228
65917,49.5,18.0,156.51149238818525
65918,49.5,18.5,152.82674726918597
65919,49.5,19.0,149.5391694160468
65920,49.5,19.5,160.80423403540382
65921,49.5,20.0,153.49010167387019
65922,49.5,20.5,146.2523652832198
65923,49.5,21.0,144.98057057589347
65924,49.5,21.5,153.466119706587
65925,49.5,22.0,157.32583310512152
65926,49.5,22.5,155.82590204008054
65927,49.5,23.0,152.75382584974636
65928,49.5,23.5,154.5380781019551
65929,49.5,24.0,152.49093995368608
65930,49.5,24.5,152.07387806467744
65931,49.5,25.0,156.7734057927396
65932,49.5,25.5,149.05119023484977
65933,49.5,26.0,150.84419217392866
65934,49.5,26.5,153.44822862476795
65935,49.5,27.0,151.7477960313136
65936,49.5,27.5,156.14361905636727
65937,49.5,28.0,156.37518886990452
65938,49.5,28.5,153.1610744974706
65939,49.5,29.0,154.87833839088728
65940,49.5,29.5,158.979814157194
65941,49.5,30.0,157.28411586246264
65942,49.5,30.5,158.78745116722797
65943,49.5,31.0,151.5660721217932
65944,49.5,31.5,149.6552536575124
65945,49.5,32.0,146.68951294108848
65946,49.5,32.5,146.75744703854804
65947,49.5,33.0,162.24103759236903
65948,49.5,33.5,145.0479485644155
65949,49.5,34.0,146.49445543541307
65950,49.5,34.5,149.95344224332104
65951,49.5,35.0,151.73382496934352
65952,49.5,35.5,152.22719325122299
65953,49.5,36.0,150.11629514263387
65954,49.5,36.5,145.84534726894242
65955,49.5,37.0,149.56112625508058
65956,50.0,-37.0,148.38253021844272
65957,50.0,-36.5,149.14052438507792
65958,50.0,-36.0,150.0619073468783
65959,50.0,-35.5,152.7327311994676
65960,50.0,-35.0,151.93438107025543
65961,50.0,-34.5,151.05575857044275
65962,50.0,-34.0,148.81912352312153
65963,50.0,-33.5,149.9626155684552
65964,50.0,-33.0,158.81014562561063
65965,50.0,-32.5,154.87419643916877
65966,50.0,-32.0,156.60618705624452
65967,50.0,-31.5,152.41247927797102
65968,50.0,-31.0,153.53849371270414
65969,50.0,-30.5,151.58744187600672
65970,50.0,-30.0,147.6938541409659
65971,50.0,-29.5,147.76405745999944
65972,50.0,-29.0,149.8731092329844
65973,50.0,-28.5,149.01867002447418
65974,50.0,-28.0,154.91379512542133
65975,50.0,-27.5,148.63563271944238
65976,50.0,-27.0,150.3609841484888
65977,50.0,-26.5,152.19235268545484
65978,50.0,-26.0,159.8174890381718
65979,50.0,-25.5,151.12067257040442
65980,50.0,-25.0,149.858033425208
65981,50.0,-24.5,147.94148279568225
65982,50.0,-24.0,148.61616819746556
65983,50.0,-23.5,151.43097159699178
65984,50.0,-23.0,151.8986786829644
65985,50.0,-22.5,154.16841979912653
65986,50.0,-22.0,151.12537610801564
65987,50.0,-21.5,150.46939950366558
65988,50.0,-21.0,150.6402416583097
65989,50.0,-20.5,151.36171189652927
65990,50.0,-20.0,151.00317879530238
65991,50.0,-19.5,151.2435476163227
65992,50.0,-19.0,150.7042824032053
65993,50.0,-18.5,151.4408084702802
65994,50.0,-18.0,151.14756116871757
65995,50.0,-17.5,150.60060946644202
65996,50.0,-17.0,150.402087699427
65997,50.0,-16.5,150.96457899408944
65998,50.0,-16.0,154.221959319213
65999,50.0,-15.5,149.4681581160123
66000,50.0,-15.0,156.89829067129142
66001,50.0,-14.5,150.41035439501857
66002,50.0,-14.0,153.849922051531
66003,50.0,-13.5,149.84963502560382
66004,50.0,-13.0,153.2699341706797
66005,50.0,-12.0,148.76382480128285
66006,50.0,-11.5,150.0971355761037
66007,50.0,-11.0,149.8375283385141
66008,50.0,-10.5,151.08949353474185
66009,50.0,-10.0,152.37230092426176
66010,50.0,-9.5,152.50010860455023
66011,50.0,-9.0,147.4051007644851
66012,50.0,-8.5,150.04687248506116
66013,50.0,-8.0,151.67252891294564
66014,50.0,-7.5,151.88502052801135
66015,50.0,-7.0,148.7073752959149
66016,50.0,-6.0,147.58378815600398
66017,50.0,-5.5,147.9083377917668
66018,50.0,-5.0,149.40369803524544
66019,50.0,-4.5,153.07118693745699
66020,50.0,-4.0,147.63741223136648
66021,50.0,-3.5,148.1344677876904
66022,50.0,-3.0,150.59969221745635
66023,50.0,-2.5,148.9729109251444
66024,50.0,-2.0,149.9779998394604
66025,50.0,-1.5,150.74381791162386
66026,50.0,-1.0,149.8661555374117
66027,50.0,-0.5,149.45171903683814
66028,50.0,0.0,146.63593541117334
66029,50.0,0.5,146.45926339958217
66030,50.0,1.5,148.4210085511105
66031,50.0,2.0,148.33882875532325
66032,50.0,2.5,149.1225464336318
66033,50.0,3.0,149.31471647815573
66034,50.0,3.5,153.70357853654738
66035,50.0,4.0,153.85620271963867
66036,50.0,4.5,148.83891242241455
66037,50.0,5.0,150.04621757983642
66038,50.0,5.5,150.20006869279854
66039,50.0,6.0,154.4648700310883
66040,50.0,6.5,153.66475377793438
66041,50.0,7.5,152.1485715290582
66042,50.0,8.0,150.2397755070492
66043,50.0,8.5,155.78299162204365
66044,50.0,9.0,155.91990640374786
66045,50.0,9.5,155.62681345272085
66046,50.0,10.0,153.43936456505162
66047,50.0,10.5,156.94108018139391
66048,50.0,11.0,149.88677113114318
66049,50.0,11.5,153.93451414871748
66050,50.0,12.5,157.72125018017869
66051,50.0,13.5,150.25584137766373
66052,50.0,14.0,150.6720391469557
66053,50.0,14.5,151.8320563687625
66054,50.0,15.0,148.46019159595562
66055,50.0,15.5,146.97371235741258
66056,50.0,16.0,147.32810965546523
66057,50.0,16.5,149.7545912490269
66058,50.0,17.5,156.44576301400517
66059,50.0,18.0,158.45244427407863
66060,50.0,19.0,144.8523500949867
66061,50.0,19.5,153.31469510209445
66062,50.0,20.0,156.34319469559387
66063,50.0,20.5,149.89900611762323
66064,50.0,21.0,146.14236490446865
66065,50.0,21.5,145.634734128725
66066,50.0,22.0,148.78120644039396
66067,50.0,22.5,150.62778373037364
66068,50.0,23.0,150.19384888198718
66069,50.0,23.5,154.7911927835784
66070,50.0,24.0,151.18552054324624
66071,50.0,24.5,151.2479819341905
66072,50.0,25.0,155.54485010978024
66073,50.0,25.5,155.54591118321926
66074,50.0,26.0,152.08650868270442
66075,50.0,26.5,154.55179525198037
66076,50.0,27.0,163.87425004494855
66077,50.0,27.5,155.56166279640613
66078,50.0,28.0,157.66373646435187
66079,50.0,28.5,153.08193989818807
66080,50.0,29.0,152.44229562148266
66081,50.0,29.5,156.58345892496183
66082,50.0,30.0,157.23465770941883
66083,50.0,30.5,149.59260215867377
66084,50.0,31.0,153.7206973625344
66085,50.0,31.5,147.74019176374608
66086,50.0,32.0,146.2665744699036
66087,50.0,32.5,145.95335619195487
66088,50.0,33.0,158.39690244299175
66089,50.0,33.5,145.01747438920464
66090,50.0,34.0,146.3314112778253
66091,50.0,34.5,148.239065487437
66092,50.0,35.0,154.44591924440357
66093,50.0,35.5,152.35993322370228
66094,50.0,36.0,150.87859172576074
66095,50.0,36.5,147.39857500073254
66096,50.0,37.0,149.39134103833538
66097,50.5,-37.0,148.08574611646847
66098,50.5,-36.5,149.08503222563553
66099,50.5,-36.0,150.72064143088932
66100,50.5,-35.5,151.11576438686382
66101,50.5,-35.0,149.09447139200944
66102,50.5,-34.5,151.35202074619062
66103,50.5,-34.0,147.92924283134477
66104,50.5,-33.5,149.11884060641952
66105,50.5,-33.0,156.00478435035797
66106,50.5,-32.5,155.1767729932255
66107,50.5,-32.0,157.6788174944085
66108,50.5,-31.5,152.67381302918713
66109,50.5,-31.0,151.97340849577844
66110,50.5,-30.5,149.30260586069144
66111,50.5,-30.0,153.59211497653726
66112,50.5,-29.5,147.63766046711768
66113,50.5,-29.0,148.23684226584527
66114,50.5,-28.5,152.08390711133103
66115,50.5,-28.0,151.5041059915655
66116,50.5,-27.5,148.8223736648197
66117,50.5,-27.0,151.17192667556108
66118,50.5,-26.5,156.4905042124395
66119,50.5,-26.0,157.8836582728839
66120,50.5,-25.5,151.62859239744685
66121,50.5,-25.0,149.720523464625
66122,50.5,-24.5,147.23669223800883
66123,50.5,-24.0,148.93772976741525
66124,50.5,-23.5,150.77235730471395
66125,50.5,-23.0,153.16608710215874
66126,50.5,-22.5,152.23871541140517
66127,50.5,-22.0,149.23282153694893
66128,50.5,-21.5,150.2167974888505
66129,50.5,-21.0,149.64558546955809
66130,50.5,-20.5,151.13296218792954
66131,50.5,-20.0,150.7859499939783
66132,50.5,-19.5,151.3097440819535
66133,50.5,-19.0,151.10656241945463
66134,50.5,-18.5,149.27295604672864
66135,50.5,-18.0,149.7258267798612
66136,50.5,-17.5,151.5748895639828
66137,50.5,-17.0,149.8548908728832
66138,50.5,-16.5,153.63627624348118
66139,50.5,-16.0,150.8296050469864
66140,50.5,-15.5,152.20760582899928
66141,50.5,-15.0,151.55351297163196
66142,50.5,-14.5,150.97827768734575
66143,50.5,-14.0,149.15693538979127
66144,50.5,-13.5,148.89672685938606
66145,50.5,-13.0,155.67378007364968
66146,50.5,-12.5,154.96899490001883
66147,50.5,-12.0,148.91862842420758
66148,50.5,-11.5,149.2797878269092
66149,50.5,-11.0,150.4289310233947
66150,50.5,-10.5,152.79262148952282
66151,50.5,-10.0,151.66144596126654
66152,50.5,-9.5,148.30020771828458
66153,50.5,-9.0,148.85999531390587
66154,50.5,-8.5,150.55075527810476
66155,50.5,-8.0,152.16079479836873
66156,50.5,-7.5,149.25709309199837
66157,50.5,-7.0,147.27354834395678
66158,50.5,-6.5,147.51281408169137
66159,50.5,-6.0,147.43544132742633
66160,50.5,-5.0,147.6661640293902
66161,50.5,-4.5,148.64382906130282
66162,50.5,-4.0,159.8726724978267
66163,50.5,-3.5,147.6079054961055
66164,50.5,-3.0,149.5804917950902
66165,50.5,-2.5,150.37971644610175
66166,50.5,-2.0,149.1025951822006
66167,50.5,-1.5,151.29514682567967
66168,50.5,-1.0,150.80481170710092
66169,50.5,-0.5,147.53590798252822
66170,50.5,0.0,148.78488479250768
66171,50.5,0.5,146.45544864393446
66172,50.5,1.0,146.50314508949177
66173,50.5,2.0,149.06470053747057
66174,50.5,2.5,150.31282192491946
66175,50.5,3.0,148.93561451486684
66176,50.5,3.5,153.10032042545518
66177,50.5,4.5,152.8391923467492
66178,50.5,5.0,149.629809960257
66179,50.5,5.5,153.42391151293893
66180,50.5,6.0,159.85843304800605
66181,50.5,6.5,152.54918183083046
66182,50.5,7.0,152.5926272182823
66183,50.5,8.0,151.89504817927715
66184,50.5,8.5,149.63673619938956
66185,50.5,9.0,153.59983038604182
66186,50.5,9.5,154.59078580702425
66187,50.5,10.0,154.0940401164644
66188,50.5,10.5,153.47138246585152
66189,50.5,11.0,151.87948463946964
66190,50.5,11.5,154.71860518220277
66191,50.5,13.5,150.12422627669326
66192,50.5,15.0,149.93514170306617
66193,50.5,15.5,145.6816189110432
66194,50.5,16.0,147.09270785125108
66195,50.5,17.0,167.03477375797044
66196,50.5,17.5,154.25707600748493
66197,50.5,18.0,158.9184211038948
66198,50.5,18.5,159.31512550228018
66199,50.5,19.5,146.48993665216406
66200,50.5,20.0,158.80903294264334
66201,50.5,20.5,150.78269215750305
66202,50.5,21.0,148.1792986339044
66203,50.5,21.5,146.61786949385998
66204,50.5,22.0,147.3179765312874
66205,50.5,22.5,148.6408968404961
66206,50.5,23.0,149.62901086035927
66207,50.5,23.5,151.2191705884193
66208,50.5,24.0,150.34199212973797
66209,50.5,24.5,152.09822241482036
66210,50.5,25.0,160.5683774955543
66211,50.5,25.5,155.61861521968828
66212,50.5,26.0,159.8204218176363
66213,50.5,26.5,152.38951829023813
66214,50.5,27.0,159.4692030996941
66215,50.5,27.5,153.23341079590568
66216,50.5,28.0,156.57057032603012
66217,50.5,28.5,155.01245929223592
66218,50.5,29.0,152.8081955779856
66219,50.5,29.5,157.10649827539206
66220,50.5,30.0,158.8441101157197
66221,50.5,30.5,146.4477136445089
66222,50.5,31.0,149.91469564702754
66223,50.5,31.5,147.2552348343615
66224,50.5,32.0,149.56240623504905
66225,50.5,32.5,145.96215470629735
66226,50.5,33.0,153.4943832167266
66227,50.5,33.5,148.99613724674208
66228,50.5,34.0,146.22141596542423
66229,50.5,34.5,149.13394741018962
66230,50.5,35.0,153.78239188563305
66231,50.5,35.5,156.91649893388396
66232,50.5,36.0,148.45180978126254
66233,50.5,36.5,148.7697390225976
66234,50.5,37.0,152.52731062346078
66235,51.0,-37.0,148.08365313326476
66236,51.0,-36.5,149.06619936056782
66237,51.0,-36.0,151.0875065934537
66238,51.0,-35.5,150.1116638841405
66239,51.0,-35.0,149.06860388690964
66240,51.0,-34.5,151.31724674371551
66241,51.0,-34.0,148.08994600476333
66242,51.0,-33.5,148.24296555777843
66243,51.0,-33.0,158.00223455454878
66244,51.0,-32.5,155.50271025020683
66245,51.0,-32.0,156.20117417904876
66246,51.0,-31.5,152.23637449324104
66247,51.0,-31.0,153.3360435339459
66248,51.0,-30.5,150.03441612487762
66249,51.0,-30.0,153.93324707944848
66250,51.0,-29.5,147.87657070133352
66251,51.0,-29.0,148.3512467260926
66252,51.0,-28.5,152.08936959645956
66253,51.0,-28.0,148.35363066189757
66254,51.0,-27.5,149.2968974803251
66255,51.0,-27.0,153.9135101554719
66256,51.0,-26.5,160.7864036132494
66257,51.0,-26.0,150.8785130011291
66258,51.0,-25.5,155.57570735448917
66259,51.0,-25.0,150.5266925621629
66260,51.0,-24.5,147.27980756142156
66261,51.0,-24.0,149.26092523668947
66262,51.0,-23.5,149.81495179596632
66263,51.0,-23.0,152.1130135865653
66264,51.0,-22.5,151.33289285875497
66265,51.0,-22.0,150.1683364889694
66266,51.0,-21.5,149.1652853371202
66267,51.0,-21.0,149.92561726619357
66268,51.0,-20.5,152.33037490366428
66269,51.0,-20.0,149.45898197686807
66270,51.0,-19.5,150.99234315553065
66271,51.0,-19.0,151.3769249193299
66272,51.0,-18.5,149.49848863247774
66273,51.0,-18.0,148.8022331148148
66274,51.0,-17.5,150.23173496731016
66275,51.0,-17.0,151.61552662409565
66276,51.0,-16.5,154.13453253478386
66277,51.0,-16.0,149.99274895192275
66278,51.0,-15.5,149.94565565227828
66279,51.0,-15.0,150.5404163322266
66280,51.0,-14.5,150.7376230073146
66281,51.0,-14.0,148.57630338822474
66282,51.0,-12.5,152.11667016385576
66283,51.0,-12.0,151.4227608420938
66284,51.0,-11.5,149.49138433251298
66285,51.0,-11.0,153.51219882248722
66286,51.0,-10.5,150.9703526429571
66287,51.0,-10.0,151.8115976846089
66288,51.0,-9.5,150.18409116102117
66289,51.0,-9.0,150.60321331555443
66290,51.0,-8.0,147.68809988022628
66291,51.0,-7.5,150.23959278671245
66292,51.0,-7.0,147.45300932730254
66293,51.0,-6.5,147.5300757403606
66294,51.0,-5.0,147.4816444300637
66295,51.0,-4.5,147.71370677972558
66296,51.0,-4.0,151.82190222613266
66297,51.0,-3.5,159.68841043882847
66298,51.0,-3.0,149.04268906145847
66299,51.0,-2.5,149.8174225201757
66300,51.0,-2.0,150.62822733978365
66301,51.0,-1.5,150.00969042777086
66302,51.0,-1.0,151.08837314183313
66303,51.0,-0.5,150.1053461212461
66304,51.0,0.0,147.78709383158775
66305,51.0,0.5,148.9474211425045
66306,51.0,1.0,146.55451358072472
66307,51.0,1.5,150.28699741304686
66308,51.0,2.0,150.43844049570998
66309,51.0,2.5,148.88121680484736
66310,51.0,3.0,152.4844285858923
66311,51.0,3.5,149.02915315986664
66312,51.0,4.0,154.74089237449354
66313,51.0,4.5,153.42919737322137
66314,51.0,5.0,152.74329363938025
66315,51.0,5.5,154.8614629666946
66316,51.0,7.0,152.5373172410452
66317,51.0,8.0,152.11770604779787
66318,51.0,8.5,150.37645061492648
66319,51.0,9.0,149.48109703256463
66320,51.0,9.5,151.8327257040282
66321,51.0,10.0,150.8721071284944
66322,51.0,10.5,154.87632186672596
66323,51.0,11.0,155.21702092579528
66324,51.0,11.5,154.50498116210366
66325,51.0,12.0,156.0213669601662
66326,51.0,13.0,150.48119502541377
66327,51.0,15.0,153.44334475999148
66328,51.0,15.5,143.80385938839308
66329,51.0,16.0,143.35599519109027
66330,51.0,17.0,157.28411371107774
66331,51.0,17.5,157.68918949269866
66332,51.0,18.0,159.07637442964338
66333,51.0,18.5,157.0234087243166
66334,51.0,19.0,152.17960860211377
66335,51.0,19.5,143.98388752975552
66336,51.0,20.0,153.17288253156985
66337,51.0,20.5,150.06174982443684
66338,51.0,21.0,151.44581390821625
66339,51.0,21.5,146.80247853278934
66340,51.0,22.0,145.99465093138318
66341,51.0,22.5,151.0758709423696
66342,51.0,23.0,150.6413487129884
66343,51.0,23.5,152.38766954991476
66344,51.0,24.0,151.24354493592318
66345,51.0,24.5,152.25331972127432
66346,51.0,25.0,153.18337034936803
66347,51.0,25.5,152.50762228933777
66348,51.0,26.0,158.24939449587168
66349,51.0,26.5,153.72123628835536
66350,51.0,27.0,155.6123494315037
66351,51.0,27.5,156.45920073020278
66352,51.0,28.0,156.89611849308
66353,51.0,28.5,157.33187905740135
66354,51.0,29.0,154.7969859710383
66355,51.0,29.5,153.43243783408408
66356,51.0,30.0,158.93575994465854
66357,51.0,30.5,144.31105102183963
66358,51.0,31.0,152.151444451731
66359,51.0,31.5,145.54831366279083
66360,51.0,32.0,149.26579119725315
66361,51.0,32.5,147.1681726013329
66362,51.0,33.0,154.85321947233106
66363,51.0,33.5,146.71720272118134
66364,51.0,34.0,146.3911485836502
66365,51.0,34.5,149.64680963001643
66366,51.0,35.0,154.14354492836824
66367,51.0,35.5,159.09700517175023
66368,51.0,36.0,147.75762975037713
66369,51.0,36.5,148.63750162205025
66370,51.0,37.0,152.9646169164674
66371,51.5,-37.0,147.03019190577714
66372,51.5,-36.5,149.17711180041437
66373,51.5,-36.0,151.94864281115798
66374,51.5,-35.5,149.98784085599155
66375,51.5,-35.0,148.94749859155266
66376,51.5,-34.5,150.8400639630826
66377,51.5,-34.0,148.33719165525295
66378,51.5,-33.5,149.53455767414462
66379,51.5,-33.0,156.50828846230397
66380,51.5,-32.5,156.96940631385533
66381,51.5,-32.0,155.95103241191404
66382,51.5,-31.5,152.83070306151447
66383,51.5,-31.0,152.13449527406314
66384,51.5,-30.5,149.44983719280825
66385,51.5,-30.0,153.32580750291734
66386,51.5,-29.5,149.4046241740746
66387,51.5,-29.0,150.7217997791229
66388,51.5,-28.5,154.26431945044774
66389,51.5,-28.0,148.73572877347775
66390,51.5,-27.5,150.81662309434105
66391,51.5,-27.0,153.25655750550678
66392,51.5,-26.5,160.65103704277914
66393,51.5,-26.0,149.48788767037541
66394,51.5,-25.5,159.53286893677003
66395,51.5,-25.0,147.85010520304135
66396,51.5,-24.5,151.9265523199753
66397,51.5,-24.0,148.75104635740993
66398,51.5,-23.5,152.16046858962795
66399,51.5,-23.0,150.2282353028778
66400,51.5,-22.5,151.27445747027247
66401,51.5,-22.0,150.7770983935615
66402,51.5,-21.5,149.35245449220326
66403,51.5,-21.0,148.934717343384
66404,51.5,-20.5,150.3061601610655
66405,51.5,-20.0,151.69930457726022
66406,51.5,-19.5,150.57236046915466
66407,51.5,-19.0,151.55382180456837
66408,51.5,-18.5,150.83755895397476
66409,51.5,-18.0,148.8905045197938
66410,51.5,-17.5,148.79138524709452
66411,51.5,-17.0,154.13229068188065
66412,51.5,-16.5,150.38170950010212
66413,51.5,-16.0,149.36442353261015
66414,51.5,-15.5,149.91274206726365
66415,51.5,-15.0,150.53758423045582
66416,51.5,-14.5,149.71003548776054
66417,51.5,-14.0,148.85309935644318
66418,51.5,-13.0,149.3975916479788
66419,51.5,-12.5,149.26362256633612
66420,51.5,-12.0,153.29683408852767
66421,51.5,-11.5,152.34232621158856
66422,51.5,-11.0,154.66433966382786
66423,51.5,-10.0,148.7449074669367
66424,51.5,-9.5,150.45484143360193
66425,51.5,-9.0,152.07646223630522
66426,51.5,-8.5,148.05363662329682
66427,51.5,-8.0,147.7810631053703
66428,51.5,-7.5,150.85322211646255
66429,51.5,-7.0,148.66972000205033
66430,51.5,-5.5,147.5560625851404
66431,51.5,-5.0,147.54374312374233
66432,51.5,-4.5,147.4707208833515
66433,51.5,-4.0,148.17880780848188
66434,51.5,-3.5,151.9433665085065
66435,51.5,-2.5,149.14725336117718
66436,51.5,-2.0,151.04448963842077
66437,51.5,-1.5,149.17096664243306
66438,51.5,-0.5,150.97156596591844
66439,51.5,0.0,149.83514579091
66440,51.5,0.5,150.95692544161338
66441,51.5,1.0,149.67583476277264
66442,51.5,1.5,149.02662249538628
66443,51.5,2.0,150.7517981232248
66444,51.5,2.5,150.84859936870484
66445,51.5,3.0,149.34061543307067
66446,51.5,3.5,150.32206021593453
66447,51.5,4.0,150.89752261535997
66448,51.5,4.5,152.4017663651569
66449,51.5,5.0,158.03484379240302
66450,51.5,5.5,149.68217501424476
66451,51.5,6.0,149.75935409493212
66452,51.5,7.0,152.415821641969
66453,51.5,7.5,152.4835247831445
66454,51.5,8.0,149.17614022829193
66455,51.5,8.5,151.26594121390784
66456,51.5,9.0,149.31335012507824
66457,51.5,9.5,149.9498208171605
66458,51.5,10.0,150.8866408292551
66459,51.5,10.5,149.51696452868103
66460,51.5,11.0,149.8208549683298
66461,51.5,11.5,152.82268872021262
66462,51.5,12.0,154.47431257247646
66463,51.5,12.5,151.0044837330335
66464,51.5,13.0,148.87280275896626
66465,51.5,15.0,149.68212813435008
66466,51.5,15.5,145.7782397972806
66467,51.5,16.0,143.82143738886163
66468,51.5,16.5,150.024077563225
66469,51.5,17.0,156.53360350370062
66470,51.5,17.5,166.95985317834487
66471,51.5,18.0,159.4924451838211
66472,51.5,18.5,157.90286045061802
66473,51.5,19.0,154.8108066140536
66474,51.5,19.5,150.62142396470287
66475,51.5,20.0,147.46065308075842
66476,51.5,20.5,152.33195564163975
66477,51.5,21.0,152.54388780461738
66478,51.5,21.5,149.16212400057924
66479,51.5,22.0,147.01121429314477
66480,51.5,22.5,149.02712661830247
66481,51.5,23.0,154.75218397831654
66482,51.5,23.5,151.5801708871972
66483,51.5,24.0,154.15594226992624
66484,51.5,24.5,156.5770454443148
66485,51.5,25.0,155.0941107089812
66486,51.5,25.5,157.93477510944237
66487,51.5,26.0,158.27583547156925
66488,51.5,26.5,155.18010908233597
66489,51.5,27.0,155.3348725687083
66490,51.5,27.5,162.0879123981877
66491,51.5,28.0,158.65728750787153
66492,51.5,28.5,152.9372526561832
66493,51.5,29.0,153.29521472161838
66494,51.5,29.5,152.2798144256821
66495,51.5,30.0,157.39408609797576
66496,51.5,30.5,149.93805331448198
66497,51.5,31.0,144.7967288702347
66498,51.5,31.5,149.09748722152017
66499,51.5,32.0,148.90692855908122
66500,51.5,32.5,150.50620688782465
66501,51.5,33.0,154.31921259156329
66502,51.5,33.5,144.4278118625705
66503,51.5,34.0,145.16308347572982
66504,51.5,34.5,156.04695093052214
66505,51.5,35.0,152.6413655545029
66506,51.5,35.5,155.71646748002323
66507,51.5,36.0,149.2742255394052
66508,51.5,36.5,152.9884609076958
66509,51.5,37.0,154.6153000734024
66510,52.0,-37.0,147.07046688730338
66511,52.0,-36.5,149.25856354827204
66512,52.0,-36.0,152.079455809541
66513,52.0,-35.5,149.4672783605
66514,52.0,-35.0,149.22962471731037
66515,52.0,-34.5,150.92611183264995
66516,52.0,-34.0,148.0366691355279
66517,52.0,-33.5,149.92722851903193
66518,52.0,-33.0,158.27195121845517
66519,52.0,-32.5,156.71549789619124
66520,52.0,-32.0,155.6715854768849
66521,52.0,-31.5,153.80367466306413
66522,52.0,-31.0,149.59631455171723
66523,52.0,-30.5,152.82907201366334
66524,52.0,-30.0,156.1375192240368
66525,52.0,-29.5,150.0864758454717
66526,52.0,-29.0,151.93630095657198
66527,52.0,-28.5,151.82024241767377
66528,52.0,-28.0,148.94348660089352
66529,52.0,-27.5,151.0042583849553
66530,52.0,-27.0,157.62478714420234
66531,52.0,-26.5,166.61833402011314
66532,52.0,-26.0,152.5328808977905
66533,52.0,-25.5,151.58495549867064
66534,52.0,-25.0,149.18179489708916
66535,52.0,-24.5,151.72973880025083
66536,52.0,-24.0,150.94439725031205
66537,52.0,-23.5,151.67970573282992
66538,52.0,-23.0,150.28692101602027
66539,52.0,-22.5,150.95966156285232
66540,52.0,-22.0,152.5970052877246
66541,52.0,-21.5,149.45003986610575
66542,52.0,-21.0,148.27550276467025
66543,52.0,-20.5,149.61345762937273
66544,52.0,-20.0,151.51248081978682
66545,52.0,-19.5,150.84902833176452
66546,52.0,-19.0,151.2593544520983
66547,52.0,-18.5,151.28813387202356
66548,52.0,-18.0,148.7532780481446
66549,52.0,-17.5,151.92012969584394
66550,52.0,-17.0,153.01910753347846
66551,52.0,-16.5,152.43031258253927
66552,52.0,-16.0,149.83415529876328
66553,52.0,-15.5,150.09187725385044
66554,52.0,-15.0,149.52257650646513
66555,52.0,-14.5,149.96539620775724
66556,52.0,-14.0,152.01712904059576
66557,52.0,-13.5,148.71436212823627
66558,52.0,-13.0,149.02518461690593
66559,52.0,-12.5,149.40403191513866
66560,52.0,-12.0,150.8100252184294
66561,52.0,-11.5,157.01856335576758
66562,52.0,-10.5,149.6237933869641
66563,52.0,-10.0,149.24408192137994
66564,52.0,-9.5,150.52902244797514
66565,52.0,-9.0,151.99851850846306
66566,52.0,-8.5,147.8886520414527
66567,52.0,-7.5,147.53670896087627
66568,52.0,-7.0,147.48833307107435
66569,52.0,-6.5,152.39185185961398
66570,52.0,-6.0,147.59760872435783
66571,52.0,-5.5,147.63581312593948
66572,52.0,-5.0,147.64645911411452
66573,52.0,-4.5,147.7034732599282
66574,52.0,-4.0,149.32578352557206
66575,52.0,-3.5,148.72220970717547
66576,52.0,-3.0,150.21032812314922
66577,52.0,-2.5,151.68209307597607
66578,52.0,-2.0,149.3068852409948
66579,52.0,-1.5,151.07986323310962
66580,52.0,-1.0,146.7045950949808
66581,52.0,0.0,152.22045430824437
66582,52.0,0.5,146.63623208992485
66583,52.0,1.0,149.21724316059064
66584,52.0,1.5,149.62415544133927
66585,52.0,2.0,149.52233549836168
66586,52.0,2.5,152.50424029364106
66587,52.0,3.0,148.34873991633611
66588,52.0,3.5,152.4224179543821
66589,52.0,4.0,149.35901630375454
66590,52.0,4.5,152.4571119019418
66591,52.0,5.0,161.34417323667546
66592,52.0,6.0,149.99539039450687
66593,52.0,6.5,150.1661115811559
66594,52.0,7.5,152.46706312844765
66595,52.0,8.0,149.18692087187944
66596,52.0,8.5,152.55049467254244
66597,52.0,9.0,151.44507931657148
66598,52.0,9.5,148.98724173273777
66599,52.0,10.0,150.4298169972703
66600,52.0,10.5,151.68481897198788
66601,52.0,11.0,148.69400386459105
66602,52.0,11.5,151.95960955424042
66603,52.0,12.0,153.23670051959104
66604,52.0,12.5,151.69912684495972
66605,52.0,15.0,152.86908023933762
66606,52.0,16.0,150.05334585039125
66607,52.0,16.5,147.3583729659625
66608,52.0,17.0,160.65098605536676
66609,52.0,17.5,161.4718359790218
66610,52.0,18.0,160.8188279338954
66611,52.0,18.5,158.32012571691627
66612,52.0,19.0,149.42761419450682
66613,52.0,19.5,150.15233534173237
66614,52.0,20.0,148.41193780642809
66615,52.0,20.5,149.0008461668285
66616,52.0,21.0,147.19581470552774
66617,52.0,21.5,150.41572804882446
66618,52.0,22.0,149.46340664686173
66619,52.0,22.5,144.8271139725145
66620,52.0,23.0,154.71542393454672
66621,52.0,23.5,155.71743585166612
66622,52.0,24.0,158.04383893087513
66623,52.0,24.5,153.4366425976122
66624,52.0,25.0,159.82440336726933
66625,52.0,25.5,158.04010212369587
66626,52.0,26.0,158.8172363767761
66627,52.0,26.5,158.56829390735257
66628,52.0,27.0,157.10822530005635
66629,52.0,27.5,161.10189914008168
66630,52.0,28.0,157.17288243065155
66631,52.0,28.5,153.3114277284933
66632,52.0,29.0,153.4763990286341
66633,52.0,29.5,151.9456817617198
66634,52.0,30.0,157.57620051071638
66635,52.0,30.5,151.2678410008874
66636,52.0,31.0,145.20908924873365
66637,52.0,31.5,150.139462440843
66638,52.0,32.0,152.8454370188266
66639,52.0,32.5,151.43666332960123
66640,52.0,33.0,149.80077313805901
66641,52.0,33.5,146.24759116832075
66642,52.0,34.5,156.97937359602918
66643,52.0,35.0,150.6700151651106
66644,52.0,35.5,147.31444186351501
66645,52.0,36.0,149.16509540343841
66646,52.0,36.5,152.0436781976216
66647,52.0,37.0,156.35811166601192
66648,52.5,-37.0,146.90016374717032
66649,52.5,-36.5,149.52445224161113
66650,52.5,-36.0,152.9966414233519
66651,52.5,-35.5,148.4319732142984
66652,52.5,-35.0,148.99113224253495
66653,52.5,-34.5,150.93282830894555
66654,52.5,-34.0,147.94257306664846
66655,52.5,-33.5,150.0044302251753
66656,52.5,-33.0,159.88250365626055
66657,52.5,-32.5,157.20997295307816
66658,52.5,-32.0,156.02651693786245
66659,52.5,-31.5,153.35138533217702
66660,52.5,-31.0,149.77756051083688
66661,52.5,-30.5,152.91365465976168
66662,52.5,-30.0,154.4464614732279
66663,52.5,-29.5,150.36900079149086
66664,52.5,-29.0,152.29992862480427
66665,52.5,-28.5,149.17952362711742
66666,52.5,-28.0,150.13092457802196
66667,52.5,-27.5,151.7107807473499
66668,52.5,-27.0,154.8866519905642
66669,52.5,-26.5,159.4686894522348
66670,52.5,-26.0,166.46820332658325
66671,52.5,-25.5,145.96765613956708
66672,52.5,-25.0,150.69100862028134
66673,52.5,-24.5,148.29564713060824
66674,52.5,-24.0,151.1298711514214
66675,52.5,-23.5,150.58414173288057
66676,52.5,-23.0,150.6373725213526
66677,52.5,-22.5,150.41919192239325
66678,52.5,-22.0,150.9829912506786
66679,52.5,-21.5,152.544186000913
66680,52.5,-21.0,148.98180489629883
66681,52.5,-20.5,148.43601233605924
66682,52.5,-20.0,151.346416225771
66683,52.5,-19.0,151.01713760444466
66684,52.5,-18.5,151.01102327119793
66685,52.5,-18.0,150.15968585493263
66686,52.5,-17.5,151.55515571737678
66687,52.5,-17.0,149.2013005683554
66688,52.5,-16.5,151.29858318502838
66689,52.5,-16.0,150.1150581409008
66690,52.5,-15.5,149.72375276163743
66691,52.5,-15.0,149.68191013123058
66692,52.5,-14.5,150.91506854456634
66693,52.5,-14.0,151.63337380103235
66694,52.5,-13.5,148.72217930104983
66695,52.5,-13.0,149.56575492464196
66696,52.5,-12.5,149.6556731252526
66697,52.5,-12.0,155.97502951213264
66698,52.5,-11.5,158.21513743758322
66699,52.5,-11.0,158.86291548698642
66700,52.5,-10.5,148.76755982531702
66701,52.5,-10.0,151.1541618420388
66702,52.5,-9.5,150.5906878775135
66703,52.5,-9.0,149.67078238732927
66704,52.5,-8.5,150.1346233039464
66705,52.5,-8.0,153.37682298622119
66706,52.5,-7.5,150.38078971698525
66707,52.5,-6.5,151.8934067137147
66708,52.5,-6.0,147.55970594466086
66709,52.5,-5.0,147.74487288597405
66710,52.5,-4.5,150.7775031470432
66711,52.5,-4.0,150.30633554571153
66712,52.5,-3.5,148.17968325657702
66713,52.5,-3.0,149.87401186881186
66714,52.5,-2.5,151.34194980685106
66715,52.5,-2.0,147.06480112997906
66716,52.5,-1.5,148.54509942534492
66717,52.5,-1.0,149.7814836498293
66718,52.5,-0.5,145.53477138034606
66719,52.5,0.0,151.84831596833536
66720,52.5,0.5,150.6976489525086
66721,52.5,1.0,149.43559074449138
66722,52.5,1.5,148.13948770182964
66723,52.5,2.0,149.83034870416222
66724,52.5,2.5,146.3307980133416
66725,52.5,3.0,152.81465737195427
66726,52.5,3.5,148.1635514582959
66727,52.5,4.0,151.68409203691053
66728,52.5,4.5,148.8704807646766
66729,52.5,5.0,151.19697698526682
66730,52.5,6.5,150.39761573501588
66731,52.5,7.0,150.4867022932929
66732,52.5,7.5,149.08667432125338
66733,52.5,8.0,148.9004213886526
66734,52.5,9.0,150.36265361477953
66735,52.5,9.5,149.38827418278768
66736,52.5,10.0,150.67497597288101
66737,52.5,10.5,151.1210268004568
66738,52.5,11.5,148.7363332217084
66739,52.5,12.0,150.18310586788732
66740,52.5,12.5,153.79588791900863
66741,52.5,13.0,153.72960978794572
66742,52.5,14.5,149.3260998857574
66743,52.5,15.0,152.1659971154978
66744,52.5,16.0,148.1491209234138
66745,52.5,16.5,150.52783538051287
66746,52.5,17.0,157.63688956892756
66747,52.5,17.5,159.04164575710126
66748,52.5,18.0,163.0834522138369
66749,52.5,18.5,155.48377196824575
66750,52.5,19.0,154.173282026766
66751,52.5,19.5,151.6246891299441
66752,52.5,20.0,148.464111152812
66753,52.5,20.5,147.3287423812239
66754,52.5,21.0,149.70056786600054
66755,52.5,21.5,150.40138588603796
66756,52.5,22.0,150.17043722591882
66757,52.5,22.5,147.85898000609117
66758,52.5,23.0,147.26854710520777
66759,52.5,23.5,151.47148945088344
66760,52.5,24.5,153.55534734040978
66761,52.5,25.0,163.765879861874
66762,52.5,25.5,158.98900837810226
66763,52.5,26.0,161.3663262458795
66764,52.5,26.5,159.18271921388978
66765,52.5,27.0,154.92943691953676
66766,52.5,27.5,157.0422569555573
66767,52.5,28.0,153.54095055851315
66768,52.5,28.5,152.72784134736656
66769,52.5,29.0,150.24533089959564
66770,52.5,29.5,155.72563919313683
66771,52.5,30.0,155.59082844391077
66772,52.5,30.5,154.3509698672346
66773,52.5,31.0,148.3661433882009
66774,52.5,31.5,153.99985618202052
66775,52.5,32.0,149.95551461143435
66776,52.5,32.5,151.21383835997455
66777,52.5,33.0,143.31911093250764
66778,52.5,33.5,150.78910234628452
66779,52.5,34.0,152.9504081459856
66780,52.5,34.5,151.57215815823034
66781,52.5,35.0,151.1472111149498
66782,52.5,36.0,145.7886710048657
66783,52.5,36.5,154.90444429861327
66784,52.5,37.0,153.22383481271802
66785,53.0,-37.0,147.07163175274763
66786,53.0,-36.5,149.8786189385449
66787,53.0,-36.0,152.15859052226534
66788,53.0,-35.5,148.44454054629915
66789,53.0,-35.0,149.4234949321022
66790,53.0,-34.5,149.10425684466298
66791,53.0,-34.0,151.31683947424153
66792,53.0,-33.5,149.4865919566503
66793,53.0,-33.0,162.58178787170593
66794,53.0,-32.5,157.28855197729064
66795,53.0,-32.0,155.36942672403688
66796,53.0,-31.5,155.43957042259788
66797,53.0,-31.0,149.79411276093367
66798,53.0,-30.5,153.20472712148788
66799,53.0,-30.0,151.3165661975118
66800,53.0,-29.5,150.53335199956553
66801,53.0,-29.0,152.82890804570965
66802,53.0,-28.5,149.88348429920555
66803,53.0,-28.0,150.213743045176
66804,53.0,-27.5,154.3316147686011
66805,53.0,-27.0,155.27122547653389
66806,53.0,-26.5,148.33064203859
66807,53.0,-26.0,156.52166349150386
66808,53.0,-25.5,147.04829728071087
66809,53.0,-25.0,150.94084136544274
66810,53.0,-24.5,148.8762073397844
66811,53.0,-24.0,153.3184464844265
66812,53.0,-23.5,150.63227242638604
66813,53.0,-23.0,151.02222171348407
66814,53.0,-22.5,149.35339190367304
66815,53.0,-22.0,150.21093738027974
66816,53.0,-21.5,153.36407363770277
66817,53.0,-21.0,150.55814826934284
66818,53.0,-20.5,148.97742619365917
66819,53.0,-20.0,150.2158602764438
66820,53.0,-19.5,152.58175367158262
66821,53.0,-19.0,148.31916435049217
66822,53.0,-18.5,149.61528755476806
66823,53.0,-18.0,155.40345911320145
66824,53.0,-17.5,149.0736134051661
66825,53.0,-17.0,149.2198280281403
66826,53.0,-16.5,149.88129024103378
66827,53.0,-16.0,152.06924423207306
66828,53.0,-15.5,149.0930934589243
66829,53.0,-15.0,148.89012348978966
66830,53.0,-14.5,151.03586094006633
66831,53.0,-14.0,150.163630012744
66832,53.0,-13.5,150.9012111562252
66833,53.0,-13.0,149.60554884038507
66834,53.0,-12.5,149.78094921174946
66835,53.0,-12.0,151.15033901638182
66836,53.0,-11.5,172.79988107956805
66837,53.0,-11.0,157.38649058036054
66838,53.0,-10.5,149.67583966449254
66839,53.0,-10.0,152.14449326092716
66840,53.0,-9.5,149.75963745376086
66841,53.0,-9.0,152.94844713730166
66842,53.0,-8.5,150.5852436054718
66843,53.0,-8.0,151.76476475134731
66844,53.0,-7.5,157.29921778502091
66845,53.0,-6.5,149.2421884481011
66846,53.0,-6.0,152.12141600542944
66847,53.0,-5.5,147.94544887279918
66848,53.0,-5.0,150.60931661875262
66849,53.0,-4.5,150.66189706166216
66850,53.0,-4.0,148.87480195984472
66851,53.0,-3.5,150.51043496352187
66852,53.0,-3.0,149.46116906087178
66853,53.0,-2.5,149.55901197784866
66854,53.0,-1.5,145.8105019046499
66855,53.0,-1.0,149.2749797828705
66856,53.0,-0.5,147.89595898809597
66857,53.0,0.0,149.48639671934893
66858,53.0,0.5,151.47205232004316
66859,53.0,1.0,149.9733695840994
66860,53.0,1.5,149.84399147193858
66861,53.0,2.0,148.75711343490173
66862,53.0,2.5,149.89990449573222
66863,53.0,3.0,152.5359631191006
66864,53.0,3.5,152.7762975427952
66865,53.0,4.0,147.79727931975177
66866,53.0,4.5,148.78993272232358
66867,53.0,5.0,149.27977491795858
66868,53.0,5.5,151.69676672755367
66869,53.0,7.0,150.22572458656404
66870,53.0,7.5,148.94081220071055
66871,53.0,8.0,149.14526660825518
66872,53.0,8.5,148.52496612240355
66873,53.0,9.0,149.5784517848739
66874,53.0,9.5,151.53462933562906
66875,53.0,10.0,149.94904454504672
66876,53.0,10.5,150.30021149392851
66877,53.0,11.5,148.08342671472272
66878,53.0,12.0,148.84035265142884
66879,53.0,12.5,152.89672826908037
66880,53.0,13.0,153.24065938696492
66881,53.0,13.5,153.35569707684337
66882,53.0,14.0,147.2848562488788
66883,53.0,14.5,147.90385121028535
66884,53.0,15.5,149.73691289388404
66885,53.0,16.0,148.84992496283107
66886,53.0,17.0,148.10524832976142
66887,53.0,17.5,158.2711280169523
66888,53.0,18.0,159.36384416210385
66889,53.0,18.5,156.83990995502887
66890,53.0,19.0,156.70446643711983
66891,53.0,19.5,151.66868196188392
66892,53.0,20.0,153.2743298593269
66893,53.0,20.5,145.15660651949773
66894,53.0,21.0,148.17207797936797
66895,53.0,21.5,152.86967424827998
66896,53.0,22.0,150.58848408948285
66897,53.0,22.5,148.63274863314135
66898,53.0,23.0,146.43434708385035
66899,53.0,23.5,149.58662618700197
66900,53.0,24.0,153.69525533555225
66901,53.0,24.5,158.2871205755933
66902,53.0,25.0,160.2351485735456
66903,53.0,25.5,160.64069472104742
66904,53.0,26.0,158.16719041208003
66905,53.0,26.5,155.8026132028167
66906,53.0,27.0,164.3472192046165
66907,53.0,27.5,155.77649093132456
66908,53.0,28.0,151.8101700614705
66909,53.0,28.5,153.71228881373057
66910,53.0,29.0,155.54335552806356
66911,53.0,29.5,158.52269609260102
66912,53.0,30.0,154.3024064321262
66913,53.0,30.5,155.2110107267784
66914,53.0,31.0,149.6136474910484
66915,53.0,31.5,148.8469428079852
66916,53.0,32.0,150.84221200184453
66917,53.0,32.5,149.5400797832799
66918,53.0,33.0,148.66785680816764
66919,53.0,33.5,151.91270966463455
66920,53.0,34.0,155.33494185816792
66921,53.0,34.5,152.4676779132719
66922,53.0,35.0,148.99516684834396
66923,53.0,35.5,143.98302979818797
66924,53.0,36.0,144.15646787187453
66925,53.0,36.5,154.29867270151297
66926,53.0,37.0,153.07227463625068
66927,53.0,37.5,159.71201251454812
66928,53.0,38.0,187.01669651016604
66929,53.5,-37.0,147.29021012212982
66930,53.5,-36.5,150.5988528933661
66931,53.5,-36.0,150.63770019991694
66932,53.5,-35.5,148.2771672793243
66933,53.5,-35.0,149.29901361709435
66934,53.5,-34.5,148.63662705932197
66935,53.5,-34.0,149.74029889785615
66936,53.5,-33.5,154.86460440750483
66937,53.5,-33.0,164.55323690382886
66938,53.5,-32.5,156.1541469139025
66939,53.5,-32.0,155.7523211891698
66940,53.5,-31.5,157.04122502293754
66941,53.5,-31.0,149.9790798258447
66942,53.5,-30.5,152.30468496834274
66943,53.5,-30.0,151.25676038580377
66944,53.5,-29.5,157.73944704583778
66945,53.5,-29.0,150.27138585542093
66946,53.5,-28.5,150.9123522584066
66947,53.5,-28.0,149.88812900198621
66948,53.5,-27.5,158.6968238437265
66949,53.5,-27.0,148.65465933034315
66950,53.5,-26.5,159.60642150298878
66951,53.5,-26.0,148.6303844455659
66952,53.5,-25.5,150.09481288974177
66953,53.5,-24.5,149.2314985358161
66954,53.5,-24.0,148.2982231451192
66955,53.5,-23.5,150.89078308686453
66956,53.5,-23.0,150.60610876016378
66957,53.5,-22.5,149.49167669631854
66958,53.5,-22.0,149.1248192376472
66959,53.5,-21.5,150.28245912924643
66960,53.5,-21.0,152.47949805030402
66961,53.5,-20.5,149.42009730284744
66962,53.5,-20.0,148.52971574041763
66963,53.5,-19.5,152.63298025296788
66964,53.5,-19.0,148.23008069081428
66965,53.5,-18.5,151.7928586202381
66966,53.5,-18.0,153.12890952280895
66967,53.5,-17.5,150.8837594385037
66968,53.5,-17.0,149.2519082924726
66969,53.5,-16.5,150.22964756910667
66970,53.5,-16.0,151.51934518270312
66971,53.5,-15.5,151.14931758883912
66972,53.5,-14.5,151.44350824106672
66973,53.5,-14.0,149.86879870376777
66974,53.5,-13.5,151.59882483351225
66975,53.5,-13.0,150.93128525094562
66976,53.5,-12.5,149.86518085773898
66977,53.5,-12.0,151.3152002290082
66978,53.5,-11.5,150.78478431101954
66979,53.5,-11.0,154.46332210845924
66980,53.5,-10.5,160.31010754818033
66981,53.5,-9.5,149.49447734478332
66982,53.5,-9.0,147.97776348709712
66983,53.5,-8.5,149.05600845313373
66984,53.5,-8.0,152.32924183435773
66985,53.5,-7.5,156.21961985843612
66986,53.5,-7.0,151.3954652723705
66987,53.5,-6.5,147.56784794290644
66988,53.5,-6.0,149.57258821758393
66989,53.5,-5.5,152.3716808925436
66990,53.5,-5.0,150.64199880789548
66991,53.5,-4.5,149.1350862322032
66992,53.5,-4.0,150.18235019119263
66993,53.5,-3.5,152.09933457571725
66994,53.5,-3.0,149.02746718845353
66995,53.5,-2.5,147.42241684021224
66996,53.5,-2.0,147.9730529053762
66997,53.5,-1.0,146.18392234476752
66998,53.5,-0.5,150.37439761835333
66999,53.5,0.0,150.24003746283174
67000,53.5,0.5,151.39089155730517
67001,53.5,1.0,151.71328143202877
67002,53.5,1.5,153.14703811070387
67003,53.5,2.0,148.97626757195442
67004,53.5,2.5,151.87639466176978
67005,53.5,3.0,149.9297170107476
67006,53.5,3.5,154.25037861273907
67007,53.5,4.0,147.69662211297535
67008,53.5,4.5,147.82467870593626
67009,53.5,5.0,148.6033228790427
67010,53.5,5.5,148.2277785990729
67011,53.5,6.5,149.11979078096147
67012,53.5,7.0,148.87938489629184
67013,53.5,7.5,148.82313148147654
67014,53.5,8.0,148.59884023011756
67015,53.5,8.5,148.52303566130362
67016,53.5,9.0,148.51505954454313
67017,53.5,9.5,152.13000210691337
67018,53.5,10.0,150.56958623045455
67019,53.5,10.5,150.6197781019047
67020,53.5,11.0,150.8418469246509
67021,53.5,11.5,148.2469955425509
67022,53.5,12.0,149.29259724597983
67023,53.5,12.5,151.10527248915773
67024,53.5,13.5,153.41977420520305
67025,53.5,14.0,147.8991649622427
67026,53.5,15.5,150.54696580190313
67027,53.5,16.0,160.45694309471088
67028,53.5,17.0,155.62936818732362
67029,53.5,17.5,144.34260893973675
67030,53.5,18.0,161.34045109989162
67031,53.5,18.5,159.82900584956155
67032,53.5,19.0,154.82145798368464
67033,53.5,19.5,154.41557492962977
67034,53.5,20.0,153.3197549753892
67035,53.5,20.5,149.74104048726824
67036,53.5,21.0,143.84910371824031
67037,53.5,21.5,149.25840674801404
67038,53.5,22.0,150.45055348159656
67039,53.5,22.5,150.7920950517565
67040,53.5,23.0,147.5651167285614
67041,53.5,23.5,142.45098565009573
67042,53.5,24.0,156.72875020816414
67043,53.5,24.5,160.87250103151217
67044,53.5,25.0,156.62386153514032
67045,53.5,25.5,160.40975314052807
67046,53.5,26.0,155.02940980427266
67047,53.5,26.5,155.3262870456738
67048,53.5,27.0,156.71383553113768
67049,53.5,27.5,156.81792208149258
67050,53.5,28.0,151.29207679930127
67051,53.5,28.5,153.78518291156425
67052,53.5,29.0,157.14906008094184
67053,53.5,29.5,155.40540319947925
67054,53.5,30.0,153.82008148853845
67055,53.5,30.5,155.47533860571576
67056,53.5,31.0,151.75079717825326
67057,53.5,31.5,150.31941488087722
67058,53.5,32.0,148.90224421142858
67059,53.5,32.5,152.6039365028808
67060,53.5,33.0,151.8242954011582
67061,53.5,33.5,146.02098303744788
67062,53.5,34.0,155.0552091369149
67063,53.5,34.5,153.84841715733418
67064,53.5,35.0,149.13868825411564
67065,53.5,35.5,144.50318538607962
67066,53.5,36.0,144.71466004721535
67067,53.5,36.5,151.52977921821588
67068,53.5,37.0,151.38173106441795
67069,53.5,37.5,158.96302819641855
67070,53.5,38.0,158.619432311573
67071,54.0,-37.0,147.35396991978206
67072,54.0,-36.5,150.7957555229718
67073,54.0,-36.0,150.81293564498526
67074,54.0,-35.5,148.17373278031258
67075,54.0,-35.0,148.62932269731883
67076,54.0,-34.5,148.73896615820286
67077,54.0,-34.0,152.3337311387102
67078,54.0,-33.5,155.14899181777054
67079,54.0,-33.0,157.87879520602644
67080,54.0,-32.5,157.29948918695996
67081,54.0,-32.0,156.5230640609653
67082,54.0,-31.5,158.1802312199566
67083,54.0,-31.0,150.32169128973442
67084,54.0,-30.5,152.75108008055435
67085,54.0,-30.0,149.9024489591173
67086,54.0,-29.5,159.6002988166114
67087,54.0,-29.0,149.26738372100078
67088,54.0,-28.5,150.98154428744184
67089,54.0,-28.0,148.94632618329632
67090,54.0,-27.5,159.45210054969664
67091,54.0,-27.0,148.880578763055
67092,54.0,-26.5,155.96457260980185
67093,54.0,-26.0,155.78166611247673
67094,54.0,-25.5,150.4579361246586
67095,54.0,-25.0,147.29912488701854
67096,54.0,-24.5,148.4337266051896
67097,54.0,-24.0,149.47360644395988
67098,54.0,-23.5,150.8621143566301
67099,54.0,-23.0,149.25107642186694
67100,54.0,-22.5,149.35625638967954
67101,54.0,-22.0,148.7740801195427
67102,54.0,-21.5,150.1728735099061
67103,54.0,-21.0,150.21970783535733
67104,54.0,-20.5,153.8551274043713
67105,54.0,-20.0,149.89701135021275
67106,54.0,-19.5,151.78451188316043
67107,54.0,-19.0,148.31800357275634
67108,54.0,-18.0,151.57883494959958
67109,54.0,-17.5,150.70975946935872
67110,54.0,-17.0,149.83126515926676
67111,54.0,-16.5,150.39974769230255
67112,54.0,-16.0,149.5563882941569
67113,54.0,-15.5,153.8377990248664
67114,54.0,-14.5,148.19364689509362
67115,54.0,-14.0,150.91476366926855
67116,54.0,-13.5,149.9190742679589
67117,54.0,-13.0,152.33172985968744
67118,54.0,-12.5,150.03281493798175
67119,54.0,-11.5,149.28800186713218
67120,54.0,-11.0,152.67033017666537
67121,54.0,-10.5,170.6381622498157
67122,54.0,-10.0,148.17592625403066
67123,54.0,-9.5,147.54968169682803
67124,54.0,-9.0,149.65471708930303
67125,54.0,-8.5,147.57016531624066
67126,54.0,-8.0,151.1021325471416
67127,54.0,-7.5,150.80590805775296
67128,54.0,-7.0,148.81821462480528
67129,54.0,-6.5,147.89584953852005
67130,54.0,-6.0,147.89813577012873
67131,54.0,-5.5,152.1027754056067
67132,54.0,-5.0,152.59049312308696
67133,54.0,-4.5,149.65205943391132
67134,54.0,-4.0,152.00997396598504
67135,54.0,-3.5,152.34753409242623
67136,54.0,-2.5,146.67300978751788
67137,54.0,-2.0,147.8072355505651
67138,54.0,-1.5,147.93597750307046
67139,54.0,-0.5,149.33735924076902
67140,54.0,0.0,151.1143291395807
67141,54.0,0.5,147.29344829782207
67142,54.0,1.0,154.17918246430284
67143,54.0,1.5,149.37015188231823
67144,54.0,2.0,151.68195453779796
67145,54.0,2.5,149.2677726336502
67146,54.0,3.0,152.1314894219027
67147,54.0,3.5,146.59032868729045
67148,54.0,4.5,147.89604956813548
67149,54.0,5.0,148.6449197288841
67150,54.0,5.5,148.59664017538412
67151,54.0,6.0,147.45280795821085
67152,54.0,6.5,149.00684254331986
67153,54.0,7.0,148.6348605603926
67154,54.0,7.5,147.41368770231634
67155,54.0,8.0,148.22526378987865
67156,54.0,8.5,148.66865706038604
67157,54.0,9.5,149.50053398116276
67158,54.0,10.0,152.09151788606457
67159,54.0,10.5,150.10158995253573
67160,54.0,11.0,149.71270931246286
67161,54.0,11.5,151.70137188591562
67162,54.0,12.5,151.08809649382073
67163,54.0,13.0,151.36140632873818
67164,54.0,13.5,149.43445021205724
67165,54.0,14.0,151.9600530960051
67166,54.0,15.0,150.0522307610726
67167,54.0,15.5,157.94475714304602
67168,54.0,17.0,161.07482947430475
67169,54.0,17.5,151.61222284178538
67170,54.0,18.0,159.7105945645075
67171,54.0,18.5,159.35056587207356
67172,54.0,19.0,156.21381428258096
67173,54.0,19.5,155.55042940626316
67174,54.0,20.0,153.74759427924138
67175,54.0,20.5,155.3735771762018
67176,54.0,21.0,159.43208957968136
67177,54.0,21.5,151.33371376492696
67178,54.0,22.0,152.74978855299946
67179,54.0,22.5,152.47884161092335
67180,54.0,23.0,149.38636292759037
67181,54.0,23.5,143.95422069281
67182,54.0,24.0,157.53549396191343
67183,54.0,24.5,158.3417617138918
67184,54.0,25.0,157.7063278951155
67185,54.0,25.5,158.3850821584325
67186,54.0,26.0,152.5137328181177
67187,54.0,26.5,154.09903168767588
67188,54.0,27.0,152.57724147127703
67189,54.0,27.5,158.98555955817977
67190,54.0,28.0,152.84078776228395
67191,54.0,28.5,153.43854844670884
67192,54.0,29.0,158.37131665693332
67193,54.0,29.5,156.9052264057451
67194,54.0,30.0,155.92938548258604
67195,54.0,30.5,158.97027853232723
67196,54.0,31.0,153.12578776718001
67197,54.0,31.5,149.06655285568206
67198,54.0,32.0,149.52762347958912
67199,54.0,32.5,149.81574995858662
67200,54.0,33.0,148.48042506984578
67201,54.0,33.5,148.9744189685094
67202,54.0,34.0,151.56699442812277
67203,54.0,34.5,153.1505667032219
67204,54.0,35.0,150.7457497593366
67205,54.0,35.5,144.77090359857243
67206,54.0,36.0,145.71112053377047
67207,54.0,36.5,149.96201459682374
67208,54.0,37.0,153.7789599434479
67209,54.0,37.5,160.45572334671394
67210,54.0,38.0,161.03793021894012
67211,54.5,-37.0,147.57200746043426
67212,54.5,-36.5,151.5457908114438
67213,54.5,-36.0,149.9952917474793
67214,54.5,-35.5,148.22254029424417
67215,54.5,-35.0,148.63366802963733
67216,54.5,-34.5,149.10015231524036
67217,54.5,-34.0,151.92279465174215
67218,54.5,-33.5,157.24363702186713
67219,54.5,-33.0,157.9733632625889
67220,54.5,-32.5,155.80366858348384
67221,54.5,-32.0,158.239942579504
67222,54.5,-31.5,155.52865724968146
67223,54.5,-31.0,152.63319424558355
67224,54.5,-30.5,153.06201797906817
67225,54.5,-30.0,149.35473700380197
67226,54.5,-29.5,156.26946761674554
67227,54.5,-29.0,149.32236032759062
67228,54.5,-28.5,150.53759391337778
67229,54.5,-28.0,150.77710991873866
67230,54.5,-27.5,154.16658468099217
67231,54.5,-27.0,153.5171887012318
67232,54.5,-26.5,152.7285308317008
67233,54.5,-26.0,150.7184198678414
67234,54.5,-25.5,151.9186161979133
67235,54.5,-25.0,147.26454613024146
67236,54.5,-24.5,148.53432685998646
67237,54.5,-24.0,150.1910125774268
67238,54.5,-23.5,149.92632847358908
67239,54.5,-23.0,149.3110889963658
67240,54.5,-22.5,148.43850042959937
67241,54.5,-22.0,149.0557507382729
67242,54.5,-21.5,149.70564623346783
67243,54.5,-21.0,149.61689137612552
67244,54.5,-20.5,153.5783023122668
67245,54.5,-20.0,151.91687452079077
67246,54.5,-19.5,149.93526676324836
67247,54.5,-19.0,152.21339930642552
67248,54.5,-18.0,151.65274898053624
67249,54.5,-17.5,151.39444614432531
67250,54.5,-17.0,150.94294242655562
67251,54.5,-16.5,150.49821870703747
67252,54.5,-16.0,150.28623021129272
67253,54.5,-15.5,153.00190649045896
67254,54.5,-15.0,153.73568401002495
67255,54.5,-14.5,149.16522044996634
67256,54.5,-14.0,149.9356488247346
67257,54.5,-13.5,151.05607793593379
67258,54.5,-13.0,150.91409475600858
67259,54.5,-12.5,153.40591995020546
67260,54.5,-12.0,148.41985447352377
67261,54.5,-11.5,149.90995752390447
67262,54.5,-11.0,154.58868907462596
67263,54.5,-10.5,150.18670834850033
67264,54.5,-10.0,149.67611785145738
67265,54.5,-9.5,149.59464651816884
67266,54.5,-9.0,147.7583737810781
67267,54.5,-8.0,149.6713026719387
67268,54.5,-7.5,149.69752523751356
67269,54.5,-7.0,156.80378061912953
67270,54.5,-6.5,150.33376913982053
67271,54.5,-6.0,151.58878318214633
67272,54.5,-5.5,150.82515510299226
67273,54.5,-5.0,150.2366590654187
67274,54.5,-4.5,150.95657692475777
67275,54.5,-4.0,152.72902031274978
67276,54.5,-2.0,146.58249594246405
67277,54.5,-1.5,147.67431727351072
67278,54.5,-1.0,153.94585969499587
67279,54.5,-0.5,151.2670260102927
67280,54.5,0.0,147.96853879201754
67281,54.5,0.5,150.26344652955157
67282,54.5,1.0,148.26922069769086
67283,54.5,1.5,152.71922557280575
67284,54.5,2.0,149.47634428419786
67285,54.5,2.5,152.27280436923382
67286,54.5,3.0,148.13147797521896
67287,54.5,3.5,146.7208913376821
67288,54.5,5.0,148.12251170152769
67289,54.5,5.5,149.40291505241356
67290,54.5,6.0,148.39055364844089
67291,54.5,6.5,148.79316817478895
67292,54.5,7.5,148.01348769022945
67293,54.5,8.0,148.44005938314336
67294,54.5,8.5,149.41897581559408
67295,54.5,9.0,149.32599007350814
67296,54.5,9.5,149.63529784327147
67297,54.5,10.0,150.897172673254
67298,54.5,10.5,151.02759797529356
67299,54.5,11.0,148.55013914755298
67300,54.5,11.5,151.93082363665383
67301,54.5,12.0,152.03935376087296
67302,54.5,12.5,150.25337348721425
67303,54.5,13.0,149.04867266006497
67304,54.5,13.5,147.6461031595316
67305,54.5,14.0,153.68113571796707
67306,54.5,14.5,150.6321228187195
67307,54.5,15.0,149.75393762454826
67308,54.5,17.5,149.9178334751472
67309,54.5,18.0,155.63211093647337
67310,54.5,18.5,159.14322496683474
67311,54.5,19.0,157.24452148115455
67312,54.5,19.5,154.1874860841228
67313,54.5,20.0,151.23512796577202
67314,54.5,20.5,154.98353148658245
67315,54.5,21.0,157.7449523945315
67316,54.5,21.5,155.4777659995066
67317,54.5,22.0,153.25665742750388
67318,54.5,22.5,153.4016844913172
67319,54.5,23.0,151.12500909962756
67320,54.5,23.5,149.3166035625005
67321,54.5,24.0,149.4395675192799
67322,54.5,24.5,157.93794950261216
67323,54.5,25.0,156.93422105803145
67324,54.5,25.5,155.99804791618118
67325,54.5,26.0,156.46632148597837
67326,54.5,26.5,148.30164028604094
67327,54.5,27.0,152.73219709343326
67328,54.5,27.5,155.51497295349992
67329,54.5,28.0,152.43979486802408
67330,54.5,28.5,152.30357837044377
67331,54.5,29.0,153.56476534522653
67332,54.5,29.5,157.88570256885603
67333,54.5,30.0,156.98066681764718
67334,54.5,30.5,156.51741665865407
67335,54.5,31.0,155.74056352699162
67336,54.5,31.5,149.77513415589448
67337,54.5,32.0,149.5478209969851
67338,54.5,32.5,148.11367561657255
67339,54.5,33.0,150.28637640133766
67340,54.5,33.5,146.62897020726527
67341,54.5,34.0,150.40967636337507
67342,54.5,34.5,154.14831418750737
67343,54.5,35.0,151.79347761261
67344,54.5,35.5,146.1570204266907
67345,54.5,36.0,154.51866769217574
67346,54.5,36.5,151.09748359326468
67347,54.5,37.0,147.6745994208031
67348,54.5,37.5,160.51503619122707
67349,54.5,38.0,161.0195636388477
67350,55.0,-37.0,154.38531502363986
67351,55.0,-36.5,152.0749865026908
67352,55.0,-36.0,150.75621389795788
67353,55.0,-35.5,148.30783136652155
67354,55.0,-35.0,148.6209044015116
67355,55.0,-34.0,151.07924910228473
67356,55.0,-33.5,156.92158255147135
67357,55.0,-33.0,164.31023244340412
67358,55.0,-32.5,157.24224508103367
67359,55.0,-32.0,155.67434798578688
67360,55.0,-31.5,156.653424747328
67361,55.0,-31.0,152.25875407376978
67362,55.0,-30.5,152.42097509938728
67363,55.0,-30.0,153.62029299744233
67364,55.0,-29.5,154.63969465694615
67365,55.0,-29.0,148.99690673720877
67366,55.0,-28.5,149.52204444101835
67367,55.0,-28.0,151.3418823126509
67368,55.0,-27.5,148.55011740759895
67369,55.0,-27.0,155.90877334010628
67370,55.0,-26.5,146.4009386253274
67371,55.0,-26.0,148.56594905553976
67372,55.0,-25.5,147.11409593838363
67373,55.0,-24.5,148.92861648363873
67374,55.0,-24.0,151.772942944924
67375,55.0,-23.5,149.97371223546023
67376,55.0,-23.0,148.81836538481372
67377,55.0,-22.5,149.4136419099687
67378,55.0,-22.0,148.6940670716295
67379,55.0,-21.5,149.17455892427046
67380,55.0,-21.0,149.81046339803015
67381,55.0,-20.5,151.43851438566165
67382,55.0,-20.0,150.19250995163682
67383,55.0,-19.5,149.517174730087
67384,55.0,-19.0,152.7146985174633
67385,55.0,-18.0,151.12983385298526
67386,55.0,-17.5,151.87427969703882
67387,55.0,-17.0,151.37619243962615
67388,55.0,-16.5,150.30104752573845
67389,55.0,-16.0,150.79326011937897
67390,55.0,-15.5,150.92007917714753
67391,55.0,-15.0,151.83611675976343
67392,55.0,-14.5,151.73843523315955
67393,55.0,-14.0,149.60350180566482
67394,55.0,-13.5,151.0651055451474
67395,55.0,-13.0,151.68821918166492
67396,55.0,-12.5,153.9165626100962
67397,55.0,-12.0,149.7072961765091
67398,55.0,-11.0,149.86008278458885
67399,55.0,-10.5,150.9452465199012
67400,55.0,-10.0,148.2255504503299
67401,55.0,-9.5,148.986161001327
67402,55.0,-9.0,147.40643066832007
67403,55.0,-8.0,147.79756711530123
67404,55.0,-7.5,152.78881844049158
67405,55.0,-7.0,151.46022979883458
67406,55.0,-6.5,154.21391597300817
67407,55.0,-6.0,151.2613162589681
67408,55.0,-5.5,149.27076856872998
67409,55.0,-5.0,150.7288619561562
67410,55.0,-4.5,151.66331501714564
67411,55.0,-4.0,149.39542892975956
67412,55.0,-2.5,156.52291030145034
67413,55.0,-2.0,156.1542161235206
67414,55.0,-1.5,148.11934142287242
67415,55.0,-1.0,150.8860925631738
67416,55.0,-0.5,152.78724086147676
67417,55.0,0.0,149.01202146086567
67418,55.0,0.5,149.2483782084173
67419,55.0,1.0,150.4400148571335
67420,55.0,1.5,149.68974070836106
67421,55.0,2.0,156.31043028630364
67422,55.0,2.5,148.92350918615386
67423,55.0,3.0,147.56936808176363
67424,55.0,3.5,149.0671527169721
67425,55.0,4.0,147.30300587033247
67426,55.0,5.0,148.16458225862584
67427,55.0,5.5,148.5831265982904
67428,55.0,6.0,149.0976102602236
67429,55.0,6.5,147.7058988174073
67430,55.0,7.0,147.59190583062244
67431,55.0,7.5,148.4507420741896
67432,55.0,8.0,148.1592691966219
67433,55.0,9.0,149.41249479641587
67434,55.0,9.5,149.4839633128016
67435,55.0,10.0,149.40197011427765
67436,55.0,10.5,151.29596808041927
67437,55.0,11.0,152.70288039217837
67438,55.0,12.0,151.5496148351045
67439,55.0,12.5,150.10925505486998
67440,55.0,13.0,147.63557547920553
67441,55.0,13.5,149.9377740651719
67442,55.0,14.5,151.84257138843816
67443,55.0,17.0,149.3370471586346
67444,55.0,17.5,149.2627441465351
67445,55.0,18.0,154.7669404156191
67446,55.0,18.5,156.53377855389286
67447,55.0,19.0,157.81551648456468
67448,55.0,19.5,154.85186067638105
67449,55.0,20.0,152.21644168138252
67450,55.0,21.0,154.81919586394656
67451,55.0,21.5,152.9792218523984
67452,55.0,22.0,150.04410322311531
67453,55.0,22.5,154.42799723729468
67454,55.0,23.0,152.94708963768173
67455,55.0,23.5,150.97507955617098
67456,55.0,24.0,148.35469084655213
67457,55.0,24.5,153.4170762650643
67458,55.0,25.0,158.1962764409598
67459,55.0,25.5,156.82364725817553
67460,55.0,26.0,154.2042018557944
67461,55.0,26.5,148.67117113446574
67462,55.0,27.0,153.4132406925125
67463,55.0,27.5,149.86118706493477
67464,55.0,28.0,156.79247447251888
67465,55.0,28.5,155.78664531375355
67466,55.0,29.0,153.52220792695437
67467,55.0,29.5,149.3450126898777
67468,55.0,30.0,154.89734544046496
67469,55.0,30.5,157.35216981563596
67470,55.0,31.0,155.7327012418438
67471,55.0,31.5,149.38584774746434
67472,55.0,32.0,147.3575820173456
67473,55.0,32.5,151.17228095253952
67474,55.0,33.0,148.82752884579605
67475,55.0,33.5,149.12388398803856
67476,55.0,34.0,152.03262807070544
67477,55.0,34.5,151.07584630069692
67478,55.0,35.0,152.0628387206502
67479,55.0,35.5,148.3514880515056
67480,55.0,36.0,152.33235249077418
67481,55.0,36.5,154.07137756300367
67482,55.0,37.0,146.419330670388
67483,55.0,37.5,159.83934850428824
67484,55.0,38.0,159.45461270749956
67485,55.0,38.5,159.62329150167866
67486,55.5,-37.0,150.15835428490416
67487,55.5,-36.5,153.336368905154
67488,55.5,-36.0,151.2000453787908
67489,55.5,-35.5,148.1758832827462
67490,55.5,-35.0,148.69151556012415
67491,55.5,-34.5,149.38653774176194
67492,55.5,-34.0,150.81236540004508
67493,55.5,-33.5,156.50001160675762
67494,55.5,-33.0,162.2249290712458
67495,55.5,-32.5,157.50608990579295
67496,55.5,-32.0,156.7001840721087
67497,55.5,-31.5,157.0811031220567
67498,55.5,-31.0,153.84287018334354
67499,55.5,-30.5,150.41148091526244
67500,55.5,-30.0,156.526506824459
67501,55.5,-29.5,152.3082051055998
67502,55.5,-29.0,149.71437019082614
67503,55.5,-28.5,147.01501567562315
67504,55.5,-28.0,152.02169410413592
67505,55.5,-27.5,147.11865129321149
67506,55.5,-27.0,153.75967556687536
67507,55.5,-26.5,147.32855748693746
67508,55.5,-26.0,149.89377098492278
67509,55.5,-25.5,147.26549260849043
67510,55.5,-25.0,147.19198231607047
67511,55.5,-24.5,149.10441893041803
67512,55.5,-24.0,149.45058969360394
67513,55.5,-23.5,149.95855505356477
67514,55.5,-23.0,149.69024337958177
67515,55.5,-22.5,148.88881873489794
67516,55.5,-22.0,148.3604213298979
67517,55.5,-21.5,149.4927942763125
67518,55.5,-21.0,149.46137458305353
67519,55.5,-20.5,149.95076380992884
67520,55.5,-20.0,148.28806897922635
67521,55.5,-19.5,153.11484708519342
67522,55.5,-19.0,150.7869473043409
67523,55.5,-18.5,152.6498137926362
67524,55.5,-18.0,151.65758929256705
67525,55.5,-17.5,151.12462780592384
67526,55.5,-17.0,151.89312129464628
67527,55.5,-16.5,149.97004916125044
67528,55.5,-16.0,150.93572522431603
67529,55.5,-15.5,150.54765767739647
67530,55.5,-15.0,149.93204976935084
67531,55.5,-14.5,153.47582127496347
67532,55.5,-14.0,148.98341035816944
67533,55.5,-13.5,149.8204797022506
67534,55.5,-13.0,152.41599625250603
67535,55.5,-12.5,149.4253069539511
67536,55.5,-12.0,155.1674890065265
67537,55.5,-11.5,151.55139576674776
67538,55.5,-11.0,149.29994439629473
67539,55.5,-10.5,151.9936261064079
67540,55.5,-10.0,151.5708297862941
67541,55.5,-9.5,147.51906909503424
67542,55.5,-9.0,153.6397913843726
67543,55.5,-8.5,153.8532073251464
67544,55.5,-8.0,147.86417137477432
67545,55.5,-7.5,153.86575271305514
67546,55.5,-7.0,149.4833487783699
67547,55.5,-6.5,152.69079225316068
67548,55.5,-6.0,155.36504763930608
67549,55.5,-5.5,149.67878096123752
67550,55.5,-5.0,152.85188045666553
67551,55.5,-4.5,153.5135713030025
67552,55.5,-4.0,149.23802306977234
67553,55.5,-3.0,152.04357123649177
67554,55.5,-2.5,152.1227286512862
67555,55.5,-2.0,154.73423364624486
67556,55.5,-1.5,153.08847314879515
67557,55.5,-1.0,148.8825709632719
67558,55.5,-0.5,149.60945226559912
67559,55.5,0.0,151.19785496817767
67560,55.5,0.5,150.37516536125304
67561,55.5,1.0,151.38897364762303
67562,55.5,1.5,151.27058539181792
67563,55.5,2.5,148.92729459561028
67564,55.5,3.0,149.0974065857871
67565,55.5,3.5,148.2821008663811
67566,55.5,4.0,150.62818663542214
67567,55.5,4.5,147.39913406870684
67568,55.5,5.5,149.01225462318953
67569,55.5,6.0,148.774363540817
67570,55.5,6.5,148.70502282495863
67571,55.5,7.0,148.7764131153715
67572,55.5,7.5,148.59827501683344
67573,55.5,8.0,149.69384920430772
67574,55.5,8.5,149.4529939779807
67575,55.5,9.5,149.36071172203515
67576,55.5,10.0,149.04782391502485
67577,55.5,10.5,150.99757613354356
67578,55.5,11.0,152.45523981850718
67579,55.5,12.0,150.04167773357628
67580,55.5,12.5,148.81074078970656
67581,55.5,13.0,150.35942289568618
67582,55.5,13.5,150.35833548701783
67583,55.5,14.0,148.78853470478774
67584,55.5,14.5,153.95758319347567
67585,55.5,15.0,154.91718859243417
67586,55.5,16.5,151.2336527566658
67587,55.5,17.0,150.70189796967924
67588,55.5,17.5,152.11794903262458
67589,55.5,18.0,155.28939830646794
67590,55.5,18.5,154.94958051105405
67591,55.5,19.0,158.0746275872539
67592,55.5,19.5,155.22769879194982
67593,55.5,20.0,154.08117509377593
67594,55.5,20.5,155.57622202878895
67595,55.5,21.0,154.06638785188989
67596,55.5,21.5,156.17398093292203
67597,55.5,22.0,153.346591169687
67598,55.5,22.5,155.32543505369276
67599,55.5,23.0,156.88279129085376
67600,55.5,23.5,155.7251258653597
67601,55.5,24.0,152.02989505568218
67602,55.5,24.5,151.31577997132314
67603,55.5,25.0,152.43621529043645
67604,55.5,25.5,156.7236908018697
67605,55.5,26.0,154.88908994129253
67606,55.5,26.5,159.0513368116248
67607,55.5,27.0,155.4155195700477
67608,55.5,27.5,151.5596181906577
67609,55.5,28.0,159.37384751794087
67610,55.5,28.5,158.1675695180432
67611,55.5,29.0,150.32673786821846
67612,55.5,29.5,153.68990208216366
67613,55.5,30.0,150.01224744098997
67614,55.5,30.5,155.49142097960615
67615,55.5,31.0,154.3826942760319
67616,55.5,31.5,150.47512238029665
67617,55.5,32.0,145.59626393217718
67618,55.5,32.5,151.329298225443
67619,55.5,33.0,147.98627713914772
67620,55.5,33.5,153.19678056318284
67621,55.5,34.0,159.12868270518334
67622,55.5,34.5,151.7900223226355
67623,55.5,35.0,152.02110973637232
67624,55.5,35.5,152.08963600177515
67625,55.5,36.0,147.9911780879903
67626,55.5,36.5,148.44180330152417
67627,55.5,37.0,151.99761585629076
67628,55.5,37.5,158.7964261595603
67629,55.5,38.5,159.54202972074867
67630,56.0,-37.0,147.559066677466
67631,56.0,-36.5,153.88482755601774
67632,56.0,-36.0,151.48447924382944
67633,56.0,-35.5,148.49323059601466
67634,56.0,-35.0,148.6646141895884
67635,56.0,-34.5,149.64890607732522
67636,56.0,-34.0,156.89746641474915
67637,56.0,-33.5,152.5130676500126
67638,56.0,-33.0,152.47361490874036
67639,56.0,-32.5,158.49820239655588
67640,56.0,-32.0,153.07168498579833
67641,56.0,-31.5,158.09942259548666
67642,56.0,-31.0,154.91088521965068
67643,56.0,-30.5,149.45846316694244
67644,56.0,-30.0,158.09510360503697
67645,56.0,-29.5,150.679326013224
67646,56.0,-29.0,151.17563212382728
67647,56.0,-28.5,155.03523999638978
67648,56.0,-28.0,149.35664909825528
67649,56.0,-27.5,152.37564188641284
67650,56.0,-27.0,150.816363766012
67651,56.0,-26.5,150.26619088502997
67652,56.0,-26.0,147.03010272611357
67653,56.0,-25.5,147.49004933807734
67654,56.0,-25.0,148.58431817119575
67655,56.0,-24.5,149.7682767991459
67656,56.0,-24.0,149.68886688955942
67657,56.0,-23.5,149.40830085976748
67658,56.0,-23.0,149.9356866451418
67659,56.0,-22.5,148.57671481106377
67660,56.0,-22.0,148.92567347102687
67661,56.0,-21.5,148.01626331333674
67662,56.0,-21.0,149.92358215636943
67663,56.0,-20.5,148.21004694321368
67664,56.0,-20.0,148.509948821524
67665,56.0,-19.5,152.9034571360666
67666,56.0,-19.0,151.05964962398454
67667,56.0,-18.5,150.8984907823809
67668,56.0,-18.0,153.02147248470337
67669,56.0,-17.5,151.83237328375728
67670,56.0,-17.0,150.8256664296873
67671,56.0,-16.5,152.46990529783483
67672,56.0,-16.0,151.24427942619647
67673,56.0,-15.5,149.98618506266138
67674,56.0,-15.0,150.8441375310769
67675,56.0,-14.5,154.31494490507637
67676,56.0,-14.0,155.4421845011862
67677,56.0,-13.5,149.08031327217816
67678,56.0,-13.0,149.43830368608369
67679,56.0,-12.5,149.71004843276515
67680,56.0,-12.0,156.37351680497457
67681,56.0,-11.5,151.795656024607
67682,56.0,-11.0,147.69888253556942
67683,56.0,-10.5,148.36422971244886
67684,56.0,-10.0,151.846112219862
67685,56.0,-9.0,147.9603731052197
67686,56.0,-8.5,152.828916219654
67687,56.0,-8.0,154.22705815152216
67688,56.0,-7.5,148.2341152396358
67689,56.0,-7.0,151.86196436541675
67690,56.0,-6.5,150.26103062277207
67691,56.0,-6.0,153.25416919797757
67692,56.0,-5.5,152.5780585035098
67693,56.0,-5.0,154.04908165506498
67694,56.0,-4.5,153.8297118859399
67695,56.0,-4.0,156.07339397685956
67696,56.0,-3.5,150.55297481433482
67697,56.0,-3.0,151.7130955809881
67698,56.0,-2.0,155.5494474254446
67699,56.0,-1.5,153.7979581929634
67700,56.0,-1.0,146.93224468823516
67701,56.0,-0.5,149.5367160627222
67702,56.0,0.0,151.27516018877606
67703,56.0,0.5,153.7832806825014
67704,56.0,1.0,150.92981790976344
67705,56.0,1.5,153.58334168444503
67706,56.0,2.0,147.0777167937381
67707,56.0,3.0,149.5042905482757
67708,56.0,3.5,147.7628343988908
67709,56.0,4.0,149.48118870756056
67710,56.0,4.5,148.1403604309158
67711,56.0,5.0,149.74127680323454
67712,56.0,5.5,149.27164518884197
67713,56.0,6.0,158.61373901142383
67714,56.0,6.5,150.51226529976512
67715,56.0,7.0,149.69878624573664
67716,56.0,8.0,149.8916276568354
67717,56.0,9.0,148.56909163455978
67718,56.0,9.5,148.44233085279274
67719,56.0,10.0,149.1193515411795
67720,56.0,10.5,153.16305937879778
67721,56.0,11.0,152.81099581610388
67722,56.0,11.5,150.9924215198429
67723,56.0,12.0,150.95684375640397
67724,56.0,12.5,146.42153423771737
67725,56.0,13.0,151.87807560968756
67726,56.0,13.5,146.98662906810443
67727,56.0,14.0,148.9370851581924
67728,56.0,14.5,150.9466576748507
67729,56.0,15.0,155.25574376930192
67730,56.0,16.0,154.2753654391599
67731,56.0,16.5,150.36889137892945
67732,56.0,17.0,158.16058461131075
67733,56.0,17.5,153.98619787501443
67734,56.0,18.0,152.32008283948377
67735,56.0,19.0,155.99444928575127
67736,56.0,19.5,157.2817023401094
67737,56.0,20.0,156.28187065619406
67738,56.0,20.5,156.7549115649687
67739,56.0,21.0,153.96981126044372
67740,56.0,21.5,158.5443630567532
67741,56.0,22.5,155.25616113716976
67742,56.0,23.0,156.10408596203862
67743,56.0,23.5,157.4172683935792
67744,56.0,24.0,153.27734193607498
67745,56.0,24.5,148.32704871494485
67746,56.0,25.0,151.25671222430154
67747,56.0,25.5,153.25215842112226
67748,56.0,26.0,157.89044152938555
67749,56.0,26.5,153.7322379260876
67750,56.0,27.0,153.28865269176652
67751,56.0,27.5,151.64516889816625
67752,56.0,28.0,148.91041581475136
67753,56.0,28.5,159.644393938066
67754,56.0,29.5,149.87733477483357
67755,56.0,30.0,150.26723665092885
67756,56.0,30.5,156.29809379253308
67757,56.0,31.0,152.46533394610915
67758,56.0,31.5,154.11614927544653
67759,56.0,32.0,146.0379982200272
67760,56.0,32.5,151.50830528403873
67761,56.0,33.0,150.14029407872158
67762,56.0,33.5,149.27909329241936
67763,56.0,34.0,158.01659563843444
67764,56.0,34.5,154.79885768991429
67765,56.0,35.0,158.95901361629126
67766,56.0,35.5,152.8469725368627
67767,56.0,36.0,146.98121560002085
67768,56.0,36.5,148.186403635839
67769,56.0,37.0,152.55715312572144
67770,56.0,37.5,157.67894174256608
67771,56.0,38.5,159.69617202542628
67772,56.5,-36.5,154.87899452929304
67773,56.5,-36.0,150.07136531006356
67774,56.5,-35.5,148.37283920472117
67775,56.5,-35.0,148.64581214927998
67776,56.5,-34.5,148.969136449199
67777,56.5,-34.0,157.0864548891812
67778,56.5,-33.5,153.20448640284275
67779,56.5,-33.0,151.84361623472418
67780,56.5,-32.5,160.1923248205244
67781,56.5,-32.0,153.44467326607642
67782,56.5,-31.5,157.55612699189905
67783,56.5,-31.0,158.06155839085082
67784,56.5,-30.5,149.94478436661566
67785,56.5,-30.0,156.57503894590857
67786,56.5,-29.5,148.82873405540232
67787,56.5,-29.0,153.71193890462956
67788,56.5,-28.5,154.47072245609644
67789,56.5,-28.0,148.98806256744746
67790,56.5,-27.5,151.6467625774551
67791,56.5,-27.0,148.14769861074998
67792,56.5,-26.5,150.60238099112235
67793,56.5,-26.0,146.97988562572513
67794,56.5,-25.5,147.4026842420027
67795,56.5,-25.0,148.52499967182465
67796,56.5,-24.5,148.7786605641445
67797,56.5,-24.0,149.61171952935769
67798,56.5,-23.5,149.3684493656163
67799,56.5,-23.0,149.92499855022942
67800,56.5,-22.5,149.6673209386067
67801,56.5,-22.0,148.88252754302457
67802,56.5,-21.5,148.79546065415263
67803,56.5,-21.0,149.8480189641072
67804,56.5,-20.5,148.4367152550882
67805,56.5,-20.0,148.06177691315014
67806,56.5,-19.0,150.71367712159787
67807,56.5,-18.5,150.77169016249513
67808,56.5,-18.0,152.64096793345573
67809,56.5,-17.5,152.0695231504891
67810,56.5,-17.0,150.14055813746558
67811,56.5,-16.5,152.67053487783616
67812,56.5,-16.0,151.10948669412167
67813,56.5,-15.5,150.61451465112046
67814,56.5,-15.0,151.39541904492762
67815,56.5,-14.5,152.44694704323615
67816,56.5,-14.0,156.05158314192482
67817,56.5,-13.5,151.47281941357005
67818,56.5,-13.0,149.2216718530477
67819,56.5,-12.5,151.52504664818895
67820,56.5,-12.0,151.29101563412573
67821,56.5,-11.5,151.65242337240403
67822,56.5,-11.0,149.14006123816333
67823,56.5,-10.5,148.73614872654767
67824,56.5,-10.0,158.30642554501085
67825,56.5,-9.5,152.1119986917575
67826,56.5,-9.0,147.9757731866532
67827,56.5,-8.5,156.08741442252716
67828,56.5,-8.0,152.9654861643785
67829,56.5,-7.5,152.76789246684314
67830,56.5,-7.0,151.98190516374987
67831,56.5,-6.5,150.09460581651481
67832,56.5,-6.0,151.6693962029534
67833,56.5,-5.5,155.69728045252958
67834,56.5,-3.5,152.63887852672937
67835,56.5,-3.0,150.0027296453247
67836,56.5,-2.5,156.95552001898184
67837,56.5,-2.0,155.04066535758278
67838,56.5,-1.5,152.7802019771159
67839,56.5,-1.0,151.91997790575908
67840,56.5,-0.5,147.97852437123316
67841,56.5,0.0,152.244117057202
67842,56.5,0.5,161.80937393010998
67843,56.5,1.0,157.14940810058107
67844,56.5,1.5,149.98997794363845
67845,56.5,2.0,149.92795610433873
67846,56.5,2.5,146.44087536276155
67847,56.5,3.5,149.8111613045944
67848,56.5,4.0,149.23071056406056
67849,56.5,4.5,151.16441200030124
67850,56.5,5.0,151.2776176352306
67851,56.5,6.0,152.5981076050316
67852,56.5,6.5,150.89589003586042
67853,56.5,7.0,151.54364651660666
67854,56.5,7.5,149.54394651147285
67855,56.5,8.0,150.11230265947114
67856,56.5,8.5,148.4801864915715
67857,56.5,9.0,148.4722792982573
67858,56.5,9.5,148.39257630787685
67859,56.5,10.0,149.9789856219328
67860,56.5,10.5,150.93148453528192
67861,56.5,11.0,151.9234970451146
67862,56.5,11.5,151.27144241417085
67863,56.5,12.0,148.1769627279496
67864,56.5,12.5,151.9980259836105
67865,56.5,13.0,149.59224665679253
67866,56.5,13.5,149.25871679721405
67867,56.5,14.5,151.32402416350163
67868,56.5,15.0,151.68572734045162
67869,56.5,15.5,154.04154243702274
67870,56.5,16.0,146.87913613525168
67871,56.5,16.5,150.15051932652304
67872,56.5,17.0,154.13391059050537
67873,56.5,17.5,154.97965482957304
67874,56.5,18.0,156.57159019983152
67875,56.5,18.5,151.61800002917886
67876,56.5,19.0,154.75368696849637
67877,56.5,19.5,157.6974238904495
67878,56.5,20.0,157.3771185759031
67879,56.5,20.5,154.82103270531735
67880,56.5,21.0,157.38612876844928
67881,56.5,21.5,159.55213733164243
67882,56.5,22.0,154.8317199778247
67883,56.5,22.5,155.8884540937827
67884,56.5,23.0,153.05396082421177
67885,56.5,23.5,153.34224773632113
67886,56.5,24.0,152.6004963059015
67887,56.5,24.5,152.12682164311485
67888,56.5,25.0,155.0576545200094
67889,56.5,25.5,159.5120970769365
67890,56.5,26.0,158.8870657173999
67891,56.5,26.5,155.87864576298202
67892,56.5,27.0,155.77793497834352
67893,56.5,27.5,149.48863583090986
67894,56.5,28.0,151.28958305588003
67895,56.5,28.5,162.52735377777353
67896,56.5,29.5,149.46618303855058
67897,56.5,30.0,151.7880073625986
67898,56.5,30.5,153.83505174890112
67899,56.5,31.0,152.90452825065248
67900,56.5,31.5,153.0236162163651
67901,56.5,32.0,151.22356651428595
67902,56.5,32.5,150.27876852103242
67903,56.5,33.0,147.60443344442191
67904,56.5,33.5,149.6181391909632
67905,56.5,34.0,156.5018138935487
67906,56.5,34.5,156.28459109989006
67907,56.5,35.0,156.9199240891724
67908,56.5,35.5,146.6862323953913
67909,56.5,36.0,147.89777203308148
67910,56.5,36.5,147.74471101614282
67911,56.5,37.0,153.3478626305797
67912,56.5,37.5,157.16242879407068
67913,56.5,38.5,159.99705875295282
67914,57.0,-36.5,155.72017017955986
67915,57.0,-36.0,150.76144656586735
67916,57.0,-35.5,148.69525985789352
67917,57.0,-35.0,148.5379044603129
67918,57.0,-34.5,149.06850663742108
67919,57.0,-34.0,159.14223017919647
67920,57.0,-33.0,151.82674046369738
67921,57.0,-32.5,159.8910681418019
67922,57.0,-32.0,153.40521349169248
67923,57.0,-31.5,156.59713619335528
67924,57.0,-31.0,156.2960450811798
67925,57.0,-30.5,153.81097263757565
67926,57.0,-30.0,152.63595521599885
67927,57.0,-29.5,149.80577923286947
67928,57.0,-29.0,151.49991806614858
67929,57.0,-28.5,151.9240528667788
67930,57.0,-28.0,150.95511476074137
67931,57.0,-27.5,152.36090035726863
67932,57.0,-27.0,148.89415396828818
67933,57.0,-26.5,148.06511204811028
67934,57.0,-26.0,151.81339413886957
67935,57.0,-25.5,148.3334479594671
67936,57.0,-25.0,147.7515047761372
67937,57.0,-24.5,148.95842290820815
67938,57.0,-23.5,149.70975661694928
67939,57.0,-23.0,149.10044981758764
67940,57.0,-22.5,150.27227453074457
67941,57.0,-22.0,148.97637520028607
67942,57.0,-21.5,148.01653750406936
67943,57.0,-21.0,149.7655463582859
67944,57.0,-20.5,149.50789439401956
67945,57.0,-20.0,148.24792465650302
67946,57.0,-19.5,155.2491309585593
67947,57.0,-19.0,148.63835968494976
67948,57.0,-18.5,151.33764802999508
67949,57.0,-18.0,150.4033766445885
67950,57.0,-17.5,151.7847729716913
67951,57.0,-17.0,154.00937457599645
67952,57.0,-16.5,152.25317616284912
67953,57.0,-16.0,151.7316049603145
67954,57.0,-15.5,152.26668567594692
67955,57.0,-15.0,150.66265999727844
67956,57.0,-14.5,154.5423327605866
67957,57.0,-14.0,154.33892039307156
67958,57.0,-13.5,152.12421346385239
67959,57.0,-13.0,149.31276778583913
67960,57.0,-12.5,151.38070546207197
67961,57.0,-12.0,150.26479657785404
67962,57.0,-11.5,149.8039094125395
67963,57.0,-11.0,151.48192573988985
67964,57.0,-10.5,148.82798034388946
67965,57.0,-10.0,159.4879045397183
67966,57.0,-9.5,151.80807884778008
67967,57.0,-9.0,154.1621850057352
67968,57.0,-8.5,151.73700854083754
67969,57.0,-8.0,156.39925545567988
67970,57.0,-7.5,152.65177652988356
67971,57.0,-7.0,153.4653466819994
67972,57.0,-6.5,151.2702950072718
67973,57.0,-6.0,152.74087520997904
67974,57.0,-5.5,153.4953408626503
67975,57.0,-5.0,156.3892113980357
67976,57.0,-4.0,150.9241394282355
67977,57.0,-3.5,152.1136352963436
67978,57.0,-3.0,153.28418129602005
67979,57.0,-2.5,152.9560235757487
67980,57.0,-2.0,155.04439592282512
67981,57.0,-1.5,150.93517842944135
67982,57.0,-1.0,151.89564399855269
67983,57.0,-0.5,152.87384822554236
67984,57.0,0.0,150.55258495243194
67985,57.0,0.5,149.5185889462066
67986,57.0,1.5,148.30980589120162
67987,57.0,2.0,151.03281046288478
67988,57.0,2.5,149.81566778517808
67989,57.0,3.0,148.0463485160209
67990,57.0,3.5,149.73898688550938
67991,57.0,4.0,150.24681817713204
67992,57.0,4.5,151.37220578257867
67993,57.0,5.0,152.9001995956851
67994,57.0,5.5,152.13629602064816
67995,57.0,6.0,151.77901432707725
67996,57.0,6.5,151.19480319135465
67997,57.0,7.0,150.80316711284073
67998,57.0,7.5,150.10530594092873
67999,57.0,8.0,148.1690233433352
68000,57.0,8.5,148.45910295712255
68001,57.0,9.0,148.33707022113074
68002,57.0,9.5,148.73995420839483
68003,57.0,10.5,150.24423694637375
68004,57.0,11.0,151.19929109943732
68005,57.0,11.5,153.6391500755391
68006,57.0,12.0,152.2972403349402
68007,57.0,12.5,151.84455141728031
68008,57.0,13.0,148.0546181644247
68009,57.0,13.5,152.35984670434266
68010,57.0,14.0,152.536949283321
68011,57.0,15.0,151.67049784013398
68012,57.0,15.5,153.12815617115857
68013,57.0,16.0,149.04269259349329
68014,57.0,16.5,151.4827789607993
68015,57.0,17.0,158.23303781599202
68016,57.0,17.5,154.0123728266839
68017,57.0,18.0,156.06277627191398
68018,57.0,18.5,152.33995228642522
68019,57.0,19.0,152.16495287584118
68020,57.0,19.5,156.89572732467195
68021,57.0,20.0,158.08403405771313
68022,57.0,20.5,157.72567756155757
68023,57.0,21.0,157.32484944147296
68024,57.0,21.5,160.52167260219633
68025,57.0,22.0,152.4302871215489
68026,57.0,22.5,153.7147899430685
68027,57.0,23.0,150.4161307534532
68028,57.0,23.5,150.16005334503225
68029,57.0,24.0,157.63318758024252
68030,57.0,24.5,152.80557424591774
68031,57.0,25.0,155.75464479805456
68032,57.0,25.5,159.91585795104152
68033,57.0,26.0,157.73697091988487
68034,57.0,26.5,158.07083262249927
68035,57.0,27.0,157.03343179650864
68036,57.0,27.5,148.6435828902285
68037,57.0,28.0,151.84965873638114
68038,57.0,28.5,147.38405327448666
68039,57.0,29.0,168.022882435133
68040,57.0,29.5,154.2538246905665
68041,57.0,30.0,157.36684501470967
68042,57.0,30.5,151.36899952681108
68043,57.0,31.0,152.74784023938594
68044,57.0,31.5,152.54361701096477
68045,57.0,32.0,150.57710413278483
68046,57.0,32.5,148.73615482774335
68047,57.0,33.0,152.36966455125997
68048,57.0,33.5,151.40373032556917
68049,57.0,34.0,158.20032785336272
68050,57.0,34.5,151.60586200956465
68051,57.0,35.0,149.17199170936624
68052,57.0,35.5,146.36541258848868
68053,57.0,36.0,145.48698077968646
68054,57.0,36.5,144.46514382123476
68055,57.0,37.0,147.18333537820797
68056,57.0,37.5,156.2002116976835
68057,57.0,39.0,161.5604650081035
68058,57.5,-36.5,157.31092494635732
68059,57.5,-36.0,151.12841354548797
68060,57.5,-35.5,149.03797829718906
68061,57.5,-35.0,149.30511498779498
68062,57.5,-34.5,148.93767516348777
68063,57.5,-34.0,157.26311420776784
68064,57.5,-33.0,152.2689674427125
68065,57.5,-32.5,156.66589886344883
68066,57.5,-32.0,154.12758419470234
68067,57.5,-31.5,153.94564344273581
68068,57.5,-31.0,155.9570522142064
68069,57.5,-30.5,154.7181752879462
68070,57.5,-30.0,150.96843577501028
68071,57.5,-29.5,152.56631951713086
68072,57.5,-29.0,153.4881799564051
68073,57.5,-28.5,148.54747450810942
68074,57.5,-28.0,153.19359687059003
68075,57.5,-27.5,147.35902322319535
68076,57.5,-27.0,148.93719252439206
68077,57.5,-26.5,147.16232827386222
68078,57.5,-26.0,149.55256535910294
68079,57.5,-25.5,148.93248805838957
68080,57.5,-25.0,148.5698420685031
68081,57.5,-24.5,148.10478298921103
68082,57.5,-24.0,150.16263564066614
68083,57.5,-23.5,149.90184644341463
68084,57.5,-23.0,148.6559620934786
68085,57.5,-22.5,149.04379204473105
68086,57.5,-22.0,150.0262797525346
68087,57.5,-21.5,149.07199706511147
68088,57.5,-21.0,148.657477384619
68089,57.5,-20.5,151.33806451641956
68090,57.5,-20.0,148.92468559157646
68091,57.5,-19.5,151.13902647383634
68092,57.5,-19.0,156.2406279605034
68093,57.5,-18.5,150.37030657653318
68094,57.5,-18.0,149.45977474540598
68095,57.5,-17.5,149.4225828893999
68096,57.5,-17.0,153.75821445633284
68097,57.5,-16.5,150.2778630384247
68098,57.5,-16.0,152.2909642190495
68099,57.5,-15.5,154.43598478429664
68100,57.5,-15.0,153.7619987683133
68101,57.5,-14.5,154.51842106836634
68102,57.5,-14.0,151.30101071022216
68103,57.5,-13.5,150.32462545145617
68104,57.5,-13.0,156.95185233172214
68105,57.5,-12.5,150.584953229133
68106,57.5,-12.0,152.06137909164678
68107,57.5,-11.5,151.01483140885514
68108,57.5,-11.0,147.97692488725306
68109,57.5,-10.0,149.1030465362497
68110,57.5,-9.5,156.6039663395317
68111,57.5,-9.0,151.76075362175493
68112,57.5,-8.5,148.5846732475413
68113,57.5,-8.0,153.49658045470437
68114,57.5,-7.5,154.25630794350107
68115,57.5,-7.0,150.29287097901312
68116,57.5,-6.5,151.52711335637335
68117,57.5,-6.0,151.59867232476165
68118,57.5,-5.5,149.67246222425754
68119,57.5,-5.0,151.95676241920492
68120,57.5,-4.5,150.45136587569846
68121,57.5,-4.0,151.7654302547983
68122,57.5,-3.5,152.48346831867318
68123,57.5,-3.0,152.88218907929306
68124,57.5,-2.5,151.75047784158502
68125,57.5,-2.0,151.49785596655178
68126,57.5,-1.5,151.63594955836425
68127,57.5,-1.0,153.54545106517256
68128,57.5,-0.5,153.2488283517131
68129,57.5,0.0,149.00023197705525
68130,57.5,0.5,149.1686767295698
68131,57.5,1.0,151.11320560833468
68132,57.5,2.0,149.62296539624893
68133,57.5,2.5,152.19494856917296
68134,57.5,3.0,150.1231231141685
68135,57.5,4.0,150.5765371590514
68136,57.5,4.5,150.72776933050739
68137,57.5,5.0,151.12928553049548
68138,57.5,5.5,154.02479729368338
68139,57.5,6.0,152.36323475465036
68140,57.5,7.0,150.81432353898882
68141,57.5,7.5,150.27387857581803
68142,57.5,8.0,148.3105613021668
68143,57.5,8.5,148.65215442837953
68144,57.5,9.0,149.02486268839576
68145,57.5,10.5,150.08894678754723
68146,57.5,11.0,151.3027619522575
68147,57.5,11.5,156.31357858065863
68148,57.5,12.0,153.78363579284618
68149,57.5,12.5,148.82199194514484
68150,57.5,13.0,151.13273344811842
68151,57.5,14.0,152.91892075237823
68152,57.5,15.0,151.82287190223082
68153,57.5,15.5,149.8460013130685
68154,57.5,16.0,152.70612054158389
68155,57.5,16.5,151.248774609647
68156,57.5,17.0,152.95077493430486
68157,57.5,17.5,160.94362054106057
68158,57.5,18.0,152.67255006501804
68159,57.5,18.5,153.2968622599586
68160,57.5,19.0,158.43200958986318
68161,57.5,19.5,156.27432227427437
68162,57.5,20.0,153.26067109622122
68163,57.5,20.5,155.3126866338673
68164,57.5,21.0,155.58822833520844
68165,57.5,21.5,155.3549420462842
68166,57.5,22.0,156.0808895763389
68167,57.5,22.5,155.32055254627306
68168,57.5,23.5,152.18103622314868
68169,57.5,24.0,157.58166082802063
68170,57.5,24.5,156.00053707213013
68171,57.5,25.0,156.76034097842097
68172,57.5,25.5,156.26192109067466
68173,57.5,26.0,155.0139850971476
68174,57.5,26.5,149.74979664148063
68175,57.5,27.0,147.18716794702584
68176,57.5,27.5,149.20084991628102
68177,57.5,28.0,146.62564997856248
68178,57.5,28.5,148.04673846416185
68179,57.5,29.0,160.45997071941028
68180,57.5,29.5,156.34569247578716
68181,57.5,30.0,148.53892068937878
68182,57.5,30.5,149.90482742449285
68183,57.5,31.0,155.4087676891926
68184,57.5,31.5,153.14835359276466
68185,57.5,32.0,153.8812038850665
68186,57.5,32.5,149.25187922740247
68187,57.5,33.0,149.98317875168712
68188,57.5,33.5,150.05396995776036
68189,57.5,34.0,160.93166533883212
68190,57.5,34.5,153.29858196088568
68191,57.5,35.0,149.0188236333549
68192,57.5,35.5,146.57446807613698
68193,57.5,36.0,143.1778127226483
68194,57.5,36.5,145.2041007187787
68195,57.5,37.0,147.57002632169394
68196,57.5,37.5,155.51029122295222
68197,57.5,39.0,160.70249647972986
68198,58.0,-36.5,159.01125964868677
68199,58.0,-36.0,150.54131270374774
68200,58.0,-35.5,149.30424529162516
68201,58.0,-35.0,149.89560420970196
68202,58.0,-34.5,149.30756262314495
68203,58.0,-34.0,156.35853179368456
68204,58.0,-33.5,153.4168032743328
68205,58.0,-33.0,152.69388928249077
68206,58.0,-32.5,153.8192744103623
68207,58.0,-32.0,154.0413272889005
68208,58.0,-31.5,154.50736802346142
68209,58.0,-31.0,154.956653586021
68210,58.0,-30.5,157.83245216096796
68211,58.0,-30.0,148.65441261789493
68212,58.0,-29.5,152.49857760895014
68213,58.0,-29.0,154.09789158417732
68214,58.0,-28.5,148.21125682866793
68215,58.0,-28.0,154.38365914747186
68216,58.0,-27.5,147.40347253073247
68217,58.0,-27.0,148.30453234635937
68218,58.0,-26.5,148.1264675599622
68219,58.0,-26.0,148.40820909154465
68220,58.0,-25.5,150.89392104872434
68221,58.0,-25.0,149.4411590581532
68222,58.0,-24.5,147.61404785751577
68223,58.0,-24.0,149.81679955077362
68224,58.0,-23.0,148.41260672000678
68225,58.0,-22.5,149.07775504071077
68226,58.0,-22.0,150.99291347474812
68227,58.0,-21.5,149.72576476606693
68228,58.0,-21.0,148.4350120171571
68229,58.0,-20.5,151.44626238153802
68230,58.0,-20.0,149.4152803217042
68231,58.0,-19.5,148.80563948398796
68232,58.0,-19.0,158.36577137577873
68233,58.0,-18.5,165.7090693347431
68234,58.0,-18.0,147.92168277835776
68235,58.0,-17.5,150.11933985651353
68236,58.0,-17.0,150.86153658406784
68237,58.0,-16.5,150.18601268319765
68238,58.0,-16.0,152.0239936769343
68239,58.0,-15.5,153.32044418997805
68240,58.0,-15.0,155.15911701168085
68241,58.0,-14.5,151.40090049900243
68242,58.0,-14.0,150.32552190499598
68243,58.0,-13.0,152.66943942181223
68244,58.0,-12.5,151.25915880916978
68245,58.0,-12.0,149.77324064222378
68246,58.0,-11.5,150.90800105244136
68247,58.0,-11.0,152.79746293193347
68248,58.0,-10.5,148.46135732622105
68249,58.0,-10.0,148.682901042171
68250,58.0,-9.5,151.61070180519704
68251,58.0,-9.0,152.88809061944303
68252,58.0,-8.5,153.3119506465234
68253,58.0,-8.0,152.28209115412758
68254,58.0,-7.5,151.9217343441417
68255,58.0,-7.0,151.83513752230382
68256,58.0,-6.0,155.30096241235864
68257,58.0,-5.5,150.34218247178842
68258,58.0,-5.0,149.56823151836403
68259,58.0,-4.5,150.60618261875703
68260,58.0,-4.0,152.11749125011272
68261,58.0,-3.0,151.8419940252723
68262,58.0,-2.5,153.1375572639186
68263,58.0,-2.0,151.08919779031368
68264,58.0,-1.5,149.41437059006876
68265,58.0,-1.0,151.7952693291456
68266,58.0,-0.5,152.43468651827322
68267,58.0,0.0,152.13144981126268
68268,58.0,0.5,150.81979449916014
68269,58.0,1.0,151.21242516814024
68270,58.0,1.5,151.3916006107005
68271,58.0,2.0,148.71316513569502
68272,58.0,2.5,149.80121810752325
68273,58.0,3.0,152.52329981765337
68274,58.0,3.5,150.97192659007328
68275,58.0,4.0,151.21532903867302
68276,58.0,4.5,150.14127329258022
68277,58.0,5.0,150.18212924233467
68278,58.0,5.5,153.66433983152584
68279,58.0,6.0,151.1339381158674
68280,58.0,6.5,151.93608575341332
68281,58.0,7.5,148.63184817169738
68282,58.0,8.0,149.6189107006384
68283,58.0,8.5,148.9224344402324
68284,58.0,10.0,150.21381201194143
68285,58.0,10.5,149.13878122374646
68286,58.0,11.0,152.74362870585156
68287,58.0,11.5,151.87118641559323
68288,58.0,12.0,152.31223664143928
68289,58.0,12.5,150.64792293481838
68290,58.0,13.0,152.63268718391356
68291,58.0,13.5,153.11254415750258
68292,58.0,14.0,153.12902023988187
68293,58.0,14.5,153.5519018064076
68294,58.0,15.0,146.87887859530093
68295,58.0,15.5,149.99209994067252
68296,58.0,16.0,151.8246887641894
68297,58.0,16.5,151.9606311142976
68298,58.0,17.0,150.0160657981282
68299,58.0,17.5,154.2349489909818
68300,58.0,18.0,152.4356737785077
68301,58.0,18.5,154.811332494006
68302,58.0,19.0,155.49030087058662
68303,58.0,19.5,155.3542216390059
68304,58.0,20.0,150.63839391699207
68305,58.0,20.5,153.31795099274203
68306,58.0,21.0,154.90413886034295
68307,58.0,21.5,155.86379962707184
68308,58.0,22.0,159.7877179740943
68309,58.0,22.5,153.75020065182903
68310,58.0,23.5,156.3177912820444
68311,58.0,24.0,154.54375441492206
68312,58.0,24.5,154.59011981046163
68313,58.0,25.0,158.31264468401173
68314,58.0,25.5,154.75054225182697
68315,58.0,26.0,150.5776200110522
68316,58.0,26.5,146.89571513187715
68317,58.0,27.0,147.15300174665012
68318,58.0,27.5,148.4953983505955
68319,58.0,28.0,149.65552681269446
68320,58.0,28.5,147.98946938055857
68321,58.0,29.0,150.3736704468333
68322,58.0,29.5,159.4458324161968
68323,58.0,30.0,149.55740855470827
68324,58.0,30.5,150.26098830440532
68325,58.0,31.0,156.37062464987545
68326,58.0,31.5,157.25483407498297
68327,58.0,32.0,157.87796635681175
68328,58.0,32.5,151.61393191379887
68329,58.0,33.0,152.11379633350202
68330,58.0,33.5,150.6256807861371
68331,58.0,34.0,160.2769042983329
68332,58.0,34.5,147.72086556028196
68333,58.0,35.0,156.61357819057454
68334,58.0,35.5,145.8487614945262
68335,58.0,36.5,146.58957620548543
68336,58.0,37.0,145.63659437243305
68337,58.0,38.0,164.74487508136988
68338,58.0,38.5,161.0287294679836
68339,58.5,-36.5,159.35345131712396
68340,58.5,-36.0,149.86568919636443
68341,58.5,-35.5,149.9670056752045
68342,58.5,-35.0,149.69477250003445
68343,58.5,-34.5,149.08160276432602
68344,58.5,-34.0,154.7379010164422
68345,58.5,-33.5,153.84263112885498
68346,58.5,-33.0,154.18839103269832
68347,58.5,-32.5,151.79021083306762
68348,58.5,-32.0,156.67608082142922
68349,58.5,-31.5,152.94205817469677
68350,58.5,-31.0,156.60506918432955
68351,58.5,-30.5,156.29180894087906
68352,58.5,-30.0,150.95030290166548
68353,58.5,-29.5,151.88889807678387
68354,58.5,-29.0,152.12469174944994
68355,58.5,-28.5,152.14020001162154
68356,58.5,-28.0,151.8352313707804
68357,58.5,-27.5,147.26848308570627
68358,58.5,-27.0,148.41665790033977
68359,58.5,-26.5,148.10572022576196
68360,58.5,-26.0,148.2319280302952
68361,58.5,-25.5,149.59634199244164
68362,58.5,-25.0,150.00016945045314
68363,58.5,-24.5,149.9205776040617
68364,58.5,-24.0,148.44876227252846
68365,58.5,-23.5,148.33695575024305
68366,58.5,-23.0,148.2483676268825
68367,58.5,-22.5,149.19307781090305
68368,58.5,-22.0,149.18297945503437
68369,58.5,-21.5,149.6478917393359
68370,58.5,-21.0,169.53581204744444
68371,58.5,-20.5,150.35480542760573
68372,58.5,-20.0,150.17821718485118
68373,58.5,-19.5,149.187371940341
68374,58.5,-19.0,148.65302969058828
68375,58.5,-18.5,156.75327094762366
68376,58.5,-18.0,147.79560665678545
68377,58.5,-17.5,150.92404517903992
68378,58.5,-17.0,150.51321109521035
68379,58.5,-16.5,151.16070373847424
68380,58.5,-16.0,151.25969435427447
68381,58.5,-15.5,153.69192322263274
68382,58.5,-15.0,155.47197259753298
68383,58.5,-14.5,151.96816175166688
68384,58.5,-14.0,149.0524839696332
68385,58.5,-13.5,152.0074273576728
68386,58.5,-13.0,151.36154455325175
68387,58.5,-12.5,152.3242034727296
68388,58.5,-12.0,151.14163301007414
68389,58.5,-11.5,147.70547557649397
68390,58.5,-11.0,155.2627640268696
68391,58.5,-10.5,148.4675884529847
68392,58.5,-10.0,152.66125530851542
68393,58.5,-9.5,149.60875136531328
68394,58.5,-9.0,153.3798232211141
68395,58.5,-8.5,153.50119694828766
68396,58.5,-8.0,151.00918798536833
68397,58.5,-7.5,153.64970455232628
68398,58.5,-7.0,151.6373532996711
68399,58.5,-6.0,155.03534273021825
68400,58.5,-5.5,153.01748962965064
68401,58.5,-5.0,149.9013849119866
68402,58.5,-4.5,150.88203608915117
68403,58.5,-4.0,150.50684209635037
68404,58.5,-3.5,150.50590349103223
68405,58.5,-3.0,154.31280328704167
68406,58.5,-2.5,151.42582766651307
68407,58.5,-2.0,151.77686926008653
68408,58.5,-1.5,149.32172607901887
68409,58.5,0.0,151.80009359871082
68410,58.5,0.5,153.35024652820462
68411,58.5,1.0,150.69568107222557
68412,58.5,1.5,150.7855839509987
68413,58.5,2.5,150.03677366485772
68414,58.5,3.0,152.7438785259733
68415,58.5,3.5,152.6361347871123
68416,58.5,4.0,150.10679332089686
68417,58.5,4.5,149.81274507875793
68418,58.5,5.0,151.30239543147258
68419,58.5,5.5,150.94067252767192
68420,58.5,6.0,153.77477899575342
68421,58.5,6.5,149.9417398143227
68422,58.5,7.0,148.47337958376045
68423,58.5,7.5,148.6149933695696
68424,58.5,8.0,149.59805373177542
68425,58.5,8.5,149.72438474204512
68426,58.5,9.0,148.89341934197975
68427,58.5,10.0,150.3370757652694
68428,58.5,10.5,153.6482606487867
68429,58.5,11.5,151.2896400514181
68430,58.5,12.0,149.56011506853596
68431,58.5,12.5,154.46471324362088
68432,58.5,13.0,153.13683515492187
68433,58.5,13.5,153.1466151968166
68434,58.5,14.0,152.73055430395073
68435,58.5,14.5,152.188511704987
68436,58.5,15.0,147.62521889437576
68437,58.5,15.5,149.62797069975744
68438,58.5,16.0,151.95867725404668
68439,58.5,16.5,152.22461411437106
68440,58.5,17.0,148.45945952504167
68441,58.5,17.5,148.95336720494706
68442,58.5,18.0,160.6287366360842
68443,58.5,18.5,154.62209927933557
68444,58.5,19.0,151.97697816058553
68445,58.5,19.5,153.1020935639296
68446,58.5,20.0,150.4313269641023
68447,58.5,20.5,157.84581151738251
68448,58.5,21.0,157.3138273431391
68449,58.5,21.5,156.96589414109113
68450,58.5,22.0,156.32773059740077
68451,58.5,22.5,150.55469438164718
68452,58.5,23.0,150.33012044740497
68453,58.5,23.5,155.46169380786156
68454,58.5,24.0,153.01311892872994
68455,58.5,24.5,152.84141655152638
68456,58.5,25.0,157.74068023090177
68457,58.5,25.5,155.1233012825156
68458,58.5,26.0,148.2579907888826
68459,58.5,26.5,146.6005174491126
68460,58.5,27.0,147.13608258191337
68461,58.5,27.5,156.06093322949664
68462,58.5,28.0,144.12519756572894
68463,58.5,28.5,145.19079612099486
68464,58.5,29.0,151.70200386649532
68465,58.5,29.5,162.09193006406946
68466,58.5,30.0,150.80310837071073
68467,58.5,30.5,152.00726894805263
68468,58.5,31.0,153.13523904745307
68469,58.5,31.5,158.73874488272742
68470,58.5,32.0,155.72014590451343
68471,58.5,32.5,147.23898749272604
68472,58.5,33.0,148.76138415333966
68473,58.5,33.5,152.32830108284196
68474,58.5,34.0,157.97403726727373
68475,58.5,34.5,152.44117063848222
68476,58.5,35.0,150.45399865798066
68477,58.5,35.5,146.14988772332637
68478,58.5,36.5,144.09189131694907
68479,58.5,37.0,146.83511463192295
68480,58.5,38.5,160.9665542596762
68481,59.0,-36.5,159.5757103004981
68482,59.0,-36.0,149.74121926184503
68483,59.0,-35.5,149.98943595449208
68484,59.0,-35.0,149.810726040033
68485,59.0,-34.5,152.70946301059763
68486,59.0,-34.0,150.09603159133854
68487,59.0,-33.5,153.52582342894792
68488,59.0,-33.0,153.30360834816926
68489,59.0,-32.5,150.8707141387015
68490,59.0,-32.0,154.99829225001946
68491,59.0,-31.5,154.2122742322136
68492,59.0,-31.0,157.7925676861241
68493,59.0,-30.5,154.74084647699425
68494,59.0,-30.0,151.0961580999366
68495,59.0,-29.5,153.55384065171395
68496,59.0,-29.0,149.4151978515207
68497,59.0,-28.5,154.90659855204595
68498,59.0,-28.0,148.60836758243244
68499,59.0,-27.5,148.619023414015
68500,59.0,-27.0,149.26661024698447
68501,59.0,-26.5,148.38253757473882
68502,59.0,-26.0,148.0531820881247
68503,59.0,-25.5,148.93084119701015
68504,59.0,-25.0,150.15047402232548
68505,59.0,-24.5,149.86859204035608
68506,59.0,-24.0,148.2524352466259
68507,59.0,-23.5,147.88774742462226
68508,59.0,-22.5,149.220662067264
68509,59.0,-22.0,149.13721641837301
68510,59.0,-21.5,149.46023193074663
68511,59.0,-21.0,154.9060178786073
68512,59.0,-20.5,151.90810032653363
68513,59.0,-20.0,151.5063939214591
68514,59.0,-19.5,150.08860784306722
68515,59.0,-19.0,148.7753511770724
68516,59.0,-18.5,155.9513679022641
68517,59.0,-18.0,167.52074628870605
68518,59.0,-17.5,150.81733467438724
68519,59.0,-17.0,150.76904952857402
68520,59.0,-16.5,150.63038019867486
68521,59.0,-16.0,154.06547446820633
68522,59.0,-15.5,153.73678081488913
68523,59.0,-15.0,152.8844094028962
68524,59.0,-14.5,150.68361043585622
68525,59.0,-14.0,152.52783762839897
68526,59.0,-13.5,151.66324461775804
68527,59.0,-13.0,151.244498556791
68528,59.0,-12.5,149.8219809349089
68529,59.0,-12.0,149.0544371310469
68530,59.0,-11.5,152.31279423280841
68531,59.0,-11.0,148.68190719480097
68532,59.0,-10.5,153.0613643612305
68533,59.0,-10.0,150.4374743979379
68534,59.0,-9.5,155.43300104226074
68535,59.0,-9.0,149.96217411411757
68536,59.0,-8.5,151.81801856474954
68537,59.0,-8.0,152.53941552366715
68538,59.0,-7.5,153.786729282028
68539,59.0,-5.5,152.00536762841676
68540,59.0,-5.0,151.24256893514044
68541,59.0,-4.0,149.6196079947076
68542,59.0,-3.5,150.40223435089106
68543,59.0,-3.0,152.33458606298726
68544,59.0,-2.5,151.41354816452417
68545,59.0,-2.0,148.96369560492386
68546,59.0,-1.5,151.59169972976835
68547,59.0,-1.0,149.11564877216816
68548,59.0,0.5,153.23864555384634
68549,59.0,1.0,151.1404053977313
68550,59.0,1.5,150.79098523375916
68551,59.0,2.0,150.8186715741911
68552,59.0,2.5,154.16607428952392
68553,59.0,3.0,153.3569129568105
68554,59.0,3.5,154.46118494221253
68555,59.0,4.0,151.93449675424705
68556,59.0,4.5,151.8405676827163
68557,59.0,5.0,151.41337930180777
68558,59.0,5.5,153.1614051096538
68559,59.0,6.0,151.07058041309122
68560,59.0,6.5,150.84405176442218
68561,59.0,7.0,148.26375037749446
68562,59.0,7.5,149.651228049323
68563,59.0,8.0,149.6635130152248
68564,59.0,8.5,150.5992323258792
68565,59.0,9.0,149.51299363912983
68566,59.0,9.5,151.36915744123408
68567,59.0,10.0,152.61497053695996
68568,59.0,10.5,154.56155753834776
68569,59.0,11.5,149.3845062171624
68570,59.0,12.0,151.2678391535998
68571,59.0,12.5,154.4996980692127
68572,59.0,13.0,154.91134192926322
68573,59.0,13.5,152.4589373205281
68574,59.0,14.0,152.49234931503878
68575,59.0,14.5,147.1687040780196
68576,59.0,15.0,150.0671712201239
68577,59.0,15.5,150.6682157052091
68578,59.0,16.0,151.93992186417168
68579,59.0,16.5,151.23601795763858
68580,59.0,17.0,148.30871494734134
68581,59.0,17.5,150.2638238469901
68582,59.0,18.0,155.72247097718906
68583,59.0,18.5,161.3666476092888
68584,59.0,19.0,152.0399422676513
68585,59.0,19.5,151.7011735838073
68586,59.0,20.0,154.1310043079474
68587,59.0,21.0,153.76029469910893
68588,59.0,21.5,150.300675599202
68589,59.0,22.0,150.81418086739086
68590,59.0,22.5,158.88223204998044
68591,59.0,23.0,148.8924729362397
68592,59.0,23.5,153.0399596412789
68593,59.0,24.0,154.28576011612745
68594,59.0,24.5,151.08857792550089
68595,59.0,25.0,154.68506483144856
68596,59.0,25.5,152.036668761213
68597,59.0,26.0,148.75345828191578
68598,59.0,26.5,146.99981424208625
68599,59.0,27.0,150.31955768207004
68600,59.0,27.5,153.4937126909836
68601,59.0,28.0,145.7914357976643
68602,59.0,28.5,146.9901181634525
68603,59.0,29.0,154.1790926037985
68604,59.0,29.5,156.49491835769777
68605,59.0,30.0,157.54913039597065
68606,59.0,30.5,154.7932600365172
68607,59.0,31.0,152.46752229523182
68608,59.0,31.5,155.39679782911523
68609,59.0,32.0,155.15683302913618
68610,59.0,32.5,151.42224783319455
68611,59.0,33.0,147.41433525388408
68612,59.0,33.5,150.91159148424111
68613,59.0,34.0,160.0160953733169
68614,59.0,34.5,156.2555194894783
68615,59.0,35.0,148.8546082279463
68616,59.0,35.5,145.87484611882067
68617,59.0,36.5,145.91071127812805
68618,59.0,37.0,146.45886223774323
68619,59.0,38.5,162.20570624026644
68620,59.5,-40.5,161.37199312809565
68621,59.5,-36.5,160.22898508392504
68622,59.5,-36.0,151.16385791959908
68623,59.5,-35.5,148.46360701513055
68624,59.5,-35.0,151.0580050462483
68625,59.5,-34.5,154.9501146094762
68626,59.5,-34.0,148.8321459132965
68627,59.5,-33.5,153.68891415743482
68628,59.5,-33.0,151.0327498464499
68629,59.5,-32.5,151.80385916636857
68630,59.5,-32.0,154.9574933445746
68631,59.5,-31.5,155.94155249831613
68632,59.5,-31.0,156.43387067802803
68633,59.5,-30.5,156.57897981315634
68634,59.5,-30.0,150.80224348092986
68635,59.5,-29.5,153.00636134441058
68636,59.5,-29.0,149.3395778415216
68637,59.5,-28.5,156.45242069923788
68638,59.5,-28.0,148.03863362563706
68639,59.5,-27.5,150.50892267685745
68640,59.5,-27.0,148.82075413840565
68641,59.5,-26.5,148.51506631017634
68642,59.5,-26.0,148.2149347422943
68643,59.5,-25.5,148.45223479245115
68644,59.5,-25.0,149.75118366137437
68645,59.5,-24.5,149.86249429253735
68646,59.5,-23.5,148.05278486534277
68647,59.5,-22.5,149.0807144356659
68648,59.5,-22.0,149.20145218860446
68649,59.5,-21.0,149.6948899695574
68650,59.5,-20.5,160.1113924206059
68651,59.5,-20.0,150.4366178600186
68652,59.5,-19.5,150.04090614840874
68653,59.5,-19.0,150.17969508868708
68654,59.5,-18.5,148.7980824387723
68655,59.5,-18.0,150.99647953405886
68656,59.5,-17.5,149.94668176283704
68657,59.5,-17.0,150.99079140949283
68658,59.5,-16.5,153.53697579746785
68659,59.5,-16.0,155.10392475908134
68660,59.5,-15.5,152.77421424950322
68661,59.5,-15.0,150.88503942502743
68662,59.5,-14.5,147.42458528839282
68663,59.5,-14.0,153.684382862834
68664,59.5,-13.5,151.5226348609487
68665,59.5,-13.0,150.86156212160236
68666,59.5,-12.5,148.29238059899365
68667,59.5,-12.0,148.3802532167715
68668,59.5,-11.5,150.41070765315519
68669,59.5,-11.0,151.30885300479906
68670,59.5,-10.5,150.79695736227836
68671,59.5,-10.0,150.42388974391454
68672,59.5,-9.5,152.1815724637872
68673,59.5,-9.0,153.20170967790438
68674,59.5,-8.5,151.26066947957523
68675,59.5,-8.0,152.2158635733379
68676,59.5,-7.0,153.82096300841053
68677,59.5,-6.0,149.1854361556557
68678,59.5,-5.5,150.81019297349334
68679,59.5,-5.0,153.06715365296287
68680,59.5,-4.5,154.27665140389635
68681,59.5,-3.5,150.42996424459596
68682,59.5,-3.0,151.29237167021893
68683,59.5,-2.5,150.47217493342646
68684,59.5,-2.0,149.0082489472471
68685,59.5,-1.5,152.38665271771373
68686,59.5,-1.0,150.98935848178448
68687,59.5,-0.5,148.80640293158697
68688,59.5,1.0,152.12067737496247
68689,59.5,1.5,150.25837338364244
68690,59.5,2.0,151.4091478425537
68691,59.5,2.5,154.27338041993193
68692,59.5,3.0,154.73008266677843
68693,59.5,3.5,152.34678631274818
68694,59.5,4.0,153.32309608903267
68695,59.5,4.5,152.0109341979214
68696,59.5,5.5,153.82112852088576
68697,59.5,6.0,149.50474300509921
68698,59.5,6.5,150.72892456429645
68699,59.5,7.0,148.71067941033039
68700,59.5,7.5,149.88745492160908
68701,59.5,8.5,150.0919433501619
68702,59.5,9.0,151.54290458648464
68703,59.5,9.5,150.29609885469685
68704,59.5,10.0,153.0665434843188
68705,59.5,10.5,150.79401248945123
68706,59.5,11.0,147.2058505684258
68707,59.5,11.5,147.1785449551896
68708,59.5,12.0,152.2184727381629
68709,59.5,12.5,153.68211460056278
68710,59.5,13.0,154.1669387894735
68711,59.5,13.5,152.2450704882768
68712,59.5,14.0,148.3531283135815
68713,59.5,14.5,149.1412642875
68714,59.5,15.0,151.2504499536116
68715,59.5,15.5,151.47199524029378
68716,59.5,16.0,150.6435719453234
68717,59.5,16.5,151.3164095030005
68718,59.5,17.0,148.25393473083983
68719,59.5,17.5,149.6963391967438
68720,59.5,18.0,153.42896777338666
68721,59.5,18.5,155.81495587635726
68722,59.5,19.0,152.06755853201932
68723,59.5,19.5,152.67784608730258
68724,59.5,20.0,153.75517103242075
68725,59.5,20.5,157.07415347663766
68726,59.5,21.0,153.29932827811226
68727,59.5,21.5,152.17413117877246
68728,59.5,22.0,156.39841651157317
68729,59.5,22.5,154.4159140323276
68730,59.5,23.0,151.3073481449678
68731,59.5,23.5,151.3201355078103
68732,59.5,24.0,154.48315732666003
68733,59.5,24.5,153.08939879766362
68734,59.5,25.0,152.71742131233674
68735,59.5,25.5,152.22270245022446
68736,59.5,26.0,148.3448837290976
68737,59.5,26.5,146.8362745703869
68738,59.5,27.0,153.9976822025635
68739,59.5,27.5,159.19682751505738
68740,59.5,28.0,143.68403971570538
68741,59.5,28.5,152.13426408287526
68742,59.5,29.0,152.57649001155275
68743,59.5,29.5,155.25474962538226
68744,59.5,30.0,154.67939975548643
68745,59.5,30.5,152.02474732517325
68746,59.5,31.0,153.8887303294721
68747,59.5,31.5,153.81389353855653
68748,59.5,32.0,151.41117491090148
68749,59.5,32.5,153.28255791345876
68750,59.5,33.0,147.25048334183901
68751,59.5,33.5,147.76195165711883
68752,59.5,34.0,159.4152800303913
68753,59.5,34.5,155.0255602838071
68754,59.5,35.0,147.69506646396377
68755,59.5,35.5,146.91580313987458
68756,59.5,36.5,144.73357478553913
68757,59.5,37.0,145.70744116244822
68758,59.5,38.5,162.16292818186952
68759,60.0,-40.5,161.69801993260853
68760,60.0,-37.5,169.82997031100044
68761,60.0,-36.5,160.02684369707174
68762,60.0,-36.0,149.205859793674
68763,60.0,-35.5,149.68448017679563
68764,60.0,-35.0,150.95566990957104
68765,60.0,-34.5,157.53730530907598
68766,60.0,-34.0,148.5886129271993
68767,60.0,-33.5,152.57106021848492
68768,60.0,-33.0,151.05038322275527
68769,60.0,-32.5,151.59729169052193
68770,60.0,-32.0,157.33348344120378
68771,60.0,-31.5,154.535408999019
68772,60.0,-31.0,155.0177462220705
68773,60.0,-30.5,157.267970437947
68774,60.0,-30.0,149.192530328606
68775,60.0,-29.5,151.16644003299248
68776,60.0,-29.0,153.14397193496626
68777,60.0,-28.5,155.09600219828206
68778,60.0,-28.0,147.90566652160496
68779,60.0,-27.5,148.87764355612214
68780,60.0,-27.0,148.93371660149046
68781,60.0,-26.5,148.102866681101
68782,60.0,-26.0,148.27778371225014
68783,60.0,-25.5,147.758706114198
68784,60.0,-25.0,149.80500458375968
68785,60.0,-24.5,149.47931986511213
68786,60.0,-24.0,148.007070557816
68787,60.0,-23.5,148.1969702637443
68788,60.0,-23.0,148.79678683624277
68789,60.0,-22.5,149.23322673369958
68790,60.0,-22.0,149.66525156547428
68791,60.0,-21.5,149.59844218811054
68792,60.0,-21.0,149.15380811800117
68793,60.0,-20.5,151.81551398814477
68794,60.0,-20.0,153.11759503905049
68795,60.0,-19.5,152.49133441867275
68796,60.0,-19.0,151.31150201040938
68797,60.0,-18.5,149.5431535221645
68798,60.0,-18.0,149.95255447236624
68799,60.0,-17.5,149.91221293122098
68800,60.0,-17.0,150.7180634982685
68801,60.0,-16.5,153.57972688682017
68802,60.0,-16.0,152.78709009381754
68803,60.0,-15.5,152.47071681523926
68804,60.0,-15.0,150.08604748387228
68805,60.0,-14.5,152.14364432815555
68806,60.0,-14.0,153.747658715086
68807,60.0,-13.5,151.9799013742818
68808,60.0,-13.0,151.59462997342249
68809,60.0,-12.5,149.71657790189215
68810,60.0,-12.0,149.13636351273743
68811,60.0,-11.5,149.05404892625884
68812,60.0,-11.0,151.86655179578844
68813,60.0,-10.5,149.70333824262826
68814,60.0,-10.0,150.24922083724294
68815,60.0,-9.5,151.65283391022726
68816,60.0,-9.0,153.3710663440549
68817,60.0,-8.5,153.37657907300485
68818,60.0,-8.0,150.68190780234318
68819,60.0,-7.5,150.87389611300443
68820,60.0,-7.0,155.2995183109886
68821,60.0,-6.0,149.77792159314447
68822,60.0,-5.5,151.61615555261022
68823,60.0,-5.0,152.34330388903587
68824,60.0,-4.5,153.13710090996483
68825,60.0,-4.0,152.12767655830635
68826,60.0,-3.5,150.29567799232416
68827,60.0,-3.0,149.07346785165998
68828,60.0,-2.5,151.4323918768401
68829,60.0,-2.0,153.3059309534781
68830,60.0,-1.0,151.8370869496114
68831,60.0,-0.5,149.77050852292246
68832,60.0,0.0,149.0408234608922
68833,60.0,1.0,152.29996480519227
68834,60.0,1.5,153.28370686153986
68835,60.0,2.0,154.6189720227624
68836,60.0,2.5,153.76330613328898
68837,60.0,3.0,151.04029215658403
68838,60.0,3.5,152.96661665467235
68839,60.0,4.0,153.21861481142963
68840,60.0,4.5,155.7657509308768
68841,60.0,5.0,154.02030509617953
68842,60.0,5.5,155.41508809553017
68843,60.0,6.0,149.45662510900365
68844,60.0,6.5,148.09308610935358
68845,60.0,7.0,150.79484220415802
68846,60.0,7.5,148.28683396801688
68847,60.0,8.5,150.93458014867795
68848,60.0,9.0,150.20502994229872
68849,60.0,9.5,151.9992969043366
68850,60.0,10.0,150.33038399534547
68851,60.0,10.5,147.79687670250598
68852,60.0,11.0,147.83020352070122
68853,60.0,12.0,152.25449284161647
68854,60.0,12.5,152.48760416714342
68855,60.0,13.0,153.94580992390655
68856,60.0,13.5,153.52157499130095
68857,60.0,14.0,147.48424407149673
68858,60.0,14.5,150.96575908283282
68859,60.0,15.0,151.3606431273702
68860,60.0,15.5,152.42042165919574
68861,60.0,16.0,150.02195735188906
68862,60.0,16.5,148.76749404844853
68863,60.0,17.0,152.32125769919273
68864,60.0,17.5,149.59983861113312
68865,60.0,18.0,155.51879704422353
68866,60.0,18.5,153.666758983865
68867,60.0,19.0,156.15280760151865
68868,60.0,19.5,153.62515073891103
68869,60.0,20.0,155.28968747029813
68870,60.0,20.5,154.82866709020738
68871,60.0,21.0,149.18873789928085
68872,60.0,21.5,150.6138621876551
68873,60.0,22.0,156.5984414637821
68874,60.0,22.5,152.3166302703439
68875,60.0,23.0,150.685672303977
68876,60.0,23.5,150.1724538271435
68877,60.0,24.0,156.0597092560815
68878,60.0,24.5,153.54155293589673
68879,60.0,25.0,153.84143505661302
68880,60.0,25.5,151.65513247842804
68881,60.0,26.0,147.76131430578548
68882,60.0,26.5,145.4718691609921
68883,60.0,27.0,151.94592829808863
68884,60.0,27.5,154.1042308281933
68885,60.0,28.0,145.55629263267912
68886,60.0,28.5,148.0161173935602
68887,60.0,29.0,147.4767512999689
68888,60.0,29.5,157.10125295427977
68889,60.0,30.0,150.2731673507351
68890,60.0,30.5,150.6920758286427
68891,60.0,31.0,151.44249442292622
68892,60.0,31.5,151.8045174823633
68893,60.0,32.0,155.28783345972116
68894,60.0,32.5,155.53032049500897
68895,60.0,33.0,149.38270612048865
68896,60.0,33.5,150.08965556129235
68897,60.0,34.0,158.29602831334745
68898,60.0,34.5,152.82816013413694
68899,60.0,35.0,146.25705453477812
68900,60.0,35.5,146.41101006850957
68901,60.0,36.5,143.53596268043276
68902,60.0,37.0,147.59299326870962
68903,60.5,-40.5,161.97206854278775
68904,60.5,-40.0,162.09322761716427
68905,60.5,-37.5,170.6527426277961
68906,60.5,-36.5,158.167969449632
68907,60.5,-36.0,147.20050223009744
68908,60.5,-35.5,148.2987427748107
68909,60.5,-35.0,150.39746466298283
68910,60.5,-34.5,159.14368050978786
68911,60.5,-34.0,150.63165744863844
68912,60.5,-33.5,151.5720595342418
68913,60.5,-33.0,151.30432429569422
68914,60.5,-32.5,152.18849606726417
68915,60.5,-32.0,158.3613650964141
68916,60.5,-31.5,154.52739607393528
68917,60.5,-31.0,154.4390433414342
68918,60.5,-30.5,154.14158634712584
68919,60.5,-30.0,154.956735045544
68920,60.5,-29.5,149.08461154573033
68921,60.5,-29.0,153.63094886045764
68922,60.5,-28.5,150.92968973557637
68923,60.5,-28.0,151.66390690838517
68924,60.5,-27.5,148.56567230208103
68925,60.5,-27.0,149.7416773041184
68926,60.5,-26.5,148.1368653020886
68927,60.5,-26.0,148.27850941039142
68928,60.5,-25.5,148.24661409234534
68929,60.5,-25.0,149.66108226697668
68930,60.5,-24.5,149.27646446439593
68931,60.5,-24.0,148.02458139376148
68932,60.5,-23.0,149.30071867581097
68933,60.5,-22.5,149.0035249595183
68934,60.5,-21.5,149.48236544445567
68935,60.5,-21.0,150.2615803607067
68936,60.5,-20.5,149.84729549092225
68937,60.5,-20.0,156.87004164482477
68938,60.5,-19.5,150.34327521066035
68939,60.5,-19.0,149.9315701349502
68940,60.5,-18.5,152.3939298935577
68941,60.5,-18.0,149.5017854256935
68942,60.5,-17.5,150.98084010879268
68943,60.5,-17.0,153.5468553835441
68944,60.5,-16.5,153.6078594838704
68945,60.5,-16.0,152.3885681158493
68946,60.5,-15.5,149.03228502023276
68947,60.5,-15.0,152.23795695744502
68948,60.5,-14.5,152.57988948326826
68949,60.5,-14.0,150.5004971260263
68950,60.5,-13.5,156.13852205398805
68951,60.5,-13.0,151.09450501679044
68952,60.5,-12.5,148.59128370592884
68953,60.5,-12.0,151.04921840314327
68954,60.5,-11.5,151.0416418282815
68955,60.5,-11.0,150.17257931418195
68956,60.5,-10.5,150.30325895522498
68957,60.5,-10.0,150.5063766849925
68958,60.5,-9.5,150.62819920049452
68959,60.5,-9.0,152.67627570210476
68960,60.5,-8.5,154.8575705395186
68961,60.5,-8.0,152.7572857443807
68962,60.5,-7.5,150.34345507224828
68963,60.5,-6.5,149.04852865513098
68964,60.5,-6.0,150.66161225185002
68965,60.5,-5.0,151.18360356729917
68966,60.5,-4.5,151.9599580528955
68967,60.5,-4.0,150.76505866734433
68968,60.5,-3.5,148.93756979243835
68969,60.5,-3.0,148.99854536515758
68970,60.5,-2.5,149.4907043437368
68971,60.5,-2.0,151.3495093753255
68972,60.5,-1.0,152.72085201023964
68973,60.5,-0.5,151.58283788858438
68974,60.5,0.0,149.66580648546102
68975,60.5,0.5,148.8738640299665
68976,60.5,1.5,155.54914067845084
68977,60.5,2.0,154.6935572626237
68978,60.5,2.5,152.1279753940105
68979,60.5,3.0,152.99996397645856
68980,60.5,3.5,154.0649033121817
68981,60.5,4.0,152.81068787743072
68982,60.5,4.5,156.0477222278385
68983,60.5,5.0,155.58315448943534
68984,60.5,5.5,150.49287682691428
68985,60.5,6.0,148.78492377665503
68986,60.5,6.5,149.84848101197
68987,60.5,7.0,150.1788227947337
68988,60.5,7.5,150.77029475281626
68989,60.5,8.0,148.53959908088612
68990,60.5,8.5,150.64580494510008
68991,60.5,9.0,150.26096686647395
68992,60.5,9.5,150.80177253304717
68993,60.5,10.0,149.4560585930428
68994,60.5,10.5,148.1801002292993
68995,60.5,12.5,152.61124777572186
68996,60.5,13.0,152.43060363097416
68997,60.5,13.5,152.1068125349718
68998,60.5,14.0,148.7626924110154
68999,60.5,14.5,152.2745229682225
69000,60.5,15.0,152.42726236611855
69001,60.5,15.5,148.1293910747591
69002,60.5,16.0,151.64293533521493
69003,60.5,16.5,149.54737257148415
69004,60.5,17.0,151.5689264770739
69005,60.5,17.5,152.36814427336296
69006,60.5,18.0,155.2059441417181
69007,60.5,18.5,155.9444933058118
69008,60.5,19.0,156.9915966204096
69009,60.5,19.5,154.80869983480926
69010,60.5,20.0,154.0075694792559
69011,60.5,20.5,154.55628947471706
69012,60.5,21.0,152.04881669252228
69013,60.5,21.5,157.79258320686503
69014,60.5,22.0,151.1298078278077
69015,60.5,22.5,153.16153478245567
69016,60.5,23.0,150.5176300530415
69017,60.5,23.5,150.4795471963251
69018,60.5,24.0,151.69348201320292
69019,60.5,24.5,153.1343395929499
69020,60.5,25.0,153.66986249636778
69021,60.5,25.5,150.6952894846709
69022,60.5,26.0,147.87165719046305
69023,60.5,26.5,144.35933392604048
69024,60.5,27.0,150.00590236399043
69025,60.5,27.5,152.8617080098139
69026,60.5,28.0,149.32409598938804
69027,60.5,28.5,150.0481499573861
69028,60.5,29.0,147.1556552306006
69029,60.5,29.5,156.60560254014885
69030,60.5,30.0,164.87969186517802
69031,60.5,30.5,151.76224930635925
69032,60.5,31.0,150.6036061305866
69033,60.5,31.5,151.50201415376097
69034,60.5,32.0,153.86536172626444
69035,60.5,32.5,157.31136897783327
69036,60.5,33.0,151.01892697492542
69037,60.5,33.5,153.45691925817013
69038,60.5,34.0,157.15990585186415
69039,60.5,34.5,149.28889349893467
69040,60.5,35.0,147.06749627998957
69041,60.5,35.5,147.43591535788843
69042,60.5,36.0,148.3866560453986
69043,60.5,36.5,148.92920611515373
69044,60.5,37.0,152.4231130470184
69045,61.0,-40.0,162.52910992197027
69046,61.0,-37.5,170.95855743580734
69047,61.0,-36.5,156.35486270498242
69048,61.0,-36.0,146.65897620741845
69049,61.0,-35.5,148.01270264119734
69050,61.0,-35.0,150.70925977826775
69051,61.0,-34.5,158.27583703546767
69052,61.0,-34.0,149.96081336858995
69053,61.0,-33.5,151.00372739267547
69054,61.0,-33.0,152.0701414684352
69055,61.0,-32.5,151.8482092268256
69056,61.0,-32.0,156.88432514053915
69057,61.0,-31.5,155.38188010687418
69058,61.0,-31.0,151.8504821184359
69059,61.0,-30.5,155.10677958625087
69060,61.0,-30.0,156.16626071271457
69061,61.0,-29.5,147.77531664689755
69062,61.0,-29.0,155.02951144815452
69063,61.0,-28.5,148.9196503568373
69064,61.0,-28.0,154.54491256651676
69065,61.0,-27.5,149.21055905038597
69066,61.0,-27.0,147.268470725705
69067,61.0,-26.5,148.18512434101336
69068,61.0,-26.0,148.83320060334168
69069,61.0,-25.5,149.07685176351052
69070,61.0,-25.0,147.9427534396079
69071,61.0,-24.5,148.0311803919024
69072,61.0,-24.0,148.7136247515994
69073,61.0,-23.5,149.53098993233903
69074,61.0,-23.0,149.32769025922872
69075,61.0,-22.0,149.5228416983223
69076,61.0,-21.5,149.5412507339906
69077,61.0,-21.0,150.6364592060274
69078,61.0,-20.5,149.35596056502249
69079,61.0,-20.0,150.49299669724684
69080,61.0,-19.5,153.29665793293256
69081,61.0,-19.0,151.50721401005308
69082,61.0,-18.5,150.2874669702105
69083,61.0,-18.0,150.10310001772686
69084,61.0,-17.5,150.00386731134267
69085,61.0,-17.0,153.62127481518493
69086,61.0,-16.5,152.11615123912773
69087,61.0,-16.0,153.72610043008808
69088,61.0,-15.5,149.95088861814497
69089,61.0,-15.0,153.30922797466096
69090,61.0,-14.5,153.06640752520047
69091,61.0,-14.0,151.57605448900222
69092,61.0,-13.0,154.20112268036746
69093,61.0,-12.5,151.28188306019942
69094,61.0,-12.0,152.82267027776564
69095,61.0,-11.5,150.7668119073273
69096,61.0,-10.5,150.55493682270418
69097,61.0,-10.0,150.61629631316725
69098,61.0,-9.5,152.2888515249701
69099,61.0,-9.0,152.8640782283152
69100,61.0,-8.0,155.92454383672916
69101,61.0,-7.5,149.9367788870498
69102,61.0,-7.0,149.20118993110282
69103,61.0,-6.5,149.9773863403462
69104,61.0,-4.5,150.23072825477564
69105,61.0,-4.0,151.14181161849746
69106,61.0,-3.5,149.48767953415665
69107,61.0,-2.5,149.77237898231107
69108,61.0,-2.0,151.83312862204605
69109,61.0,-1.5,151.38009818586355
69110,61.0,-1.0,152.6988930392281
69111,61.0,0.0,151.1806780024649
69112,61.0,0.5,150.06587365161923
69113,61.0,1.0,155.38506179630158
69114,61.0,1.5,156.32125805294243
69115,61.0,2.0,155.95516832079693
69116,61.0,2.5,150.21290165384943
69117,61.0,3.0,153.58264239333093
69118,61.0,3.5,153.226975440612
69119,61.0,4.0,153.66831753689723
69120,61.0,4.5,154.0895804682652
69121,61.0,5.0,155.06698212423734
69122,61.0,5.5,149.9605817725823
69123,61.0,6.0,150.42226000964084
69124,61.0,6.5,150.17332254583135
69125,61.0,7.0,149.03614306321148
69126,61.0,7.5,151.7329383012072
69127,61.0,8.0,149.62444904692694
69128,61.0,8.5,149.41715447547307
69129,61.0,9.0,151.738045956218
69130,61.0,9.5,150.66041026850408
69131,61.0,10.0,148.0493501700839
69132,61.0,10.5,148.9412309636467
69133,61.0,13.0,150.0658746602404
69134,61.0,13.5,150.36432775681814
69135,61.0,14.0,153.05997422116096
69136,61.0,14.5,152.2648658140489
69137,61.0,15.0,151.9280003468663
69138,61.0,15.5,150.50929515028614
69139,61.0,16.0,150.40402267198937
69140,61.0,16.5,152.69527369981958
69141,61.0,17.0,149.03465216848832
69142,61.0,17.5,153.4336530484563
69143,61.0,18.0,155.3028641540129
69144,61.0,18.5,156.1046802180358
69145,61.0,19.0,154.97842309256723
69146,61.0,19.5,157.09257430494353
69147,61.0,20.0,156.62020395369075
69148,61.0,20.5,152.8937384529939
69149,61.0,21.0,152.2132771806125
69150,61.0,21.5,168.5760866178619
69151,61.0,22.0,150.12448938265004
69152,61.0,22.5,150.51385017108447
69153,61.0,23.0,152.25302026926954
69154,61.0,23.5,151.6592138606124
69155,61.0,24.0,151.81327136891485
69156,61.0,24.5,154.76351249994815
69157,61.0,25.0,154.3685096860854
69158,61.0,25.5,150.5967796808382
69159,61.0,26.0,147.56992256542958
69160,61.0,26.5,145.6785104402467
69161,61.0,27.0,147.4435127444508
69162,61.0,27.5,151.36445388494158
69163,61.0,28.0,152.56218968114337
69164,61.0,28.5,143.13789301252407
69165,61.0,29.0,148.6613313719869
69166,61.0,29.5,149.1016032863599
69167,61.0,30.0,163.09562769527406
69168,61.0,30.5,154.21603749493812
69169,61.0,31.0,155.21957941746973
69170,61.0,31.5,151.83770334383044
69171,61.0,32.0,158.25768434691238
69172,61.0,32.5,156.0434184577377
69173,61.0,33.0,152.55533044939037
69174,61.0,33.5,155.6564555569228
69175,61.0,34.0,157.52567036591296
69176,61.0,34.5,151.82227966750878
69177,61.0,35.0,151.00405392095792
69178,61.0,36.0,149.3296357376442
69179,61.0,37.0,151.364075758141
69180,61.5,-40.0,162.92728671601844
69181,61.5,-37.5,169.3997844721012
69182,61.5,-36.5,150.2124370305078
69183,61.5,-36.0,146.71535007321688
69184,61.5,-35.5,148.50422224922633
69185,61.5,-35.0,151.63000733847645
69186,61.5,-34.5,153.79432502422907
69187,61.5,-34.0,150.45436481001462
69188,61.5,-33.5,152.2598891100348
69189,61.5,-33.0,148.9105986268143
69190,61.5,-32.5,154.44416412464818
69191,61.5,-32.0,152.75704175997018
69192,61.5,-31.5,155.67665280746954
69193,61.5,-31.0,154.3014428448715
69194,61.5,-30.5,154.58149599232127
69195,61.5,-30.0,155.0242271929245
69196,61.5,-29.5,149.5173986841518
69197,61.5,-29.0,155.01663844415168
69198,61.5,-28.5,148.44297427838052
69199,61.5,-28.0,156.8459289962779
69200,61.5,-27.5,150.06989485925456
69201,61.5,-27.0,147.78702110082017
69202,61.5,-26.5,147.95168051350376
69203,61.5,-26.0,149.39047022172602
69204,61.5,-25.5,149.10430851409478
69205,61.5,-25.0,147.96191278345137
69206,61.5,-24.5,147.9962978722914
69207,61.5,-24.0,149.06772421954636
69208,61.5,-23.5,149.18145286014078
69209,61.5,-22.0,149.16683356620064
69210,61.5,-21.5,151.31781569216713
69211,61.5,-21.0,150.03032715290587
69212,61.5,-20.0,149.2529952923802
69213,61.5,-19.5,152.4031999586444
69214,61.5,-19.0,153.0341000019001
69215,61.5,-18.5,149.6267569302149
69216,61.5,-18.0,150.7829074025305
69217,61.5,-17.5,151.2260976040967
69218,61.5,-17.0,151.21803649716563
69219,61.5,-16.5,153.95782438414918
69220,61.5,-16.0,156.17816739768017
69221,61.5,-15.5,153.3535378934896
69222,61.5,-15.0,153.49990632825566
69223,61.5,-14.5,153.086805269773
69224,61.5,-14.0,152.48947849001559
69225,61.5,-13.5,150.15113950209525
69226,61.5,-13.0,152.7095716136463
69227,61.5,-12.5,155.3192199944055
69228,61.5,-12.0,150.78948549212274
69229,61.5,-11.5,152.91229584332456
69230,61.5,-11.0,150.86489114028444
69231,61.5,-10.5,150.54453916599104
69232,61.5,-10.0,151.4759243966289
69233,61.5,-9.5,152.05556057457127
69234,61.5,-8.0,154.88322268458688
69235,61.5,-7.5,152.1496620190385
69236,61.5,-7.0,149.549384525565
69237,61.5,-6.5,149.5980114440415
69238,61.5,-5.0,150.47516033621181
69239,61.5,-4.5,149.23065260769718
69240,61.5,-4.0,149.30302398902634
69241,61.5,-3.5,151.3265488794573
69242,61.5,-3.0,150.19711129478569
69243,61.5,-2.5,150.06429471235532
69244,61.5,-2.0,149.89152157126762
69245,61.5,-1.5,151.71679535129732
69246,61.5,-1.0,151.05483863326566
69247,61.5,-0.5,153.3700470508948
69248,61.5,0.0,151.97752206107432
69249,61.5,0.5,151.70872875306313
69250,61.5,1.0,151.7711274445339
69251,61.5,2.0,153.04224525778054
69252,61.5,2.5,153.11499554782668
69253,61.5,3.0,152.5808674674124
69254,61.5,3.5,151.4693242839146
69255,61.5,4.0,153.75776120690455
69256,61.5,5.0,150.10611618424966
69257,61.5,5.5,152.10980852713388
69258,61.5,6.0,149.9407636555797
69259,61.5,7.0,149.78774033617262
69260,61.5,7.5,148.98725388033426
69261,61.5,8.0,150.51491562433566
69262,61.5,8.5,150.0627839948934
69263,61.5,9.0,151.06609473886428
69264,61.5,9.5,147.55478996346315
69265,61.5,10.0,150.0879540725886
69266,61.5,10.5,149.13665352918065
69267,61.5,11.0,149.24834170442682
69268,61.5,12.5,147.4840633270363
69269,61.5,13.0,147.23058227742382
69270,61.5,13.5,150.46524751673417
69271,61.5,14.0,153.9145700312184
69272,61.5,14.5,153.3296634203354
69273,61.5,15.0,150.79569503769295
69274,61.5,15.5,150.74611812448393
69275,61.5,16.0,149.92771798154052
69276,61.5,16.5,151.9130163325897
69277,61.5,17.0,153.13424826836547
69278,61.5,17.5,151.8669171493204
69279,61.5,18.0,155.46852419526306
69280,61.5,18.5,155.67858738120376
69281,61.5,19.0,154.7732145350929
69282,61.5,19.5,154.6195975162797
69283,61.5,20.0,153.48135604669775
69284,61.5,20.5,152.72497736711833
69285,61.5,21.0,159.07705264138147
69286,61.5,21.5,151.06921899609566
69287,61.5,22.0,151.0326572124175
69288,61.5,22.5,149.80153561999015
69289,61.5,23.0,153.57154500365553
69290,61.5,23.5,151.93008922814988
69291,61.5,24.0,151.23659589940868
69292,61.5,24.5,153.88441196932
69293,61.5,25.0,157.3152826044464
69294,61.5,25.5,155.70643892277857
69295,61.5,26.0,147.8007741737521
69296,61.5,26.5,149.17290753694814
69297,61.5,27.0,149.06166157211268
69298,61.5,27.5,151.92487888063064
69299,61.5,28.5,144.1587483754699
69300,61.5,29.0,150.91828146455808
69301,61.5,29.5,153.05213317687233
69302,61.5,30.0,158.90860481203833
69303,61.5,30.5,153.7307651994874
69304,61.5,31.0,155.2575618711041
69305,61.5,31.5,154.836337364049
69306,61.5,32.0,159.8938959023582
69307,61.5,32.5,154.2976138581828
69308,61.5,33.0,152.17842942498208
69309,61.5,33.5,156.3445598501161
69310,61.5,34.0,155.30609772441198
69311,61.5,34.5,154.03845816437504
69312,61.5,35.0,146.2333880172022
69313,61.5,36.0,149.84470636645875
69314,61.5,37.0,147.50542420704951
69315,62.0,-40.0,163.42201508874533
69316,62.0,-37.5,166.84858257467087
69317,62.0,-36.5,153.0292391586251
69318,62.0,-36.0,146.83830226072436
69319,62.0,-35.5,150.3741843572806
69320,62.0,-35.0,149.95937429346458
69321,62.0,-34.5,153.33872072788193
69322,62.0,-34.0,152.793367434725
69323,62.0,-33.5,152.0497649663945
69324,62.0,-33.0,149.0989791455699
69325,62.0,-32.5,156.29214805038865
69326,62.0,-32.0,152.2591651825076
69327,62.0,-31.5,152.605375807586
69328,62.0,-31.0,151.68181290339237
69329,62.0,-30.5,155.07390512393496
69330,62.0,-30.0,152.8743294372598
69331,62.0,-29.5,151.08872545213555
69332,62.0,-29.0,148.077998514927
69333,62.0,-28.5,152.3419158655298
69334,62.0,-28.0,152.9317672208317
69335,62.0,-27.5,150.6930487971632
69336,62.0,-27.0,148.47557826006394
69337,62.0,-26.5,147.46365518998175
69338,62.0,-26.0,149.25275886474412
69339,62.0,-25.5,149.33416270687727
69340,62.0,-25.0,149.04686353547498
69341,62.0,-24.5,148.35884130103346
69342,62.0,-24.0,149.41967795254183
69343,62.0,-23.5,148.7392825989809
69344,62.0,-22.5,150.53637310256448
69345,62.0,-22.0,149.2410677414044
69346,62.0,-21.5,151.31468331174483
69347,62.0,-21.0,149.76841139258687
69348,62.0,-20.5,149.83786284741257
69349,62.0,-20.0,149.3676931448526
69350,62.0,-19.5,150.60479124297171
69351,62.0,-19.0,152.0766519340164
69352,62.0,-18.5,150.83406826218376
69353,62.0,-18.0,151.61383470148147
69354,62.0,-17.5,150.76058905138237
69355,62.0,-17.0,151.4597405482131
69356,62.0,-16.5,154.94402387871816
69357,62.0,-16.0,154.6769866691945
69358,62.0,-15.5,155.32389097669005
69359,62.0,-15.0,154.1093847712831
69360,62.0,-14.5,151.09327308606203
69361,62.0,-14.0,152.00009420505987
69362,62.0,-13.5,151.14326667688906
69363,62.0,-13.0,149.922105225481
69364,62.0,-12.5,155.43739747272687
69365,62.0,-12.0,152.41081953089076
69366,62.0,-11.5,150.87240403322906
69367,62.0,-11.0,152.7097027207814
69368,62.0,-10.5,150.76397285334536
69369,62.0,-10.0,152.1394207822026
69370,62.0,-8.0,148.14240377214637
69371,62.0,-7.5,149.89606907853536
69372,62.0,-7.0,150.5562649816664
69373,62.0,-6.5,148.9689341292397
69374,62.0,-5.5,150.01811074713348
69375,62.0,-5.0,149.3346271880132
69376,62.0,-4.5,147.63553883707644
69377,62.0,-4.0,148.81850385615206
69378,62.0,-3.5,150.77619565894287
69379,62.0,-3.0,149.8853862115237
69380,62.0,-2.5,149.76227839427696
69381,62.0,-2.0,149.99285328558108
69382,62.0,-1.5,150.3704079099594
69383,62.0,-1.0,152.72280762793815
69384,62.0,-0.5,154.331589820646
69385,62.0,0.0,154.25442400423938
69386,62.0,0.5,151.79147821006677
69387,62.0,1.0,150.96456166247359
69388,62.0,1.5,148.65634147963812
69389,62.0,2.0,151.22689367004963
69390,62.0,2.5,152.2155340313637
69391,62.0,3.0,152.07600484211807
69392,62.0,3.5,150.9994675158282
69393,62.0,4.0,150.997485315814
69394,62.0,4.5,150.93379013978307
69395,62.0,5.0,149.67274642793947
69396,62.0,5.5,150.81729405754263
69397,62.0,6.0,150.9226896302124
69398,62.0,6.5,147.74825415757132
69399,62.0,7.0,151.263970545365
69400,62.0,7.5,149.69498672552461
69401,62.0,8.0,149.89004990113037
69402,62.0,8.5,150.41340690915777
69403,62.0,9.0,148.48649753738388
69404,62.0,9.5,147.59928020355545
69405,62.0,10.0,149.38266849262928
69406,62.0,10.5,149.39130612784467
69407,62.0,11.0,149.26624916530204
69408,62.0,11.5,149.23655450163173
69409,62.0,12.5,147.70070824553616
69410,62.0,13.0,149.44820647356914
69411,62.0,13.5,151.24494633017386
69412,62.0,14.0,153.63983581438114
69413,62.0,14.5,151.42413029042712
69414,62.0,15.0,149.656289742621
69415,62.0,15.5,150.51978974719043
69416,62.0,16.0,152.27294455200027
69417,62.0,16.5,150.46540172349998
69418,62.0,17.0,151.73247507079512
69419,62.0,17.5,154.24155143532263
69420,62.0,18.0,155.1969026961957
69421,62.0,18.5,155.38603310711463
69422,62.0,19.0,155.64767099424907
69423,62.0,19.5,152.75131529846254
69424,62.0,20.0,155.08589016905444
69425,62.0,20.5,152.853204812264
69426,62.0,21.0,158.96642712572782
69427,62.0,21.5,150.82082354595826
69428,62.0,22.0,152.12057284568363
69429,62.0,22.5,150.30973312938102
69430,62.0,23.0,152.6481321161026
69431,62.0,23.5,151.30958551958452
69432,62.0,24.0,151.64527734332103
69433,62.0,24.5,153.30179111085158
69434,62.0,25.0,153.44229438185138
69435,62.0,25.5,154.68104333164885
69436,62.0,26.0,147.2726369838198
69437,62.0,26.5,147.65813968740628
69438,62.0,27.0,151.3114594374763
69439,62.0,27.5,150.90267058593074
69440,62.0,28.0,145.52476257240784
69441,62.0,28.5,149.48420286232337
69442,62.0,29.0,148.42421884098033
69443,62.0,29.5,156.96567395759809
69444,62.0,30.0,158.35231750611564
69445,62.0,30.5,153.67224070229415
69446,62.0,31.0,152.85598359254882
69447,62.0,31.5,155.57893412327067
69448,62.0,32.0,154.9679061941562
69449,62.0,32.5,156.38588047027238
69450,62.0,33.0,152.75119360080663
69451,62.0,33.5,153.95563090365036
69452,62.0,34.0,154.14048667691162
69453,62.0,34.5,151.09423405978592
69454,62.0,35.0,147.23116009179176
69455,62.0,35.5,148.49138239037094
69456,62.0,36.0,149.39944093777456
69457,62.0,36.5,150.63967663180543
69458,62.0,37.0,144.07317842319483
69459,62.5,-40.0,163.84935070153796
69460,62.5,-37.5,164.4763085135684
69461,62.5,-37.0,149.64966680627256
69462,62.5,-36.5,153.0775176174685
69463,62.5,-36.0,147.16899545780257
69464,62.5,-35.5,149.04241576619532
69465,62.5,-35.0,151.53416245788566
69466,62.5,-34.5,152.48894068847497
69467,62.5,-34.0,152.66892885826937
69468,62.5,-33.5,152.39873761537316
69469,62.5,-33.0,149.4448368061888
69470,62.5,-32.5,154.89980305812426
69471,62.5,-32.0,152.60955436519762
69472,62.5,-31.5,153.52707530734142
69473,62.5,-31.0,150.38552808233814
69474,62.5,-30.5,155.69583069602947
69475,62.5,-30.0,152.46171281703278
69476,62.5,-29.5,148.8227795819006
69477,62.5,-29.0,148.16621658012653
69478,62.5,-28.5,151.73534013841422
69479,62.5,-28.0,148.9917488981436
69480,62.5,-27.5,154.54298533193216
69481,62.5,-27.0,149.9715137237668
69482,62.5,-26.5,148.27718852330145
69483,62.5,-26.0,149.92274632432597
69484,62.5,-25.0,149.11686442810475
69485,62.5,-24.5,148.71896730753565
69486,62.5,-24.0,149.15764661375442
69487,62.5,-23.5,148.55944039511726
69488,62.5,-23.0,148.32118919874748
69489,62.5,-22.5,149.52648506007247
69490,62.5,-22.0,152.12448114509746
69491,62.5,-21.5,151.3734865338117
69492,62.5,-20.5,149.1666771195632
69493,62.5,-20.0,150.94883756103366
69494,62.5,-19.5,150.68714893359672
69495,62.5,-19.0,151.66280617779262
69496,62.5,-18.5,153.57274436003195
69497,62.5,-18.0,151.85870290016646
69498,62.5,-17.5,151.3836942261665
69499,62.5,-17.0,152.78710699327237
69500,62.5,-16.5,153.1585895948356
69501,62.5,-16.0,154.71228818914562
69502,62.5,-15.5,157.45806658368355
69503,62.5,-15.0,152.47083424654622
69504,62.5,-14.5,152.3869248999451
69505,62.5,-14.0,149.2613524104453
69506,62.5,-13.5,151.5302352912642
69507,62.5,-13.0,151.95682319419717
69508,62.5,-12.5,150.54813490037844
69509,62.5,-12.0,160.15670582228034
69510,62.5,-11.5,150.7714145375799
69511,62.5,-11.0,151.47107516198076
69512,62.5,-10.5,152.7695355785815
69513,62.5,-10.0,151.90990259361482
69514,62.5,-8.5,162.16113817972007
69515,62.5,-8.0,148.3926379834894
69516,62.5,-7.5,149.60851545757174
69517,62.5,-7.0,152.40264676373138
69518,62.5,-6.5,149.5341842843358
69519,62.5,-6.0,148.57547153744554
69520,62.5,-5.5,149.3200266436623
69521,62.5,-5.0,147.41156862413416
69522,62.5,-4.5,147.45653966868286
69523,62.5,-3.5,148.94467636331953
69524,62.5,-3.0,151.50790432327082
69525,62.5,-2.5,149.58226688635762
69526,62.5,-2.0,149.23586180105505
69527,62.5,-1.5,150.44115234364332
69528,62.5,-1.0,153.0734187290714
69529,62.5,-0.5,153.35317233054934
69530,62.5,0.0,152.23072849427135
69531,62.5,0.5,151.71932561113724
69532,62.5,1.0,150.81115511340184
69533,62.5,1.5,149.8672477855761
69534,62.5,2.0,150.99594749044724
69535,62.5,2.5,151.38242358997533
69536,62.5,3.0,152.35589409809933
69537,62.5,3.5,151.45603405808544
69538,62.5,4.0,149.93818444861586
69539,62.5,4.5,150.12462014709402
69540,62.5,5.0,151.05753230571972
69541,62.5,5.5,149.84916891783027
69542,62.5,6.0,150.94774385461372
69543,62.5,6.5,149.30790641600936
69544,62.5,7.0,150.56572707578485
69545,62.5,7.5,149.0772529911541
69546,62.5,8.0,150.33309789999566
69547,62.5,8.5,150.5256239252739
69548,62.5,9.0,148.55126608810423
69549,62.5,10.5,149.42817850099212
69550,62.5,11.0,149.5068073992271
69551,62.5,11.5,149.39212677110996
69552,62.5,12.0,147.61201565423713
69553,62.5,12.5,148.30957795326142
69554,62.5,13.0,151.51113834041385
69555,62.5,13.5,152.2050876304926
69556,62.5,14.0,151.51438182459268
69557,62.5,14.5,149.26822969133144
69558,62.5,15.0,150.8178850868106
69559,62.5,15.5,153.17774567460205
69560,62.5,16.0,151.45193049459115
69561,62.5,16.5,151.47327383373556
69562,62.5,17.0,150.9845850265646
69563,62.5,17.5,152.72497223300647
69564,62.5,18.5,155.25625944451315
69565,62.5,19.0,153.2846557224421
69566,62.5,19.5,152.81957122187623
69567,62.5,20.0,154.4611097446944
69568,62.5,20.5,153.8192462282696
69569,62.5,21.0,150.91988700892432
69570,62.5,21.5,151.36001735918245
69571,62.5,22.0,150.7650906115568
69572,62.5,22.5,150.208400467399
69573,62.5,23.0,150.5038972826294
69574,62.5,23.5,149.93558285203244
69575,62.5,24.0,152.24675265902977
69576,62.5,24.5,153.41865256212142
69577,62.5,25.0,154.87956361590116
69578,62.5,25.5,152.11859686686557
69579,62.5,26.0,147.5612836630386
69580,62.5,26.5,146.45243876096922
69581,62.5,27.0,150.3890895811756
69582,62.5,27.5,149.1044106478289
69583,62.5,28.0,148.0171088927535
69584,62.5,28.5,155.1648480161102
69585,62.5,29.0,148.74897416960482
69586,62.5,29.5,153.59716359922754
69587,62.5,30.0,155.9760628966675
69588,62.5,30.5,152.27067445402795
69589,62.5,31.0,154.06564486032468
69590,62.5,31.5,158.60523720134657
69591,62.5,32.0,152.94729628840122
69592,62.5,32.5,155.50350773148728
69593,62.5,33.0,151.90671355050353
69594,62.5,33.5,151.9175465482256
69595,62.5,34.0,153.07592725974047
69596,62.5,34.5,151.20743764524937
69597,62.5,35.0,147.37552448722778
69598,62.5,35.5,146.78944035935248
69599,62.5,36.0,149.83159327764287
69600,62.5,36.5,150.4538860738999
69601,62.5,37.0,145.96745380968767
69602,63.0,-40.0,164.3352886369243
69603,63.0,-37.5,162.4642751226146
69604,63.0,-37.0,150.69494020136813
69605,63.0,-36.5,152.69045698571594
69606,63.0,-36.0,147.3133989368189
69607,63.0,-35.5,149.96030635873635
69608,63.0,-35.0,150.54288580166352
69609,63.0,-34.5,151.1820725405187
69610,63.0,-34.0,153.1332943407702
69611,63.0,-33.5,152.92520699317907
69612,63.0,-33.0,149.68549305907106
69613,63.0,-32.5,154.7984100624575
69614,63.0,-32.0,154.70549762446416
69615,63.0,-31.5,152.5801796218016
69616,63.0,-31.0,150.21819412872028
69617,63.0,-30.5,153.57578049704932
69618,63.0,-30.0,151.87965083724959
69619,63.0,-29.5,153.16880512113443
69620,63.0,-29.0,147.2962704671445
69621,63.0,-28.5,153.86257486429145
69622,63.0,-28.0,148.9199069931995
69623,63.0,-27.5,152.51331615362602
69624,63.0,-27.0,150.93455171107144
69625,63.0,-26.5,148.54157354143553
69626,63.0,-26.0,150.30922708517588
69627,63.0,-25.0,149.11391093908978
69628,63.0,-24.5,150.28909405951126
69629,63.0,-24.0,149.03866891408677
69630,63.0,-23.0,148.57342153739248
69631,63.0,-22.5,149.37891677208836
69632,63.0,-22.0,155.9883391233064
69633,63.0,-20.5,150.12858858990333
69634,63.0,-20.0,151.8806903699247
69635,63.0,-19.5,150.8771368674217
69636,63.0,-19.0,152.03349178812235
69637,63.0,-18.5,152.16509575974547
69638,63.0,-18.0,151.97875668418652
69639,63.0,-17.5,153.0779483662188
69640,63.0,-17.0,154.38262757353186
69641,63.0,-16.5,152.91920454938318
69642,63.0,-16.0,152.4461123959437
69643,63.0,-15.5,153.06975566885686
69644,63.0,-14.5,152.83811022738504
69645,63.0,-14.0,150.2501609794316
69646,63.0,-13.5,152.39207821776864
69647,63.0,-13.0,151.51686705760227
69648,63.0,-12.5,152.16025390925964
69649,63.0,-12.0,151.0907458991864
69650,63.0,-11.5,151.2262858052332
69651,63.0,-11.0,151.6186633285083
69652,63.0,-10.5,153.49315506013372
69653,63.0,-10.0,155.76795523006768
69654,63.0,-8.5,148.1168980496864
69655,63.0,-8.0,149.09570769516486
69656,63.0,-7.0,151.64476445299428
69657,63.0,-6.5,151.32290730345372
69658,63.0,-6.0,149.15801305367748
69659,63.0,-5.5,147.87554358722622
69660,63.0,-5.0,147.2837515618316
69661,63.0,-3.0,150.59743336310177
69662,63.0,-2.5,152.1830576695341
69663,63.0,-2.0,149.2321100054524
69664,63.0,-1.0,151.04953410055035
69665,63.0,-0.5,152.38972828087293
69666,63.0,0.0,151.66502591531926
69667,63.0,0.5,152.25298291861102
69668,63.0,1.0,147.65820205741588
69669,63.0,1.5,151.05483948604308
69670,63.0,2.0,150.19630577323966
69671,63.0,3.0,152.70419930705367
69672,63.0,3.5,150.17759658115116
69673,63.0,4.0,149.03247691734035
69674,63.0,4.5,150.17557948895896
69675,63.0,5.0,150.20791285195963
69676,63.0,5.5,151.7039792713587
69677,63.0,6.0,147.7904525164078
69678,63.0,6.5,151.1183848465539
69679,63.0,7.0,148.6386480383299
69680,63.0,7.5,150.72084740570403
69681,63.0,8.0,151.4752849914472
69682,63.0,8.5,149.50319317288017
69683,63.0,9.0,150.0648987392678
69684,63.0,9.5,148.744127381139
69685,63.0,11.0,153.94775574120874
69686,63.0,11.5,148.49679979850043
69687,63.0,12.0,148.27260610070272
69688,63.0,12.5,151.2426088970952
69689,63.0,13.0,151.53624899849194
69690,63.0,13.5,153.84615494232511
69691,63.0,14.0,148.17490367328685
69692,63.0,14.5,149.46914586508518
69693,63.0,15.0,151.90991572747302
69694,63.0,15.5,150.942526325705
69695,63.0,16.0,151.867244905857
69696,63.0,16.5,151.01760056088088
69697,63.0,17.0,151.5205821999724
69698,63.0,17.5,152.61951526619882
69699,63.0,18.0,152.76212254364268
69700,63.0,18.5,154.82725224438252
69701,63.0,19.0,153.15478309145846
69702,63.0,19.5,154.1077001734262
69703,63.0,20.0,152.28573540235487
69704,63.0,20.5,153.67512316157243
69705,63.0,21.0,150.03761422052023
69706,63.0,21.5,151.88713653514338
69707,63.0,22.0,150.42170076880367
69708,63.0,22.5,149.2269652287429
69709,63.0,23.0,150.59810302216846
69710,63.0,23.5,150.23181937566312
69711,63.0,24.0,151.77022233536675
69712,63.0,24.5,152.08055599592447
69713,63.0,25.0,154.6748615963931
69714,63.0,25.5,153.36208407250166
69715,63.0,26.0,152.8216582453923
69716,63.0,26.5,146.9995408938813
69717,63.0,27.0,149.08806537670455
69718,63.0,27.5,152.52803679464947
69719,63.0,28.0,155.3347974749143
69720,63.0,28.5,155.08499091440024
69721,63.0,29.0,154.21472532784594
69722,63.0,29.5,152.11236593005765
69723,63.0,30.0,153.30551014249986
69724,63.0,30.5,154.20827677470217
69725,63.0,31.0,152.9335802098673
69726,63.0,31.5,157.8515176445019
69727,63.0,32.0,153.60486454850343
69728,63.0,32.5,151.54722854785763
69729,63.0,33.0,148.85670440781306
69730,63.0,33.5,149.29492300065237
69731,63.0,34.0,153.93640300340044
69732,63.0,34.5,150.73487771021084
69733,63.0,35.0,146.74458756056194
69734,63.0,35.5,146.35020090700831
69735,63.0,36.0,151.24543524749635
69736,63.0,36.5,149.83101944197608
69737,63.0,37.0,144.2045684383464
69738,63.5,-40.0,164.7795019883376
69739,63.5,-37.5,160.79294104625788
69740,63.5,-37.0,150.2983419673821
69741,63.5,-36.5,157.89154716684592
69742,63.5,-36.0,149.25678167960302
69743,63.5,-35.5,148.31265866356023
69744,63.5,-35.0,151.7010278627137
69745,63.5,-34.5,150.86271501649497
69746,63.5,-34.0,153.861952477155
69747,63.5,-33.5,152.90111284555434
69748,63.5,-33.0,149.58545643559944
69749,63.5,-32.5,151.9712480845461
69750,63.5,-32.0,154.4547775398757
69751,63.5,-31.5,152.4531319501357
69752,63.5,-31.0,149.64030634328807
69753,63.5,-30.5,149.0291943581548
69754,63.5,-30.0,153.9668352513183
69755,63.5,-29.5,153.2513763620811
69756,63.5,-29.0,148.24182599513185
69757,63.5,-28.5,155.7711511659118
69758,63.5,-28.0,150.28151229353008
69759,63.5,-27.5,153.19983644384658
69760,63.5,-27.0,154.1586623575514
69761,63.5,-26.5,150.00848449724734
69762,63.5,-26.0,147.13594233319725
69763,63.5,-25.5,147.6746759426755
69764,63.5,-25.0,147.7894697496953
69765,63.5,-24.5,149.88803436208462
69766,63.5,-24.0,148.18799928331845
69767,63.5,-23.5,148.47095259898146
69768,63.5,-23.0,149.42603969201767
69769,63.5,-22.5,149.74158593185595
69770,63.5,-22.0,151.80251350856048
69771,63.5,-21.0,150.27776871772605
69772,63.5,-20.5,151.8117552664575
69773,63.5,-20.0,151.33309684185951
69774,63.5,-19.5,152.12911138065215
69775,63.5,-19.0,152.09179522473855
69776,63.5,-18.5,153.12355920825493
69777,63.5,-18.0,152.16987670732678
69778,63.5,-17.5,157.58254172610134
69779,63.5,-17.0,153.46797485257758
69780,63.5,-16.5,152.62896295314752
69781,63.5,-16.0,154.15776859650018
69782,63.5,-15.5,149.13212431338476
69783,63.5,-14.5,150.12272773178753
69784,63.5,-14.0,153.35180048453685
69785,63.5,-13.5,151.1744500761769
69786,63.5,-13.0,152.2397692996725
69787,63.5,-12.5,152.11409564035412
69788,63.5,-12.0,150.2291469989821
69789,63.5,-11.5,151.0343429493187
69790,63.5,-11.0,151.66419611254054
69791,63.5,-10.0,155.91396654801272
69792,63.5,-9.0,147.8867435348314
69793,63.5,-8.5,148.637695962967
69794,63.5,-8.0,149.2955323900592
69795,63.5,-7.0,161.18828517439107
69796,63.5,-6.5,149.8455459792438
69797,63.5,-6.0,149.23735173231373
69798,63.5,-5.5,148.15722909627198
69799,63.5,-3.0,149.59008887877482
69800,63.5,-2.5,151.66956970634507
69801,63.5,-2.0,149.24252608770598
69802,63.5,-1.5,149.98113954117855
69803,63.5,-1.0,150.7071413142548
69804,63.5,-0.5,150.82070040109403
69805,63.5,0.0,152.0223861470257
69806,63.5,0.5,149.5865053448685
69807,63.5,1.0,151.2590451438095
69808,63.5,1.5,150.10402855481118
69809,63.5,2.0,150.96673343374113
69810,63.5,2.5,150.35912014121638
69811,63.5,3.0,151.8703059994826
69812,63.5,3.5,148.62975627954992
69813,63.5,4.0,150.44586636118342
69814,63.5,4.5,150.3477699228454
69815,63.5,5.0,148.48966147072608
69816,63.5,5.5,149.76015023055226
69817,63.5,6.0,149.95577595616547
69818,63.5,6.5,149.16735688758766
69819,63.5,7.0,150.5612013345193
69820,63.5,7.5,149.2130884560347
69821,63.5,8.0,151.47534018674335
69822,63.5,8.5,148.69878976546113
69823,63.5,9.0,149.66710833602122
69824,63.5,9.5,149.6806870489972
69825,63.5,10.0,148.59968805708002
69826,63.5,11.0,153.34135405046604
69827,63.5,11.5,148.36252872036152
69828,63.5,12.0,149.73058812754562
69829,63.5,12.5,150.55229161963467
69830,63.5,13.0,153.0621357713494
69831,63.5,13.5,147.9900735885074
69832,63.5,14.0,149.40333213381473
69833,63.5,14.5,149.35082067158498
69834,63.5,15.0,149.78428158320165
69835,63.5,15.5,151.6137339625247
69836,63.5,16.0,150.23125633995156
69837,63.5,16.5,151.63202539585615
69838,63.5,17.0,150.84362547958284
69839,63.5,18.0,152.73644733883077
69840,63.5,18.5,152.08280012137755
69841,63.5,19.0,153.65679522720316
69842,63.5,19.5,154.7675471212291
69843,63.5,20.0,151.4007561439277
69844,63.5,20.5,151.81785770697687
69845,63.5,21.0,152.66569957700872
69846,63.5,21.5,150.07989154557515
69847,63.5,22.0,150.3225566381448
69848,63.5,22.5,149.05392730709414
69849,63.5,23.0,150.42653220423122
69850,63.5,23.5,151.15543462099464
69851,63.5,24.0,151.51344043838202
69852,63.5,24.5,150.9246468218038
69853,63.5,25.0,154.08345985410074
69854,63.5,25.5,153.43173041154859
69855,63.5,26.0,150.98749508077861
69856,63.5,26.5,151.97680166269188
69857,63.5,27.0,151.98294088121784
69858,63.5,27.5,153.38266158795773
69859,63.5,28.0,152.75517354972266
69860,63.5,28.5,155.15346279178138
69861,63.5,29.0,154.6882448808378
69862,63.5,29.5,152.21651382792697
69863,63.5,30.0,152.0199763512073
69864,63.5,30.5,153.99216100146884
69865,63.5,31.0,161.59977278764296
69866,63.5,31.5,154.6125838791739
69867,63.5,32.0,152.5166122285588
69868,63.5,32.5,147.94549910141083
69869,63.5,33.0,146.20484393067625
69870,63.5,33.5,149.21361033537673
69871,63.5,34.0,149.99315062597566
69872,63.5,34.5,148.74671518581155
69873,63.5,35.0,150.5252721292133
69874,63.5,35.5,145.36318942431885
69875,63.5,36.0,149.73248139259587
69876,63.5,36.5,149.57404213691254
69877,63.5,37.0,144.16149344834287
69878,63.5,39.5,163.1092803697264
69879,64.0,-40.0,165.01556654548796
69880,64.0,-39.5,165.20924770847736
69881,64.0,-37.5,159.32227105375972
69882,64.0,-37.0,150.20418652527442
69883,64.0,-36.5,159.21025590994134
69884,64.0,-36.0,147.47419918605806
69885,64.0,-35.5,148.90980392418223
69886,64.0,-35.0,151.79380657305686
69887,64.0,-34.5,151.77715805155057
69888,64.0,-34.0,150.87397570028475
69889,64.0,-33.5,152.7453707826777
69890,64.0,-33.0,149.7864188572858
69891,64.0,-32.5,152.69991192853536
69892,64.0,-32.0,155.68711534460667
69893,64.0,-31.5,153.2814226804942
69894,64.0,-31.0,147.26589889521222
69895,64.0,-30.5,148.2672874875363
69896,64.0,-30.0,153.50348149932907
69897,64.0,-29.5,155.95275816896674
69898,64.0,-29.0,148.2863249997205
69899,64.0,-28.5,150.1919267207704
69900,64.0,-28.0,153.49622973811478
69901,64.0,-27.5,150.7186538632547
69902,64.0,-27.0,154.364436964621
69903,64.0,-26.5,150.578509722812
69904,64.0,-26.0,147.44578322300643
69905,64.0,-25.5,146.9564110228478
69906,64.0,-25.0,150.5327458539424
69907,64.0,-24.5,150.08169710442075
69908,64.0,-23.5,148.91485664475158
69909,64.0,-23.0,149.52979164845055
69910,64.0,-22.5,149.8931799229591
69911,64.0,-22.0,147.7223985145465
69912,64.0,-21.0,150.6876733496423
69913,64.0,-20.5,151.9789557592177
69914,64.0,-20.0,152.19621123805166
69915,64.0,-19.5,152.28234539399216
69916,64.0,-19.0,151.31593670273102
69917,64.0,-18.5,152.556183736634
69918,64.0,-18.0,153.71297024360015
69919,64.0,-17.5,153.60793656505632
69920,64.0,-17.0,153.5450424369011
69921,64.0,-16.5,156.22077642887226
69922,64.0,-16.0,151.05240364463307
69923,64.0,-15.0,152.70897969978157
69924,64.0,-14.5,149.71389421576177
69925,64.0,-14.0,152.5809913918811
69926,64.0,-13.5,151.6771457426326
69927,64.0,-13.0,151.5171958858331
69928,64.0,-12.5,152.58042569029388
69929,64.0,-12.0,151.2633699558568
69930,64.0,-11.5,151.50415407743
69931,64.0,-10.0,156.62682698663443
69932,64.0,-9.0,148.2847010422237
69933,64.0,-8.5,149.04563784598236
69934,64.0,-7.0,149.2443118494556
69935,64.0,-6.5,148.74562281605145
69936,64.0,-6.0,148.67905564925456
69937,64.0,-5.5,149.3308742049134
69938,64.0,-5.0,148.9120949387304
69939,64.0,-2.5,151.80253320351378
69940,64.0,-2.0,153.09157742471473
69941,64.0,-1.5,149.86019943649998
69942,64.0,-1.0,150.60876233501443
69943,64.0,-0.5,149.70022318908954
69944,64.0,0.0,149.4850350357686
69945,64.0,0.5,151.13399481205775
69946,64.0,1.0,150.5433741737967
69947,64.0,1.5,151.71489983537933
69948,64.0,2.0,151.5189702597104
69949,64.0,2.5,150.4742448552349
69950,64.0,3.0,148.34907262678482
69951,64.0,3.5,149.78845671187
69952,64.0,4.0,150.7337747538296
69953,64.0,4.5,149.27880673931378
69954,64.0,5.0,148.42116562678913
69955,64.0,5.5,147.95780286425162
69956,64.0,6.0,149.99973292854497
69957,64.0,6.5,148.84091741758064
69958,64.0,7.0,150.5601423602393
69959,64.0,7.5,150.0176084079972
69960,64.0,8.0,147.58250635465825
69961,64.0,8.5,149.29678131118536
69962,64.0,9.0,149.2118805789968
69963,64.0,9.5,149.87611639694236
69964,64.0,10.0,149.06003354407866
69965,64.0,11.0,148.90308187347674
69966,64.0,11.5,149.77386409108297
69967,64.0,12.0,151.47513562116845
69968,64.0,12.5,152.02792615489903
69969,64.0,13.0,150.95870968479568
69970,64.0,13.5,147.90426565969972
69971,64.0,14.0,149.02413051175324
69972,64.0,15.0,149.69529948162568
69973,64.0,15.5,150.76591522734435
69974,64.0,16.0,151.68433675407806
69975,64.0,16.5,150.77508473697705
69976,64.0,17.0,151.90419050112803
69977,64.0,18.0,151.19592676263267
69978,64.0,18.5,152.05761542170757
69979,64.0,19.0,156.61714963618405
69980,64.0,19.5,152.5783978977142
69981,64.0,20.0,152.20830492092182
69982,64.0,20.5,150.6067432955309
69983,64.0,21.0,152.79013933620283
69984,64.0,21.5,150.27996868749818
69985,64.0,22.0,150.1882712028832
69986,64.0,22.5,149.03736275644403
69987,64.0,23.0,149.9899070972107
69988,64.0,23.5,150.7917414886032
69989,64.0,24.0,151.80161457054615
69990,64.0,24.5,150.60365927415506
69991,64.0,25.0,153.35391472540095
69992,64.0,25.5,155.3450530038919
69993,64.0,26.0,156.15517091926773
69994,64.0,26.5,151.4937821067129
69995,64.0,27.0,151.55219429073486
69996,64.0,27.5,151.50797698212727
69997,64.0,28.0,150.51669871378076
69998,64.0,28.5,152.4006592346519
69999,64.0,29.0,155.5665568950983
70000,64.0,29.5,154.07902275628223
70001,64.0,30.0,150.23582006463997
70002,64.0,30.5,154.13311201597634
70003,64.0,31.0,155.72908828109038
70004,64.0,31.5,154.04743636379925
70005,64.0,32.0,152.86927479905162
70006,64.0,32.5,146.95680743316095
70007,64.0,33.0,143.5433589088012
70008,64.0,33.5,148.60664430651934
70009,64.0,34.0,151.12414104180274
70010,64.0,34.5,147.0751468584496
70011,64.0,35.0,150.69749843846463
70012,64.0,35.5,142.85027244373182
70013,64.0,36.0,149.96600835522185
70014,64.0,36.5,149.2192537838125
70015,64.0,37.0,144.50377856870355
70016,64.0,39.5,163.62316518004928
70017,64.5,-39.5,165.44549960398905
70018,64.5,-38.0,161.52342996241524
70019,64.5,-37.5,158.09626775708156
70020,64.5,-37.0,152.05544646576317
70021,64.5,-36.5,158.52578167313
70022,64.5,-36.0,148.49053070340145
70023,64.5,-35.5,148.90067636382247
70024,64.5,-35.0,152.0228254491922
70025,64.5,-34.5,152.14681245917347
70026,64.5,-34.0,150.52693070482985
70027,64.5,-33.5,153.40957693620862
70028,64.5,-33.0,150.974837719261
70029,64.5,-32.5,153.21421325152107
70030,64.5,-32.0,155.7322250339886
70031,64.5,-31.5,153.9816465663999
70032,64.5,-31.0,147.21932197085508
70033,64.5,-30.5,152.6901322555955
70034,64.5,-30.0,152.35516695962423
70035,64.5,-29.5,153.1217229737288
70036,64.5,-29.0,148.32430810623467
70037,64.5,-28.5,149.564313855482
70038,64.5,-28.0,155.71522188624516
70039,64.5,-27.5,148.6006153977906
70040,64.5,-27.0,153.81555417094737
70041,64.5,-26.5,153.57696576563063
70042,64.5,-26.0,151.21890186129065
70043,64.5,-25.5,146.74066691983737
70044,64.5,-25.0,150.30754506728852
70045,64.5,-23.5,149.2574312266376
70046,64.5,-23.0,150.1485740162564
70047,64.5,-22.0,147.58980406903925
70048,64.5,-21.5,150.79524821770863
70049,64.5,-21.0,151.53361675962594
70050,64.5,-20.5,152.34824260091068
70051,64.5,-20.0,151.15521103880727
70052,64.5,-19.5,151.0665688742324
70053,64.5,-19.0,152.21085737450883
70054,64.5,-18.5,151.75667500719655
70055,64.5,-18.0,156.84131774720237
70056,64.5,-17.5,152.33542766733356
70057,64.5,-17.0,153.7424820565698
70058,64.5,-16.5,151.68741903926625
70059,64.5,-16.0,149.88741950313724
70060,64.5,-15.5,150.25711196507058
70061,64.5,-15.0,150.54839749183574
70062,64.5,-14.5,153.25781062561413
70063,64.5,-14.0,150.79991647296958
70064,64.5,-13.5,154.84744954549043
70065,64.5,-13.0,151.43236575178986
70066,64.5,-12.5,151.67354762980437
70067,64.5,-12.0,152.24960468580343
70068,64.5,-11.5,151.89665475732704
70069,64.5,-11.0,160.6464416341884
70070,64.5,-9.5,147.89262501953624
70071,64.5,-9.0,148.78075593530738
70072,64.5,-7.5,149.18017338543478
70073,64.5,-7.0,148.85996749280545
70074,64.5,-6.5,147.17968759318612
70075,64.5,-6.0,151.64539475240167
70076,64.5,-5.5,149.4638780057143
70077,64.5,-5.0,150.1914124178328
70078,64.5,-4.5,148.72896663924877
70079,64.5,-3.5,165.32720289472667
70080,64.5,-2.0,152.86710570511002
70081,64.5,-1.5,152.00358998782323
70082,64.5,-1.0,150.1250344289879
70083,64.5,-0.5,149.755382680777
70084,64.5,0.0,149.59575568646426
70085,64.5,0.5,150.49996103798753
70086,64.5,1.0,150.43892570660935
70087,64.5,1.5,151.105413275114
70088,64.5,2.0,151.0451214056031
70089,64.5,2.5,150.46497888691144
70090,64.5,3.0,148.79823965492474
70091,64.5,3.5,150.70052983138032
70092,64.5,4.0,151.58454414855
70093,64.5,4.5,149.2683019469849
70094,64.5,5.0,149.08049345885928
70095,64.5,5.5,149.96752807021758
70096,64.5,6.0,148.16385495235556
70097,64.5,6.5,151.33922278226817
70098,64.5,7.0,149.04999518026588
70099,64.5,7.5,149.74692760676967
70100,64.5,8.0,149.29730778589806
70101,64.5,9.0,149.39093560329505
70102,64.5,9.5,148.84669506238933
70103,64.5,10.0,150.06294749850855
70104,64.5,10.5,148.65792439215588
70105,64.5,11.0,147.36475159470015
70106,64.5,11.5,152.06516229565503
70107,64.5,12.0,151.5364703663748
70108,64.5,12.5,153.69905810910163
70109,64.5,13.0,149.1533379748717
70110,64.5,13.5,149.4894985095295
70111,64.5,14.0,149.18726478980506
70112,64.5,14.5,149.8011284732015
70113,64.5,15.0,149.75618773653866
70114,64.5,15.5,150.17189361596684
70115,64.5,16.0,151.34983092840898
70116,64.5,16.5,150.75882339612193
70117,64.5,17.0,152.39907465904125
70118,64.5,18.0,151.1259284123616
70119,64.5,18.5,151.76525916503934
70120,64.5,19.0,151.56545067232676
70121,64.5,19.5,152.2966397084261
70122,64.5,20.0,152.24920083572184
70123,64.5,20.5,152.00056681306663
70124,64.5,21.0,151.01714158132884
70125,64.5,21.5,151.37619290220536
70126,64.5,22.0,148.483960269647
70127,64.5,22.5,149.88764399104673
70128,64.5,23.0,151.15546720260002
70129,64.5,23.5,151.00046649670693
70130,64.5,24.0,150.9548767852046
70131,64.5,24.5,149.8597061846252
70132,64.5,25.0,153.6218506618684
70133,64.5,25.5,153.82099244655492
70134,64.5,26.0,156.15089860628177
70135,64.5,26.5,149.15255094831943
70136,64.5,27.0,151.79077021662144
70137,64.5,27.5,149.16883656681281
70138,64.5,28.0,153.30568015973324
70139,64.5,28.5,153.7240506074571
70140,64.5,29.0,153.14915739333097
70141,64.5,29.5,151.5227825943764
70142,64.5,30.0,152.18441098197297
70143,64.5,30.5,151.51357123803805
70144,64.5,31.0,152.00543952132355
70145,64.5,31.5,152.56985656030793
70146,64.5,32.0,153.32165506637122
70147,64.5,32.5,148.16068499189728
70148,64.5,33.0,144.0833444328336
70149,64.5,33.5,146.78535126334722
70150,64.5,34.0,151.21662373912366
70151,64.5,34.5,146.07035215370652
70152,64.5,35.0,151.01514269520155
70153,64.5,35.5,144.11901680446252
70154,64.5,36.0,150.40278038850718
70155,64.5,36.5,148.9217498840828
70156,64.5,37.0,145.26460020697883
70157,64.5,39.5,164.04372700971376
70158,64.5,40.0,164.20530059904118
70159,65.0,-39.5,165.65307777123488
70160,65.0,-38.0,160.5238830874505
70161,65.0,-37.5,156.70286247408978
70162,65.0,-37.0,154.50885225051567
70163,65.0,-36.5,172.89588517016716
70164,65.0,-36.0,147.7280935769543
70165,65.0,-35.5,148.94844700339948
70166,65.0,-35.0,151.40068134035297
70167,65.0,-34.5,153.22232786548713
70168,65.0,-34.0,150.32019694080526
70169,65.0,-33.5,152.2703639999291
70170,65.0,-33.0,150.7759397197671
70171,65.0,-32.5,157.1923188929759
70172,65.0,-32.0,153.38132689092373
70173,65.0,-31.5,153.7641696832143
70174,65.0,-31.0,147.61704787231756
70175,65.0,-30.5,156.54333258337664
70176,65.0,-30.0,155.02739835776183
70177,65.0,-29.5,151.14615372593732
70178,65.0,-29.0,161.07573274228582
70179,65.0,-28.5,149.35534400074465
70180,65.0,-28.0,157.82686838005293
70181,65.0,-27.5,149.76696598739474
70182,65.0,-27.0,154.2908056539114
70183,65.0,-26.5,153.69302084065473
70184,65.0,-26.0,149.77629524418973
70185,65.0,-25.5,147.7391581087116
70186,65.0,-25.0,148.0058456802472
70187,65.0,-24.0,149.97303564218285
70188,65.0,-23.5,150.552967685456
70189,65.0,-23.0,150.08414178537126
70190,65.0,-22.0,149.5651551674793
70191,65.0,-21.5,149.92474665219342
70192,65.0,-21.0,152.39545054354681
70193,65.0,-20.5,151.37742221071267
70194,65.0,-20.0,150.13537485202488
70195,65.0,-19.5,151.16773247624053
70196,65.0,-19.0,150.8147928689358
70197,65.0,-18.5,154.28204549552163
70198,65.0,-18.0,153.28558687357793
70199,65.0,-17.5,149.34036131145086
70200,65.0,-17.0,153.46861984507234
70201,65.0,-16.5,149.5794549599543
70202,65.0,-16.0,153.87238739737128
70203,65.0,-15.5,151.01313428846373
70204,65.0,-15.0,150.01438570733498
70205,65.0,-14.5,151.5397808910834
70206,65.0,-14.0,151.06867563354328
70207,65.0,-13.5,152.847546042846
70208,65.0,-13.0,152.85861871901014
70209,65.0,-12.5,151.70960241684884
70210,65.0,-12.0,152.05043965702
70211,65.0,-11.5,153.25720683567243
70212,65.0,-11.0,152.30573792326788
70213,65.0,-10.0,147.75005430996762
70214,65.0,-9.5,148.40561301747087
70215,65.0,-7.5,148.70866125195118
70216,65.0,-7.0,147.80061609300404
70217,65.0,-6.5,147.02584523687682
70218,65.0,-6.0,160.27180410096628
70219,65.0,-5.5,149.02171663594044
70220,65.0,-5.0,148.99224155850172
70221,65.0,-4.5,150.46578917489524
70222,65.0,-3.0,155.99499776877178
70223,65.0,-2.5,156.15014645439058
70224,65.0,-2.0,152.43448537044216
70225,65.0,-1.5,151.68161725849927
70226,65.0,-1.0,147.5733260311018
70227,65.0,-0.5,150.1572980540273
70228,65.0,0.0,151.78447405213592
70229,65.0,0.5,150.0391797819791
70230,65.0,1.0,151.48591729334882
70231,65.0,1.5,150.65318297051232
70232,65.0,2.0,151.32716871719683
70233,65.0,2.5,147.52891002637705
70234,65.0,3.0,150.8362470790655
70235,65.0,3.5,149.57861844182017
70236,65.0,5.0,150.47856020517267
70237,65.0,5.5,148.69708617186356
70238,65.0,6.0,149.63061732607275
70239,65.0,6.5,149.63688098937462
70240,65.0,7.0,149.85292929740623
70241,65.0,7.5,148.48926670373322
70242,65.0,8.0,150.3536614507735
70243,65.0,8.5,149.23149181907962
70244,65.0,9.5,152.02840218063463
70245,65.0,10.0,149.5872859701019
70246,65.0,10.5,149.10603328684564
70247,65.0,11.0,150.89919476750396
70248,65.0,11.5,152.08669183659384
70249,65.0,12.0,153.76037783694437
70250,65.0,12.5,149.01189438580437
70251,65.0,13.0,150.04964114817253
70252,65.0,13.5,149.77821578279622
70253,65.0,14.0,149.91144641232805
70254,65.0,14.5,149.89558925033725
70255,65.0,15.0,150.0002018101656
70256,65.0,15.5,150.18932870756782
70257,65.0,16.0,150.51483171499615
70258,65.0,16.5,152.32959698183728
70259,65.0,17.5,151.51807395914946
70260,65.0,18.0,151.17749897749854
70261,65.0,19.0,151.69268343837103
70262,65.0,20.0,152.0710351295805
70263,65.0,20.5,152.17982929536015
70264,65.0,21.0,150.47435363654918
70265,65.0,21.5,151.08614159482232
70266,65.0,22.0,148.06454909335963
70267,65.0,22.5,149.62667191388306
70268,65.0,23.0,149.655742367685
70269,65.0,23.5,150.83588095481662
70270,65.0,24.0,150.66851855778594
70271,65.0,24.5,149.80916281061948
70272,65.0,25.0,152.36841005514069
70273,65.0,25.5,157.47211573444727
70274,65.0,26.0,150.81236933604362
70275,65.0,26.5,149.8901974828925
70276,65.0,27.0,152.67830530957244
70277,65.0,27.5,149.57396691876713
70278,65.0,28.0,153.466976535462
70279,65.0,28.5,153.92649468840844
70280,65.0,29.0,155.87361573063478
70281,65.0,29.5,158.38114058165593
70282,65.0,30.0,151.36868439283828
70283,65.0,30.5,150.61073793228869
70284,65.0,31.0,152.9244743102934
70285,65.0,31.5,152.63565185942673
70286,65.0,32.0,151.89032099272444
70287,65.0,32.5,149.2542737306516
70288,65.0,33.0,144.00969112001826
70289,65.0,33.5,146.63458868489369
70290,65.0,34.0,152.4701788923916
70291,65.0,34.5,148.49717895578692
70292,65.0,35.0,147.4250688788032
70293,65.0,35.5,144.29916723192864
70294,65.0,36.0,150.01829877639472
70295,65.0,36.5,148.66353481239824
70296,65.0,37.0,149.83037279013737
70297,65.0,40.0,165.94338159717745
70298,65.5,-39.5,165.636746904674
70299,65.5,-38.0,159.4080924128287
70300,65.5,-37.5,154.34049960667755
70301,65.5,-37.0,160.29997730416045
70302,65.5,-36.0,147.9860159212531
70303,65.5,-35.5,148.4089638256157
70304,65.5,-35.0,152.45096997400546
70305,65.5,-34.5,152.34382497232463
70306,65.5,-34.0,150.45747227287526
70307,65.5,-33.5,145.6876241718651
70308,65.5,-33.0,150.25328678548897
70309,65.5,-32.5,157.17794285319448
70310,65.5,-32.0,151.29023109556073
70311,65.5,-31.5,152.74141034282997
70312,65.5,-31.0,149.4945027939794
70313,65.5,-30.5,151.92492202764905
70314,65.5,-30.0,154.383642644072
70315,65.5,-29.5,150.77888741973436
70316,65.5,-29.0,159.86562837731532
70317,65.5,-28.5,149.28557248278662
70318,65.5,-28.0,166.42916259810184
70319,65.5,-27.5,155.01746051722105
70320,65.5,-27.0,155.0486127534219
70321,65.5,-26.5,155.0354154249514
70322,65.5,-26.0,147.1374777254759
70323,65.5,-25.5,150.85960553651705
70324,65.5,-25.0,146.32834036810212
70325,65.5,-24.0,150.04449066326515
70326,65.5,-23.5,152.58419836694654
70327,65.5,-23.0,149.50937159852896
70328,65.5,-22.5,148.5560357544533
70329,65.5,-22.0,152.4555210390632
70330,65.5,-21.5,149.89171269359505
70331,65.5,-21.0,151.71585018138262
70332,65.5,-20.5,149.32107888396186
70333,65.5,-20.0,150.60059348485723
70334,65.5,-19.5,151.83848300807236
70335,65.5,-19.0,152.2187894997116
70336,65.5,-18.5,156.40354658724686
70337,65.5,-18.0,149.65380953218946
70338,65.5,-17.5,154.691008461613
70339,65.5,-17.0,151.00695131168428
70340,65.5,-16.5,152.22092199813028
70341,65.5,-16.0,152.69614871008915
70342,65.5,-15.5,150.70191827200074
70343,65.5,-15.0,150.27409843378837
70344,65.5,-14.5,149.17097854559375
70345,65.5,-14.0,153.41894344378088
70346,65.5,-13.5,151.13391980395576
70347,65.5,-13.0,151.13969661678905
70348,65.5,-12.5,151.12563280247272
70349,65.5,-12.0,151.2232564200547
70350,65.5,-11.5,153.28693827636042
70351,65.5,-11.0,152.79486447203865
70352,65.5,-10.5,150.53117843271303
70353,65.5,-10.0,148.07942473552575
70354,65.5,-9.5,148.460214168691
70355,65.5,-8.0,148.5791815350187
70356,65.5,-7.5,148.3296437031493
70357,65.5,-7.0,146.96893786771219
70358,65.5,-6.0,154.1242277009261
70359,65.5,-5.5,154.05390865636906
70360,65.5,-5.0,149.23269053601146
70361,65.5,-4.5,151.17096864155874
70362,65.5,-4.0,150.33901070190913
70363,65.5,-3.0,154.8812297098657
70364,65.5,-2.5,156.11471230589194
70365,65.5,-2.0,151.44784224098674
70366,65.5,-1.5,151.87019831160006
70367,65.5,-1.0,149.44948726366053
70368,65.5,-0.5,150.12581362319185
70369,65.5,0.0,151.48021397914044
70370,65.5,1.0,151.04606818267118
70371,65.5,1.5,151.62250266150153
70372,65.5,2.0,149.69489558584556
70373,65.5,2.5,150.83931736710392
70374,65.5,3.0,151.0888727828797
70375,65.5,3.5,149.9394541855152
70376,65.5,4.0,148.40428340838733
70377,65.5,4.5,152.5173886421873
70378,65.5,5.0,149.51747415346358
70379,65.5,5.5,149.10702933421513
70380,65.5,6.0,149.99417047892405
70381,65.5,6.5,149.14758685623957
70382,65.5,7.0,149.0293150316441
70383,65.5,7.5,149.52220848706014
70384,65.5,8.0,149.9930257498172
70385,65.5,8.5,151.46572578155627
70386,65.5,9.0,150.36954434263495
70387,65.5,9.5,154.7243050432285
70388,65.5,10.0,148.88963596386841
70389,65.5,10.5,149.97039447627984
70390,65.5,11.0,151.29878974573194
70391,65.5,11.5,154.91916365206865
70392,65.5,12.0,151.7840241408242
70393,65.5,12.5,149.98777160660924
70394,65.5,13.0,149.72339706379753
70395,65.5,13.5,150.9607133577175
70396,65.5,14.0,149.99408510927492
70397,65.5,14.5,153.93047172944497
70398,65.5,15.0,149.92249338439848
70399,65.5,15.5,150.49525456064427
70400,65.5,16.5,152.36002196410334
70401,65.5,17.0,151.94697022197056
70402,65.5,17.5,151.2115209058186
70403,65.5,18.5,151.0185058600477
70404,65.5,19.0,151.33462560393323
70405,65.5,19.5,151.26396789949783
70406,65.5,20.0,152.7714581222865
70407,65.5,20.5,151.5106156065125
70408,65.5,21.0,150.3971662382604
70409,65.5,21.5,149.610325524494
70410,65.5,22.0,149.13616726908302
70411,65.5,22.5,149.8081408085419
70412,65.5,23.0,150.03728411205114
70413,65.5,23.5,149.0674734993564
70414,65.5,24.0,150.21475761384664
70415,65.5,24.5,149.72744644558918
70416,65.5,25.0,149.76043191861328
70417,65.5,25.5,160.45669719752217
70418,65.5,26.0,151.70518777631682
70419,65.5,26.5,146.42161347380352
70420,65.5,27.0,150.60810224248482
70421,65.5,27.5,148.31010173994787
70422,65.5,28.0,149.99220209352015
70423,65.5,28.5,152.1888569362518
70424,65.5,29.0,151.1943878786032
70425,65.5,29.5,154.62741219358608
70426,65.5,30.0,147.34842487723907
70427,65.5,30.5,147.78805791907413
70428,65.5,31.0,147.9720278521618
70429,65.5,31.5,151.14612494518587
70430,65.5,32.0,151.55223948896187
70431,65.5,32.5,148.24640825675715
70432,65.5,33.0,146.08294789315462
70433,65.5,33.5,146.44705177105092
70434,65.5,34.0,153.68247149645086
70435,65.5,34.5,148.56617009268433
70436,65.5,35.0,147.3044251823373
70437,65.5,35.5,144.34744866807807
70438,65.5,36.0,149.40928410579812
70439,65.5,37.0,149.39785495273688
70440,65.5,40.0,164.68293097617723
70441,66.0,-39.5,165.5157846582838
70442,66.0,-38.0,158.59466283358302
70443,66.0,-37.5,153.9678837704386
70444,66.0,-37.0,160.38024675328208
70445,66.0,-36.0,149.816553042475
70446,66.0,-35.5,147.2518250685693
70447,66.0,-35.0,151.8120140053214
70448,66.0,-34.5,154.21907420913763
70449,66.0,-34.0,148.35419338554266
70450,66.0,-33.5,145.51657759003984
70451,66.0,-33.0,151.18464820940548
70452,66.0,-32.5,156.59662350430142
70453,66.0,-32.0,151.66818340091675
70454,66.0,-31.5,152.17065901950957
70455,66.0,-31.0,150.0877213475004
70456,66.0,-30.5,149.80283868889268
70457,66.0,-30.0,151.99290087233726
70458,66.0,-29.5,154.0127853232563
70459,66.0,-29.0,156.56649623041943
70460,66.0,-28.5,149.51957506466036
70461,66.0,-28.0,151.26957119642077
70462,66.0,-27.5,158.67429350797033
70463,66.0,-27.0,151.15528085120766
70464,66.0,-26.5,154.35625426274646
70465,66.0,-26.0,151.4442845096915
70466,66.0,-25.5,151.70915953684485
70467,66.0,-25.0,146.51794655311875
70468,66.0,-24.5,147.93477134909594
70469,66.0,-24.0,152.89813762094295
70470,66.0,-23.5,152.88018537860341
70471,66.0,-22.5,150.43420185201845
70472,66.0,-22.0,151.7649629151532
70473,66.0,-21.5,149.73277903642347
70474,66.0,-21.0,148.8080467905909
70475,66.0,-20.5,148.95180727771273
70476,66.0,-20.0,151.4032145863244
70477,66.0,-19.5,149.84402617241687
70478,66.0,-19.0,152.35614614272194
70479,66.0,-18.5,152.23836310449482
70480,66.0,-18.0,149.91301624555615
70481,66.0,-17.5,153.59512364192358
70482,66.0,-17.0,150.1766727480909
70483,66.0,-16.5,152.12269809986228
70484,66.0,-16.0,151.8908865733948
70485,66.0,-15.5,150.66993670386142
70486,66.0,-15.0,150.1628426189782
70487,66.0,-14.5,151.4214745125327
70488,66.0,-14.0,153.76601078770253
70489,66.0,-13.5,151.6698183241211
70490,66.0,-13.0,151.25660242675502
70491,66.0,-12.5,150.31215114493267
70492,66.0,-12.0,151.0572187631761
70493,66.0,-11.5,150.76938114561275
70494,66.0,-11.0,153.45734895831723
70495,66.0,-10.5,148.94734351290157
70496,66.0,-10.0,149.93557666847653
70497,66.0,-8.5,148.55351292190326
70498,66.0,-8.0,148.37669707257584
70499,66.0,-7.5,146.80988478583382
70500,66.0,-7.0,146.92114008387188
70501,66.0,-5.5,152.1271695210107
70502,66.0,-5.0,150.04680607314305
70503,66.0,-4.5,149.37469671642455
70504,66.0,-4.0,153.29817374996807
70505,66.0,-3.5,152.099095138688
70506,66.0,-3.0,154.08438100381562
70507,66.0,-2.5,153.4897925407869
70508,66.0,-2.0,155.89505004337244
70509,66.0,-1.5,147.19929142979632
70510,66.0,-1.0,150.43980411207698
70511,66.0,-0.5,149.2711024106512
70512,66.0,0.0,150.13816255657778
70513,66.0,0.5,153.08889410306935
70514,66.0,1.0,151.10836929340184
70515,66.0,1.5,149.95606653984203
70516,66.0,2.0,150.29434381548316
70517,66.0,2.5,151.2150277943589
70518,66.0,3.0,152.06565788691987
70519,66.0,3.5,152.16861133089807
70520,66.0,4.0,149.48746007875033
70521,66.0,4.5,149.96383607738227
70522,66.0,5.0,149.07994002393946
70523,66.0,5.5,151.12452439280648
70524,66.0,6.0,149.65569559481142
70525,66.0,6.5,148.5758341828678
70526,66.0,7.0,148.16027147081027
70527,66.0,7.5,149.33430618739393
70528,66.0,8.0,152.39464983725716
70529,66.0,8.5,150.73204925376595
70530,66.0,9.0,150.88996647091014
70531,66.0,9.5,148.53532995210236
70532,66.0,10.0,148.79471883870556
70533,66.0,10.5,151.9820184433924
70534,66.0,11.0,152.63491643789285
70535,66.0,11.5,153.13423188335145
70536,66.0,12.0,149.75729225066235
70537,66.0,12.5,150.37343076191615
70538,66.0,13.0,150.41421212107724
70539,66.0,13.5,150.59261070184957
70540,66.0,14.0,150.1081164095458
70541,66.0,14.5,151.57964386132076
70542,66.0,15.0,152.94169737804626
70543,66.0,15.5,151.46346429880444
70544,66.0,17.0,151.04436537456988
70545,66.0,17.5,151.86615381133916
70546,66.0,18.5,151.0310363836323
70547,66.0,19.5,151.62280623813038
70548,66.0,20.0,152.91317972492888
70549,66.0,20.5,151.0887815780145
70550,66.0,21.0,151.0119989734092
70551,66.0,21.5,149.30654834725848
70552,66.0,22.0,149.4266817729589
70553,66.0,22.5,149.71663866183061
70554,66.0,23.0,150.5487932076778
70555,66.0,23.5,149.71316996284253
70556,66.0,24.0,148.90980194079438
70557,66.0,24.5,149.36236230656436
70558,66.0,25.0,150.45465174645713
70559,66.0,25.5,155.63506941514737
70560,66.0,26.0,155.34994423836628
70561,66.0,26.5,145.4968403592709
70562,66.0,27.0,150.331104364073
70563,66.0,27.5,151.7890119630881
70564,66.0,28.0,149.87709707072236
70565,66.0,28.5,149.69456089966917
70566,66.0,29.0,148.30239216190276
70567,66.0,29.5,149.86526769060185
70568,66.0,30.0,149.79391812811522
70569,66.0,30.5,151.85110749735688
70570,66.0,31.0,150.21721770458433
70571,66.0,31.5,153.8007888049761
70572,66.0,32.0,149.66125990166685
70573,66.0,32.5,146.6660616003652
70574,66.0,33.0,145.20544163394925
70575,66.0,33.5,146.70180621921375
70576,66.0,34.0,153.5061100953505
70577,66.0,34.5,149.39385239253502
70578,66.0,35.0,145.5105072485946
70579,66.0,35.5,144.5961401475939
70580,66.0,36.0,148.57384614203383
70581,66.0,36.5,149.71677119521013
70582,66.0,37.0,151.23905877695123
70583,66.0,40.0,164.94112067142018
70584,66.5,-39.5,165.16628888673802
70585,66.5,-38.0,157.30551324145532
70586,66.5,-37.5,153.73330628349478
70587,66.5,-37.0,158.17306689133704
70588,66.5,-36.5,153.42352700343224
70589,66.5,-36.0,148.92038129445936
70590,66.5,-35.5,147.9454684288769
70591,66.5,-35.0,151.88771361812263
70592,66.5,-34.5,150.95555358653226
70593,66.5,-34.0,151.4831674053394
70594,66.5,-33.5,145.86118925734937
70595,66.5,-33.0,150.29274457115235
70596,66.5,-32.5,156.34570148244958
70597,66.5,-32.0,152.9515170212202
70598,66.5,-31.5,151.9942328960601
70599,66.5,-31.0,150.38341341803041
70600,66.5,-30.5,149.89914872208098
70601,66.5,-30.0,147.98574606412387
70602,66.5,-29.5,154.5665711474142
70603,66.5,-29.0,156.6920562086501
70604,66.5,-28.5,150.2475583067347
70605,66.5,-28.0,151.059384810033
70606,66.5,-27.5,166.76031624351705
70607,66.5,-27.0,151.35920496315745
70608,66.5,-26.5,153.23236676951313
70609,66.5,-26.0,151.04341604552766
70610,66.5,-25.5,151.3945104886985
70611,66.5,-25.0,154.26644753228064
70612,66.5,-24.5,147.34391941610394
70613,66.5,-24.0,152.5126570790311
70614,66.5,-23.0,153.05118945457838
70615,66.5,-22.5,152.2778528527458
70616,66.5,-22.0,149.13763031845804
70617,66.5,-21.5,151.28894847749189
70618,66.5,-21.0,147.59144214193
70619,66.5,-20.5,150.5651560197824
70620,66.5,-20.0,151.686684057122
70621,66.5,-19.5,149.9308380091221
70622,66.5,-19.0,154.99264044841485
70623,66.5,-18.5,149.6186393120408
70624,66.5,-18.0,154.7439363382144
70625,66.5,-17.5,151.18047034438905
70626,66.5,-17.0,153.0542471743463
70627,66.5,-16.5,151.34280985685703
70628,66.5,-16.0,150.89896636771522
70629,66.5,-15.5,150.76387535650494
70630,66.5,-15.0,151.97803770750372
70631,66.5,-14.5,151.84294435014743
70632,66.5,-14.0,151.2516410829227
70633,66.5,-13.5,153.4465818744779
70634,66.5,-13.0,150.77964549911508
70635,66.5,-11.5,150.71870414801683
70636,66.5,-11.0,149.66258463627685
70637,66.5,-10.5,150.2608895771095
70638,66.5,-10.0,151.81014028468059
70639,66.5,-9.5,151.64122717684242
70640,66.5,-8.5,148.38500125319382
70641,66.5,-8.0,146.88593114902193
70642,66.5,-7.5,146.6869805574682
70643,66.5,-5.0,151.35450947574597
70644,66.5,-4.5,150.58414629070376
70645,66.5,-4.0,151.97880843919665
70646,66.5,-3.5,152.91633565989622
70647,66.5,-3.0,151.23216196808397
70648,66.5,-2.5,153.57678740633932
70649,66.5,-2.0,152.76652477422422
70650,66.5,-1.5,149.51001292438556
70651,66.5,-1.0,150.88050445744292
70652,66.5,-0.5,149.41009906840313
70653,66.5,0.5,150.68198639500096
70654,66.5,1.0,151.05629095201047
70655,66.5,1.5,149.4949802223896
70656,66.5,2.0,151.09887676112925
70657,66.5,2.5,151.0726053172261
70658,66.5,3.0,150.99261128980396
70659,66.5,4.0,151.0883165155268
70660,66.5,4.5,148.55049403044532
70661,66.5,5.0,151.75224992311598
70662,66.5,5.5,149.9020537418135
70663,66.5,6.0,148.9119936341048
70664,66.5,6.5,148.58533098468055
70665,66.5,7.0,148.41888144517927
70666,66.5,7.5,150.84368799587506
70667,66.5,8.0,151.3725555950627
70668,66.5,8.5,151.55076208148964
70669,66.5,9.0,150.37002080941397
70670,66.5,9.5,148.60202229989878
70671,66.5,10.0,153.1691684152548
70672,66.5,10.5,152.65970934972725
70673,66.5,11.0,153.34747595108988
70674,66.5,11.5,149.84476595799842
70675,66.5,12.0,150.39208348508419
70676,66.5,12.5,150.27815101398423
70677,66.5,13.0,150.75037860282373
70678,66.5,13.5,150.3958165587358
70679,66.5,14.0,150.6861374253895
70680,66.5,14.5,150.43377851058742
70681,66.5,15.0,152.2179586357181
70682,66.5,15.5,153.04471945425615
70683,66.5,16.5,151.03364278171415
70684,66.5,17.0,150.9478276025486
70685,66.5,18.5,150.96146589767494
70686,66.5,19.0,150.91336249604691
70687,66.5,19.5,152.9819723887151
70688,66.5,20.0,150.7850269706265
70689,66.5,20.5,150.89751381841631
70690,66.5,21.0,151.06026199528554
70691,66.5,21.5,148.976159150607
70692,66.5,22.0,150.4071251490195
70693,66.5,22.5,150.57060643162012
70694,66.5,23.0,149.0657463442725
70695,66.5,23.5,149.71343913162127
70696,66.5,24.0,148.96213572020665
70697,66.5,24.5,149.24649126968166
70698,66.5,25.0,151.76124549326124
70699,66.5,25.5,159.9665166925086
70700,66.5,26.0,154.4085825465884
70701,66.5,26.5,147.7658129542439
70702,66.5,27.0,151.86881845521685
70703,66.5,27.5,151.75322514253182
70704,66.5,28.0,150.15342417655498
70705,66.5,28.5,150.14191259088022
70706,66.5,29.0,150.99036152488713
70707,66.5,29.5,147.114624160373
70708,66.5,30.0,149.65341411266826
70709,66.5,30.5,151.73452912531172
70710,66.5,31.0,148.34868292098932
70711,66.5,31.5,151.68778172190702
70712,66.5,32.0,148.62270387230868
70713,66.5,32.5,145.0786967784967
70714,66.5,33.0,142.56591415598416
70715,66.5,33.5,147.61187103398984
70716,66.5,34.0,149.57200002600237
70717,66.5,34.5,158.09335299536957
70718,66.5,35.0,146.07712360251764
70719,66.5,35.5,144.30740172258436
70720,66.5,36.0,144.32503769711968
70721,66.5,36.5,151.2927953632038
70722,66.5,37.0,151.82761078496367
70723,67.0,-39.5,164.88682387712453
70724,67.0,-39.0,164.6029375974768
70725,67.0,-38.0,156.44670448058042
70726,67.0,-37.5,158.88087710309338
70727,67.0,-37.0,156.2825794933926
70728,67.0,-36.5,152.69345049814785
70729,67.0,-36.0,148.02270049789556
70730,67.0,-35.5,149.11837713449597
70731,67.0,-35.0,152.83453818634493
70732,67.0,-34.5,148.3950548780826
70733,67.0,-34.0,151.94411174632697
70734,67.0,-33.5,145.84364022108912
70735,67.0,-33.0,152.30928481077805
70736,67.0,-32.5,156.28276898993732
70737,67.0,-32.0,152.31880522252249
70738,67.0,-31.5,150.8309301190854
70739,67.0,-31.0,154.15859003955944
70740,67.0,-30.5,150.5687686188401
70741,67.0,-30.0,145.59266094625386
70742,67.0,-29.5,154.59435182237297
70743,67.0,-29.0,153.27457748010733
70744,67.0,-28.5,154.73724820050228
70745,67.0,-28.0,151.5887387556177
70746,67.0,-27.5,166.87725076323193
70747,67.0,-27.0,156.6711103940306
70748,67.0,-26.5,153.26126847662633
70749,67.0,-26.0,152.12303843912974
70750,67.0,-25.5,148.5662312401972
70751,67.0,-25.0,152.9685490651022
70752,67.0,-24.5,148.07522001581958
70753,67.0,-24.0,149.19441231266876
70754,67.0,-23.0,153.40560086018525
70755,67.0,-22.5,153.0304447353986
70756,67.0,-22.0,150.67628923264817
70757,67.0,-21.5,147.41376340205161
70758,67.0,-21.0,150.35841378088972
70759,67.0,-20.5,149.3976306532291
70760,67.0,-20.0,151.16313330754622
70761,67.0,-19.5,153.7112466825787
70762,67.0,-19.0,150.31370916944562
70763,67.0,-18.5,150.79683523554868
70764,67.0,-18.0,153.64707239507945
70765,67.0,-17.5,151.72451098033667
70766,67.0,-17.0,153.53743878832256
70767,67.0,-16.5,150.78173893014707
70768,67.0,-16.0,150.24018302628414
70769,67.0,-15.5,151.154802520264
70770,67.0,-15.0,153.1752699897882
70771,67.0,-14.5,151.66607380992204
70772,67.0,-14.0,151.63700237340962
70773,67.0,-13.5,152.29196322292023
70774,67.0,-13.0,154.86265047285465
70775,67.0,-11.5,147.76813764733336
70776,67.0,-11.0,148.71385824139816
70777,67.0,-10.5,152.52494658435123
70778,67.0,-10.0,153.84100005184814
70779,67.0,-9.5,151.70584546849605
70780,67.0,-9.0,148.55763178988568
70781,67.0,-8.5,147.6607299410796
70782,67.0,-8.0,146.86073118128266
70783,67.0,-5.0,151.3548375163766
70784,67.0,-4.5,151.4734104737618
70785,67.0,-4.0,153.81593548782413
70786,67.0,-3.5,155.57726134437428
70787,67.0,-3.0,152.60459221876562
70788,67.0,-2.5,146.6337338901934
70789,67.0,-2.0,149.28435873950636
70790,67.0,-1.5,152.03268012413952
70791,67.0,-1.0,149.25873885933336
70792,67.0,-0.5,148.8268625928802
70793,67.0,0.0,149.9250702022729
70794,67.0,0.5,150.01761723516645
70795,67.0,1.0,149.8789720853422
70796,67.0,1.5,151.18137955495257
70797,67.0,2.0,151.44566102323637
70798,67.0,2.5,151.90118287474905
70799,67.0,3.0,149.71547233118454
70800,67.0,3.5,150.94617591864179
70801,67.0,4.0,147.8388553340677
70802,67.0,4.5,151.37945305631396
70803,67.0,5.0,149.47162079230196
70804,67.0,5.5,149.55494557623737
70805,67.0,6.0,148.3935625242366
70806,67.0,6.5,148.7170414109472
70807,67.0,7.0,150.18196723807566
70808,67.0,7.5,151.1431944120348
70809,67.0,8.0,150.0419755706347
70810,67.0,8.5,150.5911947368111
70811,67.0,9.0,149.3325521153637
70812,67.0,9.5,150.61850049838634
70813,67.0,10.0,153.1191768810285
70814,67.0,10.5,158.31133276725367
70815,67.0,11.0,149.92158977437302
70816,67.0,11.5,150.22343715575798
70817,67.0,12.0,150.756029888216
70818,67.0,13.0,150.83568731255306
70819,67.0,13.5,151.01302186122243
70820,67.0,14.0,151.01235943423205
70821,67.0,14.5,151.96821008564856
70822,67.0,15.0,152.2385280834074
70823,67.0,15.5,154.03833121645292
70824,67.0,16.0,152.76655515761882
70825,67.0,16.5,151.2776410003063
70826,67.0,18.0,149.89416797445395
70827,67.0,19.0,152.16009749683468
70828,67.0,19.5,151.25625621497258
70829,67.0,20.0,151.15590955138234
70830,67.0,20.5,152.74965813503852
70831,67.0,21.0,151.35253327059627
70832,67.0,21.5,149.08811174541893
70833,67.0,22.0,150.08206468459483
70834,67.0,22.5,151.03020616649084
70835,67.0,23.0,149.56027701652854
70836,67.0,23.5,149.55855855372445
70837,67.0,24.0,148.26928740355942
70838,67.0,24.5,150.31723376195743
70839,67.0,25.0,154.3407393228612
70840,67.0,25.5,153.71059155004934
70841,67.0,26.0,150.30171564693228
70842,67.0,26.5,150.94621119774553
70843,67.0,27.0,149.39295133981193
70844,67.0,27.5,151.28691627148459
70845,67.0,28.0,150.35574109942695
70846,67.0,28.5,146.9869389644633
70847,67.0,29.0,147.59563090779923
70848,67.0,29.5,144.7289424066032
70849,67.0,30.0,149.92186797076718
70850,67.0,30.5,151.38645397392543
70851,67.0,31.0,146.81260502560733
70852,67.0,31.5,150.5624289506328
70853,67.0,32.0,149.57043501074145
70854,67.0,32.5,146.62084597876915
70855,67.0,33.0,147.01617283580677
70856,67.0,33.5,146.96331646789073
70857,67.0,34.0,151.20267430007073
70858,67.0,34.5,157.0885686319943
70859,67.0,35.0,146.6894232426854
70860,67.0,35.5,144.4396081696378
70861,67.0,36.0,144.69318134485238
70862,67.0,36.5,150.31582999147992
70863,67.0,37.0,151.92213175581426
70864,67.5,-39.0,164.0825908765246
70865,67.5,-38.0,156.5518711753791
70866,67.5,-37.5,159.8976960309379
70867,67.5,-37.0,152.84232217491518
70868,67.5,-36.5,152.17292956506634
70869,67.5,-36.0,148.29125517336155
70870,67.5,-35.5,149.37734440572788
70871,67.5,-35.0,152.69012683810718
70872,67.5,-34.5,151.52135017425897
70873,67.5,-34.0,146.8343279077732
70874,67.5,-33.5,146.77389620129426
70875,67.5,-33.0,153.50464754574287
70876,67.5,-32.5,155.51683603214278
70877,67.5,-32.0,151.62263690969797
70878,67.5,-31.5,151.99834223372852
70879,67.5,-31.0,152.46179459291582
70880,67.5,-30.5,151.75992657567204
70881,67.5,-30.0,147.02966896665274
70882,67.5,-29.5,156.39675936831225
70883,67.5,-29.0,148.50240346422586
70884,67.5,-28.5,156.74916814071491
70885,67.5,-28.0,152.85456179393782
70886,67.5,-27.0,158.62493398542216
70887,67.5,-26.5,149.73467210660144
70888,67.5,-26.0,154.34086860395357
70889,67.5,-25.5,149.49218907979667
70890,67.5,-25.0,151.08656518202434
70891,67.5,-24.5,155.9194919676169
70892,67.5,-24.0,146.41541769077244
70893,67.5,-23.5,152.77863617405913
70894,67.5,-23.0,153.61020810340003
70895,67.5,-22.5,155.49534204845807
70896,67.5,-22.0,153.0897067714757
70897,67.5,-21.5,150.09664533679396
70898,67.5,-21.0,152.2084797111073
70899,67.5,-20.5,150.27308626776863
70900,67.5,-20.0,152.0719779437314
70901,67.5,-19.5,156.07877525714179
70902,67.5,-19.0,150.49040557515704
70903,67.5,-18.5,153.03059454337833
70904,67.5,-18.0,153.44566133331273
70905,67.5,-17.5,153.51647905019354
70906,67.5,-17.0,152.86964693422257
70907,67.5,-16.5,152.8454398901276
70908,67.5,-16.0,150.62556204788214
70909,67.5,-15.5,152.45645812095657
70910,67.5,-15.0,150.99439684246303
70911,67.5,-14.5,149.51577840001758
70912,67.5,-14.0,152.20425502849903
70913,67.5,-13.5,149.824254309714
70914,67.5,-13.0,154.34163147831407
70915,67.5,-12.0,147.64876259497782
70916,67.5,-11.5,147.77500701255548
70917,67.5,-11.0,147.97487651515553
70918,67.5,-10.5,150.49583134172613
70919,67.5,-10.0,153.51301594731123
70920,67.5,-9.5,148.47192008604407
70921,67.5,-9.0,150.15383977580362
70922,67.5,-8.5,146.97180265325346
70923,67.5,-4.5,151.30858826394703
70924,67.5,-4.0,154.44185035153322
70925,67.5,-3.5,152.39401687296987
70926,67.5,-3.0,151.83542060752157
70927,67.5,-2.5,149.95350243910605
70928,67.5,-2.0,150.50049626344833
70929,67.5,-1.5,150.010899748168
70930,67.5,-1.0,152.20508326550387
70931,67.5,0.0,148.88447803154045
70932,67.5,0.5,148.08693154880345
70933,67.5,1.0,150.46294772474278
70934,67.5,1.5,150.65422925784583
70935,67.5,2.5,150.21943813891014
70936,67.5,3.0,150.75820586544293
70937,67.5,3.5,149.52085672745895
70938,67.5,4.0,150.29560386561772
70939,67.5,4.5,152.22313494714612
70940,67.5,5.0,150.18814814534474
70941,67.5,5.5,149.16556867793474
70942,67.5,6.5,148.7253733972572
70943,67.5,7.0,151.7989268756323
70944,67.5,7.5,149.2864330671067
70945,67.5,8.0,149.81683826165553
70946,67.5,8.5,149.97776971292217
70947,67.5,9.0,150.38672832201917
70948,67.5,9.5,152.42982544109515
70949,67.5,10.0,152.78161797064487
70950,67.5,10.5,153.96510093121654
70951,67.5,11.0,149.32648697320252
70952,67.5,11.5,151.08000857081424
70953,67.5,12.0,150.7083885644123
70954,67.5,12.5,151.130399420489
70955,67.5,13.5,151.23548068114613
70956,67.5,14.0,151.1815679496985
70957,67.5,14.5,151.74674560318763
70958,67.5,15.0,152.19456690731874
70959,67.5,15.5,152.83636133690695
70960,67.5,16.0,152.4140149046051
70961,67.5,16.5,151.31472253127453
70962,67.5,18.0,152.69437965584913
70963,67.5,18.5,153.03270679896767
70964,67.5,19.0,153.25653821305528
70965,67.5,19.5,151.070114560506
70966,67.5,20.0,151.50789324360494
70967,67.5,20.5,150.53988624221626
70968,67.5,21.0,152.38957907936165
70969,67.5,21.5,150.7236289631279
70970,67.5,22.0,150.35884421270995
70971,67.5,22.5,150.42485490151992
70972,67.5,23.0,149.83854890790127
70973,67.5,23.5,150.84030709816372
70974,67.5,24.0,153.46796763618687
70975,67.5,24.5,163.26924704786745
70976,67.5,25.0,151.75122625969183
70977,67.5,25.5,153.21239181973954
70978,67.5,26.0,150.57891041795307
70979,67.5,26.5,154.42524756409694
70980,67.5,27.0,156.4192096886114
70981,67.5,27.5,155.70497072401523
70982,67.5,28.0,154.21747752189683
70983,67.5,28.5,155.29356101868785
70984,67.5,29.0,153.803532712981
70985,67.5,29.5,146.64409206606712
70986,67.5,30.0,144.74410325064136
70987,67.5,30.5,148.7608781546912
70988,67.5,31.0,149.20987158214248
70989,67.5,31.5,151.26436584584414
70990,67.5,32.0,148.52768391361124
70991,67.5,32.5,149.48372850845692
70992,67.5,33.0,146.50073231086606
70993,67.5,33.5,144.7548020409623
70994,67.5,34.0,150.5026184692246
70995,67.5,34.5,159.89560202952853
70996,67.5,35.0,147.42262797869654
70997,67.5,35.5,143.77044157283413
70998,67.5,36.0,144.26156992906218
70999,67.5,36.5,147.66690042140664
71000,67.5,37.0,152.27045046378882
71001,68.0,-39.0,163.3990397558625
71002,68.0,-38.0,156.11205047854486
71003,68.0,-37.5,158.9941162639506
71004,68.0,-37.0,151.9267410071109
71005,68.0,-36.5,151.8338458640627
71006,68.0,-36.0,149.1204694050918
71007,68.0,-35.5,148.3269812401809
71008,68.0,-35.0,154.42535461319855
71009,68.0,-34.5,153.87472655256
71010,68.0,-34.0,146.79696471188146
71011,68.0,-33.5,147.65601095758282
71012,68.0,-33.0,154.36783395882182
71013,68.0,-32.5,151.43323587474987
71014,68.0,-32.0,151.9628738360031
71015,68.0,-31.5,153.72297287023804
71016,68.0,-31.0,151.14276214636058
71017,68.0,-30.5,145.7213923853858
71018,68.0,-30.0,147.5139034506465
71019,68.0,-29.5,153.52530156050847
71020,68.0,-29.0,160.67744213731217
71021,68.0,-28.5,156.81443640601353
71022,68.0,-28.0,156.1087862789487
71023,68.0,-27.0,155.24074222842762
71024,68.0,-26.5,151.36241934437948
71025,68.0,-26.0,154.9999796334981
71026,68.0,-25.5,151.60932924131004
71027,68.0,-25.0,147.73617124417615
71028,68.0,-24.5,156.73512481822394
71029,68.0,-24.0,149.25058188843204
71030,68.0,-23.5,149.48276738076953
71031,68.0,-23.0,154.80187745917178
71032,68.0,-22.5,156.02027153933543
71033,68.0,-22.0,158.30095131589812
71034,68.0,-21.5,152.4263583334924
71035,68.0,-21.0,150.15883269249318
71036,68.0,-20.5,155.6398635938959
71037,68.0,-20.0,153.39990566835752
71038,68.0,-19.5,154.100231008724
71039,68.0,-19.0,154.2188051272854
71040,68.0,-18.5,153.94832193251298
71041,68.0,-18.0,154.5116044660256
71042,68.0,-17.5,154.133085137827
71043,68.0,-17.0,152.29214359723053
71044,68.0,-16.5,152.18928967094647
71045,68.0,-16.0,153.00532158606447
71046,68.0,-15.5,152.18256841805348
71047,68.0,-15.0,149.83944935080504
71048,68.0,-14.5,152.23030522697195
71049,68.0,-14.0,151.22202385377008
71050,68.0,-13.5,152.37696308885714
71051,68.0,-13.0,149.77491255831157
71052,68.0,-12.5,155.0262071290926
71053,68.0,-12.0,147.7424627163963
71054,68.0,-11.5,147.91178655742306
71055,68.0,-10.0,150.28561146036435
71056,68.0,-9.5,150.27241798052933
71057,68.0,-9.0,147.83750211954765
71058,68.0,-8.5,151.0477016218112
71059,68.0,-4.5,157.22147971788368
71060,68.0,-4.0,152.42825861392652
71061,68.0,-3.5,151.20873056830268
71062,68.0,-3.0,147.98420781225025
71063,68.0,-2.5,150.98997351368476
71064,68.0,-2.0,148.9801076710319
71065,68.0,-1.5,148.70980228566353
71066,68.0,-1.0,150.87678560616604
71067,68.0,-0.5,152.0544997248194
71068,68.0,0.0,147.07267831101097
71069,68.0,0.5,149.2806771794634
71070,68.0,1.0,150.58217302731134
71071,68.0,1.5,149.09863707511843
71072,68.0,2.0,150.34196043604464
71073,68.0,2.5,150.68912285800573
71074,68.0,3.0,149.95857866157596
71075,68.0,3.5,149.23533483152147
71076,68.0,4.0,151.43868434896746
71077,68.0,4.5,149.3050387078663
71078,68.0,5.0,150.38631870812995
71079,68.0,5.5,148.94911868153716
71080,68.0,6.0,148.94838224375601
71081,68.0,6.5,153.34178032073353
71082,68.0,7.0,149.55747292804523
71083,68.0,7.5,150.50188932745314
71084,68.0,8.0,149.69801556008343
71085,68.0,8.5,149.53896317086628
71086,68.0,9.0,153.49404206380203
71087,68.0,9.5,153.57022711355899
71088,68.0,10.0,153.68691563407802
71089,68.0,10.5,150.05347119964915
71090,68.0,11.0,151.65484210568619
71091,68.0,11.5,151.5764869957584
71092,68.0,12.0,150.46204636606933
71093,68.0,12.5,151.14900080199843
71094,68.0,13.0,152.1334455214515
71095,68.0,13.5,151.56696749961955
71096,68.0,14.0,151.89645290680016
71097,68.0,14.5,153.48147989787716
71098,68.0,15.0,152.98519483817964
71099,68.0,15.5,151.21448382422162
71100,68.0,16.0,152.63459616937357
71101,68.0,16.5,152.52274339747365
71102,68.0,18.0,150.46506288166464
71103,68.0,18.5,152.68548904048157
71104,68.0,19.0,151.28587233441286
71105,68.0,19.5,151.29125184838057
71106,68.0,20.0,150.7177627875422
71107,68.0,20.5,149.76095009155756
71108,68.0,21.0,151.1875215980288
71109,68.0,21.5,151.374476553883
71110,68.0,22.0,151.6166889896547
71111,68.0,22.5,149.51691751921555
71112,68.0,23.0,150.84311594432805
71113,68.0,23.5,149.91847022908564
71114,68.0,24.0,163.06284679535338
71115,68.0,24.5,163.7367326658905
71116,68.0,25.0,155.85393711987697
71117,68.0,25.5,154.46837207116488
71118,68.0,26.0,152.7747649545896
71119,68.0,26.5,159.5454902161511
71120,68.0,27.0,160.64304672485432
71121,68.0,27.5,163.21775977305686
71122,68.0,28.0,165.1871040887876
71123,68.0,28.5,160.2894213676952
71124,68.0,29.0,158.38205707927338
71125,68.0,29.5,154.56870435702143
71126,68.0,30.0,146.15207509484318
71127,68.0,30.5,148.62838139696993
71128,68.0,31.0,152.05451511658734
71129,68.0,31.5,151.31738330369666
71130,68.0,32.0,147.39070391176514
71131,68.0,32.5,151.94016560147995
71132,68.0,33.0,149.3734538239913
71133,68.0,33.5,147.4769054193588
71134,68.0,34.0,151.7360791101585
71135,68.0,34.5,154.5831043322566
71136,68.0,35.0,151.52054820441546
71137,68.0,35.5,144.57601509067743
71138,68.0,36.0,143.49955080098243
71139,68.0,36.5,149.37193289350444
71140,68.0,37.0,151.88142398034105
71141,68.5,-39.0,162.8074025586221
71142,68.5,-38.0,155.76020249785927
71143,68.5,-37.5,158.66393750193842
71144,68.5,-37.0,151.44803498464674
71145,68.5,-36.5,151.53224722226904
71146,68.5,-36.0,148.97263929709965
71147,68.5,-35.5,150.55650369831267
71148,68.5,-35.0,149.70212096786605
71149,68.5,-34.5,154.26332171128934
71150,68.5,-34.0,146.72072012396106
71151,68.5,-33.5,148.38813969818165
71152,68.5,-33.0,154.42830672314145
71153,68.5,-32.5,150.1090298600092
71154,68.5,-32.0,148.32966968337854
71155,68.5,-31.5,155.19127619319184
71156,68.5,-31.0,150.33561900076126
71157,68.5,-30.5,147.8960882838052
71158,68.5,-30.0,147.6343868008441
71159,68.5,-29.5,152.84734000927324
71160,68.5,-29.0,165.71713226724037
71161,68.5,-28.5,156.20988084539312
71162,68.5,-28.0,154.98367225857604
71163,68.5,-27.0,151.73059442415456
71164,68.5,-26.5,158.08496206458025
71165,68.5,-26.0,154.67618280704772
71166,68.5,-25.5,154.07295567218992
71167,68.5,-25.0,147.35834913360918
71168,68.5,-24.5,157.35883427984004
71169,68.5,-24.0,156.34433441788107
71170,68.5,-23.5,149.3556937505698
71171,68.5,-23.0,152.34240149190867
71172,68.5,-22.0,156.67046261079975
71173,68.5,-21.5,152.82989234013485
71174,68.5,-21.0,154.52689696187514
71175,68.5,-20.5,154.86216680583263
71176,68.5,-20.0,155.76713602635482
71177,68.5,-19.5,154.21681178546834
71178,68.5,-19.0,156.1057077754486
71179,68.5,-18.5,154.90041325925736
71180,68.5,-18.0,153.53836792951128
71181,68.5,-17.5,154.10817716541524
71182,68.5,-17.0,150.56604953838442
71183,68.5,-16.5,152.61117468347248
71184,68.5,-16.0,154.31935670590644
71185,68.5,-15.5,150.25811619412352
71186,68.5,-15.0,151.44411070582504
71187,68.5,-14.5,150.9004369521888
71188,68.5,-13.5,152.85060032234477
71189,68.5,-13.0,149.8709693245825
71190,68.5,-12.5,148.51593029395755
71191,68.5,-12.0,151.01620427494544
71192,68.5,-10.5,148.35070195989243
71193,68.5,-10.0,148.4774793474656
71194,68.5,-9.5,151.47210095855343
71195,68.5,-9.0,150.19538918128336
71196,68.5,-8.5,151.43479995910906
71197,68.5,-8.0,151.4005189830417
71198,68.5,-5.0,156.76235429479854
71199,68.5,-4.5,153.80411002873655
71200,68.5,-3.5,150.22496803471844
71201,68.5,-3.0,149.7514417888912
71202,68.5,-2.5,148.39623528799765
71203,68.5,-2.0,149.35164821265937
71204,68.5,-1.0,148.07075467398636
71205,68.5,-0.5,151.24081851936657
71206,68.5,0.0,149.35670087015254
71207,68.5,0.5,151.4128044297013
71208,68.5,1.0,148.43039157402453
71209,68.5,2.0,148.82945248329455
71210,68.5,2.5,150.75847403926784
71211,68.5,3.0,148.713478314212
71212,68.5,3.5,151.4229171040686
71213,68.5,4.0,149.26477508987284
71214,68.5,4.5,149.68646561177383
71215,68.5,5.5,151.4862535787545
71216,68.5,6.0,149.95607417713893
71217,68.5,6.5,152.18227933782774
71218,68.5,7.0,153.1504244142297
71219,68.5,7.5,150.14548207770702
71220,68.5,8.0,150.06315900756505
71221,68.5,8.5,153.7033588077721
71222,68.5,9.0,151.73559514431457
71223,68.5,9.5,159.7273572294227
71224,68.5,10.0,150.21210180185776
71225,68.5,10.5,150.7487002573722
71226,68.5,11.0,151.57126248599423
71227,68.5,12.0,151.91498365130164
71228,68.5,12.5,150.78296413896322
71229,68.5,13.0,151.76890755771527
71230,68.5,13.5,151.58666283250577
71231,68.5,14.5,153.8214136220798
71232,68.5,15.0,152.92286144543672
71233,68.5,15.5,152.13796186368634
71234,68.5,16.0,150.44645497231875
71235,68.5,16.5,152.60785233883584
71236,68.5,17.0,149.28219105949066
71237,68.5,18.0,152.27348034069234
71238,68.5,18.5,152.1964467134868
71239,68.5,19.0,151.36725123344954
71240,68.5,20.0,150.77981686216324
71241,68.5,20.5,149.212735630384
71242,68.5,21.0,150.923177322483
71243,68.5,21.5,152.1795906837883
71244,68.5,22.0,151.3046751642978
71245,68.5,22.5,150.60808260457674
71246,68.5,23.0,153.37828548086907
71247,68.5,23.5,158.10261820344087
71248,68.5,24.0,158.37934305792498
71249,68.5,24.5,163.80317673255135
71250,68.5,25.0,159.73897257854432
71251,68.5,25.5,156.09577393854036
71252,68.5,26.0,158.17510308405934
71253,68.5,26.5,156.46698561588238
71254,68.5,27.0,155.2578438354539
71255,68.5,27.5,157.07836847584022
71256,68.5,28.0,165.00177953350322
71257,68.5,28.5,161.8465454463547
71258,68.5,29.0,149.20693132357027
71259,68.5,29.5,152.60883654258055
71260,68.5,30.0,147.8063080193802
71261,68.5,30.5,151.6149453020081
71262,68.5,31.0,152.97785601752923
71263,68.5,31.5,150.77570884705486
71264,68.5,32.0,149.54444419685726
71265,68.5,32.5,146.8913552982873
71266,68.5,33.0,149.98481397370506
71267,68.5,33.5,152.42227149361858
71268,68.5,34.0,152.63805214537354
71269,68.5,34.5,152.2300784750788
71270,68.5,35.0,153.63839070014478
71271,68.5,35.5,147.00661086317658
71272,68.5,36.0,147.3997828838027
71273,68.5,36.5,148.38735158930848
71274,68.5,37.0,150.73653500948
71275,69.0,-39.0,162.02403155388956
71276,69.0,-38.0,158.60144826192516
71277,69.0,-37.5,157.18397273245313
71278,69.0,-37.0,150.1918558921673
71279,69.0,-36.5,153.0163240500079
71280,69.0,-36.0,148.73724243689657
71281,69.0,-35.5,151.11610786481276
71282,69.0,-35.0,148.5755521716556
71283,69.0,-34.5,154.02601310063275
71284,69.0,-34.0,146.92653431788608
71285,69.0,-33.5,147.52062026071738
71286,69.0,-33.0,154.6275343086071
71287,69.0,-32.5,150.3730083819655
71288,69.0,-32.0,148.0606441736577
71289,69.0,-31.5,153.22885388683125
71290,69.0,-31.0,150.3495328328755
71291,69.0,-30.5,147.40095558723146
71292,69.0,-30.0,148.066047889781
71293,69.0,-29.5,153.7338788389911
71294,69.0,-29.0,161.07256298052948
71295,69.0,-28.5,150.2664753591907
71296,69.0,-28.0,158.16683771390714
71297,69.0,-27.5,159.17331819889742
71298,69.0,-27.0,150.26375728757841
71299,69.0,-26.5,165.6644022910003
71300,69.0,-26.0,151.38743385452062
71301,69.0,-25.5,161.26963650145595
71302,69.0,-25.0,147.3217195841492
71303,69.0,-24.5,151.06292031687684
71304,69.0,-24.0,155.2093332042862
71305,69.0,-23.5,152.35928575283398
71306,69.0,-23.0,150.33939413483878
71307,69.0,-22.0,153.61308955007715
71308,69.0,-21.5,160.25477936529757
71309,69.0,-21.0,155.50721573006535
71310,69.0,-20.5,154.24102341725424
71311,69.0,-20.0,160.0792102235253
71312,69.0,-19.5,154.36161792784526
71313,69.0,-19.0,153.23193399845306
71314,69.0,-18.5,154.46197625865832
71315,69.0,-18.0,153.17454395600765
71316,69.0,-17.5,151.71716237051155
71317,69.0,-17.0,151.1328939264277
71318,69.0,-16.5,153.47485876520244
71319,69.0,-16.0,153.633684957212
71320,69.0,-15.5,149.713037431673
71321,69.0,-15.0,151.31961215587742
71322,69.0,-14.5,150.15032290444628
71323,69.0,-14.0,150.25029066609306
71324,69.0,-13.5,152.95058487287574
71325,69.0,-13.0,151.9249892603944
71326,69.0,-12.5,148.3864105634412
71327,69.0,-12.0,150.7321187687342
71328,69.0,-10.5,148.33003291846248
71329,69.0,-10.0,147.71478220209417
71330,69.0,-9.5,147.31054765716476
71331,69.0,-9.0,153.56529777779843
71332,69.0,-8.0,151.38722228097993
71333,69.0,-7.5,151.42432091314097
71334,69.0,-5.0,155.30137591052258
71335,69.0,-4.0,147.33650404578884
71336,69.0,-3.5,149.66180222522743
71337,69.0,-3.0,149.616854147187
71338,69.0,-2.5,148.41565966038496
71339,69.0,-2.0,152.0844607920822
71340,69.0,-1.5,149.35085781445656
71341,69.0,-1.0,147.84467005126368
71342,69.0,-0.5,148.45200293501767
71343,69.0,0.0,151.16163371544027
71344,69.0,0.5,151.12246207982784
71345,69.0,1.0,150.09261386117777
71346,69.0,1.5,148.2062222838263
71347,69.0,2.0,151.23306772172694
71348,69.0,2.5,148.14227662095007
71349,69.0,3.0,152.77806895638756
71350,69.0,3.5,149.6580253079096
71351,69.0,4.0,149.81034708135408
71352,69.0,4.5,149.76789202427395
71353,69.0,5.0,149.74322393236233
71354,69.0,5.5,152.43878406276156
71355,69.0,6.0,151.63885377286192
71356,69.0,6.5,150.04266504403654
71357,69.0,7.0,153.02382600884008
71358,69.0,7.5,151.21413912906502
71359,69.0,8.0,152.44654874001031
71360,69.0,8.5,152.35628862671055
71361,69.0,9.0,158.62575997563212
71362,69.0,9.5,149.4980897321464
71363,69.0,10.0,150.3129766373803
71364,69.0,10.5,151.9653630909975
71365,69.0,11.0,150.31859111228286
71366,69.0,11.5,152.39209825573877
71367,69.0,12.0,152.00016934022955
71368,69.0,12.5,152.36170946266023
71369,69.0,13.0,151.22571701086278
71370,69.0,13.5,151.91861405356605
71371,69.0,14.5,154.6364746561374
71372,69.0,15.0,152.38340611032675
71373,69.0,15.5,151.97192279324003
71374,69.0,16.0,150.06043648339627
71375,69.0,16.5,152.0935766624588
71376,69.0,17.0,150.8436887308194
71377,69.0,18.0,154.10282660260287
71378,69.0,18.5,149.99065051225193
71379,69.0,19.0,152.19609028783887
71380,69.0,19.5,150.35677231491064
71381,69.0,20.0,149.7116857457118
71382,69.0,20.5,150.56791111903618
71383,69.0,21.0,150.9185749920831
71384,69.0,21.5,152.81529865463366
71385,69.0,22.0,153.8312755186103
71386,69.0,22.5,155.01869385298488
71387,69.0,23.0,156.57091007560174
71388,69.0,23.5,155.04751920759932
71389,69.0,24.0,165.490626307354
71390,69.0,24.5,162.2748711280746
71391,69.0,25.0,161.94652461009414
71392,69.0,25.5,158.181633496105
71393,69.0,26.0,159.52602090334156
71394,69.0,26.5,155.96289144025573
71395,69.0,27.0,152.2305333031199
71396,69.0,27.5,155.53336070840348
71397,69.0,28.0,162.4367203232328
71398,69.0,28.5,159.3199223647355
71399,69.0,29.0,149.5127692287167
71400,69.0,29.5,148.82059156957015
71401,69.0,30.0,153.43996024941472
71402,69.0,30.5,152.52361580799055
71403,69.0,31.0,154.17815411721594
71404,69.0,31.5,150.17607381064317
71405,69.0,32.0,146.69895897426775
71406,69.0,32.5,144.47505716831384
71407,69.0,33.0,147.4622500510156
71408,69.0,33.5,151.92134862080232
71409,69.0,34.0,153.09055450624388
71410,69.0,34.5,154.1592032579845
71411,69.0,35.0,161.26935398409447
71412,69.0,35.5,146.60504133644304
71413,69.0,36.0,144.92553151579452
71414,69.0,36.5,149.99600126566045
71415,69.0,37.0,148.7386931309507
71416,69.5,-39.0,161.52251991695846
71417,69.5,-38.5,161.3185085689742
71418,69.5,-38.0,159.85940285568935
71419,69.5,-37.5,155.27986275604664
71420,69.5,-37.0,150.44523882435578
71421,69.5,-36.5,153.3247737508298
71422,69.5,-36.0,147.95852003708964
71423,69.5,-35.5,151.309015957469
71424,69.5,-35.0,149.56383060905338
71425,69.5,-34.5,154.9652588706257
71426,69.5,-34.0,146.78051011480338
71427,69.5,-33.5,149.73246532629878
71428,69.5,-33.0,155.25993739268162
71429,69.5,-32.5,150.53449091490913
71430,69.5,-32.0,147.97727664474954
71431,69.5,-31.5,153.48180731568945
71432,69.5,-31.0,153.2475048383585
71433,69.5,-30.5,148.98875603907922
71434,69.5,-30.0,151.14304301569942
71435,69.5,-29.5,150.24211805011686
71436,69.5,-29.0,160.22094005169532
71437,69.5,-28.5,150.05194453041076
71438,69.5,-28.0,159.06172201424326
71439,69.5,-27.5,152.44503269193623
71440,69.5,-27.0,150.88694205093148
71441,69.5,-26.5,158.03610094914004
71442,69.5,-26.0,151.26036165972755
71443,69.5,-25.5,160.90987606957145
71444,69.5,-25.0,148.7787077638659
71445,69.5,-24.5,151.8322170433014
71446,69.5,-24.0,153.74550194021032
71447,69.5,-23.5,152.78501062815
71448,69.5,-23.0,151.43847866153286
71449,69.5,-22.5,152.15666398281624
71450,69.5,-22.0,152.9098639309285
71451,69.5,-21.5,158.2453775471648
71452,69.5,-21.0,154.5729683973184
71453,69.5,-20.5,154.6672577676342
71454,69.5,-20.0,154.5739471357502
71455,69.5,-19.5,154.7299692589039
71456,69.5,-19.0,152.950814934218
71457,69.5,-18.5,153.8115154211268
71458,69.5,-18.0,150.44781670322234
71459,69.5,-17.5,149.8963845700789
71460,69.5,-17.0,152.72764924914844
71461,69.5,-16.0,150.89386938933526
71462,69.5,-15.5,152.09001791855695
71463,69.5,-15.0,150.68117262180388
71464,69.5,-14.5,151.7370215870322
71465,69.5,-14.0,150.08839370384024
71466,69.5,-13.5,150.13915865514315
71467,69.5,-13.0,149.80216765582165
71468,69.5,-12.5,147.9916269196761
71469,69.5,-12.0,149.7281983725392
71470,69.5,-11.5,149.42598388497203
71471,69.5,-11.0,148.42086336250676
71472,69.5,-10.5,148.31291613486314
71473,69.5,-10.0,147.06974745894985
71474,69.5,-9.0,152.10913872689164
71475,69.5,-8.5,153.8568960472305
71476,69.5,-7.5,151.5701406401027
71477,69.5,-7.0,151.86313995695633
71478,69.5,-5.5,156.44403725580548
71479,69.5,-5.0,155.57626830422112
71480,69.5,-4.5,148.3915113005662
71481,69.5,-4.0,149.67356246268176
71482,69.5,-3.5,151.21122915971048
71483,69.5,-3.0,148.70990130553625
71484,69.5,-2.5,148.12641592949865
71485,69.5,-2.0,147.77115268191764
71486,69.5,-1.5,150.5001167721289
71487,69.5,-1.0,147.88887929410944
71488,69.5,-0.5,149.9268335274096
71489,69.5,0.0,149.33406015621134
71490,69.5,0.5,151.23378102404737
71491,69.5,1.0,151.49505638972704
71492,69.5,1.5,149.76571482587883
71493,69.5,2.0,148.87024899466064
71494,69.5,2.5,150.15384721909405
71495,69.5,3.0,149.4331241173938
71496,69.5,3.5,148.8068178434764
71497,69.5,4.0,149.78569402570207
71498,69.5,4.5,149.60987276649905
71499,69.5,5.0,149.67090971494693
71500,69.5,5.5,150.9031730762129
71501,69.5,6.0,151.9434672068382
71502,69.5,6.5,150.71717741883575
71503,69.5,7.0,150.59393002077144
71504,69.5,7.5,152.61333063092795
71505,69.5,8.0,153.719230983221
71506,69.5,8.5,159.17710648670857
71507,69.5,9.0,154.57914291742563
71508,69.5,9.5,149.67179434479416
71509,69.5,10.0,151.4221507288244
71510,69.5,10.5,151.72364303173813
71511,69.5,11.0,150.52740956534112
71512,69.5,11.5,151.39271352725748
71513,69.5,12.0,152.96231259292566
71514,69.5,12.5,152.72340973590283
71515,69.5,13.0,151.69149929805474
71516,69.5,13.5,152.71481063507622
71517,69.5,14.5,152.8590672497611
71518,69.5,15.0,153.9331145638693
71519,69.5,15.5,149.80985144397144
71520,69.5,16.0,155.1259457663224
71521,69.5,16.5,149.60357579923934
71522,69.5,17.0,151.88464354825868
71523,69.5,17.5,150.92325441987725
71524,69.5,18.0,154.25328316197195
71525,69.5,18.5,151.98393015434345
71526,69.5,19.0,151.00738114961945
71527,69.5,19.5,151.31953032120558
71528,69.5,20.0,149.45290652363593
71529,69.5,20.5,151.54275057469667
71530,69.5,21.0,150.9834833096199
71531,69.5,21.5,155.63750246083103
71532,69.5,22.0,157.7246307644294
71533,69.5,22.5,158.88922277373126
71534,69.5,23.0,157.4809832814307
71535,69.5,23.5,157.39789276005652
71536,69.5,24.0,164.7485133033597
71537,69.5,24.5,144.84460746249013
71538,69.5,25.0,153.99623682590044
71539,69.5,25.5,155.80967587667408
71540,69.5,26.0,152.4649903047228
71541,69.5,26.5,151.78618064401618
71542,69.5,27.0,149.42342366600434
71543,69.5,27.5,155.82034461433133
71544,69.5,28.0,159.29077633853737
71545,69.5,28.5,159.17423500440432
71546,69.5,29.0,149.25509039750509
71547,69.5,29.5,150.04726066694656
71548,69.5,30.0,151.6593890689428
71549,69.5,30.5,155.19772362621245
71550,69.5,31.0,149.470763904602
71551,69.5,31.5,151.91718601866322
71552,69.5,32.0,148.11905578296378
71553,69.5,32.5,143.87320419732245
71554,69.5,33.0,147.65543652823092
71555,69.5,33.5,147.80882244911095
71556,69.5,34.0,151.46828456298846
71557,69.5,34.5,155.11480772302494
71558,69.5,35.0,165.05104187597803
71559,69.5,35.5,145.59743690310373
71560,69.5,36.0,146.23483056218436
71561,69.5,36.5,148.89684830712827
71562,69.5,37.0,146.66682235668816
71563,70.0,-38.5,159.3209705755607
71564,70.0,-38.0,163.68167221671837
71565,70.0,-37.5,155.1025012787716
71566,70.0,-37.0,150.377920718227
71567,70.0,-36.5,151.23624686531977
71568,70.0,-36.0,147.9698255466939
71569,70.0,-35.5,150.7439474594616
71570,70.0,-35.0,151.33186075515104
71571,70.0,-34.5,148.4900833570626
71572,70.0,-33.5,151.22435837741824
71573,70.0,-33.0,155.26146604425654
71574,70.0,-32.5,150.40696117376535
71575,70.0,-32.0,151.58966762771706
71576,70.0,-31.5,151.87741067704383
71577,70.0,-31.0,154.7161890855377
71578,70.0,-30.5,148.44534676026043
71579,70.0,-30.0,150.99722715166584
71580,70.0,-29.5,150.09700309074336
71581,70.0,-29.0,156.53042961941134
71582,70.0,-28.5,166.3849747269792
71583,70.0,-28.0,155.54149214331497
71584,70.0,-27.5,152.73381126279148
71585,70.0,-26.5,153.49336475957085
71586,70.0,-26.0,158.09229760976754
71587,70.0,-25.5,156.19594520176116
71588,70.0,-25.0,160.59057960504322
71589,70.0,-24.5,151.5447302729684
71590,70.0,-24.0,151.91645133398654
71591,70.0,-23.5,151.70269490395387
71592,70.0,-23.0,152.647187343228
71593,70.0,-22.5,151.8396458607302
71594,70.0,-22.0,154.47639104621982
71595,70.0,-21.5,154.50139861126513
71596,70.0,-21.0,154.31461128978137
71597,70.0,-20.5,154.48534162096718
71598,70.0,-20.0,153.90449808339375
71599,70.0,-19.5,153.50370161658262
71600,70.0,-19.0,152.45457253562483
71601,70.0,-18.5,148.23277180495884
71602,70.0,-18.0,150.34907392967085
71603,70.0,-17.5,150.48698455583107
71604,70.0,-17.0,153.0283443536548
71605,70.0,-16.5,152.72454620026804
71606,70.0,-16.0,151.64391881588008
71607,70.0,-15.5,152.31122830966854
71608,70.0,-14.5,151.92807453990523
71609,70.0,-13.5,149.16735522874637
71610,70.0,-13.0,148.87678182113137
71611,70.0,-12.5,156.42876464511195
71612,70.0,-11.5,149.4176511855176
71613,70.0,-11.0,148.70430119231588
71614,70.0,-10.5,147.4277303145015
71615,70.0,-10.0,147.29093881354044
71616,70.0,-8.5,152.87007748694833
71617,70.0,-8.0,154.73723778235453
71618,70.0,-7.0,152.44052228712712
71619,70.0,-6.5,157.47892070901784
71620,70.0,-6.0,155.25375860123745
71621,70.0,-5.5,155.27272834218198
71622,70.0,-4.5,149.6264068995175
71623,70.0,-4.0,152.2038414772801
71624,70.0,-3.5,148.11939624496267
71625,70.0,-3.0,148.08248510733117
71626,70.0,-2.5,148.144012006578
71627,70.0,-2.0,147.67861016489454
71628,70.0,-1.5,146.0759894650149
71629,70.0,-1.0,149.68999328364762
71630,70.0,-0.5,149.7746497233838
71631,70.0,0.0,146.9007137235276
71632,70.0,0.5,150.7638995408377
71633,70.0,1.0,152.01701013181142
71634,70.0,1.5,150.87175575355116
71635,70.0,2.0,149.0447525135375
71636,70.0,2.5,154.40413118762302
71637,70.0,3.0,148.70957741843682
71638,70.0,3.5,149.43499578238215
71639,70.0,4.0,150.03106856635804
71640,70.0,4.5,149.6942719195778
71641,70.0,5.0,150.6548568608842
71642,70.0,5.5,149.43120093336105
71643,70.0,6.0,150.811492536072
71644,70.0,6.5,151.81050747526305
71645,70.0,7.0,150.33525811507877
71646,70.0,7.5,154.3491885909732
71647,70.0,8.0,159.99479162539473
71648,70.0,8.5,162.4193012810804
71649,70.0,9.0,151.21360910843026
71650,70.0,9.5,152.13901130122713
71651,70.0,10.0,151.94722451865007
71652,70.0,10.5,150.82714416749872
71653,70.0,11.0,152.0828111198972
71654,70.0,11.5,150.84869655036866
71655,70.0,12.0,152.32160741815605
71656,70.0,12.5,152.6750046389633
71657,70.0,13.5,149.440884191074
71658,70.0,14.5,153.23498982063091
71659,70.0,15.0,150.6382180632372
71660,70.0,15.5,154.29472604732288
71661,70.0,16.0,154.65255502460312
71662,70.0,16.5,150.88191621116675
71663,70.0,17.0,150.68917875251165
71664,70.0,17.5,151.9071229778007
71665,70.0,18.0,152.21594254943693
71666,70.0,18.5,152.33452518178507
71667,70.0,19.0,149.13983099358308
71668,70.0,19.5,151.7528559538867
71669,70.0,20.0,150.32559146197084
71670,70.0,20.5,151.7760204476275
71671,70.0,21.0,155.2304588010353
71672,70.0,21.5,160.2082178192987
71673,70.0,22.0,154.31368270975892
71674,70.0,22.5,160.28467580032319
71675,70.0,23.0,158.03829792253978
71676,70.0,23.5,162.71570534938914
71677,70.0,24.0,160.10609022421815
71678,70.0,24.5,152.0247383226684
71679,70.0,25.0,146.46015311580987
71680,70.0,25.5,146.57813773256916
71681,70.0,26.0,150.33859204642332
71682,70.0,26.5,149.7138697769879
71683,70.0,27.0,148.81722114469784
71684,70.0,27.5,151.58292780674304
71685,70.0,28.0,156.56767179050038
71686,70.0,28.5,158.3908786350532
71687,70.0,29.0,152.54153617719214
71688,70.0,29.5,149.95727973312134
71689,70.0,30.0,148.03534213323115
71690,70.0,30.5,154.5689397384407
71691,70.0,31.0,149.8487408220762
71692,70.0,31.5,151.80770748059473
71693,70.0,32.0,149.7993948219966
71694,70.0,32.5,143.23873577158088
71695,70.0,33.0,147.8356819876406
71696,70.0,33.5,150.31261557349197
71697,70.0,34.0,153.22355334576827
71698,70.0,34.5,155.73755425519713
71699,70.0,35.0,165.17864934384357
71700,70.0,35.5,144.66793635777734
71701,70.0,36.0,142.83242156404458
71702,70.0,36.5,146.03978551330084
71703,70.0,37.0,145.45221006869227
71704,70.5,-38.5,159.66930757576773
71705,70.5,-38.0,164.71755102043923
71706,70.5,-37.5,152.49606636169491
71707,70.5,-37.0,149.63614503275755
71708,70.5,-36.5,149.97145920126903
71709,70.5,-36.0,147.88038151277036
71710,70.5,-35.5,151.44419509884224
71711,70.5,-35.0,153.16329460401997
71712,70.5,-34.5,148.55090240154388
71713,70.5,-33.5,153.03389824538854
71714,70.5,-33.0,155.25229345062596
71715,70.5,-32.5,153.74072951130574
71716,70.5,-32.0,150.21838043939334
71717,70.5,-31.5,154.38470474281422
71718,70.5,-31.0,151.27062837824135
71719,70.5,-30.5,149.87895490712344
71720,70.5,-30.0,151.21780475452806
71721,70.5,-29.5,150.75977349405684
71722,70.5,-29.0,157.76596375757356
71723,70.5,-28.5,172.2333154718734
71724,70.5,-28.0,152.6176296626659
71725,70.5,-27.5,154.99999074337651
71726,70.5,-27.0,153.74908028422414
71727,70.5,-26.5,151.4173054065076
71728,70.5,-26.0,169.2107653867882
71729,70.5,-25.5,153.27599727965972
71730,70.5,-25.0,160.37317367747045
71731,70.5,-24.5,149.74332614582005
71732,70.5,-24.0,150.6101133023335
71733,70.5,-23.5,148.5591821934013
71734,70.5,-23.0,150.40572211218392
71735,70.5,-22.5,151.08895221128972
71736,70.5,-22.0,152.80705166634795
71737,70.5,-21.5,153.1446606644943
71738,70.5,-21.0,153.278844301161
71739,70.5,-20.5,151.72917500380714
71740,70.5,-20.0,154.80686338233477
71741,70.5,-19.5,152.03700086562583
71742,70.5,-19.0,152.8118961607869
71743,70.5,-18.5,149.5161910447598
71744,70.5,-18.0,150.43469288473617
71745,70.5,-17.5,151.01855375896858
71746,70.5,-17.0,156.67945620275594
71747,70.5,-16.5,152.85626312715195
71748,70.5,-16.0,152.1139203736337
71749,70.5,-15.5,153.43266537717346
71750,70.5,-15.0,154.52951194589454
71751,70.5,-14.5,152.1474518864405
71752,70.5,-14.0,150.17434994083635
71753,70.5,-13.5,148.0817858329135
71754,70.5,-13.0,150.04336328932547
71755,70.5,-12.5,152.57164190116546
71756,70.5,-12.0,154.7018151105522
71757,70.5,-11.5,148.81160146619442
71758,70.5,-11.0,149.13130347292656
71759,70.5,-10.5,148.5081067381413
71760,70.5,-8.5,152.22197951805381
71761,70.5,-8.0,152.63178421323303
71762,70.5,-7.0,155.7558037719879
71763,70.5,-6.5,153.81632950300812
71764,70.5,-6.0,155.94966511011904
71765,70.5,-5.0,148.76474798838242
71766,70.5,-4.5,151.64060402911477
71767,70.5,-3.5,148.8334024136507
71768,70.5,-2.5,147.75031478815475
71769,70.5,-2.0,147.40945614976607
71770,70.5,-1.5,148.55858973019878
71771,70.5,-1.0,151.24311723646272
71772,70.5,-0.5,149.52712276300988
71773,70.5,0.5,148.46231267382686
71774,70.5,1.0,150.65317461224464
71775,70.5,1.5,149.59587871349453
71776,70.5,2.0,152.3469578021341
71777,70.5,2.5,148.23013806762856
71778,70.5,3.0,149.99248072719612
71779,70.5,3.5,148.53322384717885
71780,70.5,4.5,149.87388960104755
71781,70.5,5.0,149.65473564015403
71782,70.5,5.5,150.17606185613164
71783,70.5,6.0,151.4467779815334
71784,70.5,6.5,151.33814528184325
71785,70.5,7.0,153.3435196108113
71786,70.5,7.5,151.57734139907595
71787,70.5,8.0,179.36709451315562
71788,70.5,8.5,151.76668877196474
71789,70.5,9.0,150.24049071592523
71790,70.5,9.5,153.7707194842556
71791,70.5,10.0,150.37830665002346
71792,70.5,10.5,152.95831823932028
71793,70.5,11.0,152.15643198702946
71794,70.5,11.5,152.57072744493212
71795,70.5,12.0,151.48980360585125
71796,70.5,12.5,153.1526838645553
71797,70.5,13.5,149.8854287072259
71798,70.5,14.0,151.4433531299715
71799,70.5,14.5,153.54489499104287
71800,70.5,15.5,153.12859059940857
71801,70.5,16.0,148.9593277415213
71802,70.5,16.5,156.08469365288332
71803,70.5,17.0,151.8369494189245
71804,70.5,17.5,151.8137025112101
71805,70.5,18.0,150.06554884336074
71806,70.5,19.5,150.85086038480483
71807,70.5,20.0,152.20232357931766
71808,70.5,20.5,150.55309018411387
71809,70.5,21.0,153.28333055049302
71810,70.5,21.5,154.47618055047846
71811,70.5,22.0,156.07109844499416
71812,70.5,22.5,158.31868306158364
71813,70.5,23.0,165.3859035348906
71814,70.5,23.5,155.87645886962358
71815,70.5,24.0,166.74057745905023
71816,70.5,24.5,151.78951369041795
71817,70.5,25.0,146.920180233347
71818,70.5,25.5,146.70181521648286
71819,70.5,26.0,150.81343452932646
71820,70.5,26.5,150.95771215068174
71821,70.5,27.0,152.978889425711
71822,70.5,27.5,152.83285961340314
71823,70.5,28.0,150.36862812674087
71824,70.5,28.5,155.32633555649832
71825,70.5,29.0,158.11913257623533
71826,70.5,29.5,156.7607257530264
71827,70.5,30.0,153.67948970042755
71828,70.5,30.5,157.57002668205013
71829,70.5,31.0,154.67279425512885
71830,70.5,31.5,159.49416003639047
71831,70.5,32.0,158.05295575505568
71832,70.5,32.5,152.33023869089317
71833,70.5,33.0,153.90261318851714
71834,70.5,33.5,152.3914765769022
71835,70.5,34.0,151.3854146552976
71836,70.5,34.5,156.63345163618945
71837,70.5,35.0,145.69756270632632
71838,70.5,35.5,144.5040450226762
71839,70.5,36.0,143.4473526413183
71840,70.5,36.5,146.02406739897236
71841,70.5,37.0,144.1908494860567
71842,71.0,-38.5,162.06898428330007
71843,71.0,-38.0,164.30845045810474
71844,71.0,-37.5,153.2276273299446
71845,71.0,-37.0,149.4857540389493
71846,71.0,-36.5,149.65323470982534
71847,71.0,-36.0,147.5238191082103
71848,71.0,-35.5,148.46270173145686
71849,71.0,-35.0,155.9441572149334
71850,71.0,-34.5,148.45528819261844
71851,71.0,-34.0,148.7235216051802
71852,71.0,-33.5,153.8162387646539
71853,71.0,-33.0,153.9760806817028
71854,71.0,-32.5,152.64034322263032
71855,71.0,-32.0,149.44510235501275
71856,71.0,-31.5,153.91725017079625
71857,71.0,-31.0,150.7392056266915
71858,71.0,-30.5,151.91885957970658
71859,71.0,-30.0,150.02807978461982
71860,71.0,-29.5,150.19442021700516
71861,71.0,-29.0,153.63397403626448
71862,71.0,-28.5,172.60927748619469
71863,71.0,-28.0,151.30980060822668
71864,71.0,-27.5,157.8665371848025
71865,71.0,-27.0,153.50701802876293
71866,71.0,-26.5,151.1983880596281
71867,71.0,-26.0,167.60838470056876
71868,71.0,-25.5,154.20685394932454
71869,71.0,-25.0,163.69204810895036
71870,71.0,-24.5,149.77918366997827
71871,71.0,-24.0,149.1613655915335
71872,71.0,-23.5,149.97870090370932
71873,71.0,-23.0,152.62622579883038
71874,71.0,-22.5,149.92696673230475
71875,71.0,-22.0,149.97622999320458
71876,71.0,-21.5,151.78816755536488
71877,71.0,-21.0,150.51684599968283
71878,71.0,-20.5,151.05973798315074
71879,71.0,-20.0,154.27925677142807
71880,71.0,-19.5,151.9367196978285
71881,71.0,-19.0,151.00801605784542
71882,71.0,-18.5,150.91631454852597
71883,71.0,-18.0,151.87235299858494
71884,71.0,-17.5,155.812477781621
71885,71.0,-17.0,152.66492146759688
71886,71.0,-16.5,153.50701719268525
71887,71.0,-16.0,153.2253845077262
71888,71.0,-15.5,152.8887467631845
71889,71.0,-15.0,152.8138607125625
71890,71.0,-14.0,149.83737448547876
71891,71.0,-13.5,149.41096494974755
71892,71.0,-13.0,149.84408886459764
71893,71.0,-12.5,150.13534069014392
71894,71.0,-12.0,150.7672583008987
71895,71.0,-11.5,151.63275787810778
71896,71.0,-11.0,148.6634102879339
71897,71.0,-10.5,149.7016853377502
71898,71.0,-10.0,149.33596044582856
71899,71.0,-9.5,152.3441921069877
71900,71.0,-8.0,152.06863318929635
71901,71.0,-7.5,152.15957313209594
71902,71.0,-7.0,155.8211575353597
71903,71.0,-6.5,152.76103440546058
71904,71.0,-6.0,154.99314359716502
71905,71.0,-5.5,149.27879450129828
71906,71.0,-5.0,151.82004666329618
71907,71.0,-4.0,149.7724455531327
71908,71.0,-3.5,149.60214409941108
71909,71.0,-2.0,148.74978868171914
71910,71.0,-1.5,149.4318299536036
71911,71.0,-1.0,146.86761254036082
71912,71.0,-0.5,152.37570938348722
71913,71.0,0.0,148.9766671000603
71914,71.0,0.5,151.6225604482952
71915,71.0,1.0,148.39783057552407
71916,71.0,1.5,149.9853709906004
71917,71.0,2.0,150.58705568087856
71918,71.0,2.5,149.82201897290182
71919,71.0,3.0,147.78673829642813
71920,71.0,3.5,148.76440883487228
71921,71.0,4.0,148.41463580075657
71922,71.0,4.5,150.50112318333237
71923,71.0,5.0,150.41825365590282
71924,71.0,5.5,151.60947955225578
71925,71.0,6.0,151.3707338521799
71926,71.0,6.5,152.84728634334337
71927,71.0,7.0,153.92598026891412
71928,71.0,7.5,151.45934592815303
71929,71.0,8.0,150.51908607715094
71930,71.0,8.5,151.94812551657165
71931,71.0,9.0,155.254732341528
71932,71.0,9.5,155.5897397506251
71933,71.0,10.0,152.595508055767
71934,71.0,10.5,152.15645728350586
71935,71.0,11.0,151.78169146709138
71936,71.0,11.5,153.31952870759608
71937,71.0,12.0,152.00714736961257
71938,71.0,12.5,152.06451217990454
71939,71.0,13.5,154.83935209190466
71940,71.0,14.0,152.30274588489448
71941,71.0,14.5,149.5560578141927
71942,71.0,15.5,149.57522252877243
71943,71.0,16.0,149.45871689715491
71944,71.0,16.5,153.94413102305947
71945,71.0,17.0,155.3866042297655
71946,71.0,17.5,150.85022286100764
71947,71.0,18.0,150.9767629456804
71948,71.0,18.5,147.78465733531993
71949,71.0,19.0,151.35202517954977
71950,71.0,19.5,151.3797258597594
71951,71.0,20.0,151.64224869814305
71952,71.0,20.5,151.5390237310959
71953,71.0,21.0,151.91270690214418
71954,71.0,21.5,155.2968456223514
71955,71.0,22.0,155.23108991092758
71956,71.0,22.5,156.85323863489992
71957,71.0,23.0,159.9464764699112
71958,71.0,23.5,159.79119288359456
71959,71.0,24.0,165.24056340851786
71960,71.0,24.5,155.51205090978536
71961,71.0,25.0,147.8210964927346
71962,71.0,25.5,147.964321578969
71963,71.0,26.0,152.46868158124818
71964,71.0,26.5,152.02548727286523
71965,71.0,27.0,153.09905697858088
71966,71.0,27.5,153.21299959585434
71967,71.0,28.0,151.16437423649424
71968,71.0,28.5,154.19395812387071
71969,71.0,29.0,155.60587664042413
71970,71.0,29.5,155.96693291423122
71971,71.0,30.0,157.51192803957366
71972,71.0,30.5,157.7015958158869
71973,71.0,31.0,156.6505316012868
71974,71.0,31.5,156.2119565173177
71975,71.0,32.0,153.3661571488776
71976,71.0,32.5,152.2766374232397
71977,71.0,33.0,154.28051419213898
71978,71.0,33.5,154.15421738431982
71979,71.0,34.0,149.4556405350035
71980,71.0,34.5,156.72953033820326
71981,71.0,35.0,151.87890115815395
71982,71.0,35.5,144.59391248766278
71983,71.0,36.0,143.88410369828873
71984,71.0,36.5,146.4082304109115
71985,71.0,37.0,144.65816988438633
71986,71.5,-38.5,164.7326286216989
71987,71.5,-38.0,163.4250623667141
71988,71.5,-37.5,152.28173924977227
71989,71.5,-37.0,149.5765491417139
71990,71.5,-36.5,149.3963123056642
71991,71.5,-36.0,147.43698724466947
71992,71.5,-35.5,148.56959561128605
71993,71.5,-35.0,152.13413166480262
71994,71.5,-34.5,148.11871071078565
71995,71.5,-34.0,148.31918396485415
71996,71.5,-33.5,155.0237930657474
71997,71.5,-33.0,155.88213363386
71998,71.5,-32.5,150.21879077580283
71999,71.5,-32.0,147.94887841233248
72000,71.5,-31.5,154.81448502724098
72001,71.5,-31.0,151.76954665808432
72002,71.5,-30.5,151.55332227312098
72003,71.5,-30.0,149.8551591319197
72004,71.5,-29.5,151.94696544380707
72005,71.5,-29.0,152.7826969007493
72006,71.5,-28.5,172.85998735562265
72007,71.5,-28.0,152.22787678134415
72008,71.5,-27.5,157.62896051373812
72009,71.5,-27.0,158.66774248742152
72010,71.5,-26.5,150.76223730265045
72011,71.5,-26.0,158.06017478611753
72012,71.5,-25.5,160.41910158393785
72013,71.5,-24.5,169.1028217245757
72014,71.5,-24.0,149.48426625816012
72015,71.5,-23.5,149.15377111285633
72016,71.5,-23.0,152.28275470672173
72017,71.5,-22.5,156.0458744655386
72018,71.5,-22.0,150.34740249132926
72019,71.5,-21.5,148.66118450457418
72020,71.5,-21.0,149.03031340201306
72021,71.5,-20.5,150.01624240868094
72022,71.5,-20.0,150.46222186092427
72023,71.5,-19.5,154.41928449797732
72024,71.5,-19.0,149.94839267392823
72025,71.5,-18.5,152.5251658334261
72026,71.5,-18.0,152.32883123114289
72027,71.5,-17.5,151.71896288090582
72028,71.5,-17.0,151.47764051486905
72029,71.5,-16.5,152.74166622312114
72030,71.5,-16.0,154.919467636224
72031,71.5,-15.5,153.73348757737656
72032,71.5,-15.0,152.81462337302906
72033,71.5,-14.5,148.0620591650843
72034,71.5,-14.0,148.13064563959136
72035,71.5,-13.5,153.0042760423203
72036,71.5,-12.5,148.99526450020326
72037,71.5,-12.0,149.30406328822593
72038,71.5,-11.5,151.7478143470974
72039,71.5,-10.5,149.92298886203469
72040,71.5,-10.0,149.55379033619823
72041,71.5,-9.5,152.2664754847967
72042,71.5,-8.0,152.83282997507357
72043,71.5,-7.5,153.87066883241746
72044,71.5,-7.0,152.65796504471626
72045,71.5,-6.5,155.65268137243777
72046,71.5,-6.0,153.6019598696959
72047,71.5,-5.5,152.01085255267995
72048,71.5,-5.0,154.51303563390445
72049,71.5,-4.0,150.63230198030558
72050,71.5,-2.5,148.8731975790258
72051,71.5,-2.0,150.76129078253123
72052,71.5,-1.5,147.2984120891211
72053,71.5,-1.0,146.77240557570974
72054,71.5,-0.5,146.52295835450064
72055,71.5,0.0,151.2976722661645
72056,71.5,0.5,148.42282697021753
72057,71.5,1.0,146.59186295559616
72058,71.5,1.5,149.09182304857273
72059,71.5,2.0,149.95526652244314
72060,71.5,2.5,151.2103578573085
72061,71.5,3.0,148.15316748360485
72062,71.5,3.5,146.66625739364721
72063,71.5,4.0,149.67750478377852
72064,71.5,4.5,147.97920978629818
72065,71.5,5.0,151.09187830152234
72066,71.5,5.5,152.5466353576222
72067,71.5,6.0,152.5056979125238
72068,71.5,6.5,151.98610601243567
72069,71.5,7.0,153.4937067124954
72070,71.5,7.5,152.4759635289676
72071,71.5,8.0,151.37683945917
72072,71.5,8.5,154.4459400895522
72073,71.5,9.0,157.00798804884133
72074,71.5,9.5,155.50265020704356
72075,71.5,10.0,153.00927772583367
72076,71.5,10.5,152.09368067709144
72077,71.5,11.0,152.30443630629134
72078,71.5,11.5,152.79111197470743
72079,71.5,12.0,153.85118344765374
72080,71.5,12.5,151.97616786596734
72081,71.5,13.0,152.90569690037466
72082,71.5,13.5,155.19253434703373
72083,71.5,14.5,149.50038478149222
72084,71.5,16.0,149.24947107685782
72085,71.5,16.5,152.8309310289084
72086,71.5,17.0,154.98498929009122
72087,71.5,17.5,150.77551389009352
72088,71.5,18.0,151.0962038818105
72089,71.5,18.5,148.91472914206528
72090,71.5,19.0,152.19023080008924
72091,71.5,19.5,153.4801262702324
72092,71.5,20.0,151.02769212773916
72093,71.5,20.5,151.67221940785774
72094,71.5,21.0,154.13739241491587
72095,71.5,21.5,156.59805231808804
72096,71.5,22.0,155.6805819174256
72097,71.5,22.5,157.7133016447222
72098,71.5,23.0,158.83475311698325
72099,71.5,23.5,161.7543833909767
72100,71.5,24.0,157.19145935954424
72101,71.5,24.5,155.4559586283607
72102,71.5,25.0,151.0154127669063
72103,71.5,25.5,146.63615537095683
72104,71.5,26.0,152.54078634917886
72105,71.5,26.5,153.01993360217645
72106,71.5,27.0,153.5944763605654
72107,71.5,27.5,150.17996220430825
72108,71.5,28.0,153.49192758746827
72109,71.5,28.5,151.1092484331092
72110,71.5,29.0,153.11878210834644
72111,71.5,29.5,155.63656273621757
72112,71.5,30.0,159.01416252934087
72113,71.5,30.5,156.9185975047748
72114,71.5,31.0,155.0702382571376
72115,71.5,31.5,153.10160211957336
72116,71.5,32.0,152.98196584980255
72117,71.5,32.5,157.3802571130874
72118,71.5,33.0,153.8126199156445
72119,71.5,33.5,155.55929873127062
72120,71.5,34.0,154.560669960728
72121,71.5,34.5,154.5357494575932
72122,71.5,35.0,153.95933966053664
72123,71.5,35.5,144.59558290707875
72124,71.5,36.0,143.35939175088697
72125,71.5,36.5,146.0106241512245
72126,71.5,37.0,145.93023609667162
72127,72.0,-38.5,165.15911240365236
72128,72.0,-38.0,163.4909530153243
72129,72.0,-37.5,151.02124834328845
72130,72.0,-37.0,149.4897566075236
72131,72.0,-36.5,149.19104958218526
72132,72.0,-36.0,147.4366710030058
72133,72.0,-35.5,148.44635218670658
72134,72.0,-35.0,150.15272081120685
72135,72.0,-34.5,148.4335070228691
72136,72.0,-34.0,148.1516956176513
72137,72.0,-33.5,156.14562717723794
72138,72.0,-33.0,156.1176482367924
72139,72.0,-32.5,148.2655779911688
72140,72.0,-32.0,148.79609747514567
72141,72.0,-31.5,155.82811858194646
72142,72.0,-31.0,152.35750881507062
72143,72.0,-30.5,150.9150653008898
72144,72.0,-30.0,149.81364649394956
72145,72.0,-29.5,150.91574166175013
72146,72.0,-29.0,151.04254635648226
72147,72.0,-28.5,154.12701505099082
72148,72.0,-28.0,156.07777476653757
72149,72.0,-27.5,153.14673944811167
72150,72.0,-27.0,163.14957992756203
72151,72.0,-26.5,154.074574254033
72152,72.0,-26.0,155.72623463121369
72153,72.0,-25.5,161.83198464401102
72154,72.0,-24.5,169.45645918815637
72155,72.0,-23.5,148.69685576674877
72156,72.0,-23.0,148.8447649865757
72157,72.0,-22.5,154.87175764546035
72158,72.0,-22.0,149.65575541684848
72159,72.0,-21.5,147.52367092242628
72160,72.0,-21.0,147.9536596115725
72161,72.0,-20.5,148.45800715196637
72162,72.0,-20.0,148.6938274303192
72163,72.0,-19.5,147.69710646056072
72164,72.0,-19.0,152.98648688669985
72165,72.0,-18.5,152.3835962109999
72166,72.0,-18.0,153.97663571280376
72167,72.0,-17.5,149.85261102037387
72168,72.0,-17.0,152.44821778174406
72169,72.0,-15.5,154.87430064453972
72170,72.0,-15.0,150.77349902876503
72171,72.0,-14.5,149.80254839678938
72172,72.0,-13.5,157.4009632968983
72173,72.0,-13.0,153.1196506982818
72174,72.0,-12.5,148.15427157512707
72175,72.0,-12.0,149.20953260155343
72176,72.0,-11.5,150.6946469555955
72177,72.0,-11.0,156.77884182304862
72178,72.0,-10.0,149.85146792599528
72179,72.0,-9.5,150.30735945528983
72180,72.0,-9.0,153.29562592395925
72181,72.0,-8.0,154.89081928909275
72182,72.0,-7.5,152.8210897042675
72183,72.0,-7.0,153.0717969117
72184,72.0,-6.5,153.6907828504001
72185,72.0,-6.0,152.50784606805624
72186,72.0,-5.5,153.95607045314844
72187,72.0,-5.0,152.66486281592518
72188,72.0,-4.5,152.18513488356334
72189,72.0,-4.0,151.82819016679963
72190,72.0,-3.0,150.18221708149855
72191,72.0,-2.5,150.44853684240172
72192,72.0,-2.0,151.56902982531759
72193,72.0,-1.5,146.60679392270308
72194,72.0,-1.0,146.47673335612762
72195,72.0,-0.5,149.22662277503193
72196,72.0,0.0,150.71723217649495
72197,72.0,0.5,148.62923776483723
72198,72.0,1.0,145.56710428479917
72199,72.0,1.5,148.3466564184856
72200,72.0,2.0,150.86907447123767
72201,72.0,3.0,151.36705529110102
72202,72.0,3.5,149.01942832465926
72203,72.0,4.0,151.77928609151115
72204,72.0,4.5,149.32957506808626
72205,72.0,5.0,153.47992309951408
72206,72.0,5.5,151.8157632163268
72207,72.0,6.0,152.70217178371934
72208,72.0,6.5,151.17237272599618
72209,72.0,7.0,151.36531766382254
72210,72.0,7.5,153.0732645679582
72211,72.0,8.0,154.1026728500395
72212,72.0,8.5,154.01324102060354
72213,72.0,9.0,160.1914238340714
72214,72.0,9.5,154.83253696763106
72215,72.0,10.0,151.26161175916874
72216,72.0,10.5,154.61396881030106
72217,72.0,11.0,153.16422444364943
72218,72.0,11.5,151.45092773608383
72219,72.0,12.0,154.21633755701765
72220,72.0,12.5,152.7023459710596
72221,72.0,13.0,153.40357971503698
72222,72.0,13.5,155.68247365506124
72223,72.0,14.0,155.8940294395488
72224,72.0,14.5,149.36563947145842
72225,72.0,15.0,149.42925721694374
72226,72.0,16.0,156.58926575506138
72227,72.0,16.5,150.1004207570078
72228,72.0,17.0,151.34994858245653
72229,72.0,17.5,153.02912849333094
72230,72.0,18.0,148.72087468699604
72231,72.0,18.5,151.5543474069818
72232,72.0,19.0,151.67979257557573
72233,72.0,19.5,152.30989426632266
72234,72.0,20.0,149.832021309248
72235,72.0,20.5,150.98250489369036
72236,72.0,21.0,153.09776978687435
72237,72.0,21.5,153.98019520121184
72238,72.0,22.0,160.75020557965308
72239,72.0,22.5,165.33448038405848
72240,72.0,23.0,162.21594436771363
72241,72.0,23.5,159.49032564268555
72242,72.0,24.0,152.66000673795034
72243,72.0,24.5,151.9820894399812
72244,72.0,25.0,147.4931520898778
72245,72.0,25.5,149.16872495111437
72246,72.0,26.0,151.67325947120585
72247,72.0,26.5,148.62715483781366
72248,72.0,27.0,154.48929563945993
72249,72.0,27.5,150.94516532746437
72250,72.0,28.0,153.10036249490886
72251,72.0,28.5,151.68505787293728
72252,72.0,29.0,154.1150488645526
72253,72.0,29.5,154.79366913343983
72254,72.0,30.0,157.09929927609784
72255,72.0,30.5,157.87053202338572
72256,72.0,31.0,158.2810284471155
72257,72.0,31.5,153.66889018406164
72258,72.0,32.0,153.29713208103772
72259,72.0,32.5,152.1391614391499
72260,72.0,33.0,152.78238931340724
72261,72.0,33.5,153.97257149918286
72262,72.0,34.0,155.09725954588666
72263,72.0,34.5,154.29850318647817
72264,72.0,35.0,154.78699696890104
72265,72.0,35.5,146.75341942351588
72266,72.0,36.0,143.9790944550847
72267,72.0,36.5,145.82744007644823
72268,72.0,37.0,145.39812217009208
72269,72.5,-39.5,164.6684350778052
72270,72.5,-39.0,164.67566886116026
72271,72.5,-38.5,165.8700503940597
72272,72.5,-38.0,164.5422388500397
72273,72.5,-37.5,150.9410941527072
72274,72.5,-37.0,149.6908360667952
72275,72.5,-36.5,149.081721389811
72276,72.5,-36.0,147.23931202742514
72277,72.5,-35.5,148.55099723344432
72278,72.5,-35.0,147.75396747316705
72279,72.5,-34.5,150.91110975563114
72280,72.5,-34.0,150.74271301669307
72281,72.5,-33.5,157.25394794491433
72282,72.5,-33.0,157.58053917087662
72283,72.5,-32.5,147.25513775000786
72284,72.5,-32.0,150.22129583163186
72285,72.5,-31.5,153.07336618232404
72286,72.5,-31.0,152.0677954450393
72287,72.5,-30.5,151.26394681408223
72288,72.5,-30.0,151.79831951958982
72289,72.5,-29.5,148.63698894907776
72290,72.5,-29.0,150.88143844055114
72291,72.5,-28.5,153.84412821166705
72292,72.5,-28.0,156.34276997706792
72293,72.5,-27.5,151.04596363268925
72294,72.5,-27.0,163.46782632613377
72295,72.5,-26.5,157.13262880387327
72296,72.5,-26.0,150.63297930326996
72297,72.5,-25.5,164.10626779424888
72298,72.5,-25.0,154.84020397483056
72299,72.5,-24.5,169.80045432770243
72300,72.5,-24.0,156.61702862062427
72301,72.5,-23.5,149.99805535037834
72302,72.5,-23.0,148.04331179727873
72303,72.5,-22.5,150.69255856017068
72304,72.5,-22.0,149.8796503820417
72305,72.5,-21.5,148.47240939390508
72306,72.5,-21.0,147.68367607542888
72307,72.5,-20.5,148.33973286105453
72308,72.5,-20.0,148.37835913292426
72309,72.5,-19.5,147.45141932141183
72310,72.5,-19.0,151.82232258466794
72311,72.5,-18.5,151.5128344553594
72312,72.5,-18.0,151.05590690891339
72313,72.5,-17.5,151.18591770435725
72314,72.5,-17.0,148.61477822586363
72315,72.5,-15.5,155.08345325469708
72316,72.5,-15.0,150.70012650297974
72317,72.5,-14.5,151.15220243857223
72318,72.5,-14.0,152.6975773549284
72319,72.5,-13.0,150.25737403706893
72320,72.5,-12.5,147.69621314503922
72321,72.5,-12.0,148.23099265658848
72322,72.5,-11.5,149.79158074684224
72323,72.5,-11.0,154.3621129424699
72324,72.5,-10.5,157.89286954001636
72325,72.5,-10.0,149.77896290403896
72326,72.5,-9.5,149.91223921544125
72327,72.5,-9.0,150.8906700542738
72328,72.5,-8.5,154.20485702478132
72329,72.5,-8.0,152.60141672949612
72330,72.5,-7.5,154.5059657139349
72331,72.5,-7.0,154.89313528508728
72332,72.5,-6.5,151.7874722499165
72333,72.5,-6.0,152.47081312468308
72334,72.5,-5.5,155.71729584904904
72335,72.5,-5.0,152.3622641377603
72336,72.5,-4.5,152.6183757065463
72337,72.5,-4.0,154.65315242172883
72338,72.5,-3.5,154.28141144564052
72339,72.5,-3.0,151.66875201073591
72340,72.5,-2.5,152.30519762077654
72341,72.5,-1.0,150.14478973555387
72342,72.5,-0.5,148.77818614510187
72343,72.5,0.0,147.90373775225783
72344,72.5,0.5,152.47650101215405
72345,72.5,1.0,148.656802735378
72346,72.5,1.5,151.73772875583342
72347,72.5,2.0,147.79115057651995
72348,72.5,2.5,150.57582119426422
72349,72.5,3.0,152.010241961065
72350,72.5,3.5,150.81572125706683
72351,72.5,4.0,148.96235025778665
72352,72.5,4.5,153.0682204373032
72353,72.5,5.0,150.7461881112768
72354,72.5,5.5,154.58408279296242
72355,72.5,6.0,152.23549234692396
72356,72.5,6.5,151.90140386310054
72357,72.5,7.0,152.57108080200436
72358,72.5,7.5,152.3431502145058
72359,72.5,8.0,159.25395758214756
72360,72.5,8.5,154.83739642035556
72361,72.5,9.0,152.90716855201038
72362,72.5,9.5,155.03054542982596
72363,72.5,10.0,156.8457621878716
72364,72.5,10.5,152.80838106782298
72365,72.5,11.0,154.81758166137678
72366,72.5,11.5,151.90078585930726
72367,72.5,12.0,152.0870612267269
72368,72.5,12.5,155.6325511736597
72369,72.5,13.0,154.98222460744716
72370,72.5,13.5,153.23390376407866
72371,72.5,14.5,156.6698646039088
72372,72.5,15.0,149.29316591192256
72373,72.5,15.5,150.43673206366282
72374,72.5,16.0,157.14070473283172
72375,72.5,16.5,152.29328889613188
72376,72.5,17.0,150.3473725423066
72377,72.5,17.5,150.43382354909477
72378,72.5,18.0,148.99352586505194
72379,72.5,18.5,151.80925745381145
72380,72.5,19.0,150.70596373701855
72381,72.5,19.5,149.56274008545424
72382,72.5,20.0,153.67472632449443
72383,72.5,20.5,152.38429508761976
72384,72.5,21.0,155.31806487982914
72385,72.5,21.5,159.53887265224535
72386,72.5,22.0,163.33029862119403
72387,72.5,22.5,164.5288052632546
72388,72.5,23.0,158.10282759518597
72389,72.5,23.5,156.05645892004642
72390,72.5,24.0,155.09501180877035
72391,72.5,24.5,152.46764568733892
72392,72.5,25.0,151.4132839138095
72393,72.5,25.5,149.9015456680927
72394,72.5,26.0,152.06550826887812
72395,72.5,26.5,148.12559441904287
72396,72.5,27.0,149.4482105064318
72397,72.5,27.5,152.22464427828686
72398,72.5,28.0,153.47393494126376
72399,72.5,28.5,151.91597935099577
72400,72.5,29.0,155.07105678237218
72401,72.5,29.5,154.82895208406035
72402,72.5,30.0,157.51283729181444
72403,72.5,30.5,157.67922613252935
72404,72.5,31.0,156.61972467646717
72405,72.5,31.5,157.67922006991776
72406,72.5,32.0,157.81021901124058
72407,72.5,32.5,155.47264810829518
72408,72.5,33.0,155.02711183779516
72409,72.5,33.5,154.31385306930406
72410,72.5,34.0,155.46607045939913
72411,72.5,34.5,153.7336079557425
72412,72.5,35.0,155.26337359217536
72413,72.5,35.5,145.753041324141
72414,72.5,36.0,143.61779250167203
72415,72.5,36.5,147.5430141387349
72416,72.5,37.0,144.66863309840565
72417,73.0,-38.5,167.00883995426975
72418,73.0,-38.0,164.47238958500623
72419,73.0,-37.5,150.86482391688654
72420,73.0,-37.0,149.62509555185636
72421,73.0,-36.5,148.97198144061514
72422,73.0,-36.0,147.58142730027853
72423,73.0,-35.5,148.43290869769348
72424,73.0,-35.0,147.86417855785052
72425,73.0,-34.5,151.48284878446017
72426,73.0,-34.0,151.04094328774966
72427,73.0,-33.5,159.8888167745651
72428,73.0,-33.0,158.60470912101883
72429,73.0,-32.5,146.74787010989033
72430,73.0,-32.0,151.51430630946533
72431,73.0,-31.5,146.953324411324
72432,73.0,-31.0,154.16536743074965
72433,73.0,-30.5,154.64753910941735
72434,73.0,-30.0,150.10805705420847
72435,73.0,-29.5,147.93508961187032
72436,73.0,-29.0,152.33728562625325
72437,73.0,-28.5,149.60270637195805
72438,73.0,-28.0,156.6036627319934
72439,73.0,-27.5,153.9408155163038
72440,73.0,-27.0,157.16791551394383
72441,73.0,-26.5,163.03992940562156
72442,73.0,-26.0,152.24633930814326
72443,73.0,-25.0,161.65468908592882
72444,73.0,-24.0,159.29442239209646
72445,73.0,-23.5,149.2688877187335
72446,73.0,-23.0,148.48839056994032
72447,73.0,-22.5,148.82845668177325
72448,73.0,-22.0,152.4397431017715
72449,73.0,-21.5,147.93102406228303
72450,73.0,-21.0,147.24502055129045
72451,73.0,-20.5,147.99792585795183
72452,73.0,-20.0,147.12162840580575
72453,73.0,-19.5,147.8967803223652
72454,73.0,-19.0,150.07148470084752
72455,73.0,-18.5,152.2389942944809
72456,73.0,-18.0,149.44383437233165
72457,73.0,-17.5,151.74614493739364
72458,73.0,-17.0,146.8046880442732
72459,73.0,-16.5,146.85438374080977
72460,73.0,-16.0,155.77841049076952
72461,73.0,-15.5,147.8395329833082
72462,73.0,-15.0,151.64597480500288
72463,73.0,-14.5,152.53521919199923
72464,73.0,-14.0,153.10581369387788
72465,73.0,-13.5,148.9222852435137
72466,73.0,-13.0,148.68134852525557
72467,73.0,-12.5,150.73054514615603
72468,73.0,-11.5,150.0443262352615
72469,73.0,-11.0,150.35439238579738
72470,73.0,-10.5,158.4384331597151
72471,73.0,-9.5,149.87080991338573
72472,73.0,-9.0,149.48012093462773
72473,73.0,-8.5,152.31588150448385
72474,73.0,-8.0,151.72671552827708
72475,73.0,-7.5,153.5113588923065
72476,73.0,-7.0,151.28332089964042
72477,73.0,-6.5,152.87211514358825
72478,73.0,-6.0,152.50760697177222
72479,73.0,-5.5,155.3352893838502
72480,73.0,-5.0,151.44386254254675
72481,73.0,-4.5,152.95988068192315
72482,73.0,-3.5,152.596478211007
72483,73.0,-3.0,153.52421634672336
72484,73.0,-2.5,159.49918636186132
72485,73.0,-2.0,159.32982952020376
72486,73.0,-1.5,153.9038606912685
72487,73.0,-1.0,152.92101254462062
72488,73.0,-0.5,150.36006777331835
72489,73.0,0.0,150.15008766688027
72490,73.0,0.5,149.16582408139445
72491,73.0,1.0,151.2471183075843
72492,73.0,1.5,146.3585861454459
72493,73.0,2.5,150.3818513848756
72494,73.0,3.0,154.6849235337474
72495,73.0,3.5,152.7072200680299
72496,73.0,4.0,151.8536937236869
72497,73.0,4.5,152.30937869987673
72498,73.0,5.0,154.72360221274837
72499,73.0,5.5,153.66072418622846
72500,73.0,6.0,156.0065453368776
72501,73.0,6.5,154.85423412723173
72502,73.0,7.0,155.70565381665054
72503,73.0,7.5,155.4754609605536
72504,73.0,8.0,157.09280545052422
72505,73.0,8.5,156.09880288899714
72506,73.0,9.0,152.9214458495415
72507,73.0,9.5,152.8268218562055
72508,73.0,10.0,157.44147262153544
72509,73.0,10.5,154.46481133777837
72510,73.0,11.0,153.99037441923304
72511,73.0,11.5,153.06769223051043
72512,73.0,12.0,150.25844332058745
72513,73.0,12.5,156.08747835428153
72514,73.0,13.5,153.51758290872837
72515,73.0,14.0,154.77565726746275
72516,73.0,14.5,157.43276762886012
72517,73.0,15.0,158.24377550734232
72518,73.0,15.5,153.69132434330714
72519,73.0,16.5,154.6829574828555
72520,73.0,17.0,148.4303500190559
72521,73.0,17.5,150.82539137159284
72522,73.0,18.0,151.54864121715033
72523,73.0,18.5,153.81986684747093
72524,73.0,19.0,156.76675011733587
72525,73.0,19.5,156.38548889592462
72526,73.0,20.0,156.4719888064199
72527,73.0,20.5,156.46831766604433
72528,73.0,21.0,157.92140546122457
72529,73.0,21.5,159.08045263732893
72530,73.0,22.0,160.71892109292858
72531,73.0,22.5,159.2029824243354
72532,73.0,23.0,158.79392696954488
72533,73.0,23.5,155.57828509818884
72534,73.0,24.0,155.58244617915005
72535,73.0,24.5,152.74961616319976
72536,73.0,25.0,152.67345059441934
72537,73.0,25.5,154.35382817750258
72538,73.0,26.0,153.89305937686908
72539,73.0,26.5,150.4919543717683
72540,73.0,27.0,149.96989610078748
72541,73.0,27.5,149.34976425901598
72542,73.0,28.0,155.15921848492403
72543,73.0,28.5,152.14907709723508
72544,73.0,29.0,153.67604609256537
72545,73.0,29.5,156.29137734743844
72546,73.0,30.0,157.6853682378123
72547,73.0,30.5,158.22958269408707
72548,73.0,31.0,157.10996556813788
72549,73.0,31.5,156.10767944572396
72550,73.0,32.0,156.45605234870402
72551,73.0,32.5,157.81943474245463
72552,73.0,33.0,155.3754996985927
72553,73.0,33.5,154.16755706528238
72554,73.0,34.0,151.37650749427996
72555,73.0,34.5,152.20649574298616
72556,73.0,35.0,156.5632146895959
72557,73.0,35.5,145.72293096151247
72558,73.0,36.0,143.60209738096287
72559,73.0,36.5,145.86962725692769
72560,73.0,37.0,143.96171604628856
72561,73.5,-39.0,162.22488448841912
72562,73.5,-38.5,168.9946303203781
72563,73.5,-38.0,164.51081446019845
72564,73.5,-37.5,150.95047076834524
72565,73.5,-37.0,149.6726380763946
72566,73.5,-36.5,148.76354213038354
72567,73.5,-36.0,147.48926828083668
72568,73.5,-35.5,148.27540024950684
72569,73.5,-35.0,147.97447157873856
72570,73.5,-34.5,151.8194566543222
72571,73.5,-34.0,153.52381108968456
72572,73.5,-33.5,161.2005610049817
72573,73.5,-33.0,163.61488237761063
72574,73.5,-32.5,148.85596649108282
72575,73.5,-32.0,149.32057835483806
72576,73.5,-31.5,151.03647422931905
72577,73.5,-31.0,156.3972287366018
72578,73.5,-30.5,155.16684408615623
72579,73.5,-30.0,150.13789218346776
72580,73.5,-29.5,149.29435734805
72581,73.5,-29.0,152.29372085992222
72582,73.5,-28.5,148.19476246569423
72583,73.5,-28.0,151.1009349732889
72584,73.5,-27.5,159.39995415533642
72585,73.5,-27.0,156.2695194982432
72586,73.5,-26.5,171.06874730327976
72587,73.5,-26.0,154.6652647847367
72588,73.5,-25.5,147.00520262560266
72589,73.5,-25.0,162.226810077919
72590,73.5,-24.5,147.60585412789356
72591,73.5,-24.0,161.080190281859
72592,73.5,-23.5,150.59676722446633
72593,73.5,-23.0,149.08629565977478
72594,73.5,-22.5,148.6694922531821
72595,73.5,-22.0,148.65718530679433
72596,73.5,-21.5,148.7453426706746
72597,73.5,-21.0,147.89841336888892
72598,73.5,-20.5,147.34731735464933
72599,73.5,-20.0,147.39749343584967
72600,73.5,-19.5,148.66324884809504
72601,73.5,-19.0,150.86989894482215
72602,73.5,-18.5,150.0612987625297
72603,73.5,-18.0,150.81512499521304
72604,73.5,-17.5,152.6711398269779
72605,73.5,-16.5,146.6763967648625
72606,73.5,-16.0,147.49466586218034
72607,73.5,-15.5,150.065569569568
72608,73.5,-15.0,155.92873461096414
72609,73.5,-14.5,156.03852507575758
72610,73.5,-14.0,150.5809245295042
72611,73.5,-13.5,148.60488484818163
72612,73.5,-13.0,148.66332914993552
72613,73.5,-12.5,151.18295498454236
72614,73.5,-12.0,154.25875953703073
72615,73.5,-11.0,150.51768901909543
72616,73.5,-10.5,150.27825079448624
72617,73.5,-9.0,151.73929570148033
72618,73.5,-8.5,150.87823501860044
72619,73.5,-8.0,152.70160829049146
72620,73.5,-7.5,149.6071482995909
72621,73.5,-7.0,151.1796588210799
72622,73.5,-6.5,153.2457380204705
72623,73.5,-6.0,150.83956520256172
72624,73.5,-5.5,152.04080869021521
72625,73.5,-5.0,154.09986972278557
72626,73.5,-4.5,150.78873540927555
72627,73.5,-4.0,151.47631582088653
72628,73.5,-3.5,152.10257911373495
72629,73.5,-2.0,158.3556731687155
72630,73.5,-1.5,155.27068963451433
72631,73.5,-1.0,152.72864634368736
72632,73.5,-0.5,151.22329588722874
72633,73.5,0.0,146.7294733062755
72634,73.5,0.5,149.91100465974586
72635,73.5,1.0,154.84896004067335
72636,73.5,1.5,150.9462966661261
72637,73.5,2.0,146.556286891685
72638,73.5,2.5,149.09692455153825
72639,73.5,3.0,151.67010033577236
72640,73.5,3.5,154.28955752104923
72641,73.5,4.0,156.09457671537047
72642,73.5,4.5,151.39848815948974
72643,73.5,5.0,152.51615931001982
72644,73.5,5.5,154.4743449117876
72645,73.5,6.0,154.28206370395333
72646,73.5,6.5,154.84961884970772
72647,73.5,7.0,153.0593439598603
72648,73.5,7.5,156.23663381961313
72649,73.5,8.0,153.63300856472517
72650,73.5,8.5,156.0975769649765
72651,73.5,9.0,153.60911556143103
72652,73.5,9.5,153.14041928659637
72653,73.5,10.0,156.25315140122638
72654,73.5,10.5,155.71398344708751
72655,73.5,11.0,152.1154413589707
72656,73.5,11.5,156.05804111389273
72657,73.5,12.0,158.3502614902917
72658,73.5,12.5,152.8951514559962
72659,73.5,13.0,157.73909486434013
72660,73.5,13.5,155.6197272134913
72661,73.5,14.0,154.21625628614507
72662,73.5,14.5,158.72214426150111
72663,73.5,15.0,158.69715317640774
72664,73.5,15.5,155.35744566850963
72665,73.5,16.0,153.0172131502415
72666,73.5,17.5,152.64906195786227
72667,73.5,18.0,152.24777378476907
72668,73.5,18.5,155.4520814004159
72669,73.5,19.0,153.11414279279322
72670,73.5,19.5,155.2733700725184
72671,73.5,20.0,153.34831620392308
72672,73.5,20.5,153.6355691396353
72673,73.5,21.0,154.84096568716424
72674,73.5,21.5,156.08962082817445
72675,73.5,22.0,158.07719700476392
72676,73.5,22.5,156.5154805277012
72677,73.5,23.0,159.45569354749512
72678,73.5,23.5,156.84893277424152
72679,73.5,24.0,154.46742996394218
72680,73.5,24.5,152.09108451408378
72681,73.5,25.0,151.13688733988042
72682,73.5,25.5,156.07332531714013
72683,73.5,26.0,157.64461549348772
72684,73.5,26.5,151.7071651077728
72685,73.5,27.0,152.68852009550685
72686,73.5,27.5,150.33698183433052
72687,73.5,28.0,152.16104633551808
72688,73.5,28.5,152.80718029703078
72689,73.5,29.0,152.1009366501183
72690,73.5,29.5,155.01561649956028
72691,73.5,30.0,159.64555147101197
72692,73.5,30.5,159.7847749021266
72693,73.5,31.0,158.89212704494656
72694,73.5,31.5,158.02198849491228
72695,73.5,32.0,159.00950813111396
72696,73.5,32.5,158.45224746597358
72697,73.5,33.0,156.2869892337707
72698,73.5,33.5,151.06344798078834
72699,73.5,34.0,148.87879642531604
72700,73.5,34.5,148.21495543820657
72701,73.5,35.0,156.18665528846793
72702,73.5,35.5,145.41412049057482
72703,73.5,36.0,144.1692223258529
72704,73.5,36.5,146.50548980011985
72705,73.5,37.0,144.0558580627052
72706,74.0,-39.0,162.07806583374003
72707,74.0,-38.5,172.2827822649172
72708,74.0,-38.0,166.74570685498537
72709,74.0,-37.5,153.11184151462464
72710,74.0,-37.0,149.26424878552663
72711,74.0,-36.5,148.5614738449077
72712,74.0,-36.0,147.608011539465
72713,74.0,-35.5,148.511948315022
72714,74.0,-35.0,148.16846831265013
72715,74.0,-34.5,152.3436800413208
72716,74.0,-34.0,154.527052719779
72717,74.0,-33.5,163.6942558590019
72718,74.0,-33.0,169.98846324202214
72719,74.0,-32.5,150.28888835870546
72720,74.0,-32.0,152.15453894155107
72721,74.0,-31.5,151.108150772618
72722,74.0,-31.0,155.36645276446967
72723,74.0,-30.5,155.0459195958984
72724,74.0,-30.0,150.368142367287
72725,74.0,-29.5,149.5045209412499
72726,74.0,-29.0,151.92636195697384
72727,74.0,-28.5,148.30257044496693
72728,74.0,-28.0,152.69051540273017
72729,74.0,-27.5,159.3403015268168
72730,74.0,-27.0,150.66514010018403
72731,74.0,-26.5,160.83526387988388
72732,74.0,-26.0,157.94958454932626
72733,74.0,-25.5,149.7441052225442
72734,74.0,-25.0,157.47833821948342
72735,74.0,-24.5,155.51890814895725
72736,74.0,-24.0,149.3409937247583
72737,74.0,-23.5,163.2213706761541
72738,74.0,-23.0,148.92840186753554
72739,74.0,-22.5,148.58788947564048
72740,74.0,-22.0,147.7085009949956
72741,74.0,-21.5,152.97002558411583
72742,74.0,-21.0,148.08280163938076
72743,74.0,-20.5,146.98468437341327
72744,74.0,-20.0,147.73591427521328
72745,74.0,-19.5,150.53424770252016
72746,74.0,-19.0,151.6035255644631
72747,74.0,-18.5,149.2869546761033
72748,74.0,-18.0,151.09831177815713
72749,74.0,-16.0,147.30540744903408
72750,74.0,-15.5,147.8609502055625
72751,74.0,-14.5,156.40940138336055
72752,74.0,-14.0,148.6764396018216
72753,74.0,-13.5,150.2414369720078
72754,74.0,-13.0,149.63212468026222
72755,74.0,-12.0,154.49894448161436
72756,74.0,-11.0,149.83314553032878
72757,74.0,-10.5,151.03892308647752
72758,74.0,-10.0,150.19369152277554
72759,74.0,-9.5,151.775326163961
72760,74.0,-9.0,152.12038555289075
72761,74.0,-8.5,151.68234246491312
72762,74.0,-8.0,149.38690075820605
72763,74.0,-7.5,151.00761828364537
72764,74.0,-7.0,152.16244546580657
72765,74.0,-6.0,154.06085565536017
72766,74.0,-5.5,151.7392512933196
72767,74.0,-5.0,151.89933883477565
72768,74.0,-4.5,153.84947645725615
72769,74.0,-4.0,151.01436949609317
72770,74.0,-3.5,153.4321924733675
72771,74.0,-2.0,155.04240631188333
72772,74.0,-1.5,155.67460194343346
72773,74.0,-1.0,154.3447003463882
72774,74.0,0.0,148.12530043514656
72775,74.0,0.5,146.72293766579608
72776,74.0,1.0,146.5555753935987
72777,74.0,1.5,153.7839556604841
72778,74.0,2.0,149.27053664519445
72779,74.0,2.5,148.10339287237971
72780,74.0,3.0,149.07066596527451
72781,74.0,3.5,155.51862355355883
72782,74.0,4.0,154.47695034228437
72783,74.0,4.5,152.65128581841384
72784,74.0,5.0,149.68154613742337
72785,74.0,6.0,154.55542524111314
72786,74.0,6.5,150.72948759885705
72787,74.0,7.0,152.9643223960215
72788,74.0,7.5,154.35806134208232
72789,74.0,8.0,152.77954142336583
72790,74.0,8.5,152.7560956195687
72791,74.0,9.0,160.004919702256
72792,74.0,9.5,154.11710638126746
72793,74.0,10.0,152.18135951536985
72794,74.0,11.5,154.92203131773977
72795,74.0,12.0,159.2992438062874
72796,74.0,12.5,151.3614384970917
72797,74.0,13.0,155.97825136119167
72798,74.0,13.5,159.22976251168825
72799,74.0,14.0,155.63373883914872
72800,74.0,14.5,155.75017654716763
72801,74.0,15.0,159.96852395532576
72802,74.0,15.5,158.3997658312088
72803,74.0,16.0,153.62176178353124
72804,74.0,16.5,149.26201117811829
72805,74.0,17.5,152.62045761659527
72806,74.0,18.0,153.122805399749
72807,74.0,18.5,152.07497028991514
72808,74.0,19.0,155.07817964635578
72809,74.0,19.5,155.27129833388014
72810,74.0,20.0,155.29511486277198
72811,74.0,20.5,154.42858672054234
72812,74.0,21.0,153.68215957024267
72813,74.0,21.5,157.38276992433717
72814,74.0,22.0,155.64657938272546
72815,74.0,22.5,155.25739946332666
72816,74.0,23.0,155.31889162468207
72817,74.0,23.5,158.9724515357404
72818,74.0,24.0,159.46014851207255
72819,74.0,24.5,154.06248339040343
72820,74.0,25.0,156.61601405483444
72821,74.0,25.5,154.57227993559792
72822,74.0,26.0,153.4339899550197
72823,74.0,26.5,155.47520223960092
72824,74.0,27.0,152.54246755307784
72825,74.0,27.5,150.48598767402538
72826,74.0,28.0,150.5675334606603
72827,74.0,28.5,151.39799952642457
72828,74.0,29.0,152.3308267829678
72829,74.0,29.5,154.8942226163587
72830,74.0,30.0,157.8018218119503
72831,74.0,30.5,159.5952335988707
72832,74.0,31.0,159.89999848200384
72833,74.0,31.5,158.66926959768554
72834,74.0,32.0,158.49633844143457
72835,74.0,32.5,159.39807576386082
72836,74.0,33.0,153.13133188418172
72837,74.0,33.5,148.1381336119061
72838,74.0,34.0,148.70503225174224
72839,74.0,34.5,148.2508311105173
72840,74.0,35.0,155.92988543784585
72841,74.0,35.5,144.65924607243937
72842,74.0,36.0,144.42515047322766
72843,74.0,36.5,146.4148395542896
72844,74.5,-39.0,162.68695580802427
72845,74.5,-38.5,174.5343240200081
72846,74.5,-38.0,165.57314256972668
72847,74.5,-37.5,153.83841688845104
72848,74.5,-37.0,149.05102681519034
72849,74.5,-36.5,147.7669216500022
72850,74.5,-36.0,147.70321946229907
72851,74.5,-35.5,148.5302727113473
72852,74.5,-35.0,148.15417416725614
72853,74.5,-34.5,155.62839896017547
72854,74.5,-34.0,154.80705536533455
72855,74.5,-33.5,167.88513376558566
72856,74.5,-33.0,162.87301411941428
72857,74.5,-32.5,153.02028557668947
72858,74.5,-32.0,152.58735407623266
72859,74.5,-31.5,151.18130040905217
72860,74.5,-31.0,151.60679635721246
72861,74.5,-30.5,152.39552340388542
72862,74.5,-30.0,153.89015224518374
72863,74.5,-29.5,150.0941700748329
72864,74.5,-29.0,150.8842559990651
72865,74.5,-28.5,148.630260531021
72866,74.5,-28.0,151.9168311841876
72867,74.5,-27.5,157.495830931415
72868,74.5,-27.0,151.92380625191225
72869,74.5,-26.5,157.01052727029625
72870,74.5,-26.0,154.1649375316717
72871,74.5,-25.5,156.21658415108539
72872,74.5,-25.0,148.97178672858178
72873,74.5,-24.5,162.83844269983723
72874,74.5,-24.0,148.21303848425615
72875,74.5,-23.5,156.71766552884463
72876,74.5,-23.0,149.03324683012062
72877,74.5,-22.5,147.84567728237948
72878,74.5,-22.0,147.97904912294425
72879,74.5,-21.5,148.08324430885708
72880,74.5,-21.0,149.82492377112953
72881,74.5,-20.5,147.49780439894957
72882,74.5,-20.0,148.19233115695675
72883,74.5,-19.5,150.82905660546612
72884,74.5,-19.0,150.13080591211636
72885,74.5,-18.5,151.22397956602418
72886,74.5,-16.5,148.12269308732192
72887,74.5,-16.0,147.7713575146487
72888,74.5,-15.5,146.57020138890917
72889,74.5,-14.5,147.9327014639245
72890,74.5,-14.0,154.76596069082277
72891,74.5,-13.5,149.74916447922146
72892,74.5,-13.0,151.39526028913755
72893,74.5,-12.5,151.01211942243725
72894,74.5,-12.0,154.7441470573141
72895,74.5,-11.5,154.94214387502512
72896,74.5,-10.5,151.25653217120566
72897,74.5,-10.0,150.20443010815544
72898,74.5,-9.5,151.53915220168213
72899,74.5,-9.0,151.8286034791526
72900,74.5,-8.5,152.66688495417267
72901,74.5,-8.0,150.5997555406367
72902,74.5,-7.5,150.61227586837745
72903,74.5,-7.0,150.4644682492933
72904,74.5,-6.5,153.46923466047954
72905,74.5,-6.0,151.34821292294507
72906,74.5,-5.5,152.88835928292158
72907,74.5,-5.0,152.09468104700676
72908,74.5,-4.5,151.4255975558712
72909,74.5,-4.0,153.45940868924217
72910,74.5,-3.5,153.19867532285912
72911,74.5,-3.0,158.1572036397122
72912,74.5,-2.5,154.46983837963862
72913,74.5,-2.0,154.04974911811485
72914,74.5,-1.5,154.65046121226496
72915,74.5,-1.0,155.19352926456926
72916,74.5,-0.5,149.812933742388
72917,74.5,0.0,148.05140866420047
72918,74.5,0.5,146.7171532762657
72919,74.5,1.0,146.52878987813747
72920,74.5,1.5,148.00355738186664
72921,74.5,2.0,152.46242232980148
72922,74.5,2.5,147.72747992498267
72923,74.5,3.0,156.5859891499456
72924,74.5,3.5,152.08874219830778
72925,74.5,4.0,153.27287200417456
72926,74.5,4.5,151.98206358480383
72927,74.5,5.0,151.90843598094202
72928,74.5,5.5,153.0838621272101
72929,74.5,6.0,153.3043865488516
72930,74.5,6.5,150.55082738780666
72931,74.5,7.0,154.54062976049858
72932,74.5,7.5,153.19273674815045
72933,74.5,8.0,154.84627798567251
72934,74.5,8.5,150.7674089530839
72935,74.5,9.0,151.7412185725071
72936,74.5,9.5,156.24651648054694
72937,74.5,10.0,152.70864636181284
72938,74.5,10.5,151.91134885466468
72939,74.5,11.5,160.45701364279125
72940,74.5,12.0,157.1650550595445
72941,74.5,13.0,152.3188706065222
72942,74.5,13.5,159.4423098413331
72943,74.5,14.0,157.74409575812652
72944,74.5,14.5,157.10344763591232
72945,74.5,15.0,157.1624770793002
72946,74.5,15.5,158.92732483412377
72947,74.5,16.5,151.32259131639125
72948,74.5,17.0,153.69615317651582
72949,74.5,17.5,154.6113640102258
72950,74.5,18.0,153.76571693604077
72951,74.5,18.5,154.3776127394734
72952,74.5,19.0,154.19776422929587
72953,74.5,19.5,153.84623454340792
72954,74.5,20.0,156.13873328900348
72955,74.5,20.5,155.29324667101983
72956,74.5,21.0,155.44844079192998
72957,74.5,21.5,153.40337073808286
72958,74.5,22.0,149.30112050282804
72959,74.5,22.5,153.92337857989688
72960,74.5,23.0,156.1226623763761
72961,74.5,23.5,155.56121880863827
72962,74.5,24.0,154.3203699008093
72963,74.5,24.5,157.8819293056924
72964,74.5,25.0,158.5315078556175
72965,74.5,25.5,159.11541469923617
72966,74.5,26.0,155.88959566048104
72967,74.5,26.5,154.62491647174522
72968,74.5,27.0,150.02721429139186
72969,74.5,27.5,151.1643865278268
72970,74.5,28.0,152.6086692355266
72971,74.5,28.5,151.71258970210582
72972,74.5,29.0,152.98985318876925
72973,74.5,29.5,155.52141950027985
72974,74.5,30.0,161.82152905110027
72975,74.5,30.5,160.72301724731562
72976,74.5,31.0,160.7695452309324
72977,74.5,31.5,156.74815392220052
72978,74.5,32.0,161.519966077152
72979,74.5,32.5,160.38180075959602
72980,74.5,33.0,153.66582515902277
72981,74.5,33.5,146.58877165898278
72982,74.5,34.0,145.05015033592156
72983,74.5,34.5,152.93893017446587
72984,74.5,35.0,155.39463850145899
72985,74.5,35.5,145.68684847367297
72986,74.5,36.0,144.8606035248582
72987,74.5,36.5,146.04866326866198
72988,75.0,-39.0,162.23125510993953
72989,75.0,-38.5,174.64898592825423
72990,75.0,-37.5,153.81287905311234
72991,75.0,-37.0,148.84191411151215
72992,75.0,-36.5,147.35775065895277
72993,75.0,-36.0,148.50511485144727
72994,75.0,-35.5,148.6545077101584
72995,75.0,-35.0,148.16754829696373
72996,75.0,-34.5,156.66250942635756
72997,75.0,-34.0,155.1423459089823
72998,75.0,-33.5,164.29351710104552
72999,75.0,-33.0,158.15564141163816
73000,75.0,-32.5,150.96185000377017
73001,75.0,-32.0,149.42038133908608
73002,75.0,-31.5,149.73524145033866
73003,75.0,-31.0,148.47788698779507
73004,75.0,-30.5,152.58649794371408
73005,75.0,-30.0,156.25068205114465
73006,75.0,-29.5,150.72482887399232
73007,75.0,-29.0,149.99967335296208
73008,75.0,-28.5,151.695648370284
73009,75.0,-28.0,152.25553005352256
73010,75.0,-27.5,151.72217149918194
73011,75.0,-27.0,158.20201720348183
73012,75.0,-26.5,158.41378033904212
73013,75.0,-26.0,168.5085899375905
73014,75.0,-25.5,155.97618755326266
73015,75.0,-25.0,148.83385622796504
73016,75.0,-24.5,161.0746011288408
73017,75.0,-24.0,148.4502395513984
73018,75.0,-23.5,158.1074689188232
73019,75.0,-23.0,152.9289455315001
73020,75.0,-22.5,147.02370491440792
73021,75.0,-22.0,148.1537170075896
73022,75.0,-21.5,147.80014798597142
73023,75.0,-21.0,148.858662707601
73024,75.0,-20.5,148.28432937432794
73025,75.0,-20.0,151.22305039502137
73026,75.0,-19.5,148.66668630851518
73027,75.0,-19.0,149.43524205644235
73028,75.0,-18.5,152.50737817931474
73029,75.0,-18.0,153.2642943922497
73030,75.0,-17.0,148.43488463073442
73031,75.0,-16.5,147.99343547156462
73032,75.0,-15.5,146.61121544424924
73033,75.0,-15.0,147.71813381958486
73034,75.0,-14.5,150.08346687650527
73035,75.0,-14.0,149.02310725023563
73036,75.0,-13.5,148.40578403929837
73037,75.0,-13.0,151.95836611365453
73038,75.0,-12.5,151.51494306963278
73039,75.0,-12.0,152.0339866623216
73040,75.0,-11.5,155.45327653854295
73041,75.0,-11.0,155.83811821778184
73042,75.0,-10.0,151.07235034750573
73043,75.0,-9.5,150.6108925012405
73044,75.0,-9.0,151.96455285421914
73045,75.0,-8.5,151.38178030974282
73046,75.0,-8.0,151.18352647405615
73047,75.0,-7.5,149.78388413129443
73048,75.0,-7.0,148.81813960719367
73049,75.0,-6.5,150.95537003310764
73050,75.0,-6.0,151.1070019661767
73051,75.0,-5.5,155.24674678465342
73052,75.0,-5.0,152.01396125673358
73053,75.0,-4.5,150.12684999008783
73054,75.0,-4.0,153.2800999323317
73055,75.0,-3.5,153.0984588155656
73056,75.0,-3.0,153.92637885112768
73057,75.0,-2.5,157.17387230072262
73058,75.0,-2.0,155.34320659359918
73059,75.0,-1.5,147.71857432256758
73060,75.0,-1.0,155.58774040922626
73061,75.0,-0.5,152.34628186535704
73062,75.0,0.0,152.8651588466203
73063,75.0,1.0,148.46421657797993
73064,75.0,1.5,148.0589705137527
73065,75.0,2.0,148.6566396724897
73066,75.0,2.5,152.71346150053017
73067,75.0,3.0,157.01495149953
73068,75.0,3.5,150.315151994471
73069,75.0,4.0,149.93252276999354
73070,75.0,4.5,149.9476605674898
73071,75.0,5.0,153.93672711252526
73072,75.0,5.5,152.44885631780687
73073,75.0,6.0,150.03296984267658
73074,75.0,6.5,151.14204102232668
73075,75.0,7.0,152.2774194750276
73076,75.0,7.5,153.99079353264463
73077,75.0,8.0,153.46921803775396
73078,75.0,8.5,152.4336429453553
73079,75.0,9.0,153.38027155377767
73080,75.0,9.5,155.81022792908144
73081,75.0,10.0,156.0422548298367
73082,75.0,10.5,153.72730240662742
73083,75.0,11.0,163.1137121849858
73084,75.0,11.5,162.0743683514119
73085,75.0,12.0,159.01938288796973
73086,75.0,12.5,159.09279952068033
73087,75.0,13.5,153.96936143223797
73088,75.0,14.0,162.58975496744205
73089,75.0,14.5,160.65797750825152
73090,75.0,15.0,156.87161630312832
73091,75.0,15.5,160.39428470344518
73092,75.0,16.5,152.90174250371436
73093,75.0,17.0,153.26558938716911
73094,75.0,17.5,154.40740562107004
73095,75.0,18.0,154.40806878597755
73096,75.0,18.5,156.44846763630767
73097,75.0,19.0,154.02030887724922
73098,75.0,19.5,156.11379469958365
73099,75.0,20.0,153.6784701679948
73100,75.0,20.5,154.3792618391831
73101,75.0,21.0,156.06789749483255
73102,75.0,21.5,152.58758273312705
73103,75.0,22.0,152.55037136858365
73104,75.0,22.5,155.2602131434004
73105,75.0,23.0,158.9102453008027
73106,75.0,23.5,154.79754215034637
73107,75.0,24.0,160.18961544968067
73108,75.0,24.5,160.21184035963185
73109,75.0,25.0,157.1468525553803
73110,75.0,25.5,158.97031343092223
73111,75.0,26.0,161.0591105292086
73112,75.0,26.5,160.61200109773327
73113,75.0,27.0,154.4940230319285
73114,75.0,27.5,149.6665544097021
73115,75.0,28.0,152.66429579317705
73116,75.0,28.5,150.27685879278107
73117,75.0,29.0,152.8694104784361
73118,75.0,29.5,156.15739637340778
73119,75.0,30.0,162.36573442155066
73120,75.0,30.5,160.9026578306549
73121,75.0,31.0,161.0113531444788
73122,75.0,31.5,157.28800577304128
73123,75.0,32.0,159.01873676804195
73124,75.0,32.5,158.24450544219462
73125,75.0,33.0,149.6053160020047
73126,75.0,33.5,149.95761014110255
73127,75.0,34.0,147.96531151437082
73128,75.0,34.5,148.80191873887392
73129,75.0,35.0,152.90532275950898
73130,75.0,35.5,152.6769651530745
73131,75.0,36.0,144.21899164561998
73132,75.0,36.5,147.28548937922895
73133,75.5,-39.0,161.75830625172068
73134,75.5,-38.5,174.17352148916956
73135,75.5,-37.5,154.10402979309507
73136,75.5,-37.0,148.9355393526298
73137,75.5,-36.5,147.00181845939116
73138,75.5,-36.0,148.05662453288383
73139,75.5,-35.5,149.28870080645876
73140,75.5,-35.0,148.38886977371197
73141,75.5,-34.5,156.8738281534948
73142,75.5,-34.0,154.9440781074386
73143,75.5,-33.5,165.1627491209834
73144,75.5,-33.0,159.26752891173408
73145,75.5,-32.5,148.8329874113163
73146,75.5,-32.0,148.97509596796064
73147,75.5,-31.5,158.44714535455657
73148,75.5,-31.0,148.78915265225814
73149,75.5,-30.5,151.14011341189575
73150,75.5,-30.0,156.52318865462968
73151,75.5,-29.5,151.50988808666315
73152,75.5,-29.0,149.8116319182406
73153,75.5,-28.5,149.52854405527825
73154,75.5,-28.0,146.72703715900067
73155,75.5,-27.5,151.47943251561782
73156,75.5,-27.0,156.30514258512255
73157,75.5,-26.5,157.02213797265702
73158,75.5,-26.0,158.80380121066239
73159,75.5,-25.5,150.0033928336412
73160,75.5,-25.0,155.18041589301214
73161,75.5,-24.5,148.68585083865852
73162,75.5,-24.0,158.64647001579542
73163,75.5,-23.5,148.87287389316697
73164,75.5,-23.0,159.3292219734104
73165,75.5,-22.5,146.7031004119586
73166,75.5,-22.0,147.02989140273792
73167,75.5,-21.5,147.6289432130283
73168,75.5,-21.0,147.5055473189999
73169,75.5,-20.5,150.43661628769178
73170,75.5,-20.0,151.1577316860352
73171,75.5,-19.5,148.68387674908905
73172,75.5,-19.0,149.0391683769511
73173,75.5,-18.0,152.78651975375104
73174,75.5,-17.0,148.41728723940477
73175,75.5,-16.5,147.66632389310664
73176,75.5,-15.5,148.06654034687838
73177,75.5,-15.0,147.44141246172197
73178,75.5,-14.5,149.4331516788146
73179,75.5,-14.0,150.91160272881572
73180,75.5,-13.5,157.84418282321596
73181,75.5,-13.0,158.2605774076527
73182,75.5,-12.5,152.86263393703294
73183,75.5,-12.0,152.76218597459186
73184,75.5,-11.0,156.12421729583102
73185,75.5,-10.5,151.35234528167135
73186,75.5,-10.0,151.44938479275342
73187,75.5,-9.5,150.83537557949947
73188,75.5,-9.0,151.15957877811462
73189,75.5,-8.5,152.0441626622988
73190,75.5,-8.0,150.19061835471774
73191,75.5,-7.5,149.08604327952133
73192,75.5,-7.0,150.4001566112585
73193,75.5,-6.5,149.69121213443725
73194,75.5,-6.0,153.1828751649184
73195,75.5,-5.5,153.59139979988942
73196,75.5,-5.0,149.8548725022797
73197,75.5,-4.5,149.80657273875119
73198,75.5,-4.0,149.66516266858915
73199,75.5,-3.5,153.53265360271476
73200,75.5,-3.0,153.00052641911176
73201,75.5,-2.5,155.81291423197584
73202,75.5,-2.0,149.55764849296713
73203,75.5,-1.5,148.2321518465458
73204,75.5,-1.0,152.75577572726075
73205,75.5,-0.5,155.80732848992852
73206,75.5,0.0,152.95578117951533
73207,75.5,1.0,148.67499819913203
73208,75.5,1.5,147.2765874068805
73209,75.5,2.0,148.26305907767969
73210,75.5,2.5,154.72838638312714
73211,75.5,3.0,149.89747805683368
73212,75.5,3.5,149.65690208232223
73213,75.5,4.0,148.3276397674509
73214,75.5,4.5,151.0337141494944
73215,75.5,5.0,156.09230798954408
73216,75.5,5.5,152.8175687953209
73217,75.5,6.0,150.80058877177603
73218,75.5,6.5,152.333035254845
73219,75.5,7.0,150.7151884089157
73220,75.5,7.5,149.17203410720074
73221,75.5,8.0,153.2033342405631
73222,75.5,8.5,152.68281540781908
73223,75.5,9.0,156.3300604230162
73224,75.5,9.5,153.75852410446217
73225,75.5,10.5,158.22547322423247
73226,75.5,11.0,158.07245251515724
73227,75.5,12.5,150.66528011201692
73228,75.5,13.5,155.98559372162495
73229,75.5,14.0,158.7660162087978
73230,75.5,14.5,160.9915793774244
73231,75.5,15.0,156.5700601831513
73232,75.5,15.5,153.2005219644556
73233,75.5,16.5,157.94868303114788
73234,75.5,17.0,156.13328798805745
73235,75.5,17.5,157.8171989278389
73236,75.5,18.0,158.98091579310537
73237,75.5,18.5,154.70660216297688
73238,75.5,19.0,152.9572747031062
73239,75.5,19.5,155.06786775384617
73240,75.5,20.0,151.52935720275974
73241,75.5,20.5,154.64028768018088
73242,75.5,21.0,154.65263369843325
73243,75.5,21.5,148.1476975859196
73244,75.5,22.0,155.34184912858606
73245,75.5,22.5,155.80218989385796
73246,75.5,23.0,161.80981265574852
73247,75.5,23.5,158.77127272631157
73248,75.5,24.0,161.03823700170295
73249,75.5,24.5,159.0302062704746
73250,75.5,25.0,156.90095670956643
73251,75.5,25.5,157.52736489120124
73252,75.5,26.0,160.70212833245992
73253,75.5,26.5,159.9932491825689
73254,75.5,27.0,151.2695260798124
73255,75.5,27.5,149.3465267147525
73256,75.5,28.0,149.20919648698057
73257,75.5,28.5,153.15105230692023
73258,75.5,29.0,153.10266364555187
73259,75.5,29.5,156.77391998382367
73260,75.5,30.0,161.3500709167204
73261,75.5,30.5,161.67601238166478
73262,75.5,31.0,161.13229131605806
73263,75.5,31.5,157.69036966424716
73264,75.5,32.0,157.36860268101162
73265,75.5,32.5,152.62060950524292
73266,75.5,33.0,145.14226742092555
73267,75.5,33.5,148.4488944420646
73268,75.5,34.0,142.92498419887235
73269,75.5,34.5,148.94660460094545
73270,75.5,35.0,151.8066859412298
73271,75.5,35.5,154.31668359579038
73272,75.5,36.0,150.90645140033195
73273,75.5,36.5,146.3496420967054
73274,76.0,-39.0,161.37919927777148
73275,76.0,-38.5,173.1575405653673
73276,76.0,-37.5,154.9146533905767
73277,76.0,-37.0,148.73239524102019
73278,76.0,-36.5,147.3790464729986
73279,76.0,-36.0,148.0892766308998
73280,76.0,-35.5,149.60333663815126
73281,76.0,-35.0,149.2778424180329
73282,76.0,-34.5,154.2940927515958
73283,76.0,-34.0,156.28749314613376
73284,76.0,-33.5,162.64029446459799
73285,76.0,-33.0,155.70392193512203
73286,76.0,-32.5,149.6694324859408
73287,76.0,-32.0,149.04884221775413
73288,76.0,-31.5,155.71544208189707
73289,76.0,-31.0,148.72608066764136
73290,76.0,-30.5,149.59616333837414
73291,76.0,-30.0,155.30040649566615
73292,76.0,-29.5,151.19916331834594
73293,76.0,-29.0,149.40942289330812
73294,76.0,-28.5,151.33901165080778
73295,76.0,-28.0,145.5287533402326
73296,76.0,-27.5,148.7622786079435
73297,76.0,-27.0,158.34168533281658
73298,76.0,-26.5,151.5633872482837
73299,76.0,-26.0,158.4554755107703
73300,76.0,-25.5,148.06859784401462
73301,76.0,-25.0,162.28845507852958
73302,76.0,-24.5,148.71211651821133
73303,76.0,-24.0,167.37592279057452
73304,76.0,-23.5,149.50827318585243
73305,76.0,-23.0,158.10162533975836
73306,76.0,-22.5,158.77735246030272
73307,76.0,-22.0,147.86952233001148
73308,76.0,-21.5,147.32828069680144
73309,76.0,-21.0,147.64034979829427
73310,76.0,-20.5,150.81995552641834
73311,76.0,-20.0,149.75279552205586
73312,76.0,-19.5,149.424057450326
73313,76.0,-19.0,148.25376520752133
73314,76.0,-18.5,147.1009220249557
73315,76.0,-18.0,152.14373998461573
73316,76.0,-17.5,150.88365464486296
73317,76.0,-17.0,150.27203848600715
73318,76.0,-16.0,152.4743801120619
73319,76.0,-15.5,148.0727084148536
73320,76.0,-15.0,147.20929124091063
73321,76.0,-14.5,148.00543524716286
73322,76.0,-14.0,153.03604440997992
73323,76.0,-13.5,153.11531065278908
73324,76.0,-12.5,153.9589308312409
73325,76.0,-12.0,153.6498804173556
73326,76.0,-11.5,154.32398082951315
73327,76.0,-11.0,156.30985220113104
73328,76.0,-10.5,152.7569983857732
73329,76.0,-10.0,151.2651598377737
73330,76.0,-9.5,150.92774509995343
73331,76.0,-9.0,151.24641957932826
73332,76.0,-8.5,149.88513733065508
73333,76.0,-8.0,149.77991342713386
73334,76.0,-7.5,151.552402605924
73335,76.0,-7.0,149.44593392290489
73336,76.0,-6.5,149.9782330095425
73337,76.0,-6.0,154.99795092320508
73338,76.0,-5.5,149.6766540980955
73339,76.0,-4.0,152.02675102161288
73340,76.0,-3.5,152.50076470862865
73341,76.0,-3.0,156.16814975883764
73342,76.0,-2.5,150.65767725380013
73343,76.0,-2.0,155.3219104130746
73344,76.0,-1.5,149.76712462057364
73345,76.0,-1.0,158.55759738386476
73346,76.0,0.0,154.36493601215244
73347,76.0,0.5,150.93294348135768
73348,76.0,1.0,149.2887190445379
73349,76.0,1.5,148.16727409323494
73350,76.0,2.0,147.35987118009695
73351,76.0,2.5,147.09955628191736
73352,76.0,3.0,152.73851240185022
73353,76.0,3.5,147.96058739633756
73354,76.0,4.0,152.4728323883628
73355,76.0,4.5,153.78428313670133
73356,76.0,5.0,150.68140424636917
73357,76.0,5.5,152.57991795017543
73358,76.0,6.0,152.17013937179982
73359,76.0,6.5,150.3824188430335
73360,76.0,7.5,150.42208776953677
73361,76.0,8.0,148.80666572692354
73362,76.0,8.5,156.35356718442748
73363,76.0,9.0,155.9217534187515
73364,76.0,9.5,153.69783974876486
73365,76.0,10.0,156.90848541012318
73366,76.0,10.5,166.42999880372642
73367,76.0,11.0,154.95818545483993
73368,76.0,11.5,147.51599134498707
73369,76.0,13.0,159.6737178151612
73370,76.0,13.5,162.3582803342913
73371,76.0,14.0,149.136050880578
73372,76.0,14.5,161.66892758784422
73373,76.0,15.5,152.2184148355904
73374,76.0,16.0,157.70923695502012
73375,76.0,16.5,156.7814869100216
73376,76.0,17.0,158.4179637521282
73377,76.0,17.5,158.12568487681494
73378,76.0,18.0,155.23140321524238
73379,76.0,18.5,155.39364099631652
73380,76.0,19.0,152.69176162805448
73381,76.0,19.5,152.8899116343878
73382,76.0,20.0,152.4353987390647
73383,76.0,20.5,154.45769422284644
73384,76.0,21.0,154.29655929205515
73385,76.0,21.5,151.0288906172729
73386,76.0,22.0,155.05779104836017
73387,76.0,22.5,154.52597046254047
73388,76.0,23.0,160.18627821871272
73389,76.0,23.5,160.43471157650373
73390,76.0,24.0,157.42257005728857
73391,76.0,24.5,161.0567025163214
73392,76.0,25.0,159.87049229082962
73393,76.0,25.5,159.82332733718374
73394,76.0,26.0,159.91515797024934
73395,76.0,26.5,157.81015823341346
73396,76.0,27.0,151.88701369506373
73397,76.0,27.5,148.78535131988465
73398,76.0,28.0,152.40185771152113
73399,76.0,28.5,152.4028555532724
73400,76.0,29.0,159.37789990482935
73401,76.0,29.5,161.8953344516693
73402,76.0,30.0,161.8758384347396
73403,76.0,30.5,161.62182836954042
73404,76.0,31.0,161.8123982757043
73405,76.0,31.5,154.3478365656945
73406,76.0,32.0,152.67284567629153
73407,76.0,32.5,149.62619394781672
73408,76.0,33.0,144.90408762447967
73409,76.0,33.5,147.03328979814498
73410,76.0,34.0,144.0572204649485
73411,76.0,34.5,146.99971714939895
73412,76.0,35.0,150.62471573478462
73413,76.0,35.5,152.7989080640517
73414,76.0,36.0,150.24651140769234
73415,76.0,36.5,146.90201759901322
73416,76.0,37.0,145.14182247345204
73417,76.5,-39.5,160.380769857042
73418,76.5,-39.0,162.62575559360064
73419,76.5,-38.5,171.94296056035438
73420,76.5,-37.0,149.55402450792232
73421,76.5,-36.5,147.5866384774847
73422,76.5,-36.0,147.7920868654177
73423,76.5,-35.5,149.60997234868117
73424,76.5,-35.0,151.3027171295736
73425,76.5,-34.5,155.48907570922518
73426,76.5,-34.0,157.53273725121616
73427,76.5,-33.5,161.82096654661783
73428,76.5,-33.0,153.43808128103117
73429,76.5,-32.5,149.03884045491483
73430,76.5,-32.0,147.03842801548518
73431,76.5,-31.5,155.21594923640552
73432,76.5,-31.0,148.97309338102332
73433,76.5,-30.5,147.10221822484667
73434,76.5,-30.0,153.8234081085307
73435,76.5,-29.5,150.0119344478872
73436,76.5,-29.0,148.92511015444595
73437,76.5,-28.5,151.2360151207011
73438,76.5,-28.0,145.26751152982953
73439,76.5,-27.5,145.65469037698944
73440,76.5,-27.0,153.17432975742204
73441,76.5,-26.5,157.83848019407557
73442,76.5,-26.0,150.8558239336804
73443,76.5,-25.5,153.76996067225372
73444,76.5,-25.0,155.97906835281202
73445,76.5,-24.5,151.4212223993947
73446,76.5,-24.0,154.79448567789115
73447,76.5,-23.5,153.6675319020941
73448,76.5,-23.0,146.6704138676139
73449,76.5,-22.5,163.31921495985344
73450,76.5,-22.0,147.239621400199
73451,76.5,-21.5,147.37067040325692
73452,76.5,-21.0,148.40185378731957
73453,76.5,-20.5,149.38549406877098
73454,76.5,-20.0,148.96706135739336
73455,76.5,-19.5,150.14631991150506
73456,76.5,-18.5,147.0554472996279
73457,76.5,-18.0,151.63360701377346
73458,76.5,-17.5,149.98423640147834
73459,76.5,-17.0,151.94242373852398
73460,76.5,-16.5,152.0327432584899
73461,76.5,-16.0,149.91558455719573
73462,76.5,-15.5,148.1400240719735
73463,76.5,-15.0,149.5082266573826
73464,76.5,-14.5,146.99212110074515
73465,76.5,-14.0,146.5945081392139
73466,76.5,-12.0,154.5960225540362
73467,76.5,-11.0,151.2486381802677
73468,76.5,-10.5,156.15537004159356
73469,76.5,-10.0,153.13846114224367
73470,76.5,-9.5,152.50672704072127
73471,76.5,-9.0,154.03065000186453
73472,76.5,-8.5,149.9027948149925
73473,76.5,-8.0,149.53290456932723
73474,76.5,-7.5,150.91111127101493
73475,76.5,-7.0,150.45214342959412
73476,76.5,-6.5,153.04734171286924
73477,76.5,-6.0,151.3646334083242
73478,76.5,-5.5,148.95752624061862
73479,76.5,-4.5,155.35124790053078
73480,76.5,-4.0,155.21367827516124
73481,76.5,-3.5,153.12345054978547
73482,76.5,-3.0,150.384935343594
73483,76.5,-2.5,151.44105544645626
73484,76.5,-2.0,150.40702661090165
73485,76.5,-1.5,156.50563091530503
73486,76.5,0.0,150.45493184003243
73487,76.5,0.5,152.60313499186722
73488,76.5,1.0,150.13843751446703
73489,76.5,1.5,149.44245414363252
73490,76.5,2.0,147.07405212529844
73491,76.5,2.5,149.0691455195545
73492,76.5,3.0,148.3767212400567
73493,76.5,3.5,155.48548369695663
73494,76.5,4.0,154.61971418227205
73495,76.5,4.5,158.43673050361642
73496,76.5,5.0,148.79115163971167
73497,76.5,5.5,151.9049509186684
73498,76.5,6.0,152.58071765800375
73499,76.5,6.5,155.52670684006307
73500,76.5,7.0,149.69749467049
73501,76.5,7.5,151.38114846710357
73502,76.5,8.0,152.15762368619264
73503,76.5,8.5,157.37481576984823
73504,76.5,9.0,152.15051204032017
73505,76.5,9.5,149.96972353631412
73506,76.5,10.0,155.1885669550736
73507,76.5,10.5,149.9260112236302
73508,76.5,11.0,155.20968749270213
73509,76.5,11.5,148.86804864804955
73510,76.5,13.0,157.50320318772557
73511,76.5,13.5,157.11006317409584
73512,76.5,14.0,157.64820960325196
73513,76.5,14.5,150.99393538224146
73514,76.5,15.5,150.33318844070453
73515,76.5,16.0,157.59043512899746
73516,76.5,16.5,159.5025450946885
73517,76.5,17.0,159.27134576939608
73518,76.5,17.5,156.8631332432582
73519,76.5,18.0,155.8326983528179
73520,76.5,18.5,154.95629604600992
73521,76.5,19.0,153.21820195627978
73522,76.5,19.5,153.3150428356701
73523,76.5,20.0,153.0968660015525
73524,76.5,20.5,153.7226935227572
73525,76.5,21.0,155.19635975703665
73526,76.5,21.5,153.87492653087617
73527,76.5,22.0,158.6444597451742
73528,76.5,22.5,158.16289385946595
73529,76.5,23.0,157.34239577631692
73530,76.5,23.5,161.54460998824476
73531,76.5,24.0,158.7566745730337
73532,76.5,24.5,157.76686959439533
73533,76.5,25.0,161.17450190336697
73534,76.5,25.5,160.78965334143606
73535,76.5,26.0,157.43634515205173
73536,76.5,26.5,155.35055331891687
73537,76.5,27.0,152.9190419100193
73538,76.5,27.5,151.18980695052252
73539,76.5,28.0,151.51121427548088
73540,76.5,28.5,155.4770383149448
73541,76.5,29.0,160.71810359639488
73542,76.5,29.5,163.9776202703089
73543,76.5,30.0,162.78002063717636
73544,76.5,30.5,161.523529016226
73545,76.5,31.0,158.10612764620595
73546,76.5,31.5,152.12658055003072
73547,76.5,32.0,149.96972182936364
73548,76.5,32.5,146.56624110949173
73549,76.5,33.0,145.78717013177214
73550,76.5,33.5,145.3643467560244
73551,76.5,34.0,144.62457524640544
73552,76.5,34.5,145.00387060703102
73553,76.5,35.0,151.6168063984567
73554,76.5,35.5,151.67010539239698
73555,76.5,36.0,147.06706308621793
73556,76.5,36.5,147.4682924285152
73557,76.5,37.0,145.7692082011602
73558,77.0,-39.5,160.1474215255876
73559,77.0,-39.0,165.1048190638314
73560,77.0,-38.5,170.77959304445432
73561,77.0,-37.0,149.31285895639607
73562,77.0,-36.5,147.54509114824504
73563,77.0,-36.0,147.50565043043255
73564,77.0,-35.5,149.96365065497696
73565,77.0,-35.0,154.4255676223561
73566,77.0,-34.5,152.58216192390893
73567,77.0,-34.0,156.39266212030276
73568,77.0,-33.5,162.35299449905577
73569,77.0,-33.0,148.8308363738093
73570,77.0,-32.5,149.84283070356048
73571,77.0,-32.0,147.1025815299326
73572,77.0,-31.5,150.5533519466938
73573,77.0,-31.0,147.95415186510377
73574,77.0,-30.5,149.51264401856494
73575,77.0,-30.0,152.3406296404673
73576,77.0,-29.5,148.0441091578639
73577,77.0,-29.0,152.11229535632523
73578,77.0,-28.5,150.47842919622968
73579,77.0,-28.0,148.92344050939505
73580,77.0,-27.5,148.2867143368636
73581,77.0,-27.0,152.922780468264
73582,77.0,-26.5,157.9664092481964
73583,77.0,-26.0,147.6866636537449
73584,77.0,-25.5,157.77540518260003
73585,77.0,-25.0,150.60347680838183
73586,77.0,-24.5,158.41520331497446
73587,77.0,-24.0,148.37205249410556
73588,77.0,-23.5,158.1533945446129
73589,77.0,-23.0,149.90050893802584
73590,77.0,-22.5,153.9687512405067
73591,77.0,-22.0,150.86329974276956
73592,77.0,-21.5,147.3146088659232
73593,77.0,-21.0,148.38009518608942
73594,77.0,-20.5,149.02354416463976
73595,77.0,-20.0,148.75879199335694
73596,77.0,-19.5,150.61151684815852
73597,77.0,-19.0,156.78596630860838
73598,77.0,-18.5,150.82885084681413
73599,77.0,-18.0,147.9614778464767
73600,77.0,-17.5,150.52907084212222
73601,77.0,-17.0,150.8693078126136
73602,77.0,-16.5,150.78888417559926
73603,77.0,-16.0,151.22122727579927
73604,77.0,-15.5,147.85969784437316
73605,77.0,-15.0,149.73496669793903
73606,77.0,-14.0,146.61397761331426
73607,77.0,-12.0,154.8956713016882
73608,77.0,-11.5,152.3138162978167
73609,77.0,-11.0,151.0254600425291
73610,77.0,-10.5,150.68330660083893
73611,77.0,-10.0,154.81641278461674
73612,77.0,-9.5,152.19875200744974
73613,77.0,-9.0,149.7323136146799
73614,77.0,-8.5,150.94535910588064
73615,77.0,-8.0,150.42314927875907
73616,77.0,-7.5,149.08555505418246
73617,77.0,-7.0,157.97721447862378
73618,77.0,-6.5,153.4626332046684
73619,77.0,-6.0,148.87503691067994
73620,77.0,-5.5,148.9752738345553
73621,77.0,-4.5,155.60772060449685
73622,77.0,-4.0,159.23988105741978
73623,77.0,-3.5,153.61473295172357
73624,77.0,-3.0,149.57879174524842
73625,77.0,-2.5,149.66724569222905
73626,77.0,-2.0,155.75730699978138
73627,77.0,-1.5,152.13711375688925
73628,77.0,-1.0,155.79282525095812
73629,77.0,-0.5,148.59641780672496
73630,77.0,0.0,148.4123193131911
73631,77.0,0.5,152.12919011165008
73632,77.0,1.0,151.7497882283906
73633,77.0,1.5,162.25320237532685
73634,77.0,2.0,155.26461458952642
73635,77.0,2.5,149.09042350257002
73636,77.0,3.0,147.2645505391708
73637,77.0,3.5,160.15777298332324
73638,77.0,4.0,155.22876886679944
73639,77.0,4.5,150.72237029098184
73640,77.0,5.0,146.87453367209142
73641,77.0,5.5,150.30317076451374
73642,77.0,6.0,159.85141569747466
73643,77.0,6.5,156.31779237152944
73644,77.0,7.0,149.5874502201588
73645,77.0,7.5,147.2557559694258
73646,77.0,8.0,153.6421265421129
73647,77.0,8.5,152.15198361038549
73648,77.0,9.0,149.54236486962495
73649,77.0,9.5,149.5215477173118
73650,77.0,10.0,147.28673432210368
73651,77.0,10.5,149.7678533471978
73652,77.0,11.0,151.45733114685353
73653,77.0,11.5,152.962250055836
73654,77.0,12.0,147.97388280829995
73655,77.0,13.5,154.45646877061208
73656,77.0,14.0,160.60868629894438
73657,77.0,14.5,153.0136863086757
73658,77.0,15.0,153.19373061732543
73659,77.0,15.5,160.8706098960372
73660,77.0,16.0,162.22276250608172
73661,77.0,17.0,159.4816911586144
73662,77.0,17.5,155.42885442132754
73663,77.0,18.0,155.349027111021
73664,77.0,18.5,153.12972859511177
73665,77.0,19.5,153.85088382193285
73666,77.0,20.0,153.64047875790195
73667,77.0,20.5,153.7383577300861
73668,77.0,21.0,154.88434200116117
73669,77.0,21.5,149.8052928257039
73670,77.0,22.0,152.26013319573795
73671,77.0,22.5,158.29443382001043
73672,77.0,23.0,158.07958315784697
73673,77.0,23.5,159.8443703597547
73674,77.0,24.0,159.25108166935533
73675,77.0,24.5,157.77251769207155
73676,77.0,25.0,158.5945900633392
73677,77.0,25.5,157.1936167823381
73678,77.0,26.0,155.25097230873098
73679,77.0,26.5,155.62725984068274
73680,77.0,27.0,155.41204056135322
73681,77.0,27.5,154.4844946016678
73682,77.0,28.0,155.34634967016927
73683,77.0,28.5,155.73044654172207
73684,77.0,29.0,160.64008203137772
73685,77.0,29.5,161.2914756481226
73686,77.0,30.0,162.19930495765743
73687,77.0,30.5,157.71321305098778
73688,77.0,31.0,148.7195393712751
73689,77.0,31.5,150.82207991513323
73690,77.0,32.0,148.86986913668557
73691,77.0,32.5,145.88947980478034
73692,77.0,33.0,146.15350724258465
73693,77.0,33.5,144.9432871865991
73694,77.0,34.0,145.1742888359527
73695,77.0,34.5,142.07295155347788
73696,77.0,35.0,147.7439666672788
73697,77.0,35.5,152.62747641209947
73698,77.0,36.0,148.47768178480695
73699,77.0,36.5,148.15489585489792
73700,77.0,37.0,146.17805684529577
73701,77.5,-39.5,159.87904128696783
73702,77.5,-39.0,165.66155064544998
73703,77.5,-38.5,168.95965425481657
73704,77.5,-37.0,149.19798140207652
73705,77.5,-36.5,147.60853217178297
73706,77.5,-36.0,147.27637134275122
73707,77.5,-35.5,151.5449111704126
73708,77.5,-35.0,155.5178692662845
73709,77.5,-34.5,153.27105936243197
73710,77.5,-34.0,155.68815091734004
73711,77.5,-33.5,162.0617836478267
73712,77.5,-33.0,148.4409622856993
73713,77.5,-32.5,151.8001990387059
73714,77.5,-32.0,147.79806011994052
73715,77.5,-31.5,147.60285636847973
73716,77.5,-31.0,147.34218271217304
73717,77.5,-30.5,149.14073517869033
73718,77.5,-30.0,151.91228309240879
73719,77.5,-29.5,148.9572730187764
73720,77.5,-29.0,152.10725371747696
73721,77.5,-28.5,149.65448493911873
73722,77.5,-28.0,150.2768811813514
73723,77.5,-27.5,149.74473459612406
73724,77.5,-27.0,151.92744405366147
73725,77.5,-26.5,154.76863923271011
73726,77.5,-26.0,150.90193437174378
73727,77.5,-25.5,153.8163291596537
73728,77.5,-25.0,149.44049829449187
73729,77.5,-24.5,154.64307199661957
73730,77.5,-24.0,150.57142052783237
73731,77.5,-23.5,151.9043551534909
73732,77.5,-23.0,154.48789512134118
73733,77.5,-22.5,146.76608724399975
73734,77.5,-22.0,154.37774967930127
73735,77.5,-21.0,149.72394135757708
73736,77.5,-20.5,148.4293441660275
73737,77.5,-20.0,149.2537878559204
73738,77.5,-19.5,149.4368719241005
73739,77.5,-19.0,150.3030568290403
73740,77.5,-18.5,152.33651451265865
73741,77.5,-18.0,148.59369026276477
73742,77.5,-17.5,149.84515882453186
73743,77.5,-17.0,151.06114336155687
73744,77.5,-16.5,149.84590486383817
73745,77.5,-16.0,162.10005840072697
73746,77.5,-15.5,158.69534962088247
73747,77.5,-15.0,146.48284923902358
73748,77.5,-14.5,150.2985204339618
73749,77.5,-14.0,148.99515735941065
73750,77.5,-13.5,146.69254431731605
73751,77.5,-12.0,152.1817979678939
73752,77.5,-11.5,152.87658214900407
73753,77.5,-11.0,150.52710450315917
73754,77.5,-10.5,152.26423238771255
73755,77.5,-10.0,152.94406599181227
73756,77.5,-9.5,149.2582108306726
73757,77.5,-9.0,149.40577257814024
73758,77.5,-8.5,150.89885642615943
73759,77.5,-8.0,150.2723784987979
73760,77.5,-7.5,152.4002228816232
73761,77.5,-7.0,156.1041607660373
73762,77.5,-6.5,149.55944778645878
73763,77.5,-6.0,149.58332867471864
73764,77.5,-5.5,149.13546243795528
73765,77.5,-5.0,154.05611433550555
73766,77.5,-4.5,155.72810400252908
73767,77.5,-4.0,158.23394187510164
73768,77.5,-3.5,146.2562235690699
73769,77.5,-3.0,150.18691982258414
73770,77.5,-2.5,153.4357699526806
73771,77.5,-2.0,155.72700701771726
73772,77.5,-1.5,151.3425784224197
73773,77.5,-1.0,152.44439007495978
73774,77.5,-0.5,149.6597989427642
73775,77.5,0.5,148.54835336880845
73776,77.5,1.0,158.1149735123392
73777,77.5,1.5,155.850590598439
73778,77.5,2.0,151.86039416491843
73779,77.5,2.5,148.6357978700846
73780,77.5,3.0,152.85415888274207
73781,77.5,3.5,153.7501488503827
73782,77.5,4.5,149.33758302290164
73783,77.5,5.0,151.01119197842453
73784,77.5,5.5,148.6435409044512
73785,77.5,6.0,154.30540649320977
73786,77.5,6.5,154.7441585468753
73787,77.5,7.0,151.94582022107267
73788,77.5,7.5,147.9732143445296
73789,77.5,8.0,155.59994222652307
73790,77.5,8.5,148.24412949816943
73791,77.5,9.0,151.22400339602243
73792,77.5,9.5,151.2579026635735
73793,77.5,10.0,146.22712862709616
73794,77.5,10.5,149.83146269580718
73795,77.5,11.0,151.72014892143022
73796,77.5,12.0,151.1335690056613
73797,77.5,12.5,146.97616638432365
73798,77.5,13.5,162.0739178131268
73799,77.5,14.0,157.66692391656764
73800,77.5,15.0,155.77427472514668
73801,77.5,15.5,158.53897714916357
73802,77.5,16.5,157.32267317129714
73803,77.5,17.0,158.08292203723684
73804,77.5,17.5,156.26870784145976
73805,77.5,18.0,153.4487779527907
73806,77.5,18.5,152.43644012132484
73807,77.5,19.0,155.20277984404362
73808,77.5,19.5,153.83161033102976
73809,77.5,20.0,153.78475322342595
73810,77.5,20.5,152.60272483606917
73811,77.5,21.0,155.06102602870007
73812,77.5,21.5,150.20860688218346
73813,77.5,22.0,149.53604123549957
73814,77.5,22.5,156.15128236710453
73815,77.5,23.0,161.20399202998397
73816,77.5,23.5,159.57130454838583
73817,77.5,24.0,156.76610280027384
73818,77.5,24.5,158.23667976490023
73819,77.5,25.0,157.47867072389738
73820,77.5,25.5,156.52583944303183
73821,77.5,26.0,155.18379899528517
73822,77.5,26.5,155.77947440455713
73823,77.5,27.0,155.21661950134683
73824,77.5,27.5,158.01130113160536
73825,77.5,28.0,157.2334425594981
73826,77.5,28.5,157.69606853741837
73827,77.5,29.0,156.5250395350822
73828,77.5,29.5,158.98305621112064
73829,77.5,30.0,159.36782408576389
73830,77.5,30.5,153.06722342332915
73831,77.5,31.0,147.1504828170822
73832,77.5,31.5,149.84339478518262
73833,77.5,32.0,148.8707831643209
73834,77.5,32.5,147.36021366500913
73835,77.5,33.0,145.7561161113628
73836,77.5,33.5,144.3891413353916
73837,77.5,34.0,147.5354949639614
73838,77.5,34.5,143.004641733363
73839,77.5,35.0,148.12678689351583
73840,77.5,35.5,150.94175055602938
73841,77.5,36.0,144.59973614293875
73842,77.5,36.5,147.01629977556794
73843,77.5,37.0,146.44918190699792
73844,78.0,-39.5,159.888762445956
73845,78.0,-39.0,164.73560971255384
73846,78.0,-38.5,168.59941470541787
73847,78.0,-37.0,147.9942697099259
73848,78.0,-36.5,147.92979502226513
73849,78.0,-36.0,147.1750372591191
73850,78.0,-35.5,152.99658244393072
73851,78.0,-35.0,157.94898459214193
73852,78.0,-34.5,154.28544537968415
73853,78.0,-34.0,157.0274532661904
73854,78.0,-33.5,159.15851868097988
73855,78.0,-33.0,147.84477645130954
73856,78.0,-32.5,153.22446444298515
73857,78.0,-32.0,145.3980499225337
73858,78.0,-31.5,147.81675981012827
73859,78.0,-31.0,146.78896987570346
73860,78.0,-30.5,149.1611496434485
73861,78.0,-30.0,151.155558435495
73862,78.0,-29.5,151.46090752053306
73863,78.0,-29.0,151.77742134369166
73864,78.0,-28.5,150.75008448776583
73865,78.0,-28.0,149.96916756501216
73866,78.0,-27.5,148.888908199752
73867,78.0,-27.0,149.72247508130184
73868,78.0,-26.5,150.67969286576934
73869,78.0,-26.0,156.27105006173684
73870,78.0,-25.5,148.84198587543634
73871,78.0,-25.0,153.35939597479788
73872,78.0,-24.5,150.4725925258478
73873,78.0,-24.0,153.698303524273
73874,78.0,-23.5,147.05019448674207
73875,78.0,-23.0,155.08563022731556
73876,78.0,-22.5,147.90252785026556
73877,78.0,-22.0,156.3339232830015
73878,78.0,-21.5,170.42980086502317
73879,78.0,-21.0,148.62405582617197
73880,78.0,-20.5,149.0676410730531
73881,78.0,-20.0,148.6104900039593
73882,78.0,-19.5,147.773135125583
73883,78.0,-19.0,150.06955733609408
73884,78.0,-18.5,150.31980447071157
73885,78.0,-18.0,150.84826395739674
73886,78.0,-17.5,147.05638802931264
73887,78.0,-17.0,149.53136966064508
73888,78.0,-16.5,150.57648655419104
73889,78.0,-16.0,150.36897843365756
73890,78.0,-15.5,163.96382148017685
73891,78.0,-15.0,146.33075329152237
73892,78.0,-14.5,149.39285041595184
73893,78.0,-13.5,146.5927511339496
73894,78.0,-13.0,146.5546282729087
73895,78.0,-12.5,152.5130155961548
73896,78.0,-12.0,150.94652544800655
73897,78.0,-11.5,150.0301979331402
73898,78.0,-11.0,152.35481753988807
73899,78.0,-10.5,153.08637398994625
73900,78.0,-10.0,150.52029978065656
73901,78.0,-9.5,149.15894256021238
73902,78.0,-9.0,150.4888616106489
73903,78.0,-8.5,150.72099114213836
73904,78.0,-8.0,155.7009646789315
73905,78.0,-7.5,154.41905135331947
73906,78.0,-7.0,150.24141934970288
73907,78.0,-6.5,148.40157655438912
73908,78.0,-5.5,152.80800894698302
73909,78.0,-5.0,150.25095592760533
73910,78.0,-4.5,162.8520294967749
73911,78.0,-4.0,146.19236640920982
73912,78.0,-3.0,155.0568369110236
73913,78.0,-2.5,163.58821139307744
73914,78.0,-2.0,150.00964438335572
73915,78.0,-1.5,152.2342201629628
73916,78.0,-1.0,148.48003773339119
73917,78.0,-0.5,152.62088354809066
73918,78.0,0.0,148.23378047900405
73919,78.0,0.5,169.17448713349214
73920,78.0,1.0,172.16130348232113
73921,78.0,1.5,152.521120643523
73922,78.0,2.0,150.87685365211155
73923,78.0,3.0,163.58941836299348
73924,78.0,3.5,147.09475812992028
73925,78.0,4.0,146.62205112118838
73926,78.0,4.5,150.14661089922237
73927,78.0,5.0,149.48279993385896
73928,78.0,5.5,152.53546428936235
73929,78.0,6.0,148.04795740716867
73930,78.0,6.5,152.40814599689907
73931,78.0,7.0,153.43055998108855
73932,78.0,7.5,152.26197142922342
73933,78.0,8.0,146.37820597739108
73934,78.0,8.5,147.5645754690833
73935,78.0,9.0,152.67219979140177
73936,78.0,9.5,154.67965390203204
73937,78.0,10.0,154.4531619085515
73938,78.0,10.5,148.315880995303
73939,78.0,11.0,153.4386649919279
73940,78.0,11.5,156.70538527508344
73941,78.0,12.0,157.85870708352564
73942,78.0,12.5,150.9042523307519
73943,78.0,13.0,163.06126187812265
73944,78.0,13.5,162.65312021640435
73945,78.0,14.0,156.27113982110856
73946,78.0,14.5,158.22103342887502
73947,78.0,15.0,158.33709314273847
73948,78.0,15.5,154.92156226610044
73949,78.0,16.5,156.52778719577435
73950,78.0,17.0,157.30818294068897
73951,78.0,17.5,157.52935546866175
73952,78.0,18.0,156.90541979859327
73953,78.0,18.5,159.08155777855433
73954,78.0,19.0,158.62528786734387
73955,78.0,19.5,153.46464798832992
73956,78.0,20.0,153.15462572901544
73957,78.0,20.5,154.50600531679282
73958,78.0,21.0,153.8398373738465
73959,78.0,21.5,153.27873125908343
73960,78.0,22.0,154.2606422547647
73961,78.0,22.5,154.10680231706309
73962,78.0,23.0,159.3475805996277
73963,78.0,23.5,159.93068882662124
73964,78.0,24.0,159.80609592598273
73965,78.0,24.5,160.16919428216903
73966,78.0,25.0,157.19666081642256
73967,78.0,25.5,156.8430799786324
73968,78.0,26.0,157.7542775560381
73969,78.0,26.5,155.2423742834757
73970,78.0,27.0,154.8252016826791
73971,78.0,27.5,156.7520591114143
73972,78.0,28.0,157.3078046025094
73973,78.0,28.5,157.32500448000965
73974,78.0,29.0,156.36058981329973
73975,78.0,29.5,159.76999586063508
73976,78.0,30.0,156.92514528727278
73977,78.0,30.5,148.73811775137176
73978,78.0,31.0,149.4962132136505
73979,78.0,31.5,148.61146680929974
73980,78.0,32.0,149.1313352839191
73981,78.0,32.5,149.69134559045045
73982,78.0,33.0,145.46090320422712
73983,78.0,33.5,144.48055758963469
73984,78.0,34.0,144.97265431985429
73985,78.0,34.5,142.82505731904993
73986,78.0,35.0,148.53572785119778
73987,78.0,35.5,149.8052763853096
73988,78.0,36.0,145.60330846370573
73989,78.0,36.5,148.57407980194353
73990,78.0,37.0,146.7051483800098
73991,78.5,-39.5,160.00111554838097
73992,78.5,-39.0,165.26792588248705
73993,78.5,-38.5,167.82089529819604
73994,78.5,-37.0,147.73446745412514
73995,78.5,-36.5,148.43271194840497
73996,78.5,-36.0,147.3762834486522
73997,78.5,-35.5,153.33417950989764
73998,78.5,-35.0,155.6093842507947
73999,78.5,-34.5,154.11425129072722
74000,78.5,-34.0,157.7701762350192
74001,78.5,-33.5,156.06904779771432
74002,78.5,-33.0,149.4245188446924
74003,78.5,-32.5,153.5960353666103
74004,78.5,-32.0,145.2691159345463
74005,78.5,-31.5,147.66800698154628
74006,78.5,-31.0,147.45477598467906
74007,78.5,-30.5,148.7275613690266
74008,78.5,-30.0,150.6070131396993
74009,78.5,-29.5,151.28700040742896
74010,78.5,-29.0,152.11290284047382
74011,78.5,-28.5,150.65188172705794
74012,78.5,-28.0,150.91978749884785
74013,78.5,-27.5,149.72349780064522
74014,78.5,-27.0,146.02746995556043
74015,78.5,-26.5,151.6532518506047
74016,78.5,-26.0,154.7923648216987
74017,78.5,-25.5,148.25519214465777
74018,78.5,-25.0,153.37184827237257
74019,78.5,-24.5,148.94645385286188
74020,78.5,-24.0,153.51736644275775
74021,78.5,-23.5,151.28677816755308
74022,78.5,-23.0,149.780679600733
74023,78.5,-22.5,151.24767718997327
74024,78.5,-21.5,155.42780815439227
74025,78.5,-21.0,148.09752906947952
74026,78.5,-20.5,149.8993925799306
74027,78.5,-20.0,148.4670325367998
74028,78.5,-19.5,148.9800545833248
74029,78.5,-19.0,149.02870293894037
74030,78.5,-18.5,149.45454770749777
74031,78.5,-18.0,154.80468792250434
74032,78.5,-17.5,148.2180791032939
74033,78.5,-17.0,149.33050071020477
74034,78.5,-16.5,149.83464215718556
74035,78.5,-16.0,149.98059015511382
74036,78.5,-15.0,149.65971062322794
74037,78.5,-14.5,146.95916699612974
74038,78.5,-14.0,146.46675523576343
74039,78.5,-13.0,158.14314733369568
74040,78.5,-12.5,151.81384334743743
74041,78.5,-12.0,149.69366497712917
74042,78.5,-11.5,153.31927877435606
74043,78.5,-11.0,154.59876243937896
74044,78.5,-10.5,153.14235298965136
74045,78.5,-10.0,148.91759943148935
74046,78.5,-9.0,150.45335340998867
74047,78.5,-8.5,160.75064057589947
74048,78.5,-8.0,157.98193065056842
74049,78.5,-7.5,152.15235820038214
74050,78.5,-7.0,148.9105666473613
74051,78.5,-6.5,149.86810735385532
74052,78.5,-6.0,156.92071486233735
74053,78.5,-5.5,156.5736418280313
74054,78.5,-5.0,154.76134617409636
74055,78.5,-4.5,151.33735330101547
74056,78.5,-4.0,146.0625592041893
74057,78.5,-3.5,146.8088110710576
74058,78.5,-3.0,170.46634088926035
74059,78.5,-2.0,150.2063126968281
74060,78.5,-1.5,148.60696642211005
74061,78.5,-1.0,150.657649514875
74062,78.5,-0.5,148.98460305553368
74063,78.5,0.0,153.1139481306752
74064,78.5,0.5,179.00449341184304
74065,78.5,1.0,151.19056027734095
74066,78.5,1.5,149.11204832563257
74067,78.5,2.0,152.5955425146161
74068,78.5,2.5,168.0097778783089
74069,78.5,3.5,147.96737502904813
74070,78.5,4.0,147.7135790952081
74071,78.5,4.5,148.55753987668302
74072,78.5,5.5,149.11221385258946
74073,78.5,6.0,153.24197989436362
74074,78.5,6.5,147.96364739778437
74075,78.5,7.0,154.2007899085806
74076,78.5,7.5,152.60471102310777
74077,78.5,8.0,146.27765369929125
74078,78.5,8.5,146.92414446249444
74079,78.5,9.0,150.93999474764126
74080,78.5,9.5,155.26723671452822
74081,78.5,10.0,156.19348963127635
74082,78.5,10.5,154.74325685997107
74083,78.5,11.0,156.1305531362017
74084,78.5,11.5,152.793244402291
74085,78.5,12.5,154.92412851315225
74086,78.5,13.0,149.4115321329689
74087,78.5,14.5,162.47011976009225
74088,78.5,15.0,163.68451654253386
74089,78.5,15.5,159.2781003918965
74090,78.5,16.5,156.75885597240608
74091,78.5,17.0,154.6244897293515
74092,78.5,17.5,156.78909496438126
74093,78.5,18.0,154.92628924263877
74094,78.5,18.5,159.24283894682978
74095,78.5,19.0,156.97301474387268
74096,78.5,19.5,152.62592403157822
74097,78.5,20.0,153.15265086071793
74098,78.5,20.5,154.1618143115207
74099,78.5,21.0,152.94162140374445
74100,78.5,21.5,153.59479091960276
74101,78.5,22.0,151.6305412985513
74102,78.5,22.5,153.49620906129906
74103,78.5,23.0,158.45453720119124
74104,78.5,23.5,156.01807499852947
74105,78.5,24.0,158.2675716355267
74106,78.5,24.5,159.26610327276475
74107,78.5,25.0,157.23382045685472
74108,78.5,25.5,157.35337944979582
74109,78.5,26.0,160.19502250532457
74110,78.5,26.5,157.88431834424364
74111,78.5,27.0,156.2690623485031
74112,78.5,27.5,157.20831725402732
74113,78.5,28.0,156.8094565022466
74114,78.5,28.5,155.8079009775235
74115,78.5,29.0,154.4691555921466
74116,78.5,29.5,159.6745978868182
74117,78.5,30.0,150.06639737120054
74118,78.5,30.5,146.7509286430191
74119,78.5,31.0,150.73707604768813
74120,78.5,31.5,147.7468859954536
74121,78.5,32.0,149.31222823749482
74122,78.5,32.5,151.40519548578123
74123,78.5,33.0,144.98698261809622
74124,78.5,33.5,144.09613408443465
74125,78.5,34.0,145.65937162945096
74126,78.5,34.5,142.7661994024684
74127,78.5,35.0,147.5899042465014
74128,78.5,35.5,150.73483002347848
74129,78.5,36.0,146.22301855608396
74130,78.5,36.5,150.07406521349247
74131,78.5,37.0,147.26608782919294
74132,79.0,-39.5,159.66142993729392
74133,79.0,-39.0,164.4759038646066
74134,79.0,-38.5,166.60411923858913
74135,79.0,-37.0,149.08720270400028
74136,79.0,-36.5,148.21624401098106
74137,79.0,-36.0,148.31586142362139
74138,79.0,-35.5,153.34540200464622
74139,79.0,-35.0,155.17935470239027
74140,79.0,-34.5,153.60710824637744
74141,79.0,-34.0,159.71484370374822
74142,79.0,-33.5,152.6831195390729
74143,79.0,-33.0,150.62409892938135
74144,79.0,-32.5,145.15737416461522
74145,79.0,-32.0,146.5238936298406
74146,79.0,-31.5,147.6887015155324
74147,79.0,-31.0,148.50599536264028
74148,79.0,-30.5,147.63484577645943
74149,79.0,-30.0,151.1509680541879
74150,79.0,-29.5,149.9754134472535
74151,79.0,-29.0,151.759096352528
74152,79.0,-28.5,150.34131792332056
74153,79.0,-28.0,152.6773634666649
74154,79.0,-27.5,148.15327906356927
74155,79.0,-27.0,148.36419980401556
74156,79.0,-26.5,149.80197546331664
74157,79.0,-26.0,153.78171353694094
74158,79.0,-25.5,153.02288015372756
74159,79.0,-25.0,149.724104903649
74160,79.0,-24.5,154.09433932744452
74161,79.0,-24.0,146.64878656316196
74162,79.0,-23.5,148.4983068370967
74163,79.0,-23.0,147.55351087626283
74164,79.0,-22.5,157.7227209377807
74165,79.0,-22.0,148.39210968014365
74166,79.0,-21.5,152.89074080984807
74167,79.0,-21.0,150.7667714704883
74168,79.0,-19.5,149.74983091628891
74169,79.0,-19.0,148.91965778479835
74170,79.0,-18.5,149.8128977494209
74171,79.0,-18.0,149.60423735297968
74172,79.0,-17.5,150.38335788812583
74173,79.0,-17.0,148.19718607709814
74174,79.0,-16.5,149.65565716324093
74175,79.0,-16.0,149.18458182604368
74176,79.0,-15.5,149.04333511871175
74177,79.0,-15.0,149.33250481866327
74178,79.0,-14.0,146.57400948262136
74179,79.0,-13.0,154.3599901502055
74180,79.0,-12.5,149.6987617345531
74181,79.0,-12.0,149.66723657295998
74182,79.0,-11.5,153.6376612792428
74183,79.0,-11.0,156.74582337032334
74184,79.0,-10.5,152.63036182547143
74185,79.0,-10.0,151.97605404125213
74186,79.0,-9.5,150.27816701582688
74187,79.0,-9.0,150.5792701039877
74188,79.0,-8.5,157.4565015423954
74189,79.0,-8.0,155.45151138264404
74190,79.0,-7.5,148.57555568775686
74191,79.0,-7.0,149.96719645201387
74192,79.0,-6.5,150.77951198740013
74193,79.0,-6.0,155.85345832113703
74194,79.0,-5.5,171.3183786040704
74195,79.0,-5.0,160.3183268302917
74196,79.0,-4.5,148.15424374508822
74197,79.0,-4.0,148.27284228800573
74198,79.0,-3.5,146.81690295519124
74199,79.0,-2.0,147.34570292302038
74200,79.0,-1.5,148.98816580217127
74201,79.0,-1.0,149.09971050622244
74202,79.0,-0.5,149.6082886611317
74203,79.0,0.0,161.90620746693327
74204,79.0,0.5,157.95699392461842
74205,79.0,1.0,150.1382409879714
74206,79.0,1.5,149.2911362892938
74207,79.0,2.0,153.19601794698048
74208,79.0,2.5,152.9754763073204
74209,79.0,3.0,150.41431978506694
74210,79.0,4.0,148.48467536110212
74211,79.0,4.5,146.92088855666822
74212,79.0,5.0,146.8472946344854
74213,79.0,5.5,145.1812546159599
74214,79.0,6.0,149.55206433011162
74215,79.0,6.5,145.81395048285654
74216,79.0,7.0,150.1711574773027
74217,79.0,7.5,153.70576741092034
74218,79.0,8.0,150.747630651347
74219,79.0,8.5,147.01045028970677
74220,79.0,9.0,147.16769391801955
74221,79.0,9.5,153.95929282637152
74222,79.0,10.0,156.4599536331646
74223,79.0,10.5,155.93113364978987
74224,79.0,11.0,156.8601072312788
74225,79.0,11.5,156.0790360758892
74226,79.0,12.0,159.989716595731
74227,79.0,13.0,153.5739158072136
74228,79.0,14.5,157.51316024459334
74229,79.0,15.0,157.57817901331177
74230,79.0,15.5,147.78795984466473
74231,79.0,16.0,153.49919948610983
74232,79.0,16.5,155.36422295081172
74233,79.0,17.0,156.02967266292566
74234,79.0,17.5,156.01189840770903
74235,79.0,18.0,154.83238875190375
74236,79.0,18.5,159.97131445140027
74237,79.0,19.0,157.00244306398
74238,79.0,19.5,152.09006324361818
74239,79.0,20.0,155.67020388071558
74240,79.0,20.5,157.02345850921833
74241,79.0,21.0,155.40419733907834
74242,79.0,21.5,155.03726804235146
74243,79.0,22.0,154.23309543552844
74244,79.0,22.5,150.0632580167524
74245,79.0,23.0,156.55156932258492
74246,79.0,23.5,156.65098093654214
74247,79.0,24.0,157.30503420448397
74248,79.0,24.5,158.43976252602647
74249,79.0,25.0,156.844768704281
74250,79.0,25.5,157.53228103862102
74251,79.0,26.0,160.15947926037015
74252,79.0,26.5,157.93542040677974
74253,79.0,27.0,158.47919113696003
74254,79.0,27.5,155.18025560574094
74255,79.0,28.0,157.19414606678498
74256,79.0,28.5,156.58054357189752
74257,79.0,29.0,157.86672856970878
74258,79.0,29.5,157.6576433083339
74259,79.0,30.0,148.68412606936172
74260,79.0,30.5,147.19010114009546
74261,79.0,31.0,149.31614542165474
74262,79.0,31.5,149.3535284593856
74263,79.0,32.0,149.2050684963087
74264,79.0,32.5,152.809222552259
74265,79.0,33.0,144.63520879915228
74266,79.0,33.5,145.63621136529554
74267,79.0,34.0,145.20449506280212
74268,79.0,34.5,142.92478711014368
74269,79.0,35.0,148.44718160070255
74270,79.0,35.5,144.66321808423993
74271,79.0,36.0,146.19968012825495
74272,79.0,36.5,152.07821346404432
74273,79.0,37.0,147.60794018793302
74274,79.5,-39.5,159.45079881138125
74275,79.5,-39.0,163.39115796864675
74276,79.5,-38.5,165.2041121613723
74277,79.5,-37.0,152.50117329586732
74278,79.5,-36.5,148.09173437336563
74279,79.5,-36.0,150.76453075138127
74280,79.5,-35.5,155.28541883955407
74281,79.5,-35.0,150.591255611536
74282,79.5,-34.5,153.4079063038464
74283,79.5,-34.0,158.91631724038777
74284,79.5,-33.5,150.74810358081083
74285,79.5,-33.0,150.99471352058916
74286,79.5,-32.5,147.4576453258439
74287,79.5,-32.0,147.30146515900225
74288,79.5,-31.0,153.68991221116633
74289,79.5,-30.5,147.4875663600649
74290,79.5,-30.0,149.97402274518308
74291,79.5,-29.5,151.47831654728063
74292,79.5,-29.0,151.38477064354467
74293,79.5,-28.5,151.58780906103667
74294,79.5,-28.0,154.7104328718173
74295,79.5,-27.5,147.03115852990575
74296,79.5,-27.0,148.81840236068302
74297,79.5,-26.5,150.1398425184683
74298,79.5,-26.0,150.8668317157212
74299,79.5,-25.5,155.157376172541
74300,79.5,-25.0,149.16027401898413
74301,79.5,-24.5,151.93940529267215
74302,79.5,-24.0,148.23763276444248
74303,79.5,-23.5,148.6788684302068
74304,79.5,-23.0,148.34789027012906
74305,79.5,-22.5,158.5491711451132
74306,79.5,-22.0,150.8070525486698
74307,79.5,-21.5,147.93821279812272
74308,79.5,-21.0,161.66703314192253
74309,79.5,-20.0,149.44008398732683
74310,79.5,-19.5,149.71493558663812
74311,79.5,-19.0,149.94839703465885
74312,79.5,-18.5,147.88793459586117
74313,79.5,-18.0,149.40638219463165
74314,79.5,-17.5,150.8674481122613
74315,79.5,-17.0,149.26466044556582
74316,79.5,-16.5,148.10349084127134
74317,79.5,-16.0,148.10740348625777
74318,79.5,-15.5,148.8944172542797
74319,79.5,-15.0,148.3620868975513
74320,79.5,-14.0,146.78709268464812
74321,79.5,-13.5,150.1955187948122
74322,79.5,-13.0,150.38928571352332
74323,79.5,-12.5,151.58067315590193
74324,79.5,-12.0,150.9665456410142
74325,79.5,-11.5,155.05525354140167
74326,79.5,-11.0,153.75955738003918
74327,79.5,-10.5,151.4636117978968
74328,79.5,-10.0,153.51864175429463
74329,79.5,-9.5,152.12402117552634
74330,79.5,-9.0,156.56517439413733
74331,79.5,-8.5,156.03334232502033
74332,79.5,-8.0,149.46336019850915
74333,79.5,-7.5,147.6278128672899
74334,79.5,-7.0,158.08246742383244
74335,79.5,-6.5,152.39240693426538
74336,79.5,-6.0,149.60197720268812
74337,79.5,-5.5,175.36207677257076
74338,79.5,-5.0,146.23329982460376
74339,79.5,-4.5,149.12693849296005
74340,79.5,-4.0,148.03151198205043
74341,79.5,-3.5,149.25045027878295
74342,79.5,-2.0,147.15998407942928
74343,79.5,-1.0,148.53647620343946
74344,79.5,-0.5,151.43844801668723
74345,79.5,0.0,151.381647545284
74346,79.5,0.5,151.2251808260448
74347,79.5,1.0,150.9252996770371
74348,79.5,2.0,153.355169015242
74349,79.5,2.5,152.18678527526743
74350,79.5,3.0,151.0913092073159
74351,79.5,3.5,149.2733625505574
74352,79.5,4.0,149.03618519402588
74353,79.5,4.5,147.38490103074392
74354,79.5,5.0,146.7934021980078
74355,79.5,6.0,147.37732666243934
74356,79.5,6.5,151.37736547000378
74357,79.5,7.0,148.20902392958206
74358,79.5,7.5,147.98432319081058
74359,79.5,8.0,152.91543698821746
74360,79.5,8.5,149.38028212137303
74361,79.5,9.0,148.90037182809093
74362,79.5,9.5,155.07455812255048
74363,79.5,10.0,149.69595124559305
74364,79.5,10.5,158.6827720516725
74365,79.5,11.0,156.90141772043683
74366,79.5,11.5,159.2621231154527
74367,79.5,12.0,158.01321690578303
74368,79.5,12.5,162.46922535205525
74369,79.5,13.0,154.3152571572147
74370,79.5,13.5,152.76870201604333
74371,79.5,14.0,158.7958443579266
74372,79.5,14.5,153.92405744023083
74373,79.5,15.0,156.90721693187965
74374,79.5,15.5,157.55723179926474
74375,79.5,16.0,156.88498944734764
74376,79.5,16.5,160.40594684900515
74377,79.5,17.0,160.242290531328
74378,79.5,17.5,156.7059600550207
74379,79.5,18.0,160.1426259902186
74380,79.5,18.5,158.57842680139044
74381,79.5,19.0,157.6877788880805
74382,79.5,19.5,155.9169088989086
74383,79.5,20.0,159.45271600656008
74384,79.5,20.5,159.6283799161078
74385,79.5,21.0,159.99586266049903
74386,79.5,21.5,157.56053312780605
74387,79.5,22.0,155.8153564133772
74388,79.5,22.5,154.30042633818783
74389,79.5,23.0,156.75215700983375
74390,79.5,23.5,156.36560399614172
74391,79.5,24.0,158.95359564341456
74392,79.5,24.5,153.743785671166
74393,79.5,25.0,157.3725515940864
74394,79.5,25.5,156.92907826141624
74395,79.5,26.5,159.3315200105428
74396,79.5,27.0,156.95035396184608
74397,79.5,27.5,156.9339225817265
74398,79.5,28.0,158.67391300495544
74399,79.5,28.5,156.97408197516077
74400,79.5,29.0,153.3083048011644
74401,79.5,29.5,152.42644020149712
74402,79.5,30.0,148.66416447102196
74403,79.5,30.5,148.67519968951095
74404,79.5,31.0,150.26920895109495
74405,79.5,31.5,149.94931444397992
74406,79.5,32.0,150.69864487398397
74407,79.5,32.5,150.4224821942469
74408,79.5,33.0,144.7554172168172
74409,79.5,33.5,145.98352056099472
74410,79.5,34.0,145.36392126177464
74411,79.5,34.5,144.28906034068672
74412,79.5,35.0,146.8102345050015
74413,79.5,35.5,144.83542074483248
74414,79.5,36.0,146.50736056896673
74415,79.5,36.5,153.83184114035515
74416,79.5,37.0,149.11050647121857
74417,80.0,-39.5,159.21264897777112
74418,80.0,-39.0,162.72905886063364
74419,80.0,-38.5,164.14212839373712
74420,80.0,-37.0,150.73875785664092
74421,80.0,-36.5,147.59480334092967
74422,80.0,-36.0,151.41982591484086
74423,80.0,-35.5,153.3725427563979
74424,80.0,-35.0,151.64876489278643
74425,80.0,-34.5,154.33877651968413
74426,80.0,-34.0,157.96008525869482
74427,80.0,-33.5,151.53423240785344
74428,80.0,-33.0,150.60245940744758
74429,80.0,-32.5,147.62671454682052
74430,80.0,-32.0,147.10668202157242
74431,80.0,-31.0,161.00496631158322
74432,80.0,-30.5,147.91098101024585
74433,80.0,-30.0,148.67357550131013
74434,80.0,-29.5,151.44691701105077
74435,80.0,-29.0,150.29838205959368
74436,80.0,-28.5,151.1187880187842
74437,80.0,-28.0,153.38087615012512
74438,80.0,-27.5,147.04193577673715
74439,80.0,-27.0,147.16804373464834
74440,80.0,-26.5,150.5594543837901
74441,80.0,-26.0,149.50854588903297
74442,80.0,-25.5,153.66796438452377
74443,80.0,-25.0,150.8794834784719
74444,80.0,-24.5,150.98653313074743
74445,80.0,-24.0,149.3067058675967
74446,80.0,-23.5,148.6843529139834
74447,80.0,-23.0,150.44302422813465
74448,80.0,-22.5,146.90812779517637
74449,80.0,-22.0,152.67564948112357
74450,80.0,-21.5,148.954128822555
74451,80.0,-21.0,168.22257012806287
74452,80.0,-20.5,167.94998029965953
74453,80.0,-20.0,149.67717031055847
74454,80.0,-19.5,149.28074209409525
74455,80.0,-19.0,150.51229980824473
74456,80.0,-18.5,148.83510456515967
74457,80.0,-18.0,150.52832174355402
74458,80.0,-17.5,153.83193318145373
74459,80.0,-17.0,152.5955368645433
74460,80.0,-16.5,146.81193658836781
74461,80.0,-16.0,148.08150477228222
74462,80.0,-15.5,151.17939388984095
74463,80.0,-15.0,149.98277048428992
74464,80.0,-14.0,153.91718781716403
74465,80.0,-13.5,149.6754951730324
74466,80.0,-13.0,148.4820520126338
74467,80.0,-12.5,151.80553364705384
74468,80.0,-12.0,152.972218398374
74469,80.0,-11.5,146.52092538297626
74470,80.0,-11.0,148.5612041435688
74471,80.0,-10.0,152.58184512599863
74472,80.0,-9.5,159.30797487904994
74473,80.0,-9.0,157.22789156303577
74474,80.0,-8.5,150.72464033455603
74475,80.0,-8.0,147.64607931805224
74476,80.0,-7.5,158.73708957591714
74477,80.0,-7.0,158.35726929273957
74478,80.0,-6.5,150.7702027821186
74479,80.0,-6.0,157.94485297399385
74480,80.0,-5.5,151.09729117787091
74481,80.0,-4.5,146.74212602821066
74482,80.0,-4.0,149.03236113171792
74483,80.0,-3.5,149.27835092903774
74484,80.0,-2.5,147.04968390775255
74485,80.0,-2.0,147.14892627398265
74486,80.0,-1.5,147.2307430351219
74487,80.0,-1.0,149.36171421260474
74488,80.0,-0.5,150.1674858957124
74489,80.0,0.0,151.2019992013432
74490,80.0,0.5,150.10943844933672
74491,80.0,1.0,152.5558245115987
74492,80.0,1.5,153.91614505546534
74493,80.0,2.0,153.57983555951938
74494,80.0,3.0,151.5989180348133
74495,80.0,3.5,149.95270386576874
74496,80.0,4.5,147.3272776635886
74497,80.0,5.0,147.40261933463998
74498,80.0,5.5,147.37810366760826
74499,80.0,6.0,153.36581932947655
74500,80.0,6.5,150.85396885033714
74501,80.0,7.0,153.75269033299736
74502,80.0,7.5,152.06243669054123
74503,80.0,8.0,153.15316891243597
74504,80.0,8.5,152.78886489058905
74505,80.0,9.0,152.83262708310554
74506,80.0,9.5,153.05974182247584
74507,80.0,10.0,150.22677968860694
74508,80.0,10.5,153.12199212264173
74509,80.0,11.0,153.57757502560543
74510,80.0,11.5,158.05795494126082
74511,80.0,12.0,153.7973267166692
74512,80.0,12.5,157.63090413376307
74513,80.0,13.0,158.4518588241621
74514,80.0,13.5,156.65149195647663
74515,80.0,14.0,160.53464067654141
74516,80.0,15.5,158.4264238102568
74517,80.0,16.0,161.3359230260674
74518,80.0,16.5,160.24587006504032
74519,80.0,17.0,158.6660449722802
74520,80.0,17.5,155.89854818462663
74521,80.0,18.0,157.54696268933125
74522,80.0,18.5,157.6738547887615
74523,80.0,19.0,154.8984097968332
74524,80.0,19.5,157.22214303797253
74525,80.0,20.0,160.4234603970192
74526,80.0,20.5,160.0884444881878
74527,80.0,21.0,157.64282249491083
74528,80.0,21.5,160.1993879809181
74529,80.0,22.0,159.3669567477313
74530,80.0,22.5,156.25056948595545
74531,80.0,23.0,155.80276521894683
74532,80.0,23.5,160.94317798894525
74533,80.0,24.0,156.15988685535572
74534,80.0,24.5,156.7183178143279
74535,80.0,25.0,157.37051850680734
74536,80.0,25.5,159.44698966397922
74537,80.0,26.0,158.8645423209077
74538,80.0,26.5,158.9747950941761
74539,80.0,27.0,158.59265475336395
74540,80.0,27.5,157.66230244690144
74541,80.0,28.0,157.52618943163546
74542,80.0,28.5,156.15320552253945
74543,80.0,29.0,157.35747648117422
74544,80.0,29.5,153.54546572490665
74545,80.0,30.0,147.2522656049889
74546,80.0,30.5,149.41450865018325
74547,80.0,31.0,151.3823598989805
74548,80.0,31.5,150.20281855403726
74549,80.0,32.0,152.93224626505167
74550,80.0,32.5,149.2142227131802
74551,80.0,33.0,144.8154594178132
74552,80.0,33.5,145.8816567015135
74553,80.0,34.0,144.59569365036717
74554,80.0,34.5,144.55874638753
74555,80.0,35.0,146.82561103006165
74556,80.0,35.5,144.45142241637274
74557,80.0,36.0,147.31751043345702
74558,80.0,36.5,154.97653398971357
74559,80.0,37.0,151.14771893378986
74560,80.5,-40.0,158.77583364862244
74561,80.5,-39.5,159.01347245244756
74562,80.5,-39.0,162.14898918099556
74563,80.5,-38.5,163.15859871997037
74564,80.5,-37.0,148.92125524974819
74565,80.5,-36.5,147.94541450373976
74566,80.5,-36.0,151.27842691383398
74567,80.5,-35.5,155.05707360140167
74568,80.5,-35.0,152.11268106076747
74569,80.5,-34.5,153.86758389632254
74570,80.5,-34.0,156.55990313010088
74571,80.5,-33.5,151.28241045712164
74572,80.5,-33.0,150.25390143829296
74573,80.5,-32.5,149.7044545838932
74574,80.5,-32.0,147.15121576203398
74575,80.5,-31.5,148.2633793752748
74576,80.5,-31.0,154.39224506362788
74577,80.5,-30.5,152.4404479246648
74578,80.5,-30.0,148.10260214052306
74579,80.5,-29.5,151.69182443882625
74580,80.5,-29.0,150.33880972037718
74581,80.5,-28.5,150.202122964244
74582,80.5,-28.0,152.52334662068674
74583,80.5,-27.5,150.84879653136272
74584,80.5,-27.0,147.5062600565828
74585,80.5,-26.5,149.83418881555343
74586,80.5,-26.0,148.74105736169193
74587,80.5,-25.5,151.5940912403589
74588,80.5,-25.0,154.6954660356926
74589,80.5,-24.5,149.01952389361946
74590,80.5,-24.0,151.33603856606874
74591,80.5,-23.5,148.46474518338374
74592,80.5,-23.0,151.64580477208582
74593,80.5,-22.5,148.05135013060206
74594,80.5,-22.0,153.3050175074152
74595,80.5,-21.5,150.6180039123446
74596,80.5,-20.5,157.9343881763373
74597,80.5,-20.0,149.93332446739169
74598,80.5,-19.5,149.8149392330374
74599,80.5,-19.0,148.92206590884544
74600,80.5,-18.5,149.15091825491493
74601,80.5,-18.0,149.14114038418546
74602,80.5,-17.5,153.59606533346175
74603,80.5,-17.0,152.75611964715227
74604,80.5,-16.5,149.92926887891267
74605,80.5,-16.0,147.7343799493595
74606,80.5,-15.5,147.59076407171648
74607,80.5,-15.0,152.29957163290695
74608,80.5,-14.5,148.85109933872107
74609,80.5,-14.0,154.1483746254332
74610,80.5,-13.5,148.92367113987265
74611,80.5,-13.0,149.41296638382286
74612,80.5,-12.5,153.7519094810464
74613,80.5,-12.0,153.4902071054342
74614,80.5,-11.5,149.10268700155757
74615,80.5,-11.0,148.34687707787884
74616,80.5,-10.5,149.6583410883329
74617,80.5,-10.0,157.62083022897528
74618,80.5,-9.5,156.83877555119332
74619,80.5,-9.0,152.7726461200399
74620,80.5,-8.5,148.1676296898853
74621,80.5,-8.0,150.5610241651846
74622,80.5,-7.5,158.93225148129645
74623,80.5,-6.0,154.45195347777766
74624,80.5,-5.5,148.19939065900246
74625,80.5,-5.0,147.8821296447955
74626,80.5,-4.5,146.8164765213092
74627,80.5,-3.5,149.33994136139626
74628,80.5,-3.0,148.492321326256
74629,80.5,-2.5,146.9486544950579
74630,80.5,-2.0,147.1896442204275
74631,80.5,-1.5,147.14467555966368
74632,80.5,-0.5,150.53253745438255
74633,80.5,0.0,149.69828262816355
74634,80.5,0.5,151.12251678230197
74635,80.5,1.0,150.5966975369249
74636,80.5,1.5,152.66102151569774
74637,80.5,3.0,149.17748077151975
74638,80.5,3.5,151.31548046486654
74639,80.5,4.0,149.98693770615688
74640,80.5,5.0,148.16559083734683
74641,80.5,5.5,147.88720768711414
74642,80.5,6.0,150.16289930002583
74643,80.5,6.5,151.96187900622485
74644,80.5,7.0,149.96480280189624
74645,80.5,7.5,151.4067881449546
74646,80.5,8.0,150.26776524899105
74647,80.5,8.5,153.5124512985918
74648,80.5,9.0,152.2921817257104
74649,80.5,9.5,156.28255062950126
74650,80.5,10.0,149.40872760176512
74651,80.5,10.5,151.41739948233368
74652,80.5,11.0,151.68944321505836
74653,80.5,11.5,152.77497457793973
74654,80.5,12.0,154.2891925144314
74655,80.5,12.5,153.2214838264826
74656,80.5,13.0,154.06227071691467
74657,80.5,13.5,154.82467043302756
74658,80.5,14.0,152.79880117124816
74659,80.5,15.0,153.4098594863032
74660,80.5,15.5,153.22652531776293
74661,80.5,16.0,165.86165249502818
74662,80.5,16.5,156.2446594139378
74663,80.5,17.0,157.3326612108583
74664,80.5,17.5,156.79314942502987
74665,80.5,18.0,154.68786906838736
74666,80.5,18.5,152.36579775610517
74667,80.5,19.0,153.90941375831528
74668,80.5,19.5,155.99983284077487
74669,80.5,20.0,156.07885010848423
74670,80.5,20.5,156.11592423429516
74671,80.5,21.0,157.0672269933153
74672,80.5,21.5,157.82445936964606
74673,80.5,22.0,153.37296400811533
74674,80.5,22.5,155.49070763794174
74675,80.5,23.0,154.29151830319543
74676,80.5,23.5,155.66243627387925
74677,80.5,24.0,156.05685122512708
74678,80.5,24.5,156.27427230281725
74679,80.5,25.0,155.657729582485
74680,80.5,25.5,161.65958355219527
74681,80.5,26.0,159.9072802090029
74682,80.5,26.5,159.79316094336443
74683,80.5,27.0,160.4165758898422
74684,80.5,27.5,156.48073851815948
74685,80.5,28.0,155.19613828857493
74686,80.5,28.5,156.27041334544063
74687,80.5,29.0,152.29407884667174
74688,80.5,29.5,148.44310077928847
74689,80.5,30.0,146.75771287598624
74690,80.5,30.5,148.5284955074778
74691,80.5,31.0,149.61547894973546
74692,80.5,31.5,150.75925274620153
74693,80.5,32.0,150.76417216051544
74694,80.5,32.5,147.16660723068813
74695,80.5,33.0,145.7412398236972
74696,80.5,33.5,145.64491681174968
74697,80.5,34.0,145.3267993391605
74698,80.5,34.5,144.69388291076496
74699,80.5,35.0,147.40987035916413
74700,80.5,35.5,144.44345521932414
74701,80.5,36.0,148.62042992458268
74702,80.5,36.5,159.63004928772398
74703,80.5,37.0,150.63020548954984
74704,81.0,-40.0,158.7196717588908
74705,81.0,-39.5,159.9106416589814
74706,81.0,-39.0,161.1242793288072
74707,81.0,-38.5,162.37311822896234
74708,81.0,-37.0,148.46001087027216
74709,81.0,-36.5,149.10882872072972
74710,81.0,-36.0,150.65064827705848
74711,81.0,-35.5,154.55384111019194
74712,81.0,-35.0,152.1611736183469
74713,81.0,-34.5,153.1337335585299
74714,81.0,-34.0,155.908035635038
74715,81.0,-33.5,150.59963813119148
74716,81.0,-33.0,152.32213554654118
74717,81.0,-32.5,147.68995483110416
74718,81.0,-32.0,147.34620182893798
74719,81.0,-31.5,148.20287095421048
74720,81.0,-31.0,164.38986015493825
74721,81.0,-30.5,165.1119583262955
74722,81.0,-30.0,148.00984225226026
74723,81.0,-29.5,150.88528783395995
74724,81.0,-29.0,150.21977552611511
74725,81.0,-28.5,150.3794738787484
74726,81.0,-28.0,147.50318533862978
74727,81.0,-27.5,152.8088031322356
74728,81.0,-27.0,147.6739306007217
74729,81.0,-26.5,148.50783447513865
74730,81.0,-26.0,149.865131170644
74731,81.0,-25.5,153.1961174245959
74732,81.0,-25.0,153.5669107212913
74733,81.0,-24.5,148.78349549317883
74734,81.0,-24.0,150.57690983743177
74735,81.0,-23.5,150.1778674252341
74736,81.0,-23.0,149.0087910702996
74737,81.0,-22.5,147.85218386625928
74738,81.0,-22.0,147.70634472352103
74739,81.0,-21.5,158.95870279405133
74740,81.0,-21.0,148.50309903930614
74741,81.0,-20.5,154.06962603708277
74742,81.0,-20.0,150.31594238773624
74743,81.0,-19.5,150.0786720077202
74744,81.0,-19.0,148.9333643721309
74745,81.0,-18.5,149.83317143827415
74746,81.0,-18.0,153.06899794687828
74747,81.0,-17.5,149.921659247475
74748,81.0,-17.0,154.33800303796713
74749,81.0,-16.5,149.8652975256869
74750,81.0,-16.0,148.64339159415331
74751,81.0,-15.5,147.56809279125488
74752,81.0,-15.0,147.12916026719546
74753,81.0,-14.5,152.07287997627407
74754,81.0,-14.0,148.15205302548918
74755,81.0,-13.5,152.31865134726257
74756,81.0,-13.0,152.42779485511153
74757,81.0,-12.5,146.97420110601914
74758,81.0,-12.0,148.2112913356132
74759,81.0,-11.5,150.27729969631042
74760,81.0,-11.0,148.36923464364105
74761,81.0,-10.5,154.59358904169778
74762,81.0,-10.0,159.61789793768128
74763,81.0,-9.5,157.01597839019922
74764,81.0,-9.0,149.78078524259104
74765,81.0,-8.5,147.95549780716084
74766,81.0,-8.0,156.93636001545954
74767,81.0,-7.5,159.3284641840468
74768,81.0,-6.5,146.41857178765304
74769,81.0,-6.0,146.34276317227602
74770,81.0,-5.5,149.7474203412539
74771,81.0,-5.0,148.1484758954857
74772,81.0,-4.5,149.78683808618328
74773,81.0,-3.5,148.00512904966754
74774,81.0,-3.0,148.78023291955918
74775,81.0,-2.5,148.73039757374463
74776,81.0,-2.0,147.23868984412994
74777,81.0,-1.0,150.33306410719152
74778,81.0,-0.5,149.62780704356564
74779,81.0,0.0,150.4156637626305
74780,81.0,0.5,150.6881794394051
74781,81.0,1.0,151.00109043336695
74782,81.0,1.5,150.2582359502593
74783,81.0,2.0,153.12327186022438
74784,81.0,2.5,149.67893112194454
74785,81.0,3.0,149.78092226160382
74786,81.0,3.5,151.7470718403833
74787,81.0,4.0,151.4850232108346
74788,81.0,4.5,149.81754489087604
74789,81.0,5.5,148.81663898124816
74790,81.0,6.0,151.96289322686712
74791,81.0,6.5,153.27861005868803
74792,81.0,7.0,146.43259969335617
74793,81.0,7.5,151.79528570054197
74794,81.0,8.0,146.79487271778189
74795,81.0,8.5,154.9444413895732
74796,81.0,9.0,153.96569307222225
74797,81.0,9.5,152.34070275352795
74798,81.0,10.0,150.45749017375786
74799,81.0,10.5,150.12967020530013
74800,81.0,11.0,150.77243831666803
74801,81.0,11.5,152.52454398778616
74802,81.0,12.5,154.40449890207796
74803,81.0,13.0,153.58879006079752
74804,81.0,13.5,154.39624032897626
74805,81.0,14.0,154.09173875887828
74806,81.0,14.5,153.80521729594
74807,81.0,15.0,154.01157436956075
74808,81.0,15.5,150.72256694749868
74809,81.0,16.0,164.78673931760397
74810,81.0,16.5,162.20861884096243
74811,81.0,17.0,154.48032061970613
74812,81.0,17.5,154.95501674036086
74813,81.0,18.0,153.94974526385124
74814,81.0,18.5,152.1774676807659
74815,81.0,19.0,157.0325721355393
74816,81.0,19.5,149.52219610204568
74817,81.0,20.0,153.52605789045336
74818,81.0,20.5,159.33846193014725
74819,81.0,21.0,160.8835388916921
74820,81.0,21.5,159.36772023402463
74821,81.0,22.0,154.63117837391232
74822,81.0,22.5,152.86890357232508
74823,81.0,23.0,151.36199083651601
74824,81.0,23.5,153.7231936886575
74825,81.0,24.0,157.70995240716994
74826,81.0,24.5,161.82820126959007
74827,81.0,25.0,155.43714379576483
74828,81.0,25.5,161.18120801415978
74829,81.0,26.0,159.22653549526981
74830,81.0,26.5,160.19938935039343
74831,81.0,27.0,158.65471568131906
74832,81.0,27.5,158.24324223995353
74833,81.0,28.0,157.88132315622647
74834,81.0,28.5,158.05397584591796
74835,81.0,29.0,148.2669970191462
74836,81.0,29.5,148.08414923458847
74837,81.0,30.0,145.16944105383104
74838,81.0,30.5,149.40930962860563
74839,81.0,31.0,149.73609736446673
74840,81.0,31.5,149.37490582818089
74841,81.0,32.0,152.784331139331
74842,81.0,32.5,145.64899883860457
74843,81.0,33.0,145.22284348045244
74844,81.0,33.5,145.80745603426664
74845,81.0,34.0,146.71015925910396
74846,81.0,34.5,144.82016700425612
74847,81.0,35.0,147.76808045846698
74848,81.0,35.5,145.10417692489335
74849,81.0,36.0,152.47728805314733
74850,81.0,36.5,162.53694808600028
74851,81.0,37.0,152.6823092775028
74852,81.5,-40.0,158.59931220663753
74853,81.5,-39.5,160.71721963112597
74854,81.5,-39.0,159.98215949221762
74855,81.5,-38.5,161.63882878487385
74856,81.5,-37.0,148.37437143372276
74857,81.5,-36.5,151.28801062984516
74858,81.5,-36.0,150.01518296972665
74859,81.5,-35.5,151.96500037544354
74860,81.5,-35.0,152.13678028736604
74861,81.5,-34.5,153.5344170828152
74862,81.5,-34.0,154.0721076014842
74863,81.5,-33.5,149.50646927079444
74864,81.5,-33.0,156.89699258507792
74865,81.5,-32.5,146.8402037093101
74866,81.5,-32.0,150.98399294570316
74867,81.5,-31.5,154.60647676516075
74868,81.5,-31.0,158.18627589179957
74869,81.5,-30.5,165.72551539167662
74870,81.5,-30.0,148.4964999891909
74871,81.5,-29.5,150.07610870295892
74872,81.5,-29.0,151.05951248565916
74873,81.5,-28.5,150.04233942623023
74874,81.5,-28.0,147.95141100349983
74875,81.5,-27.5,152.68226446309345
74876,81.5,-27.0,148.39460955031853
74877,81.5,-26.5,147.201601050636
74878,81.5,-26.0,151.1310014117404
74879,81.5,-25.5,149.24031660691725
74880,81.5,-25.0,151.34332219985237
74881,81.5,-24.5,150.17916625142087
74882,81.5,-24.0,149.60732234821498
74883,81.5,-23.5,153.8976572657677
74884,81.5,-23.0,148.20828758767607
74885,81.5,-22.5,147.90948068138613
74886,81.5,-22.0,148.38851048485864
74887,81.5,-21.5,155.81419523688749
74888,81.5,-21.0,148.56459333073397
74889,81.5,-20.5,150.257689445259
74890,81.5,-20.0,159.91631363611594
74891,81.5,-19.5,148.8529719395368
74892,81.5,-19.0,149.43792000959914
74893,81.5,-18.5,149.88664486174613
74894,81.5,-18.0,153.48756229883406
74895,81.5,-17.5,148.30460308854794
74896,81.5,-17.0,150.16241121112753
74897,81.5,-16.5,152.8148091899139
74898,81.5,-16.0,151.58354451815097
74899,81.5,-15.5,147.04945511118999
74900,81.5,-15.0,150.4700872593099
74901,81.5,-14.5,150.89006171453974
74902,81.5,-14.0,148.4523933170539
74903,81.5,-13.5,154.07847675548925
74904,81.5,-12.5,147.0416000433649
74905,81.5,-12.0,147.76814309333903
74906,81.5,-11.0,151.74541836104152
74907,81.5,-10.5,156.345305772583
74908,81.5,-10.0,157.06580501299743
74909,81.5,-9.5,151.31797626142685
74910,81.5,-9.0,148.5502909903444
74911,81.5,-8.5,160.81913217703698
74912,81.5,-8.0,159.91178376775818
74913,81.5,-6.5,146.60360731718816
74914,81.5,-5.5,147.31077717402027
74915,81.5,-5.0,149.37800163369664
74916,81.5,-4.5,148.97835063141116
74917,81.5,-3.5,146.84283996084295
74918,81.5,-3.0,149.31406302948113
74919,81.5,-2.5,148.46251334571363
74920,81.5,-2.0,149.51332368724815
74921,81.5,-1.5,150.26791128312823
74922,81.5,-1.0,149.62280904127994
74923,81.5,-0.5,148.3398048289381
74924,81.5,0.5,149.83562038843613
74925,81.5,1.0,160.87520116941278
74926,81.5,1.5,150.55087652363707
74927,81.5,2.0,150.94346645659667
74928,81.5,2.5,151.3944326340798
74929,81.5,4.0,151.56343714990334
74930,81.5,4.5,150.69602930224124
74931,81.5,5.0,149.33778416645183
74932,81.5,5.5,149.05436692190548
74933,81.5,6.0,149.97422196246407
74934,81.5,6.5,147.2532870057752
74935,81.5,7.0,151.97208975524651
74936,81.5,7.5,151.7916575934989
74937,81.5,8.0,154.06131173516766
74938,81.5,8.5,153.7723015626291
74939,81.5,9.0,150.8753749173047
74940,81.5,9.5,152.7820980396678
74941,81.5,10.0,151.79032830896094
74942,81.5,10.5,149.92023279829712
74943,81.5,11.0,150.15433627084744
74944,81.5,11.5,150.46402954440526
74945,81.5,12.0,152.74072028747744
74946,81.5,13.0,153.48233859591375
74947,81.5,13.5,154.47229365347675
74948,81.5,14.0,154.6301734969898
74949,81.5,14.5,154.01390520540352
74950,81.5,15.0,163.16076698187936
74951,81.5,15.5,150.49822389014082
74952,81.5,16.0,154.76440315912907
74953,81.5,16.5,162.8480652704992
74954,81.5,17.0,157.0295217108715
74955,81.5,17.5,152.32591421550364
74956,81.5,18.0,154.34844585403619
74957,81.5,18.5,153.4626590701861
74958,81.5,19.0,157.09354152427034
74959,81.5,19.5,163.12182155498112
74960,81.5,20.0,156.51646076003885
74961,81.5,20.5,159.84749831176703
74962,81.5,21.0,162.95844894598085
74963,81.5,21.5,160.0656475501067
74964,81.5,22.0,161.33814785802426
74965,81.5,22.5,152.3750731971024
74966,81.5,23.0,155.83038479189918
74967,81.5,23.5,157.80485374704134
74968,81.5,24.0,156.4111135045042
74969,81.5,24.5,158.68572076404269
74970,81.5,25.0,159.14872108034885
74971,81.5,25.5,158.8106370307024
74972,81.5,26.0,160.89977357428694
74973,81.5,26.5,160.9544517984249
74974,81.5,27.0,159.97254636310004
74975,81.5,27.5,161.80670012841975
74976,81.5,28.0,159.54298758800553
74977,81.5,28.5,153.28715094554207
74978,81.5,29.0,147.3108337090358
74979,81.5,29.5,148.57791393661623
74980,81.5,30.0,146.70952905157898
74981,81.5,30.5,147.89989820208626
74982,81.5,31.0,151.25288880544184
74983,81.5,31.5,149.5656038267123
74984,81.5,32.0,153.6642979723546
74985,81.5,32.5,143.98135084886513
74986,81.5,33.0,145.19512700047383
74987,81.5,33.5,149.5601143668362
74988,81.5,34.0,145.90962144185374
74989,81.5,34.5,144.75468931791792
74990,81.5,35.0,147.74265409439704
74991,81.5,35.5,144.90638724583064
74992,81.5,36.0,151.62828330923784
74993,81.5,36.5,149.31608326689778
74994,81.5,37.0,154.25790739792313
74995,81.5,37.5,152.9939143418564
74996,82.0,-40.0,158.5456075580503
74997,82.0,-39.5,160.38286821317382
74998,82.0,-39.0,159.42952333677036
74999,82.0,-38.5,161.02475804846136
75000,82.0,-37.0,148.42903448795616
75001,82.0,-36.5,154.16164843229518
75002,82.0,-36.0,147.31441620487212
75003,82.0,-35.5,151.1318846944813
75004,82.0,-35.0,150.91046555628293
75005,82.0,-34.5,153.6847073418785
75006,82.0,-34.0,154.27813793478924
75007,82.0,-33.5,148.94711427101598
75008,82.0,-33.0,157.77799348577562
75009,82.0,-32.5,146.34374533496685
75010,82.0,-32.0,149.92677675969028
75011,82.0,-31.5,147.7279508113879
75012,82.0,-31.0,171.43079653427858
75013,82.0,-30.5,161.26092449735398
75014,82.0,-30.0,148.48051099420684
75015,82.0,-29.5,149.98558979052567
75016,82.0,-29.0,150.89081371458872
75017,82.0,-28.5,149.61631195182503
75018,82.0,-28.0,148.6958106308101
75019,82.0,-27.5,153.45734910522935
75020,82.0,-27.0,149.01857593141798
75021,82.0,-26.5,147.19333081061478
75022,82.0,-26.0,151.85272951201586
75023,82.0,-25.5,149.26953878068286
75024,82.0,-25.0,148.7690772458626
75025,82.0,-24.5,149.93589891777432
75026,82.0,-24.0,150.5159311651129
75027,82.0,-23.5,153.53108714291523
75028,82.0,-23.0,148.26770908414653
75029,82.0,-22.5,149.56405355284195
75030,82.0,-21.5,150.81851472335677
75031,82.0,-21.0,153.54077877886374
75032,82.0,-20.5,149.39581343386976
75033,82.0,-20.0,161.3610044828385
75034,82.0,-19.5,150.45558199433162
75035,82.0,-19.0,149.7739991022152
75036,82.0,-18.5,153.93026634682343
75037,82.0,-18.0,153.820445855555
75038,82.0,-17.0,148.1645872324472
75039,82.0,-16.5,153.6827048570613
75040,82.0,-16.0,152.40968364493176
75041,82.0,-15.5,151.6096563258387
75042,82.0,-15.0,149.40070315095943
75043,82.0,-14.5,147.76838844598026
75044,82.0,-14.0,154.4375519615903
75045,82.0,-13.5,150.05704201583876
75046,82.0,-13.0,161.35741697210582
75047,82.0,-12.5,148.17385454957264
75048,82.0,-12.0,147.2269606602408
75049,82.0,-11.5,149.0523753204371
75050,82.0,-11.0,161.49747266259004
75051,82.0,-10.5,152.28375336501006
75052,82.0,-10.0,149.47057360138334
75053,82.0,-9.5,149.04887858887366
75054,82.0,-9.0,158.6518985967507
75055,82.0,-8.5,160.74730558902175
75056,82.0,-7.0,146.76031169299512
75057,82.0,-6.5,146.72355972912743
75058,82.0,-6.0,147.02040494643472
75059,82.0,-5.5,147.17233457824221
75060,82.0,-4.5,147.88660509666843
75061,82.0,-4.0,148.15924201070146
75062,82.0,-3.5,146.86506088222274
75063,82.0,-3.0,147.01665152846306
75064,82.0,-2.5,149.10683498510724
75065,82.0,-2.0,149.475622986924
75066,82.0,-1.5,150.34841252507871
75067,82.0,-1.0,148.1717236530542
75068,82.0,0.5,156.3733991868514
75069,82.0,1.0,156.45428052740814
75070,82.0,1.5,150.41515302457344
75071,82.0,2.0,149.96920926187232
75072,82.0,2.5,150.45972398705743
75073,82.0,3.0,153.57608289775175
75074,82.0,3.5,172.6792089810046
75075,82.0,4.5,151.26545429753122
75076,82.0,5.0,150.02384337306103
75077,82.0,5.5,150.16967035797623
75078,82.0,6.0,149.0844490750469
75079,82.0,6.5,148.10039697162804
75080,82.0,7.0,149.86752779926695
75081,82.0,8.0,150.79226811987024
75082,82.0,8.5,151.56355264408396
75083,82.0,9.0,149.94969844087524
75084,82.0,9.5,153.17731592803335
75085,82.0,10.0,153.0539587168331
75086,82.0,10.5,149.13846257827979
75087,82.0,11.0,150.0830656075474
75088,82.0,11.5,149.14244956054895
75089,82.0,12.0,151.58794981788827
75090,82.0,12.5,153.12078079619158
75091,82.0,13.0,154.2115170131203
75092,82.0,13.5,153.49006573470172
75093,82.0,14.0,152.9548000236484
75094,82.0,14.5,151.7189019987132
75095,82.0,15.0,154.2420860026045
75096,82.0,15.5,162.6657664795487
75097,82.0,16.0,155.53426058166292
75098,82.0,16.5,158.28318145835718
75099,82.0,17.0,163.44236167923518
75100,82.0,17.5,150.62133718021028
75101,82.0,18.0,151.49793453185492
75102,82.0,18.5,156.6598244620756
75103,82.0,19.0,155.28293846395272
75104,82.0,19.5,160.02261338540106
75105,82.0,20.0,161.8531773810767
75106,82.0,20.5,157.65917526770576
75107,82.0,21.0,161.29910602229685
75108,82.0,21.5,161.26456228707272
75109,82.0,22.0,161.51789703871847
75110,82.0,22.5,155.7195637185751
75111,82.0,23.0,157.52711416127428
75112,82.0,23.5,154.93221786866727
75113,82.0,24.0,153.37396360147633
75114,82.0,24.5,155.66344651296413
75115,82.0,25.5,159.99222161137706
75116,82.0,26.0,159.09966429854632
75117,82.0,26.5,160.4570532788879
75118,82.0,27.0,162.84975946493117
75119,82.0,27.5,161.82196730848315
75120,82.0,28.0,153.08973927242886
75121,82.0,28.5,149.05798264387806
75122,82.0,29.0,146.68991426758745
75123,82.0,29.5,147.8826224466873
75124,82.0,30.0,147.27325167284397
75125,82.0,30.5,147.14755156523017
75126,82.0,31.0,149.57173222060482
75127,82.0,31.5,153.4636606903919
75128,82.0,32.0,151.4320138905235
75129,82.0,32.5,144.30124861942423
75130,82.0,33.0,145.15589474763973
75131,82.0,33.5,150.66883633405737
75132,82.0,34.0,145.2397141167924
75133,82.0,34.5,145.71401557022625
75134,82.0,35.0,147.83981062811822
75135,82.0,35.5,145.15703230941648
75136,82.0,36.0,153.17252523347491
75137,82.0,36.5,147.45761162328466
75138,82.0,37.0,150.84597937149113
75139,82.0,37.5,151.0986934929518
75140,82.5,-40.0,158.43368325348305
75141,82.5,-39.5,160.06731254207432
75142,82.5,-39.0,159.0749468019037
75143,82.5,-38.5,160.42361677205724
75144,82.5,-37.0,149.12860470746546
75145,82.5,-36.5,153.52862712048216
75146,82.5,-36.0,150.36324934495838
75147,82.5,-35.5,149.0432919377435
75148,82.5,-35.0,153.2372273086276
75149,82.5,-34.5,151.48680264061485
75150,82.5,-34.0,153.51357595881564
75151,82.5,-33.5,149.97667839692522
75152,82.5,-33.0,154.91260905690163
75153,82.5,-32.5,147.77908194745973
75154,82.5,-32.0,149.6012335118657
75155,82.5,-31.5,147.52043710854628
75156,82.5,-31.0,162.79970078877858
75157,82.5,-30.5,161.8602512693241
75158,82.5,-30.0,150.9701376223041
75159,82.5,-29.5,150.25315062198123
75160,82.5,-29.0,150.7506200159473
75161,82.5,-28.5,149.2418012738012
75162,82.5,-28.0,149.54472089532277
75163,82.5,-27.5,151.66979237161962
75164,82.5,-27.0,149.94109331173559
75165,82.5,-26.5,149.05399158559524
75166,82.5,-26.0,148.32338806706034
75167,82.5,-25.5,149.27293985206876
75168,82.5,-25.0,148.887362279061
75169,82.5,-24.5,152.0634354998998
75170,82.5,-24.0,149.56149730535168
75171,82.5,-23.5,149.5601953826276
75172,82.5,-23.0,152.46698361152514
75173,82.5,-22.5,149.4516185477817
75174,82.5,-21.5,148.8954499856379
75175,82.5,-21.0,153.95739844186215
75176,82.5,-20.5,150.34586563484353
75177,82.5,-20.0,152.98127476266103
75178,82.5,-19.5,154.7339508209147
75179,82.5,-19.0,154.62016210618924
75180,82.5,-18.5,154.2355901838257
75181,82.5,-17.5,147.96819255045787
75182,82.5,-17.0,150.58420148039147
75183,82.5,-16.5,148.57435171714224
75184,82.5,-16.0,155.31700786974469
75185,82.5,-15.5,153.61189411970088
75186,82.5,-15.0,148.23596132124766
75187,82.5,-14.5,150.58376779263165
75188,82.5,-14.0,152.14437886515304
75189,82.5,-13.5,159.21691044975518
75190,82.5,-13.0,147.44356187577475
75191,82.5,-12.5,148.132722867551
75192,82.5,-12.0,148.7345620435113
75193,82.5,-11.5,157.02663553346275
75194,82.5,-11.0,155.5986387794178
75195,82.5,-10.5,150.83397690455536
75196,82.5,-10.0,149.20421522203
75197,82.5,-9.5,152.21170091706063
75198,82.5,-9.0,160.27026404073413
75199,82.5,-8.5,152.22888702786815
75200,82.5,-7.5,146.92247241579574
75201,82.5,-7.0,146.912222675159
75202,82.5,-6.5,147.14698633286105
75203,82.5,-6.0,146.9974237626049
75204,82.5,-4.5,147.0329691329729
75205,82.5,-4.0,147.88395205453136
75206,82.5,-3.5,148.1457261441258
75207,82.5,-3.0,147.00930130460284
75208,82.5,-2.0,149.69571937852194
75209,82.5,-1.5,148.95630604954502
75210,82.5,0.5,164.23204604834947
75211,82.5,1.0,149.3935047184411
75212,82.5,1.5,150.06640991385223
75213,82.5,2.0,150.51766304198773
75214,82.5,2.5,149.22875335367368
75215,82.5,3.0,151.99406082607823
75216,82.5,4.5,150.5030486666206
75217,82.5,5.0,150.75227603016694
75218,82.5,5.5,149.77980062502405
75219,82.5,6.5,149.28181217388592
75220,82.5,7.0,147.10342929873914
75221,82.5,7.5,149.6429707386129
75222,82.5,8.0,151.00826147093395
75223,82.5,8.5,149.70271358083707
75224,82.5,9.0,152.18871480391562
75225,82.5,9.5,149.71569326491124
75226,82.5,10.0,152.96316629870788
75227,82.5,10.5,152.53930423421207
75228,82.5,11.0,150.70883879045448
75229,82.5,11.5,150.73357448343458
75230,82.5,12.0,151.79972172381605
75231,82.5,12.5,153.75086534296048
75232,82.5,13.5,153.00507285566053
75233,82.5,14.0,151.5142097895728
75234,82.5,14.5,154.11851210661848
75235,82.5,15.0,152.65913587809575
75236,82.5,15.5,158.92877724468238
75237,82.5,16.0,155.2437646289085
75238,82.5,16.5,152.41959793844345
75239,82.5,17.0,160.09831697351265
75240,82.5,17.5,157.91214763059406
75241,82.5,18.0,151.3261351900977
75242,82.5,18.5,155.01519919823312
75243,82.5,19.0,157.14205920409637
75244,82.5,19.5,156.71433203126344
75245,82.5,20.0,162.7542629656256
75246,82.5,20.5,158.06855583625517
75247,82.5,21.0,157.59885106649406
75248,82.5,21.5,157.68937549957047
75249,82.5,22.5,155.79967382825282
75250,82.5,23.0,154.91354403455964
75251,82.5,23.5,152.62688040899056
75252,82.5,24.0,153.924822525596
75253,82.5,24.5,156.19148956334425
75254,82.5,25.0,160.75907586759777
75255,82.5,25.5,160.6715025636469
75256,82.5,26.0,159.74568397757653
75257,82.5,26.5,159.40796280260477
75258,82.5,27.0,161.66179591248604
75259,82.5,27.5,159.53663561258801
75260,82.5,28.0,151.3551198862059
75261,82.5,28.5,147.4491913612749
75262,82.5,29.0,147.45720677462222
75263,82.5,29.5,146.61195738449103
75264,82.5,30.0,146.27204868557195
75265,82.5,30.5,146.2773235297871
75266,82.5,31.0,148.73742441058957
75267,82.5,31.5,153.37773895504938
75268,82.5,32.0,148.65786390357735
75269,82.5,32.5,145.21831443470248
75270,82.5,33.0,145.99789148039645
75271,82.5,33.5,148.83356929694006
75272,82.5,34.0,144.83133119317833
75273,82.5,34.5,146.6336333605929
75274,82.5,35.0,147.31775335622805
75275,82.5,35.5,146.07721441701202
75276,82.5,36.0,157.28054331778978
75277,82.5,36.5,147.21786996804224
75278,82.5,37.0,151.00730312940235
75279,82.5,37.5,152.8634822984246
75280,83.0,-40.5,158.38591498142608
75281,83.0,-40.0,158.37049667497138
75282,83.0,-39.5,159.73932988645703
75283,83.0,-39.0,158.7700353404278
75284,83.0,-38.5,159.90091469306904
75285,83.0,-37.0,148.90796473060942
75286,83.0,-36.5,156.35271864095628
75287,83.0,-36.0,151.88709521121072
75288,83.0,-35.5,147.64036954833804
75289,83.0,-35.0,153.35961423666924
75290,83.0,-34.5,152.85080370416475
75291,83.0,-34.0,154.46081094555456
75292,83.0,-33.5,148.51536963065115
75293,83.0,-33.0,150.63136126521468
75294,83.0,-32.5,147.8092117715486
75295,83.0,-32.0,150.16152412586808
75296,83.0,-31.5,147.53886240453315
75297,83.0,-31.0,161.62705538765758
75298,83.0,-30.5,162.04847029467328
75299,83.0,-30.0,150.04957495670757
75300,83.0,-29.5,150.39669192368547
75301,83.0,-29.0,149.67285338547396
75302,83.0,-28.5,149.76266744915117
75303,83.0,-28.0,148.77807615713468
75304,83.0,-27.5,148.46650128403752
75305,83.0,-27.0,152.35695187203373
75306,83.0,-26.5,150.16089624711773
75307,83.0,-26.0,147.02481920571012
75308,83.0,-25.5,149.5150310203435
75309,83.0,-25.0,148.88289563769163
75310,83.0,-24.5,150.17063241858241
75311,83.0,-24.0,153.41025112556196
75312,83.0,-23.5,148.3569868181701
75313,83.0,-23.0,152.29948568200834
75314,83.0,-22.5,149.16773862553035
75315,83.0,-22.0,148.54969722594214
75316,83.0,-21.5,150.4496905385941
75317,83.0,-21.0,151.61617545098312
75318,83.0,-20.5,155.10663618414566
75319,83.0,-20.0,150.43244339738152
75320,83.0,-19.5,159.18344119022967
75321,83.0,-19.0,156.4666553971501
75322,83.0,-18.5,156.35530081843095
75323,83.0,-18.0,147.5150784641165
75324,83.0,-17.5,147.66510354970276
75325,83.0,-17.0,148.86527240966592
75326,83.0,-16.5,148.69108483118023
75327,83.0,-16.0,153.49388419656054
75328,83.0,-15.5,147.92891273316698
75329,83.0,-15.0,151.48182556069364
75330,83.0,-14.5,151.16055359367812
75331,83.0,-14.0,151.56713345420124
75332,83.0,-13.5,164.66774467818783
75333,83.0,-13.0,148.3513684954471
75334,83.0,-12.0,161.2585126211609
75335,83.0,-11.5,156.04860086316907
75336,83.0,-11.0,148.53511329605885
75337,83.0,-10.5,150.1891377392273
75338,83.0,-10.0,151.26336570717962
75339,83.0,-9.5,154.0201781172767
75340,83.0,-8.5,152.19217351418294
75341,83.0,-8.0,151.554947903733
75342,83.0,-7.5,146.88923150220697
75343,83.0,-6.5,147.1928622843231
75344,83.0,-5.0,158.99813996521345
75345,83.0,-4.5,147.0736457037708
75346,83.0,-4.0,147.057625326662
75347,83.0,-3.5,148.07240930571572
75348,83.0,-3.0,149.5721014407292
75349,83.0,-2.5,150.35822872066905
75350,83.0,-2.0,149.11913523241637
75351,83.0,-1.5,149.24438602197372
75352,83.0,-1.0,149.8103757505533
75353,83.0,0.0,164.72125876224493
75354,83.0,0.5,164.552855355266
75355,83.0,1.0,149.74084429707662
75356,83.0,1.5,149.1685239728804
75357,83.0,2.0,161.3801886225927
75358,83.0,2.5,150.57663720618407
75359,83.0,3.0,149.09206264299988
75360,83.0,3.5,152.52789399969427
75361,83.0,4.0,148.6928689326043
75362,83.0,4.5,149.0357493040569
75363,83.0,5.0,150.0237034480997
75364,83.0,5.5,150.49786969869442
75365,83.0,6.0,149.71214718878832
75366,83.0,6.5,150.6662052573051
75367,83.0,7.0,150.0715028656126
75368,83.0,7.5,148.77111213008428
75369,83.0,8.0,146.82065356623977
75370,83.0,8.5,149.66441222014038
75371,83.0,9.0,150.96166079412046
75372,83.0,9.5,148.74643116384684
75373,83.0,10.0,150.40196845736148
75374,83.0,10.5,152.30899464036827
75375,83.0,11.0,151.95047214310222
75376,83.0,11.5,150.65675170424984
75377,83.0,12.0,153.23318085853685
75378,83.0,12.5,152.00945895559005
75379,83.0,13.0,153.19462663526102
75380,83.0,13.5,150.3869169821059
75381,83.0,14.0,152.79446025762354
75382,83.0,14.5,152.70751580617286
75383,83.0,15.0,155.6976064973014
75384,83.0,15.5,154.5803247496638
75385,83.0,16.0,154.799639797075
75386,83.0,16.5,157.21835885850334
75387,83.0,17.0,152.09287460141056
75388,83.0,17.5,159.02033059474942
75389,83.0,18.0,156.73123477713685
75390,83.0,18.5,151.81307684824202
75391,83.0,19.0,151.74626066367478
75392,83.0,19.5,151.14338874279701
75393,83.0,20.0,162.93424146368804
75394,83.0,20.5,161.23524214791962
75395,83.0,21.0,157.55773496507481
75396,83.0,21.5,163.7926049333592
75397,83.0,22.0,158.1316285003415
75398,83.0,22.5,155.0513156362354
75399,83.0,23.0,160.07135650668695
75400,83.0,23.5,156.06558120532188
75401,83.0,24.0,156.94162202707707
75402,83.0,24.5,158.43181294717186
75403,83.0,25.0,157.82175681660283
75404,83.0,25.5,160.90787819578728
75405,83.0,26.0,160.8366713022691
75406,83.0,26.5,160.8033675496838
75407,83.0,27.0,162.4061676199636
75408,83.0,27.5,160.1250293527103
75409,83.0,28.0,148.54597765505056
75410,83.0,28.5,146.7712355028509
75411,83.0,29.0,148.25391090202572
75412,83.0,29.5,145.79489817590027
75413,83.0,30.0,146.7092744527473
75414,83.0,30.5,147.6990083187339
75415,83.0,31.0,147.32110076658424
75416,83.0,31.5,152.64757923126456
75417,83.0,32.0,148.10629795483092
75418,83.0,32.5,147.19922225692923
75419,83.0,33.0,146.3385919498194
75420,83.0,33.5,149.58380676818928
75421,83.0,34.0,145.33597546964734
75422,83.0,34.5,147.06587159023388
75423,83.0,35.0,147.12674639978124
75424,83.0,35.5,146.43018939886633
75425,83.0,36.0,152.73964029197
75426,83.0,36.5,147.48400405132898
75427,83.0,37.0,151.19831873647516
75428,83.0,37.5,153.58760085893337
75429,83.5,-40.5,158.2094775712196
75430,83.5,-40.0,157.8991172229871
75431,83.5,-39.5,159.7099646891741
75432,83.5,-39.0,158.4202135036545
75433,83.5,-38.5,159.53736133929843
75434,83.5,-37.0,149.11138672765375
75435,83.5,-36.5,160.3184563877505
75436,83.5,-36.0,150.13451398639324
75437,83.5,-35.5,147.12710889451182
75438,83.5,-35.0,151.5369833284017
75439,83.5,-34.5,152.22261053009805
75440,83.5,-34.0,155.2539702921902
75441,83.5,-33.5,149.41942140478298
75442,83.5,-33.0,149.91643275331953
75443,83.5,-32.5,148.70471675076487
75444,83.5,-32.0,148.41799192628653
75445,83.5,-31.5,150.58528627181275
75446,83.5,-31.0,160.44380300257546
75447,83.5,-30.5,166.06681080700048
75448,83.5,-30.0,149.97273312650378
75449,83.5,-29.5,150.70526485395894
75450,83.5,-29.0,149.3710627548022
75451,83.5,-28.5,149.8202977941909
75452,83.5,-28.0,147.82689678822106
75453,83.5,-27.5,149.25908066308762
75454,83.5,-27.0,154.07734506640014
75455,83.5,-26.5,149.47707958687965
75456,83.5,-26.0,146.9989032140957
75457,83.5,-25.5,149.5943055954713
75458,83.5,-25.0,148.7244814372443
75459,83.5,-24.5,149.46567350141962
75460,83.5,-24.0,152.28059567414425
75461,83.5,-23.5,154.61119702229092
75462,83.5,-23.0,151.9549752746058
75463,83.5,-22.5,154.60572817423318
75464,83.5,-22.0,149.42798835722022
75465,83.5,-21.5,150.68300797073718
75466,83.5,-21.0,149.3265761974304
75467,83.5,-20.5,154.49221795471303
75468,83.5,-20.0,152.321078125601
75469,83.5,-19.5,166.6839380644792
75470,83.5,-19.0,160.96995937630757
75471,83.5,-18.0,147.46663469252334
75472,83.5,-17.0,149.10580865021223
75473,83.5,-16.5,153.56590861798267
75474,83.5,-16.0,149.17903623454376
75475,83.5,-15.5,147.9554826374666
75476,83.5,-15.0,154.32616047925438
75477,83.5,-14.5,149.03506551733832
75478,83.5,-14.0,146.31026364212204
75479,83.5,-13.5,147.7882771337943
75480,83.5,-13.0,149.85919182489405
75481,83.5,-12.5,158.45467662919287
75482,83.5,-12.0,161.85468495494493
75483,83.5,-11.5,152.50680286546873
75484,83.5,-11.0,148.82646163276036
75485,83.5,-10.5,150.04529276850855
75486,83.5,-10.0,160.37880754688499
75487,83.5,-9.5,149.10567032224523
75488,83.5,-9.0,147.05254486942474
75489,83.5,-8.0,149.88087608989346
75490,83.5,-7.5,150.91760993209184
75491,83.5,-7.0,147.21120786293577
75492,83.5,-5.5,161.38866676143405
75493,83.5,-5.0,151.43767642807364
75494,83.5,-4.0,146.94373352085734
75495,83.5,-3.5,147.3394468329919
75496,83.5,-3.0,148.7377712091025
75497,83.5,-2.5,149.72250960066464
75498,83.5,-2.0,148.17371956170837
75499,83.5,-1.5,151.2285726933035
75500,83.5,-1.0,150.7535548027471
75501,83.5,-0.5,159.52168552305284
75502,83.5,0.5,148.8805242237935
75503,83.5,1.0,149.1184284822379
75504,83.5,1.5,161.8007602847198
75505,83.5,2.0,151.06941306633655
75506,83.5,2.5,150.67805754236235
75507,83.5,3.0,150.3789721645718
75508,83.5,3.5,150.86574516412034
75509,83.5,4.0,151.79628922369764
75510,83.5,5.0,149.55665843936737
75511,83.5,5.5,150.5730076906347
75512,83.5,6.0,150.02005139998167
75513,83.5,7.0,150.64829563040718
75514,83.5,7.5,148.1161668576446
75515,83.5,8.0,147.7447349420983
75516,83.5,8.5,151.42162489352594
75517,83.5,9.0,150.1297262355994
75518,83.5,9.5,150.88643025108746
75519,83.5,10.0,149.0976144905204
75520,83.5,10.5,150.0476673577142
75521,83.5,11.0,152.240562561208
75522,83.5,11.5,152.8153084636228
75523,83.5,12.0,150.96191320081255
75524,83.5,12.5,149.29909345291722
75525,83.5,13.0,152.16961128615674
75526,83.5,13.5,150.19976230184747
75527,83.5,14.0,151.1882216680407
75528,83.5,14.5,153.1070876686515
75529,83.5,15.0,155.9519933094948
75530,83.5,15.5,153.9067458597027
75531,83.5,16.0,155.0585274488391
75532,83.5,16.5,155.13303759001914
75533,83.5,17.0,153.79749116064065
75534,83.5,17.5,153.5016580185025
75535,83.5,18.0,159.41639709690367
75536,83.5,18.5,159.34080304951615
75537,83.5,19.0,154.7570738213983
75538,83.5,19.5,153.65092239327677
75539,83.5,20.0,154.7295588777809
75540,83.5,20.5,161.7716520602396
75541,83.5,21.0,161.41713249618104
75542,83.5,22.0,156.41843150468864
75543,83.5,22.5,159.9056526740382
75544,83.5,23.0,155.84622380305424
75545,83.5,23.5,154.61539237515473
75546,83.5,24.0,156.22952475191568
75547,83.5,24.5,156.58799359975913
75548,83.5,25.0,163.63346040628764
75549,83.5,25.5,163.37915557161588
75550,83.5,26.0,160.69274667199448
75551,83.5,26.5,163.27469000369786
75552,83.5,27.0,161.70855667252985
75553,83.5,27.5,158.3113046942522
75554,83.5,28.0,148.5488890444919
75555,83.5,28.5,147.97165049630803
75556,83.5,29.0,146.96791875485812
75557,83.5,29.5,145.1744839386179
75558,83.5,30.0,147.22191387209946
75559,83.5,30.5,154.34063454600377
75560,83.5,31.0,147.71531113081207
75561,83.5,31.5,149.80772929170274
75562,83.5,32.0,147.56699336761574
75563,83.5,32.5,150.32069210572385
75564,83.5,33.0,146.24924521838105
75565,83.5,33.5,148.32486682062049
75566,83.5,34.0,145.99998586984756
75567,83.5,34.5,147.15116442387043
75568,83.5,35.0,147.2884366792116
75569,83.5,35.5,146.7846077789504
75570,83.5,36.0,149.59029164897905
75571,83.5,36.5,147.70192083848366
75572,83.5,37.0,149.50961050169897
75573,83.5,37.5,154.49868828916436
75574,84.0,-40.5,158.202422302776
75575,84.0,-40.0,157.81653757808272
75576,84.0,-39.5,159.94571961031605
75577,84.0,-39.0,158.19656504921556
75578,84.0,-38.5,159.12422893879284
75579,84.0,-37.5,158.2441106664639
75580,84.0,-37.0,148.78542901844907
75581,84.0,-36.5,153.2686515252327
75582,84.0,-36.0,150.09636693044135
75583,84.0,-35.5,147.1876545869074
75584,84.0,-35.0,149.9671237326751
75585,84.0,-34.5,151.77780085943888
75586,84.0,-34.0,156.18162542578483
75587,84.0,-33.5,149.59886520871044
75588,84.0,-33.0,149.00015160878965
75589,84.0,-32.5,150.02794077896274
75590,84.0,-32.0,147.26324249237913
75591,84.0,-31.5,155.10211459342486
75592,84.0,-31.0,159.9907535423669
75593,84.0,-30.5,159.62689615521384
75594,84.0,-30.0,149.6340338237624
75595,84.0,-29.5,149.82823439451175
75596,84.0,-29.0,149.44615279890726
75597,84.0,-28.5,149.84708396211036
75598,84.0,-28.0,148.45990425459874
75599,84.0,-27.5,149.1781858234823
75600,84.0,-27.0,153.81219862804082
75601,84.0,-26.5,150.54517442464126
75602,84.0,-26.0,146.82333350603514
75603,84.0,-25.5,148.71001204124576
75604,84.0,-25.0,149.40215493677667
75605,84.0,-24.5,149.4620873156291
75606,84.0,-24.0,150.01887354876584
75607,84.0,-23.5,152.67218311708785
75608,84.0,-23.0,151.05547611202863
75609,84.0,-22.5,152.52237877188517
75610,84.0,-22.0,151.184115432064
75611,84.0,-21.5,149.2996877415314
75612,84.0,-21.0,153.5364968003381
75613,84.0,-20.5,152.83167957356588
75614,84.0,-20.0,157.70591849561575
75615,84.0,-19.5,155.81453307213397
75616,84.0,-19.0,162.69067815160784
75617,84.0,-18.5,149.0599398796441
75618,84.0,-18.0,147.42881031820065
75619,84.0,-17.0,157.4016387117712
75620,84.0,-16.5,154.01488206035344
75621,84.0,-16.0,148.16564064068277
75622,84.0,-15.5,154.52472663039117
75623,84.0,-15.0,148.1897313707378
75624,84.0,-14.5,149.8461250979587
75625,84.0,-14.0,148.26853397065173
75626,84.0,-13.5,146.63928038597675
75627,84.0,-13.0,149.2199293200973
75628,84.0,-12.5,153.68542594749624
75629,84.0,-12.0,151.30387243388313
75630,84.0,-11.5,149.84643514241807
75631,84.0,-11.0,149.97030458172213
75632,84.0,-10.5,154.15468088689923
75633,84.0,-9.5,161.2989046010506
75634,84.0,-9.0,150.44163017813938
75635,84.0,-8.5,147.25149055702022
75636,84.0,-8.0,147.19224615798433
75637,84.0,-7.5,149.58007870658918
75638,84.0,-7.0,147.36939074715127
75639,84.0,-6.0,160.9744829952394
75640,84.0,-5.5,154.63055962242754
75641,84.0,-5.0,147.03284271792975
75642,84.0,-4.5,147.05466445670368
75643,84.0,-4.0,147.00061021990498
75644,84.0,-3.0,149.04473643009268
75645,84.0,-2.5,148.62959175414315
75646,84.0,-1.5,159.41034399695366
75647,84.0,-1.0,156.7270002477792
75648,84.0,-0.5,149.68157069241815
75649,84.0,0.0,148.87900848976915
75650,84.0,0.5,148.29139450349982
75651,84.0,1.0,160.5649958931222
75652,84.0,1.5,160.835367614691
75653,84.0,2.0,149.02606672094944
75654,84.0,2.5,149.0065818440914
75655,84.0,3.0,150.55327552803553
75656,84.0,3.5,150.0600237277743
75657,84.0,4.0,151.43998467153804
75658,84.0,4.5,151.78804847166657
75659,84.0,5.5,149.72766913101543
75660,84.0,6.0,150.09838394171825
75661,84.0,6.5,149.53283133568937
75662,84.0,7.0,151.7176595494966
75663,84.0,7.5,148.02990984229726
75664,84.0,8.0,149.3411657390585
75665,84.0,8.5,147.66795947303294
75666,84.0,9.5,149.65432818981088
75667,84.0,10.0,150.54880416715258
75668,84.0,10.5,149.53152785579846
75669,84.0,11.0,153.32863304634753
75670,84.0,11.5,152.43391655574217
75671,84.0,12.0,150.90288041535007
75672,84.0,12.5,151.43975704764068
75673,84.0,13.0,151.8037645544615
75674,84.0,13.5,152.43392019412715
75675,84.0,14.0,150.1875660629695
75676,84.0,14.5,152.9080937505458
75677,84.0,15.0,152.41798094885445
75678,84.0,15.5,153.66871317975438
75679,84.0,16.0,152.63643498070235
75680,84.0,16.5,155.82318352916352
75681,84.0,17.0,153.3495353174421
75682,84.0,17.5,154.32808002614877
75683,84.0,18.0,158.766002442137
75684,84.0,18.5,158.6170952340581
75685,84.0,19.0,153.8462003057105
75686,84.0,19.5,150.79270618456223
75687,84.0,20.0,150.7242633494053
75688,84.0,20.5,153.39897334439547
75689,84.0,21.0,165.6051634120869
75690,84.0,21.5,157.8934630273432
75691,84.0,22.0,159.3025976026216
75692,84.0,22.5,160.04278711081633
75693,84.0,23.0,155.79984206405177
75694,84.0,23.5,153.4765507527778
75695,84.0,24.0,156.53408041802905
75696,84.0,24.5,157.46296957665348
75697,84.0,25.0,162.77207157326262
75698,84.0,25.5,162.37097017056843
75699,84.0,26.0,159.39971564617173
75700,84.0,26.5,162.42036615994868
75701,84.0,27.0,160.57552966248872
75702,84.0,27.5,156.46843249540166
75703,84.0,28.0,151.16587547320162
75704,84.0,28.5,147.49846152514124
75705,84.0,29.0,147.92260799205113
75706,84.0,29.5,145.70625165637287
75707,84.0,30.0,146.88074984532903
75708,84.0,30.5,152.42033260113658
75709,84.0,31.0,149.41827664643748
75710,84.0,31.5,148.46300776319393
75711,84.0,32.0,148.0535854220417
75712,84.0,32.5,149.75438472718164
75713,84.0,33.0,146.18398658965089
75714,84.0,33.5,148.12313605592934
75715,84.0,34.0,146.10636123798494
75716,84.0,34.5,146.09108400318374
75717,84.0,35.0,147.32681742091577
75718,84.0,35.5,147.44794275077123
75719,84.0,36.0,148.26219278051045
75720,84.0,36.5,147.98719691733126
75721,84.0,37.0,149.0841822581314
75722,84.0,37.5,155.54855825627985
75723,84.5,-40.5,158.02812305553616
75724,84.5,-39.5,159.8822164965481
75725,84.5,-39.0,157.92398127510413
75726,84.5,-38.5,158.76125133061592
75727,84.5,-37.5,158.6043235077084
75728,84.5,-37.0,147.5117344781753
75729,84.5,-36.5,147.20908697670313
75730,84.5,-36.0,151.57153119786784
75731,84.5,-35.5,146.8647916751343
75732,84.5,-35.0,149.30706365649172
75733,84.5,-34.5,151.5914130985388
75734,84.5,-34.0,156.1853670222935
75735,84.5,-33.5,149.24188823045856
75736,84.5,-33.0,150.42812581220105
75737,84.5,-32.5,148.76047326961546
75738,84.5,-32.0,149.9092422730484
75739,84.5,-31.5,155.29640281081257
75740,84.5,-30.5,158.61096588167692
75741,84.5,-30.0,149.32360184079167
75742,84.5,-29.5,149.03266743700192
75743,84.5,-29.0,149.500123023713
75744,84.5,-28.5,149.29423055446728
75745,84.5,-28.0,149.46291620193946
75746,84.5,-27.5,149.32941465053503
75747,84.5,-27.0,150.5125869195676
75748,84.5,-26.5,150.22742630073887
75749,84.5,-26.0,147.22742841837123
75750,84.5,-25.5,148.58605564692223
75751,84.5,-25.0,150.94082400592168
75752,84.5,-24.5,149.30218626083297
75753,84.5,-24.0,147.7582678067482
75754,84.5,-23.5,156.08732153478934
75755,84.5,-23.0,150.41380823740832
75756,84.5,-22.5,150.33535286734886
75757,84.5,-22.0,151.78583567148434
75758,84.5,-21.5,149.56067484763398
75759,84.5,-21.0,153.12649928945666
75760,84.5,-20.5,153.17621423213438
75761,84.5,-20.0,159.62741600454513
75762,84.5,-19.5,149.92429981609232
75763,84.5,-19.0,147.38140011046252
75764,84.5,-18.5,156.99825593109182
75765,84.5,-17.5,158.1775182401665
75766,84.5,-17.0,157.83316738892412
75767,84.5,-16.5,152.6900284635738
75768,84.5,-16.0,153.28666227742144
75769,84.5,-15.5,150.5929762645617
75770,84.5,-15.0,151.15184304638507
75771,84.5,-14.5,147.97345847983664
75772,84.5,-14.0,148.65393656575768
75773,84.5,-13.5,147.55995707636592
75774,84.5,-13.0,152.41449440474275
75775,84.5,-12.5,155.29325062184458
75776,84.5,-12.0,149.3192492943735
75777,84.5,-11.5,149.9801779565788
75778,84.5,-11.0,157.78150130934824
75779,84.5,-10.5,156.33273608217493
75780,84.5,-10.0,147.80515126585232
75781,84.5,-9.5,161.27952474067501
75782,84.5,-9.0,149.53424784469496
75783,84.5,-8.5,147.62173210610908
75784,84.5,-8.0,147.43324613011652
75785,84.5,-7.5,147.76587520436337
75786,84.5,-7.0,150.1477422843095
75787,84.5,-6.0,157.86085380612334
75788,84.5,-5.5,147.20079424701353
75789,84.5,-5.0,147.20275408468342
75790,84.5,-4.5,147.15329651435394
75791,84.5,-3.5,150.63709055023614
75792,84.5,-3.0,148.4677980326874
75793,84.5,-2.5,148.28425088951644
75794,84.5,-2.0,149.78157467783717
75795,84.5,-1.5,162.5443252452719
75796,84.5,-1.0,159.2060237744342
75797,84.5,-0.5,149.74956405301614
75798,84.5,0.0,149.17799446463067
75799,84.5,0.5,160.23905217780043
75800,84.5,1.0,160.41357776090115
75801,84.5,2.5,149.58605819435252
75802,84.5,3.0,149.7960936870953
75803,84.5,3.5,150.2695431472974
75804,84.5,4.0,150.12224996993945
75805,84.5,4.5,151.897276335197
75806,84.5,5.0,153.81368574185157
75807,84.5,5.5,149.04290370146086
75808,84.5,6.0,149.54427085348823
75809,84.5,6.5,150.27231596919233
75810,84.5,7.0,149.6495969102617
75811,84.5,7.5,151.11069007643422
75812,84.5,8.0,150.03732275445594
75813,84.5,8.5,147.495291435979
75814,84.5,9.0,147.09210292287688
75815,84.5,9.5,147.8680591367391
75816,84.5,10.0,149.7243168935925
75817,84.5,10.5,152.71886704091585
75818,84.5,11.0,151.9328444887962
75819,84.5,11.5,152.1222790446711
75820,84.5,12.0,151.91187073380445
75821,84.5,12.5,151.12408022645312
75822,84.5,13.0,151.62560169791666
75823,84.5,13.5,152.2580406974904
75824,84.5,14.0,154.85155079014126
75825,84.5,14.5,152.4486651422829
75826,84.5,15.0,152.47206386413373
75827,84.5,15.5,155.85923808133444
75828,84.5,16.0,153.92179301526164
75829,84.5,16.5,154.39781284469862
75830,84.5,17.0,155.26659924036144
75831,84.5,17.5,154.23171762723496
75832,84.5,18.0,152.42184022479762
75833,84.5,18.5,159.26699210021513
75834,84.5,19.0,158.59468930415701
75835,84.5,19.5,158.29882573076614
75836,84.5,20.0,154.84507224500172
75837,84.5,20.5,155.46827529478858
75838,84.5,21.0,160.35101737753232
75839,84.5,21.5,155.48159444522423
75840,84.5,22.0,157.05500410758833
75841,84.5,22.5,160.4854447001526
75842,84.5,23.0,156.83767867433474
75843,84.5,23.5,155.8814239382456
75844,84.5,24.0,155.1653144120521
75845,84.5,24.5,159.64403982300976
75846,84.5,25.0,163.93710212760112
75847,84.5,25.5,163.87004437262016
75848,84.5,26.0,160.96080873751043
75849,84.5,26.5,161.48138182941346
75850,84.5,27.0,160.69304222695877
75851,84.5,27.5,153.1056219048047
75852,84.5,28.0,149.84281767884193
75853,84.5,28.5,145.90102213562486
75854,84.5,29.0,147.75275675210344
75855,84.5,29.5,145.72623814025042
75856,84.5,30.0,147.61170880458232
75857,84.5,30.5,150.4869050713264
75858,84.5,31.0,147.4928978696961
75859,84.5,31.5,147.81281445897417
75860,84.5,32.0,148.44425425836482
75861,84.5,32.5,150.8280778142749
75862,84.5,33.0,146.19155956256762
75863,84.5,33.5,148.12864466643492
75864,84.5,34.0,146.33265515967472
75865,84.5,34.5,147.82031005705736
75866,84.5,35.0,147.33235521442577
75867,84.5,35.5,146.8246734432039
75868,84.5,36.0,147.88190418087743
75869,84.5,36.5,148.35469946823116
75870,84.5,37.0,149.4821457043482
75871,84.5,37.5,153.8565526553151
75872,85.0,-40.5,158.02127428914991
75873,85.0,-40.0,157.647394833153
75874,85.0,-39.5,159.37417744828818
75875,85.0,-39.0,157.76087085627398
75876,85.0,-38.5,158.35608515495767
75877,85.0,-37.5,159.05638689234817
75878,85.0,-37.0,146.9016893441025
75879,85.0,-36.5,151.3749969060182
75880,85.0,-36.0,151.31316738909922
75881,85.0,-35.5,146.35517745382987
75882,85.0,-35.0,148.10702984705338
75883,85.0,-34.5,151.2919925577162
75884,85.0,-34.0,156.1871070751987
75885,85.0,-33.5,149.1107480262619
75886,85.0,-33.0,152.2464601638406
75887,85.0,-32.5,147.5862912635863
75888,85.0,-32.0,150.54947997738552
75889,85.0,-31.5,155.1900971987132
75890,85.0,-31.0,152.2788670655997
75891,85.0,-30.5,158.03843205293464
75892,85.0,-30.0,176.96031230208015
75893,85.0,-29.5,147.97301424091447
75894,85.0,-29.0,149.82167518757768
75895,85.0,-28.5,149.59164247304486
75896,85.0,-28.0,148.82783235647045
75897,85.0,-27.5,149.32237457364565
75898,85.0,-27.0,149.8769871933832
75899,85.0,-26.5,150.29378992078085
75900,85.0,-26.0,147.8280578971315
75901,85.0,-25.5,148.7823617201351
75902,85.0,-25.0,150.03310646554922
75903,85.0,-24.5,148.6391213178204
75904,85.0,-24.0,146.7726596665513
75905,85.0,-23.5,153.9688559840048
75906,85.0,-23.0,158.7980940714966
75907,85.0,-22.5,151.2465783365021
75908,85.0,-22.0,152.60398823105743
75909,85.0,-21.5,151.00684385809615
75910,85.0,-21.0,154.49099263601695
75911,85.0,-20.5,157.3084925672017
75912,85.0,-20.0,157.88824539957128
75913,85.0,-19.5,153.6981052218507
75914,85.0,-19.0,147.09398597126773
75915,85.0,-18.5,159.28602670411325
75916,85.0,-18.0,161.80602715816843
75917,85.0,-17.5,158.57070828323188
75918,85.0,-17.0,154.4018607261722
75919,85.0,-16.5,147.41905700861574
75920,85.0,-16.0,149.14832937166958
75921,85.0,-15.5,149.6328098858626
75922,85.0,-15.0,150.77479850579547
75923,85.0,-14.5,149.05624109018524
75924,85.0,-14.0,147.47086964859966
75925,85.0,-13.5,151.1481568574165
75926,85.0,-13.0,151.53518824919476
75927,85.0,-12.5,149.92673567291814
75928,85.0,-12.0,149.75837121846047
75929,85.0,-11.5,155.0626080872518
75930,85.0,-11.0,156.16799752282137
75931,85.0,-10.5,160.0370961621135
75932,85.0,-10.0,155.1972583330273
75933,85.0,-9.5,154.5079968867741
75934,85.0,-9.0,147.63805571931442
75935,85.0,-8.5,148.64895956293495
75936,85.0,-8.0,147.6392459917907
75937,85.0,-7.0,149.8846551175656
75938,85.0,-6.5,153.7277417232623
75939,85.0,-6.0,151.1945503234675
75940,85.0,-5.5,149.2524396144585
75941,85.0,-5.0,147.63435919769694
75942,85.0,-4.0,150.74887352684945
75943,85.0,-3.5,149.43831354141946
75944,85.0,-3.0,147.97526168362447
75945,85.0,-2.0,148.74585356018545
75946,85.0,-1.5,158.36516770861547
75947,85.0,-0.5,154.2576558171351
75948,85.0,0.0,149.38786927433966
75949,85.0,0.5,158.80057775151553
75950,85.0,2.0,173.7423278837752
75951,85.0,2.5,149.77528144039326
75952,85.0,3.0,149.95782933383455
75953,85.0,3.5,150.23969991833394
75954,85.0,4.0,151.61688447018744
75955,85.0,4.5,150.27764904269645
75956,85.0,5.0,150.56519428832715
75957,85.0,6.0,149.3309165749856
75958,85.0,6.5,150.58444457837882
75959,85.0,7.0,149.8581003894718
75960,85.0,7.5,150.22028689116473
75961,85.0,8.5,148.49010045629922
75962,85.0,9.0,147.63847644549543
75963,85.0,10.0,150.975724581052
75964,85.0,10.5,151.5514033606784
75965,85.0,11.0,149.87148341767545
75966,85.0,11.5,150.47448452584496
75967,85.0,12.0,151.83036331649436
75968,85.0,12.5,151.07588757545975
75969,85.0,13.0,151.4841619717804
75970,85.0,13.5,151.17779256752257
75971,85.0,14.0,153.02747664627958
75972,85.0,14.5,152.05456812490073
75973,85.0,15.0,152.97824409175252
75974,85.0,15.5,153.13384929050494
75975,85.0,16.0,154.7387384263706
75976,85.0,16.5,153.99870843761562
75977,85.0,17.0,156.0775853115606
75978,85.0,17.5,155.70927260754488
75979,85.0,18.0,153.6679859977457
75980,85.0,18.5,156.79756419120923
75981,85.0,19.0,156.4328890860499
75982,85.0,19.5,158.99503193892602
75983,85.0,20.0,155.67261141229997
75984,85.0,20.5,156.71063802926037
75985,85.0,21.0,156.90543610665054
75986,85.0,21.5,159.18983967107178
75987,85.0,22.0,155.7574882074299
75988,85.0,22.5,159.19341635059854
75989,85.0,23.0,159.4240335422963
75990,85.0,23.5,156.13335253747624
75991,85.0,24.0,152.86059529608633
75992,85.0,24.5,157.6787604932747
75993,85.0,25.0,162.24208279125776
75994,85.0,25.5,161.85109937431548
75995,85.0,26.0,159.6500792368524
75996,85.0,26.5,161.45588570716674
75997,85.0,27.0,163.08387419050595
75998,85.0,27.5,150.059464708243
75999,85.0,28.0,149.10374316501247
76000,85.0,28.5,146.51832403617072
76001,85.0,29.0,148.01759372970835
76002,85.0,29.5,146.98049206991772
76003,85.0,30.0,147.50947757780017
76004,85.0,30.5,147.5672173188899
76005,85.0,31.0,145.78169783887392
76006,85.0,31.5,148.00992587396323
76007,85.0,32.0,149.13676509136127
76008,85.0,32.5,151.5963127191082
76009,85.0,33.0,146.06921363952523
76010,85.0,33.5,148.1284617581774
76011,85.0,34.0,146.53048376586221
76012,85.0,34.5,149.20846404202678
76013,85.0,35.0,147.50634700971327
76014,85.0,35.5,147.35399137282172
76015,85.0,36.0,145.45202164321228
76016,85.0,36.5,148.1266391428619
76017,85.0,37.0,151.55295052383244
76018,85.0,37.5,154.14909639095964
76019,85.0,38.0,171.95975827250905
76020,85.5,-40.5,157.93273248954947
76021,85.5,-40.0,157.52758105128837
76022,85.5,-39.5,159.14432837788448
76023,85.5,-39.0,157.54866791770507
76024,85.5,-38.5,158.0388118130407
76025,85.5,-38.0,159.6314854774593
76026,85.5,-37.5,159.52379079621
76027,85.5,-37.0,146.45870934903624
76028,85.5,-36.5,152.70953834786067
76029,85.5,-36.0,151.9307941966118
76030,85.5,-35.5,146.38396076272917
76031,85.5,-35.0,149.35263939223194
76032,85.5,-34.5,150.93231167393282
76033,85.5,-34.0,155.182458999898
76034,85.5,-33.5,149.53828100178342
76035,85.5,-33.0,150.22780442521548
76036,85.5,-32.5,147.1515140181295
76037,85.5,-32.0,153.9290763589726
76038,85.5,-31.5,157.49298272050336
76039,85.5,-31.0,151.1695472261843
76040,85.5,-30.5,148.25590781160906
76041,85.5,-30.0,177.12609839842935
76042,85.5,-29.5,147.67211707058573
76043,85.5,-29.0,148.4668968719784
76044,85.5,-28.5,150.46819628325562
76045,85.5,-28.0,149.19005403922088
76046,85.5,-27.5,149.17316436219392
76047,85.5,-27.0,149.19604942451753
76048,85.5,-26.5,150.9328931144362
76049,85.5,-26.0,147.72524114990205
76050,85.5,-25.5,149.11022347696604
76051,85.5,-25.0,149.35980746614527
76052,85.5,-24.5,149.17280145678777
76053,85.5,-24.0,146.43338951464864
76054,85.5,-23.5,146.94851241006364
76055,85.5,-23.0,156.3513753358402
76056,85.5,-22.5,154.09825273183802
76057,85.5,-22.0,151.6482306724849
76058,85.5,-21.5,152.4135278437813
76059,85.5,-21.0,153.1703808795266
76060,85.5,-20.5,160.2555516411372
76061,85.5,-19.5,156.96608669558472
76062,85.5,-19.0,149.81679166973205
76063,85.5,-18.5,156.58888420316157
76064,85.5,-18.0,159.31792555556004
76065,85.5,-17.0,149.17853315187332
76066,85.5,-16.5,151.46296067935268
76067,85.5,-16.0,148.0594179309059
76068,85.5,-15.5,150.99833203277535
76069,85.5,-15.0,148.6658631666822
76070,85.5,-14.5,149.71965786269436
76071,85.5,-14.0,149.36189337832676
76072,85.5,-13.5,157.49854699376584
76073,85.5,-13.0,148.89014063363635
76074,85.5,-12.5,147.68051892246095
76075,85.5,-12.0,158.19618941575703
76076,85.5,-11.5,153.75458989532675
76077,85.5,-11.0,148.69929148624976
76078,85.5,-10.5,160.32550124874626
76079,85.5,-10.0,159.69991374837048
76080,85.5,-9.5,147.9620297910739
76081,85.5,-9.0,147.89043725659147
76082,85.5,-8.5,147.86871609881547
76083,85.5,-8.0,148.44836986263394
76084,85.5,-7.5,147.0557185151498
76085,85.5,-7.0,160.41151547192567
76086,85.5,-6.5,152.25284968737648
76087,85.5,-6.0,149.61776075816485
76088,85.5,-5.5,147.38601403388128
76089,85.5,-5.0,150.52175888224136
76090,85.5,-4.5,150.8127761526271
76091,85.5,-4.0,150.20214450957033
76092,85.5,-3.5,148.26825784031107
76093,85.5,-2.0,147.4273981016449
76094,85.5,-1.5,148.8727337225551
76095,85.5,-1.0,147.28135331566347
76096,85.5,-0.5,149.9900128771535
76097,85.5,0.0,156.3133111072583
76098,85.5,0.5,150.87732552460372
76099,85.5,2.5,149.5742370734246
76100,85.5,3.0,150.39801383770822
76101,85.5,3.5,150.2489220516623
76102,85.5,4.0,150.63404246325385
76103,85.5,4.5,150.1638251196059
76104,85.5,5.0,150.25499367697938
76105,85.5,5.5,151.40163840371721
76106,85.5,6.0,150.58453688257396
76107,85.5,6.5,151.806399791188
76108,85.5,7.0,149.77464650954394
76109,85.5,7.5,149.5573321139693
76110,85.5,8.0,148.61173912085138
76111,85.5,8.5,149.0108232758904
76112,85.5,9.0,149.01078067116347
76113,85.5,9.5,148.13777272044362
76114,85.5,10.0,153.58119850418387
76115,85.5,10.5,150.03180377310684
76116,85.5,11.0,150.03255567829703
76117,85.5,11.5,150.11269040285637
76118,85.5,12.0,151.68386834701593
76119,85.5,12.5,151.4717759527588
76120,85.5,13.0,150.89357643086467
76121,85.5,13.5,152.23284924326
76122,85.5,14.0,152.89031905716703
76123,85.5,14.5,153.13311628521276
76124,85.5,15.0,151.9892762642572
76125,85.5,15.5,153.06055273632856
76126,85.5,16.0,153.83593540221065
76127,85.5,16.5,156.09257198632875
76128,85.5,17.0,154.01231142255733
76129,85.5,17.5,156.3380324905831
76130,85.5,18.0,154.65989587522353
76131,85.5,18.5,153.72100874494788
76132,85.5,19.0,156.85164525283315
76133,85.5,19.5,156.9717521495618
76134,85.5,20.0,161.01290090367797
76135,85.5,20.5,156.29161546226882
76136,85.5,21.0,157.96399054857508
76137,85.5,21.5,157.03909685672323
76138,85.5,22.0,156.90003996472706
76139,85.5,22.5,153.8574369751184
76140,85.5,23.0,160.38118204678358
76141,85.5,23.5,155.93054393577063
76142,85.5,24.0,156.1446106035629
76143,85.5,24.5,158.9243770877303
76144,85.5,25.0,160.92765358961594
76145,85.5,25.5,162.02682489355232
76146,85.5,26.0,159.6740145029458
76147,85.5,26.5,161.62688768799006
76148,85.5,27.0,158.65428676830615
76149,85.5,27.5,153.02840989366447
76150,85.5,28.0,147.7399003750963
76151,85.5,28.5,147.36540647088893
76152,85.5,29.0,147.4243305497056
76153,85.5,29.5,147.35434471162813
76154,85.5,30.0,148.74873624391608
76155,85.5,30.5,147.43107542458085
76156,85.5,31.0,147.31602443866166
76157,85.5,31.5,147.44981903500383
76158,85.5,32.0,149.52702777562413
76159,85.5,32.5,152.4481150260335
76160,85.5,33.0,146.85214421454523
76161,85.5,33.5,150.97109698194632
76162,85.5,34.5,148.35260855158793
76163,85.5,35.0,148.94761630641784
76164,85.5,35.5,145.88756490669402
76165,85.5,36.0,144.71008904836853
76166,85.5,36.5,145.29204991895867
76167,85.5,37.0,153.06792567440033
76168,85.5,37.5,154.80392184663145
76169,85.5,38.0,168.6681346595257
76170,86.0,-40.0,158.31725498101565
76171,86.0,-39.5,158.71093514197176
76172,86.0,-39.0,157.36267153654225
76173,86.0,-38.5,157.76672932441258
76174,86.0,-38.0,160.03542056048883
76175,86.0,-37.0,146.46544715398912
76176,86.0,-36.5,151.72170205064847
76177,86.0,-36.0,151.66303008392663
76178,86.0,-35.5,147.1634505952874
76179,86.0,-35.0,151.2029511741837
76180,86.0,-34.5,152.35308643074282
76181,86.0,-34.0,152.38656910649962
76182,86.0,-33.5,148.77684503822422
76183,86.0,-33.0,150.9514309284014
76184,86.0,-32.5,147.08353578032276
76185,86.0,-32.0,155.023908440459
76186,86.0,-31.0,149.30632474936482
76187,86.0,-30.5,148.86239281241473
76188,86.0,-30.0,166.79793510377297
76189,86.0,-29.5,147.97966183352736
76190,86.0,-29.0,148.36572097619361
76191,86.0,-28.5,150.0683998688556
76192,86.0,-28.0,149.7565684409568
76193,86.0,-27.5,149.1013300902514
76194,86.0,-27.0,148.91763997940188
76195,86.0,-26.5,150.7618508549532
76196,86.0,-26.0,149.37829061495572
76197,86.0,-25.5,149.09331604631026
76198,86.0,-25.0,149.46370446457288
76199,86.0,-24.5,149.19456885852549
76200,86.0,-24.0,147.1313899170045
76201,86.0,-23.5,146.61872115921358
76202,86.0,-23.0,153.62351674561322
76203,86.0,-22.5,157.3785147845717
76204,86.0,-22.0,148.19382419979235
76205,86.0,-21.5,155.67170258609832
76206,86.0,-21.0,161.54610578472497
76207,86.0,-20.5,158.44441386434215
76208,86.0,-19.5,151.4410578779962
76209,86.0,-19.0,158.46538365510594
76210,86.0,-18.5,154.3082436946869
76211,86.0,-18.0,156.95002893421048
76212,86.0,-17.5,158.15385454435716
76213,86.0,-17.0,147.32450170075583
76214,86.0,-16.5,150.57494199023236
76215,86.0,-16.0,153.2243624538866
76216,86.0,-15.0,149.50666803558371
76217,86.0,-14.5,149.70705600097267
76218,86.0,-14.0,155.49902628523768
76219,86.0,-13.5,149.39865462321538
76220,86.0,-13.0,150.0523801022279
76221,86.0,-12.5,152.62578322531513
76222,86.0,-12.0,157.0300457679783
76223,86.0,-11.5,151.30269450722645
76224,86.0,-11.0,148.55903791203698
76225,86.0,-10.5,160.67358454448828
76226,86.0,-10.0,157.23868188478338
76227,86.0,-9.5,151.52604984847397
76228,86.0,-9.0,148.1543009891277
76229,86.0,-8.5,147.90705915988528
76230,86.0,-7.5,147.959254867435
76231,86.0,-7.0,154.43426440631328
76232,86.0,-6.5,147.62688923842592
76233,86.0,-6.0,149.086570137397
76234,86.0,-5.5,148.0911294788644
76235,86.0,-5.0,150.57863940438068
76236,86.0,-4.5,150.70724594723728
76237,86.0,-4.0,148.3203546104019
76238,86.0,-1.5,148.23746890004318
76239,86.0,-1.0,147.89060939649283
76240,86.0,-0.5,159.7441544080545
76241,86.0,0.0,158.11375206490925
76242,86.0,0.5,151.36004650233397
76243,86.0,1.0,150.3291217009231
76244,86.0,2.0,149.5423380830805
76245,86.0,2.5,149.6133786552006
76246,86.0,3.0,150.1675037725274
76247,86.0,3.5,150.21435980778412
76248,86.0,4.0,150.449242590181
76249,86.0,4.5,150.0201305039092
76250,86.0,5.0,150.16548136383395
76251,86.0,5.5,150.6888421524347
76252,86.0,6.0,151.87020935796303
76253,86.0,7.0,150.5547502802525
76254,86.0,7.5,149.53325877914438
76255,86.0,8.0,149.04375674116494
76256,86.0,9.0,148.99631442991824
76257,86.0,9.5,151.09453547352507
76258,86.0,10.0,151.54700679547875
76259,86.0,11.0,149.67836051223946
76260,86.0,11.5,151.13181727441787
76261,86.0,12.0,150.31352535430375
76262,86.0,12.5,151.5002173368713
76263,86.0,13.0,151.5580328325175
76264,86.0,13.5,151.60693593567046
76265,86.0,14.0,151.78117135067535
76266,86.0,14.5,154.3375152808957
76267,86.0,15.0,151.78217178455284
76268,86.0,15.5,154.85473369343168
76269,86.0,16.0,153.55577486948857
76270,86.0,16.5,155.25679304975898
76271,86.0,17.0,153.64099804226942
76272,86.0,17.5,154.59666763391326
76273,86.0,18.0,155.32378417659805
76274,86.0,18.5,154.6117347580709
76275,86.0,19.0,153.70642601087164
76276,86.0,19.5,155.9034623708477
76277,86.0,20.0,160.77439755044995
76278,86.0,20.5,159.6243037976772
76279,86.0,21.0,160.1396565396808
76280,86.0,21.5,156.36759320688523
76281,86.0,22.0,158.91469111148555
76282,86.0,22.5,160.62635127322505
76283,86.0,23.0,159.58732586768957
76284,86.0,23.5,159.69446594783292
76285,86.0,24.0,157.56231833166896
76286,86.0,24.5,158.03404125663874
76287,86.0,25.0,160.89855413108134
76288,86.0,25.5,158.97019214216712
76289,86.0,26.0,160.9937334110641
76290,86.0,26.5,162.745477101106
76291,86.0,27.0,149.48481674100827
76292,86.0,27.5,151.50755087553844
76293,86.0,28.0,146.6623712489517
76294,86.0,28.5,148.83392296305945
76295,86.0,29.0,147.3284692289394
76296,86.0,29.5,146.9425931033458
76297,86.0,30.0,147.9251621994031
76298,86.0,30.5,148.00766673352643
76299,86.0,31.0,147.30034905694984
76300,86.0,31.5,148.2116623809859
76301,86.0,32.0,148.5152626802597
76302,86.0,32.5,150.6030231776963
76303,86.0,33.0,149.13884245865268
76304,86.0,33.5,156.17865697400416
76305,86.0,34.5,147.99171530290803
76306,86.0,35.0,150.6259237562134
76307,86.0,35.5,149.82731270756605
76308,86.0,36.0,145.23849220118885
76309,86.0,36.5,146.29569103120699
76310,86.0,37.0,153.163594722318
76311,86.0,37.5,155.36668784642276
76312,86.0,38.0,166.18443112921366
76313,86.5,-40.0,158.25696884370447
76314,86.5,-39.5,158.42424807172725
76315,86.5,-39.0,157.2404175270766
76316,86.5,-38.5,157.59757595929733
76317,86.5,-38.0,160.43818740839126
76318,86.5,-37.0,147.3923375332789
76319,86.5,-36.5,152.78779391574136
76320,86.5,-36.0,151.30199138320518
76321,86.5,-35.5,146.62127418010087
76322,86.5,-35.0,148.95911781206874
76323,86.5,-34.5,150.0745985300138
76324,86.5,-34.0,150.7364708748621
76325,86.5,-33.5,151.6248455994518
76326,86.5,-33.0,152.01885751282384
76327,86.5,-32.5,147.38654871224324
76328,86.5,-32.0,155.90426280279277
76329,86.5,-31.5,153.91510149182983
76330,86.5,-31.0,149.83694616180364
76331,86.5,-30.0,162.67187088843446
76332,86.5,-29.5,147.02565055230508
76333,86.5,-29.0,147.95833802378604
76334,86.5,-28.5,148.05028658333055
76335,86.5,-28.0,150.4042614425865
76336,86.5,-27.5,148.71885201025302
76337,86.5,-27.0,148.82864610488093
76338,86.5,-26.5,148.47588919834115
76339,86.5,-26.0,151.9935963208677
76340,86.5,-25.5,149.84890605187292
76341,86.5,-25.0,148.00982473821
76342,86.5,-24.5,153.58731391703927
76343,86.5,-24.0,149.97120460031846
76344,86.5,-23.5,148.8390559852918
76345,86.5,-23.0,150.31583386163175
76346,86.5,-22.5,156.64040686871567
76347,86.5,-22.0,152.89681575840032
76348,86.5,-21.5,152.89964755912533
76349,86.5,-21.0,161.06358925630673
76350,86.5,-20.5,164.16972855115563
76351,86.5,-20.0,146.9000964327871
76352,86.5,-19.5,162.24562944412244
76353,86.5,-19.0,160.87178000154887
76354,86.5,-18.5,154.54857302333207
76355,86.5,-17.5,154.9311615794664
76356,86.5,-17.0,150.66801933880177
76357,86.5,-16.5,147.79115383390757
76358,86.5,-16.0,153.03225634351386
76359,86.5,-15.5,147.43881312696155
76360,86.5,-15.0,151.43727013313043
76361,86.5,-14.5,156.08676921132593
76362,86.5,-14.0,151.06404272439693
76363,86.5,-13.5,149.0155174538577
76364,86.5,-13.0,151.92857588626492
76365,86.5,-12.5,158.32852890447526
76366,86.5,-12.0,149.49892674243983
76367,86.5,-11.0,157.95492331105567
76368,86.5,-10.5,152.42185117104597
76369,86.5,-10.0,148.52969100465182
76370,86.5,-9.5,155.33542561169952
76371,86.5,-9.0,148.53974720841464
76372,86.5,-8.5,148.49587145473646
76373,86.5,-7.5,155.4041843665999
76374,86.5,-7.0,149.1000594052167
76375,86.5,-6.5,147.76515884949708
76376,86.5,-6.0,147.75459025577672
76377,86.5,-5.5,149.3382107183586
76378,86.5,-5.0,150.8027893160689
76379,86.5,-4.5,149.48213565237916
76380,86.5,-4.0,150.36901028435366
76381,86.5,-1.5,146.82951613248446
76382,86.5,-1.0,150.19633269672624
76383,86.5,-0.5,155.54144286716604
76384,86.5,0.5,155.11867062358397
76385,86.5,1.0,150.72252901446717
76386,86.5,1.5,150.12095892015586
76387,86.5,2.0,149.57955077006392
76388,86.5,2.5,149.90955997728662
76389,86.5,4.0,150.0960539570587
76390,86.5,4.5,150.71610743778086
76391,86.5,5.0,150.14737526987295
76392,86.5,5.5,150.714359632998
76393,86.5,6.0,151.8905461279414
76394,86.5,6.5,150.7906397344509
76395,86.5,7.0,150.72388896391206
76396,86.5,7.5,149.3280298249505
76397,86.5,8.0,149.93538180984962
76398,86.5,8.5,148.68408539340828
76399,86.5,9.0,153.4236565104742
76400,86.5,9.5,151.87859064171113
76401,86.5,10.0,148.20347239367956
76402,86.5,10.5,147.35412573643615
76403,86.5,11.0,150.3361030813716
76404,86.5,11.5,150.46157409816394
76405,86.5,12.0,151.15938302430433
76406,86.5,12.5,150.8927020438932
76407,86.5,13.0,151.76605890548478
76408,86.5,13.5,151.02402518006147
76409,86.5,14.0,152.78259188668366
76410,86.5,14.5,151.00399430468917
76411,86.5,15.0,154.22565677786923
76412,86.5,15.5,151.15115628019802
76413,86.5,16.0,153.4688108669356
76414,86.5,16.5,155.02950839155997
76415,86.5,17.0,153.18966650835765
76416,86.5,17.5,153.71664602668636
76417,86.5,18.0,154.61033092324084
76418,86.5,18.5,153.58643948028902
76419,86.5,19.0,153.6221170240301
76420,86.5,19.5,157.00764055742385
76421,86.5,20.0,157.88727354864287
76422,86.5,20.5,161.6240712612075
76423,86.5,21.0,161.98450215941162
76424,86.5,21.5,157.9308457263611
76425,86.5,22.0,156.78646054295697
76426,86.5,22.5,158.07076262896695
76427,86.5,23.0,159.41139703703652
76428,86.5,23.5,160.49702076336004
76429,86.5,24.0,157.701648951959
76430,86.5,24.5,156.321726035241
76431,86.5,25.0,156.53082429169308
76432,86.5,25.5,162.54719531444437
76433,86.5,26.0,162.7613172185108
76434,86.5,26.5,162.83014865846147
76435,86.5,27.0,149.25328361554438
76436,86.5,27.5,145.8377703164556
76437,86.5,28.0,151.65606544373568
76438,86.5,28.5,152.82448071617108
76439,86.5,29.0,146.41374095138383
76440,86.5,29.5,146.81840039193526
76441,86.5,30.0,147.90685141389508
76442,86.5,30.5,146.89837242379224
76443,86.5,31.0,149.14589205956636
76444,86.5,31.5,145.89543397860817
76445,86.5,32.0,147.54336851615298
76446,86.5,32.5,150.30400851040736
76447,86.5,33.0,150.56870714612364
76448,86.5,33.5,158.48637619650574
76449,86.5,34.0,150.44041941169533
76450,86.5,34.5,148.29968435873707
76451,86.5,35.0,153.46060344170223
76452,86.5,35.5,148.87906082723165
76453,86.5,36.0,144.15023982956808
76454,86.5,36.5,147.0210770233871
76455,86.5,37.0,153.1159471692458
76456,86.5,37.5,156.29200575250294
76457,86.5,38.0,164.70284740176018
76458,87.0,-40.0,158.1540411300949
76459,87.0,-39.5,158.27527944070025
76460,87.0,-39.0,156.99647300183338
76461,87.0,-38.5,157.31993551114329
76462,87.0,-38.0,160.9662884041747
76463,87.0,-37.0,147.26386737992684
76464,87.0,-36.5,152.84701518104762
76465,87.0,-36.0,150.71149978393723
76466,87.0,-35.5,146.96951444933384
76467,87.0,-35.0,148.97807080761385
76468,87.0,-34.5,152.56455645664786
76469,87.0,-34.0,151.09501398406877
76470,87.0,-33.5,150.30463042738015
76471,87.0,-33.0,151.58040744236092
76472,87.0,-32.0,155.78852383815797
76473,87.0,-31.5,154.3632318713376
76474,87.0,-31.0,149.10959218507372
76475,87.0,-30.5,153.95299095439808
76476,87.0,-30.0,167.05044387407776
76477,87.0,-29.5,146.97340309777803
76478,87.0,-29.0,148.34184992886074
76479,87.0,-28.5,148.02271679983167
76480,87.0,-28.0,150.23648560099474
76481,87.0,-27.5,148.4377790580573
76482,87.0,-27.0,148.93032961056525
76483,87.0,-26.5,148.71599274916366
76484,87.0,-26.0,151.56513180328272
76485,87.0,-25.5,149.56609102603903
76486,87.0,-25.0,150.00690370869023
76487,87.0,-24.5,157.46704182889096
76488,87.0,-24.0,149.77842599851164
76489,87.0,-23.5,152.4346189877773
76490,87.0,-23.0,148.2323230208252
76491,87.0,-22.5,152.52370776903945
76492,87.0,-22.0,158.46980428330107
76493,87.0,-21.5,156.38533739115275
76494,87.0,-21.0,156.93721939653332
76495,87.0,-20.5,159.34861012330865
76496,87.0,-20.0,148.8155597656646
76497,87.0,-19.5,162.1818694816256
76498,87.0,-19.0,161.0133527365906
76499,87.0,-18.5,160.10078989791546
76500,87.0,-18.0,146.7375226202227
76501,87.0,-17.5,149.80319341996554
76502,87.0,-17.0,154.10126608840577
76503,87.0,-16.0,150.01337767963858
76504,87.0,-15.5,150.73976882861894
76505,87.0,-15.0,167.9944588570587
76506,87.0,-14.5,154.94315862052107
76507,87.0,-14.0,150.41330035791384
76508,87.0,-13.5,150.56406717004768
76509,87.0,-13.0,156.50065049463075
76510,87.0,-12.5,151.69426598001158
76511,87.0,-12.0,148.8535883073207
76512,87.0,-11.5,150.958235807842
76513,87.0,-11.0,160.6622068009176
76514,87.0,-10.5,148.55734389689073
76515,87.0,-10.0,148.48956304182502
76516,87.0,-9.5,148.46353755099744
76517,87.0,-9.0,152.99093899544454
76518,87.0,-8.5,148.5601210266077
76519,87.0,-8.0,148.76988670776848
76520,87.0,-7.5,150.26179078269305
76521,87.0,-7.0,148.0426921445595
76522,87.0,-6.5,147.8018296319184
76523,87.0,-5.5,150.0155616848771
76524,87.0,-5.0,149.35879360599364
76525,87.0,-4.5,148.30925218937273
76526,87.0,-4.0,150.3306601995495
76527,87.0,-3.5,150.3068790480983
76528,87.0,-2.0,146.70222639666298
76529,87.0,-1.5,146.8247646931723
76530,87.0,-1.0,159.30830712896014
76531,87.0,-0.5,148.96066517426786
76532,87.0,0.0,150.15685729232607
76533,87.0,1.0,153.6190983638621
76534,87.0,1.5,149.78475459414713
76535,87.0,2.0,150.33515032775435
76536,87.0,2.5,150.2707904692409
76537,87.0,3.5,149.47280237956215
76538,87.0,4.0,149.1833893372505
76539,87.0,4.5,150.39785179215284
76540,87.0,5.0,150.9112361389983
76541,87.0,5.5,151.04330518835258
76542,87.0,6.0,150.45700567309868
76543,87.0,6.5,151.17713406084005
76544,87.0,8.0,149.37976314471817
76545,87.0,8.5,150.89656757485213
76546,87.0,9.0,151.80113183731197
76547,87.0,9.5,154.10066865567202
76548,87.0,10.0,149.75709204459937
76549,87.0,10.5,147.27109913127748
76550,87.0,11.0,152.50155311357094
76551,87.0,11.5,150.2320315883554
76552,87.0,12.0,150.73331266898944
76553,87.0,12.5,150.4250731128465
76554,87.0,13.0,151.15650962265062
76555,87.0,13.5,152.0454046332615
76556,87.0,14.0,151.41354340929172
76557,87.0,14.5,151.8840830629419
76558,87.0,15.0,152.62765706645055
76559,87.0,15.5,154.09111985456724
76560,87.0,16.0,153.45613102527474
76561,87.0,16.5,153.98880063469778
76562,87.0,17.0,154.14648497856805
76563,87.0,17.5,153.50455102451988
76564,87.0,18.0,154.30749198028772
76565,87.0,18.5,155.68857253779305
76566,87.0,19.0,152.9446878086608
76567,87.0,19.5,155.90602980670258
76568,87.0,20.0,156.51382221858472
76569,87.0,20.5,153.26050091021318
76570,87.0,21.0,157.75208865188117
76571,87.0,21.5,160.77727308080944
76572,87.0,22.0,160.46468201500602
76573,87.0,22.5,159.5381061515046
76574,87.0,23.0,156.42665959285557
76575,87.0,23.5,160.28820241098663
76576,87.0,24.0,159.46347525041395
76577,87.0,25.0,160.23816595793733
76578,87.0,25.5,161.2409723187879
76579,87.0,26.0,161.4124358175885
76580,87.0,26.5,155.5128042173781
76581,87.0,27.0,150.57173322946278
76582,87.0,27.5,145.7614753958834
76583,87.0,28.0,150.50675175189374
76584,87.0,28.5,148.5450099793492
76585,87.0,29.0,143.8386604752918
76586,87.0,29.5,149.36366877017804
76587,87.0,30.0,144.78471516902556
76588,87.0,30.5,148.82729125938056
76589,87.0,31.0,145.30174016244084
76590,87.0,31.5,146.87255702240043
76591,87.0,32.0,147.2999503748801
76592,87.0,32.5,148.44584703396225
76593,87.0,33.0,151.32500519203836
76594,87.0,33.5,153.09944726939653
76595,87.0,34.0,150.73410774274316
76596,87.0,34.5,147.79607370549743
76597,87.0,35.0,155.7343237499614
76598,87.0,35.5,146.03981188408312
76599,87.0,36.0,146.13345318614105
76600,87.0,36.5,146.61253096068083
76601,87.0,37.0,152.11946894534202
76602,87.0,37.5,156.98315283771854
76603,87.0,38.0,163.1515794822346
76604,87.5,-40.0,157.94543535184533
76605,87.5,-39.5,158.07417529828288
76606,87.5,-39.0,156.88192565385094
76607,87.5,-38.5,157.13049890170248
76608,87.5,-37.0,147.16282313051116
76609,87.5,-36.5,153.30892845109568
76610,87.5,-36.0,151.06878526894462
76611,87.5,-35.5,146.98306133398668
76612,87.5,-35.0,149.43718489741386
76613,87.5,-34.5,150.29585516491315
76614,87.5,-34.0,149.98971554317663
76615,87.5,-33.5,150.35331293381148
76616,87.5,-33.0,152.28503929497805
76617,87.5,-32.5,155.57067674336477
76618,87.5,-32.0,155.48480372091632
76619,87.5,-31.5,152.45756638076966
76620,87.5,-31.0,147.6396759814859
76621,87.5,-30.5,151.2839193712938
76622,87.5,-30.0,171.2373291677117
76623,87.5,-29.5,148.84847641164004
76624,87.5,-29.0,147.61735543847823
76625,87.5,-28.5,148.0125846765276
76626,87.5,-28.0,148.86291213478114
76627,87.5,-27.5,150.81006162517076
76628,87.5,-27.0,148.90338904648803
76629,87.5,-26.5,147.8657222745145
76630,87.5,-26.0,151.7089911093578
76631,87.5,-25.5,150.2024363545327
76632,87.5,-25.0,148.9549649581214
76633,87.5,-24.5,153.04439268586017
76634,87.5,-24.0,154.16504172499143
76635,87.5,-23.5,151.5985909170662
76636,87.5,-23.0,147.46289830128856
76637,87.5,-22.5,152.27916849371886
76638,87.5,-22.0,156.63213123213865
76639,87.5,-21.5,165.19695962641632
76640,87.5,-21.0,158.33122461855206
76641,87.5,-20.5,153.8100624015547
76642,87.5,-20.0,158.06262452309397
76643,87.5,-19.5,165.6105245250658
76644,87.5,-19.0,160.2979512276576
76645,87.5,-18.5,159.84617029684406
76646,87.5,-18.0,151.46208638833556
76647,87.5,-17.5,147.42287041807987
76648,87.5,-17.0,156.94102748756816
76649,87.5,-16.5,157.24557081715145
76650,87.5,-16.0,147.37060278983483
76651,87.5,-15.5,157.71140812915957
76652,87.5,-15.0,157.79665034703774
76653,87.5,-14.5,149.33463049519557
76654,87.5,-14.0,153.91445365870416
76655,87.5,-13.5,160.7066136400491
76656,87.5,-13.0,151.39930950162898
76657,87.5,-12.5,150.33831330520644
76658,87.5,-12.0,149.50000831416907
76659,87.5,-11.5,155.65067144430625
76660,87.5,-11.0,159.17392247619838
76661,87.5,-10.5,149.09637732439924
76662,87.5,-10.0,148.33525893211166
76663,87.5,-9.5,153.16707394567715
76664,87.5,-8.5,152.61931865666196
76665,87.5,-8.0,148.56557013940642
76666,87.5,-7.5,157.93109986307567
76667,87.5,-7.0,148.07485047315095
76668,87.5,-6.5,147.8923695173363
76669,87.5,-6.0,147.7838118650441
76670,87.5,-5.5,150.80307455103684
76671,87.5,-5.0,148.8165071142237
76672,87.5,-4.5,149.0283661095866
76673,87.5,-3.5,150.45060916745607
76674,87.5,-2.5,146.50743381047207
76675,87.5,-2.0,146.53113366706413
76676,87.5,-1.5,159.17547755532175
76677,87.5,-1.0,159.35222055345895
76678,87.5,-0.5,147.91355956672183
76679,87.5,0.0,149.31808050534855
76680,87.5,1.0,149.0386321019226
76681,87.5,1.5,152.32714068442738
76682,87.5,2.0,150.3113720224843
76683,87.5,3.0,149.86730220937136
76684,87.5,3.5,150.02701015317183
76685,87.5,4.5,149.91040642153772
76686,87.5,5.0,151.34776082582115
76687,87.5,6.0,150.66206950269088
76688,87.5,6.5,150.77403006230006
76689,87.5,7.0,151.8544302019234
76690,87.5,8.0,153.54318597217653
76691,87.5,8.5,150.55563012321244
76692,87.5,9.0,151.20244912709757
76693,87.5,9.5,148.6212460803584
76694,87.5,10.0,149.857677498923
76695,87.5,10.5,151.1073966198862
76696,87.5,11.0,148.9917947329245
76697,87.5,11.5,152.27525405413164
76698,87.5,12.0,150.33727111513238
76699,87.5,12.5,151.3045616390391
76700,87.5,13.0,151.65670807156843
76701,87.5,13.5,153.04486413931878
76702,87.5,14.0,151.42801104998313
76703,87.5,14.5,153.63998424290122
76704,87.5,15.0,152.16455753912348
76705,87.5,15.5,153.71429699973424
76706,87.5,16.0,152.40260777023434
76707,87.5,16.5,153.04887538886345
76708,87.5,17.0,154.7525184701766
76709,87.5,17.5,154.1671575605783
76710,87.5,18.0,154.34648726547383
76711,87.5,18.5,155.06856045884012
76712,87.5,19.0,155.3100437209999
76713,87.5,19.5,153.62538523681326
76714,87.5,20.0,155.84746096386502
76715,87.5,20.5,158.19946100536276
76716,87.5,21.0,157.89230108014064
76717,87.5,21.5,156.7264287234977
76718,87.5,22.0,162.43865940266187
76719,87.5,22.5,161.05159977000463
76720,87.5,23.0,160.1809124468953
76721,87.5,23.5,159.47267868783868
76722,87.5,24.0,161.13660018078807
76723,87.5,24.5,157.4348138788784
76724,87.5,25.0,158.54873518415735
76725,87.5,25.5,161.50741522050475
76726,87.5,26.0,161.89668801317282
76727,87.5,26.5,160.8087035769333
76728,87.5,27.0,146.86320669473062
76729,87.5,27.5,145.93184211525596
76730,87.5,28.0,150.9927241856427
76731,87.5,28.5,149.78309589280767
76732,87.5,29.0,142.8528368546257
76733,87.5,29.5,148.36767835222415
76734,87.5,30.0,143.25495835875225
76735,87.5,30.5,148.49052015631742
76736,87.5,31.0,145.72591141874284
76737,87.5,31.5,146.5634708925287
76738,87.5,32.0,148.76922014418
76739,87.5,32.5,148.74829834328844
76740,87.5,33.0,150.70538621169857
76741,87.5,33.5,158.67709226335816
76742,87.5,34.0,150.41436371299187
76743,87.5,34.5,150.86213029501025
76744,87.5,35.0,154.528832049889
76745,87.5,35.5,146.07298423442643
76746,87.5,36.0,146.7365797347177
76747,87.5,36.5,146.46806426074528
76748,87.5,37.0,151.43906615404984
76749,87.5,37.5,157.7951094578797
76750,87.5,38.0,161.79841597386047
76751,88.0,-40.0,157.58600011890678
76752,88.0,-39.5,157.9347513626134
76753,88.0,-39.0,156.7709883704383
76754,88.0,-38.5,156.9052986409313
76755,88.0,-37.0,147.29291532201356
76756,88.0,-36.5,149.2013990811199
76757,88.0,-36.0,151.4423389642753
76758,88.0,-35.5,146.80347407126703
76759,88.0,-35.0,149.23669608540257
76760,88.0,-34.5,150.78134057777808
76761,88.0,-34.0,150.55219667264376
76762,88.0,-33.5,150.31432580031586
76763,88.0,-33.0,149.50278415226586
76764,88.0,-32.5,155.39771724847554
76765,88.0,-31.5,150.80579338853013
76766,88.0,-31.0,149.86812458337496
76767,88.0,-30.5,151.16807094201957
76768,88.0,-30.0,146.88351594664297
76769,88.0,-29.5,164.57670414914367
76770,88.0,-29.0,147.49579504753174
76771,88.0,-28.5,148.450776899788
76772,88.0,-28.0,147.93529368268509
76773,88.0,-27.5,149.9519881421158
76774,88.0,-27.0,148.45373143614725
76775,88.0,-26.5,148.37864359205668
76776,88.0,-26.0,150.76835795495194
76777,88.0,-25.5,152.7671890737748
76778,88.0,-25.0,146.9667442845587
76779,88.0,-24.5,151.28449166251326
76780,88.0,-24.0,156.71905295645087
76781,88.0,-23.5,150.1664901320598
76782,88.0,-23.0,147.9055007582768
76783,88.0,-22.5,154.52034512815538
76784,88.0,-22.0,155.74648868049908
76785,88.0,-21.5,162.19088107871937
76786,88.0,-21.0,158.36315420569946
76787,88.0,-20.5,155.2942827834101
76788,88.0,-20.0,160.6249718820147
76789,88.0,-19.5,164.04595063085267
76790,88.0,-19.0,159.28868312980208
76791,88.0,-18.5,147.14956636659332
76792,88.0,-18.0,155.61861058050917
76793,88.0,-17.5,147.77227849261146
76794,88.0,-16.5,153.78228243936152
76795,88.0,-15.5,148.01304590274196
76796,88.0,-15.0,150.26882108540812
76797,88.0,-14.5,149.4049761696688
76798,88.0,-14.0,163.24383679641195
76799,88.0,-13.5,155.39748164277054
76800,88.0,-13.0,153.4867285391878
76801,88.0,-12.5,149.72108992363223
76802,88.0,-12.0,155.80602509887706
76803,88.0,-11.5,154.95657178266325
76804,88.0,-11.0,149.35130977726746
76805,88.0,-10.5,149.16347547760827
76806,88.0,-10.0,152.6339973855828
76807,88.0,-9.5,149.83647775610777
76808,88.0,-8.5,149.9615690467291
76809,88.0,-8.0,151.84266174362722
76810,88.0,-7.5,148.73601676518965
76811,88.0,-7.0,148.066596972768
76812,88.0,-6.0,149.24667429413066
76813,88.0,-5.5,149.3954400432726
76814,88.0,-5.0,150.78805700730456
76815,88.0,-4.5,149.8881394687451
76816,88.0,-4.0,148.7886486919098
76817,88.0,-3.5,150.43772151752646
76818,88.0,-3.0,150.45635017295825
76819,88.0,-2.5,146.55065343405695
76820,88.0,-2.0,158.97097979236457
76821,88.0,-1.5,159.0346482663572
76822,88.0,0.0,149.28802323279294
76823,88.0,0.5,149.23013719175373
76824,88.0,1.0,148.53602989991748
76825,88.0,1.5,151.88727956151263
76826,88.0,2.0,151.3824175727802
76827,88.0,2.5,151.27465880070434
76828,88.0,3.0,150.29205900289443
76829,88.0,4.0,149.773684820721
76830,88.0,4.5,151.47769988237388
76831,88.0,5.0,151.10662769448288
76832,88.0,5.5,151.2554888960068
76833,88.0,6.0,150.51897213194908
76834,88.0,6.5,150.13167969681115
76835,88.0,7.0,151.1356594482504
76836,88.0,7.5,152.17481933711477
76837,88.0,8.0,153.1236622826232
76838,88.0,8.5,153.7201152985906
76839,88.0,9.0,149.848040026903
76840,88.0,9.5,148.9594358937344
76841,88.0,10.0,153.39204098775525
76842,88.0,10.5,152.2484598828083
76843,88.0,11.0,151.19536875794458
76844,88.0,11.5,148.3742218022338
76845,88.0,12.0,150.47581352737205
76846,88.0,12.5,150.96789640857523
76847,88.0,13.0,153.72951537716384
76848,88.0,13.5,151.6846648158401
76849,88.0,14.0,151.60487859531446
76850,88.0,14.5,151.79192400007685
76851,88.0,15.0,153.05864375119208
76852,88.0,15.5,150.9951267418281
76853,88.0,16.0,155.80478809739319
76854,88.0,16.5,154.39371771757237
76855,88.0,17.0,153.64510236585755
76856,88.0,17.5,153.87224377791426
76857,88.0,18.0,154.61570280918596
76858,88.0,18.5,153.47146925203404
76859,88.0,19.0,156.34376423493072
76860,88.0,19.5,158.21654694774145
76861,88.0,20.0,154.2903210238984
76862,88.0,20.5,159.46846602218258
76863,88.0,21.0,158.23050814433083
76864,88.0,21.5,159.94899666261009
76865,88.0,22.0,162.44351922068046
76866,88.0,22.5,161.76275162413665
76867,88.0,23.0,161.83399290440173
76868,88.0,23.5,160.8478030318775
76869,88.0,24.0,163.1504530178197
76870,88.0,24.5,161.58020318910084
76871,88.0,25.0,161.07326906227647
76872,88.0,25.5,162.2722794405594
76873,88.0,26.0,162.07435868984422
76874,88.0,26.5,160.0250313310423
76875,88.0,27.0,146.18723181256863
76876,88.0,27.5,155.46212719443227
76877,88.0,28.0,146.47552175165032
76878,88.0,28.5,151.21941600203868
76879,88.0,29.0,154.6623025753561
76880,88.0,29.5,147.18435542544435
76881,88.0,30.0,144.58503558141334
76882,88.0,30.5,146.7522503354335
76883,88.0,31.0,145.67389540051485
76884,88.0,31.5,144.15940520236666
76885,88.0,32.0,148.01284463033718
76886,88.0,32.5,150.63652887484756
76887,88.0,33.0,152.54676399937415
76888,88.0,34.0,150.3193657173041
76889,88.0,34.5,153.44049043602817
76890,88.0,35.0,154.28129835173118
76891,88.0,35.5,146.05730725241656
76892,88.0,36.0,147.0691552726599
76893,88.0,36.5,148.69629580012133
76894,88.0,37.0,153.5420519430677
76895,88.0,37.5,158.71946044823233
76896,88.0,38.0,160.62296783014781
76897,88.5,-40.0,157.05607053144456
76898,88.5,-39.5,157.89256315040322
76899,88.5,-39.0,156.67129568906316
76900,88.5,-38.5,156.7217148441034
76901,88.5,-37.0,147.01850142803661
76902,88.5,-36.5,148.98200710787418
76903,88.5,-36.0,151.81357224733594
76904,88.5,-35.5,146.75567686486912
76905,88.5,-35.0,150.57348230466235
76906,88.5,-34.5,149.58320105997765
76907,88.5,-34.0,151.02175437034802
76908,88.5,-33.5,150.83963180220746
76909,88.5,-33.0,151.89657329525235
76910,88.5,-32.5,155.5490922225046
76911,88.5,-31.5,147.86898898296366
76912,88.5,-31.0,151.8464949567668
76913,88.5,-30.5,150.42706207022977
76914,88.5,-30.0,148.95352411222058
76915,88.5,-29.5,162.49511475597944
76916,88.5,-28.5,148.26100156307288
76917,88.5,-28.0,146.93207790886268
76918,88.5,-27.5,149.70966467443313
76919,88.5,-27.0,149.06418883170693
76920,88.5,-26.5,149.8543379662324
76921,88.5,-26.0,149.66278015011613
76922,88.5,-25.5,152.884319135631
76923,88.5,-25.0,147.44258645481096
76924,88.5,-24.5,151.7951584357427
76925,88.5,-24.0,152.14655135940467
76926,88.5,-23.5,154.5779052516667
76927,88.5,-23.0,151.83526213863715
76928,88.5,-22.5,151.96402519288316
76929,88.5,-22.0,151.11231677054587
76930,88.5,-21.5,160.09910861528306
76931,88.5,-21.0,151.6586924029239
76932,88.5,-20.5,158.94164980300997
76933,88.5,-20.0,159.50217431335426
76934,88.5,-19.5,154.08732376494962
76935,88.5,-19.0,152.85570623003474
76936,88.5,-18.5,147.141727123674
76937,88.5,-18.0,147.9220397829989
76938,88.5,-17.5,160.6448750113893
76939,88.5,-17.0,147.3334320630393
76940,88.5,-16.5,151.37352030335245
76941,88.5,-16.0,154.92021316248085
76942,88.5,-15.5,152.09495844993063
76943,88.5,-15.0,149.42049601702547
76944,88.5,-14.5,150.0859950477268
76945,88.5,-14.0,153.69024528204596
76946,88.5,-13.5,155.3710117813953
76947,88.5,-12.5,159.36745560552998
76948,88.5,-12.0,154.39841650937788
76949,88.5,-11.5,150.3252231780418
76950,88.5,-11.0,149.76776564685304
76951,88.5,-10.5,149.62317137359503
76952,88.5,-10.0,160.1158787620829
76953,88.5,-9.5,148.01977736487643
76954,88.5,-9.0,147.90798917737507
76955,88.5,-8.5,152.43407744245488
76956,88.5,-8.0,150.75858624526435
76957,88.5,-7.5,149.1976371876185
76958,88.5,-7.0,149.52445183402688
76959,88.5,-6.5,151.4859291626315
76960,88.5,-6.0,149.57324153771356
76961,88.5,-5.5,148.09582199589525
76962,88.5,-5.0,151.52111050169472
76963,88.5,-4.5,155.86639231913549
76964,88.5,-4.0,148.62837053848483
76965,88.5,-3.0,148.24753687196227
76966,88.5,-2.5,154.95708713656327
76967,88.5,-2.0,158.854699073914
76968,88.5,-1.0,172.71957732228634
76969,88.5,0.0,147.88503208526888
76970,88.5,0.5,148.8791172882844
76971,88.5,1.0,149.35636685611976
76972,88.5,1.5,152.99315505687017
76973,88.5,2.0,153.2282988216984
76974,88.5,2.5,150.75153587435392
76975,88.5,3.0,149.98412125291478
76976,88.5,3.5,149.9532988727565
76977,88.5,4.0,150.68066298936756
76978,88.5,4.5,152.75354304439023
76979,88.5,5.0,151.58183880103348
76980,88.5,5.5,151.29278852007403
76981,88.5,6.5,149.66537468018598
76982,88.5,7.0,150.0240541418317
76983,88.5,7.5,152.73861102354255
76984,88.5,8.0,152.6260429004058
76985,88.5,8.5,154.90808183319527
76986,88.5,9.0,149.35040921025208
76987,88.5,9.5,149.56346052301862
76988,88.5,10.0,151.54328782298774
76989,88.5,10.5,153.43856561130258
76990,88.5,11.0,152.07355923843528
76991,88.5,11.5,148.85350076373695
76992,88.5,12.0,151.41072051426534
76993,88.5,12.5,151.03897620950883
76994,88.5,13.0,151.122351805223
76995,88.5,13.5,151.35317337032834
76996,88.5,14.0,151.68383098545286
76997,88.5,14.5,152.09407298246748
76998,88.5,15.0,152.07537289597565
76999,88.5,15.5,152.4487491116481
77000,88.5,16.0,153.84781456523777
77001,88.5,16.5,156.37241157227353
77002,88.5,17.0,155.11400156580498
77003,88.5,17.5,153.51777814509592
77004,88.5,18.0,154.705838730712
77005,88.5,18.5,155.97537339703973
77006,88.5,19.0,157.1902476375239
77007,88.5,19.5,158.06498634135502
77008,88.5,20.0,159.55715967644255
77009,88.5,20.5,159.20058965247048
77010,88.5,21.0,159.36842636754827
77011,88.5,21.5,159.3305825591238
77012,88.5,22.0,162.86625971202716
77013,88.5,22.5,161.1677593487228
77014,88.5,23.0,159.73365050839286
77015,88.5,23.5,157.04770167107486
77016,88.5,24.0,159.6267841658292
77017,88.5,24.5,161.6449206016201
77018,88.5,25.0,160.8467445197246
77019,88.5,25.5,162.59076389640072
77020,88.5,26.0,162.13635850006182
77021,88.5,26.5,160.82563470227242
77022,88.5,27.0,153.40047041666108
77023,88.5,27.5,152.411611193949
77024,88.5,28.5,150.81666207562756
77025,88.5,29.0,150.86577853541058
77026,88.5,29.5,147.64592101260376
77027,88.5,30.0,145.92949491660855
77028,88.5,30.5,146.74906690748242
77029,88.5,31.0,146.13467650483912
77030,88.5,31.5,147.62186400403473
77031,88.5,32.0,147.4152817468686
77032,88.5,32.5,151.15585846227395
77033,88.5,33.0,152.8877001479725
77034,88.5,33.5,152.311199772038
77035,88.5,34.0,151.49250246570253
77036,88.5,34.5,153.12849123375915
77037,88.5,35.0,154.44438536410897
77038,88.5,35.5,145.64362568155346
77039,88.5,36.0,147.67184613602225
77040,88.5,36.5,149.14931109769088
77041,88.5,37.0,152.20921854093248
77042,88.5,37.5,158.59296165009613
77043,88.5,38.0,159.6034968062424
77044,89.0,-39.5,157.67065721052694
77045,89.0,-39.0,156.45556972207748
77046,89.0,-38.5,156.606588680257
77047,89.0,-37.0,146.91050320497115
77048,89.0,-36.5,150.8555479739613
77049,89.0,-36.0,148.4289511830671
77050,89.0,-35.5,146.67269013740204
77051,89.0,-35.0,149.66246735447788
77052,89.0,-34.5,148.65639928954923
77053,89.0,-34.0,150.78712309625803
77054,89.0,-33.5,150.32142847426965
77055,89.0,-33.0,154.68142146252129
77056,89.0,-32.5,156.972744301785
77057,89.0,-32.0,154.65969787128697
77058,89.0,-31.5,147.62400280659634
77059,89.0,-31.0,150.86124953352052
77060,89.0,-30.5,146.76114507368487
77061,89.0,-30.0,151.7995803389253
77062,89.0,-29.5,162.60612703108796
77063,89.0,-28.5,148.09340582949838
77064,89.0,-28.0,146.94508863014684
77065,89.0,-27.5,149.37764162247416
77066,89.0,-27.0,149.3350905168798
77067,89.0,-26.5,150.60889786622656
77068,89.0,-26.0,149.5970148713144
77069,89.0,-25.5,154.37681069956798
77070,89.0,-25.0,150.27696026441757
77071,89.0,-24.5,152.3455484071352
77072,89.0,-24.0,149.14032514641022
77073,89.0,-23.5,153.130658942611
77074,89.0,-23.0,155.12529680720522
77075,89.0,-22.5,151.14961460658083
77076,89.0,-22.0,152.92498656699698
77077,89.0,-21.5,155.81641387828302
77078,89.0,-21.0,152.14705067471277
77079,89.0,-20.5,161.04255524459182
77080,89.0,-20.0,154.79604105506635
77081,89.0,-19.5,153.18101146677705
77082,89.0,-19.0,147.1470651873201
77083,89.0,-18.5,147.70214064889876
77084,89.0,-18.0,147.63925238782338
77085,89.0,-17.5,160.45518906457286
77086,89.0,-17.0,150.29047822556828
77087,89.0,-16.0,155.29474786022772
77088,89.0,-15.5,152.08650927262
77089,89.0,-14.5,149.72563871177366
77090,89.0,-14.0,150.88157490759193
77091,89.0,-12.5,159.74800279181505
77092,89.0,-12.0,152.0612814371429
77093,89.0,-11.5,149.05899047995817
77094,89.0,-11.0,150.58416875302996
77095,89.0,-10.5,155.053541644963
77096,89.0,-10.0,154.60951704858104
77097,89.0,-9.5,158.88491915682596
77098,89.0,-9.0,148.31910233056365
77099,89.0,-8.5,155.85827465909983
77100,89.0,-8.0,148.83040745182748
77101,89.0,-7.5,150.08634316893773
77102,89.0,-7.0,150.49625806680882
77103,89.0,-6.5,150.91034580468138
77104,89.0,-6.0,149.3250873380931
77105,89.0,-5.5,149.43845974286023
77106,89.0,-5.0,149.93560400299887
77107,89.0,-4.5,149.84336809313243
77108,89.0,-4.0,148.54452311804366
77109,89.0,-3.5,147.808577316146
77110,89.0,-3.0,146.37798233076418
77111,89.0,-2.5,154.64588128428255
77112,89.0,0.0,147.93534384481208
77113,89.0,0.5,148.31749291371887
77114,89.0,1.0,149.5990214240231
77115,89.0,1.5,161.6018747646248
77116,89.0,2.0,149.61484955516985
77117,89.0,2.5,151.25517953537053
77118,89.0,3.0,151.09458361908142
77119,89.0,3.5,149.56870066110804
77120,89.0,4.0,152.67766098829242
77121,89.0,5.0,151.19020181785868
77122,89.0,5.5,150.43932110101042
77123,89.0,6.0,150.61303612853905
77124,89.0,7.0,151.56606398311396
77125,89.0,7.5,149.76573612763679
77126,89.0,8.0,152.05894854446984
77127,89.0,8.5,153.89752393127137
77128,89.0,9.5,151.40821329873225
77129,89.0,10.0,150.25284304985985
77130,89.0,10.5,153.22489711713155
77131,89.0,11.5,152.6633308826731
77132,89.0,12.0,151.55882348120792
77133,89.0,12.5,152.29555162956675
77134,89.0,13.0,151.10365525620688
77135,89.0,13.5,151.53615923051237
77136,89.0,14.0,152.20409078060965
77137,89.0,14.5,152.15596119298434
77138,89.0,15.0,151.96335012103665
77139,89.0,15.5,153.43257142901442
77140,89.0,16.0,154.47265568060863
77141,89.0,16.5,155.7938552024672
77142,89.0,17.0,153.78179764802584
77143,89.0,17.5,154.5117829701001
77144,89.0,18.0,154.850948798381
77145,89.0,18.5,155.9191825839531
77146,89.0,19.0,159.5560132412098
77147,89.0,19.5,158.57913305663524
77148,89.0,20.0,159.02387983359887
77149,89.0,20.5,159.60675408797155
77150,89.0,21.0,158.48913072835822
77151,89.0,21.5,158.50340973210297
77152,89.0,22.0,160.73690463723838
77153,89.0,22.5,166.06746264113482
77154,89.0,23.0,161.21708080676564
77155,89.0,23.5,158.27428282944987
77156,89.0,24.0,158.64172237197863
77157,89.0,24.5,163.1070329525529
77158,89.0,25.0,161.20200244934594
77159,89.0,25.5,161.63320381461335
77160,89.0,26.0,162.29087617041006
77161,89.0,26.5,161.7336777704782
77162,89.0,27.0,151.59108556367383
77163,89.0,27.5,152.66241761137871
77164,89.0,28.0,141.6367024068985
77165,89.0,28.5,148.9916497201186
77166,89.0,29.0,152.42916164077906
77167,89.0,29.5,147.1933469855949
77168,89.0,30.0,147.3353581480735
77169,89.0,30.5,145.84676483566017
77170,89.0,31.0,145.55569230623811
77171,89.0,31.5,145.20351320526635
77172,89.0,32.0,146.9278926189483
77173,89.0,32.5,150.65734322629478
77174,89.0,33.0,152.53758300225732
77175,89.0,33.5,154.38904603508183
77176,89.0,34.0,153.51820214215044
77177,89.0,34.5,153.11860062636475
77178,89.0,35.0,153.66135585019939
77179,89.0,35.5,145.47693966076653
77180,89.0,36.0,148.0179302975697
77181,89.0,36.5,148.96476148590605
77182,89.0,37.0,149.86744967557314
77183,89.0,37.5,157.91479699773396
77184,89.5,-39.5,157.53920462312044
77185,89.5,-39.0,156.42038395461506
77186,89.5,-38.5,156.46009985598386
77187,89.5,-37.0,146.74573159800264
77188,89.5,-36.5,152.63182964881202
77189,89.5,-36.0,147.7191006702636
77190,89.5,-35.5,146.59912089507216
77191,89.5,-35.0,154.37263574273166
77192,89.5,-34.5,146.34149822996486
77193,89.5,-34.0,151.80875823254928
77194,89.5,-33.5,148.91248299869258
77195,89.5,-33.0,154.79608504841457
77196,89.5,-32.5,158.16436814027563
77197,89.5,-32.0,150.40158979822874
77198,89.5,-31.0,151.0129424276091
77199,89.5,-30.5,146.32546827705602
77200,89.5,-30.0,150.42809541502126
77201,89.5,-29.5,176.9722665517016
77202,89.5,-28.5,148.38934773284672
77203,89.5,-28.0,148.69722657391702
77204,89.5,-27.5,148.75117843809315
77205,89.5,-27.0,149.87734127409993
77206,89.5,-26.5,152.54757755177351
77207,89.5,-26.0,150.73071044597987
77208,89.5,-25.5,152.51507996305915
77209,89.5,-25.0,153.73661486577484
77210,89.5,-24.5,151.70011923304003
77211,89.5,-24.0,148.0729600935057
77212,89.5,-23.5,154.46135995468362
77213,89.5,-23.0,156.93782741967738
77214,89.5,-22.5,149.85061929796888
77215,89.5,-22.0,154.4713706152613
77216,89.5,-21.5,148.86262396706869
77217,89.5,-21.0,159.1217114815766
77218,89.5,-20.5,156.36958802616084
77219,89.5,-20.0,155.81883336153388
77220,89.5,-19.5,154.84125000276288
77221,89.5,-19.0,152.7126493708006
77222,89.5,-18.5,147.77495423863724
77223,89.5,-17.5,147.54297529349526
77224,89.5,-17.0,159.06159900942012
77225,89.5,-16.5,150.7334403103923
77226,89.5,-16.0,154.98394539318284
77227,89.5,-15.5,156.62948049869888
77228,89.5,-15.0,149.77360151955426
77229,89.5,-14.5,149.1919690718451
77230,89.5,-14.0,152.4040883422056
77231,89.5,-13.5,150.52329319111288
77232,89.5,-13.0,159.32008212549832
77233,89.5,-12.5,159.84791084964934
77234,89.5,-12.0,150.6688134229328
77235,89.5,-11.5,156.35077716442234
77236,89.5,-11.0,150.9288685162695
77237,89.5,-10.5,155.06455697485845
77238,89.5,-10.0,150.75186333652775
77239,89.5,-9.5,155.6224354907942
77240,89.5,-9.0,156.13488687984366
77241,89.5,-8.5,148.6396444020587
77242,89.5,-8.0,148.74464176612548
77243,89.5,-7.0,150.6467476458444
77244,89.5,-6.5,151.12908575615737
77245,89.5,-6.0,148.7227819834665
77246,89.5,-5.5,152.8050089980807
77247,89.5,-5.0,148.1684649411188
77248,89.5,-4.5,149.01542688772355
77249,89.5,-4.0,146.84191185459403
77250,89.5,-3.5,147.53525840600977
77251,89.5,-3.0,152.03596050044223
77252,89.5,-2.5,150.35633323982978
77253,89.5,-2.0,150.50598679172023
77254,89.5,-0.5,148.7771170531218
77255,89.5,0.0,147.79043277415124
77256,89.5,0.5,148.28252483373734
77257,89.5,1.0,160.1133074621514
77258,89.5,1.5,149.75508731225676
77259,89.5,2.0,149.5173656404315
77260,89.5,3.0,151.2591534034127
77261,89.5,3.5,151.13874850618674
77262,89.5,4.5,150.73355454639486
77263,89.5,5.0,150.97267697459006
77264,89.5,6.0,150.30488430699893
77265,89.5,6.5,153.23661568980717
77266,89.5,7.0,153.9293813748344
77267,89.5,7.5,149.57413503663065
77268,89.5,8.0,150.25491642423424
77269,89.5,8.5,151.43633040029448
77270,89.5,9.0,154.36560560363498
77271,89.5,9.5,154.5992890833567
77272,89.5,10.0,152.11654895221582
77273,89.5,10.5,149.55433464617687
77274,89.5,11.0,151.83261527220594
77275,89.5,11.5,151.99045747189712
77276,89.5,12.0,152.99814959791783
77277,89.5,12.5,151.14480051158714
77278,89.5,13.0,150.83056069040146
77279,89.5,13.5,151.52667624203255
77280,89.5,14.0,152.9365479380146
77281,89.5,14.5,152.37311800016533
77282,89.5,15.0,151.42624026329523
77283,89.5,15.5,152.60576259103414
77284,89.5,16.0,157.8211021337236
77285,89.5,16.5,156.4484612643461
77286,89.5,17.0,154.67675928000787
77287,89.5,17.5,153.05779622191994
77288,89.5,18.0,154.75799984795808
77289,89.5,18.5,160.24577878039585
77290,89.5,19.0,158.34523918505585
77291,89.5,19.5,156.8702168636628
77292,89.5,20.0,159.18395389776276
77293,89.5,20.5,159.38028989840308
77294,89.5,21.0,159.16644014692548
77295,89.5,21.5,157.0847165584071
77296,89.5,22.0,160.26141543677974
77297,89.5,22.5,159.65975863914093
77298,89.5,23.0,165.75982398992602
77299,89.5,23.5,160.71850354356584
77300,89.5,24.0,163.4997965268694
77301,89.5,24.5,162.8112464941744
77302,89.5,25.0,162.55173428603916
77303,89.5,25.5,163.30949842775718
77304,89.5,26.0,162.4737758575645
77305,89.5,26.5,159.83052080394364
77306,89.5,27.0,153.01511966970713
77307,89.5,27.5,147.88083721786924
77308,89.5,28.0,142.18189719695053
77309,89.5,28.5,152.65126951292237
77310,89.5,29.0,152.39238486815486
77311,89.5,29.5,147.7950330252563
77312,89.5,30.0,147.61944291816243
77313,89.5,30.5,144.29728757390384
77314,89.5,31.0,143.54132077455995
77315,89.5,31.5,148.08917058527018
77316,89.5,32.0,146.8600746330933
77317,89.5,32.5,150.46130048555383
77318,89.5,33.0,152.61605113741632
77319,89.5,33.5,154.8214537064047
77320,89.5,34.0,151.8764601473707
77321,89.5,34.5,153.81750715422848
77322,89.5,35.0,152.95616308806188
77323,89.5,35.5,145.08075186026795
77324,89.5,36.0,147.2243427236486
77325,89.5,36.5,148.20711096670323
77326,89.5,37.0,149.8500961297783
77327,89.5,37.5,157.11889096463537
77328,90.0,-39.5,157.5254642117376
77329,90.0,-39.0,156.29421029787255
77330,90.0,-38.5,156.29767879672218
77331,90.0,-38.0,169.50742736651205
77332,90.0,-37.0,146.6576724119884
77333,90.0,-36.5,153.05207639761568
77334,90.0,-36.0,147.37124768495295
77335,90.0,-35.5,146.51019753037562
77336,90.0,-35.0,152.5367273835699
77337,90.0,-34.5,146.35124353604408
77338,90.0,-34.0,151.39735296368073
77339,90.0,-33.5,149.33295132916848
77340,90.0,-33.0,154.89322185001586
77341,90.0,-32.5,156.67299095416902
77342,90.0,-32.0,155.69902435314646
77343,90.0,-31.0,148.22646763160375
77344,90.0,-30.5,152.2228683672616
77345,90.0,-30.0,151.965052983906
77346,90.0,-29.5,164.33850878225414
77347,90.0,-29.0,161.09959588733227
77348,90.0,-28.5,148.35229361848656
77349,90.0,-28.0,150.3615823126873
77350,90.0,-27.5,148.0167467523421
77351,90.0,-27.0,150.33465088707788
77352,90.0,-26.5,153.3024514638076
77353,90.0,-26.0,151.2323807694691
77354,90.0,-25.5,147.92046499354248
77355,90.0,-25.0,155.16786283163563
77356,90.0,-24.5,151.57309714990598
77357,90.0,-24.0,147.39484768309384
77358,90.0,-23.5,156.18913790268292
77359,90.0,-23.0,156.75975845127434
77360,90.0,-22.5,154.27856027945606
77361,90.0,-22.0,151.44803396449595
77362,90.0,-21.5,152.02324510603876
77363,90.0,-21.0,156.07618645064574
77364,90.0,-20.5,157.92398308886692
77365,90.0,-20.0,156.24224651937178
77366,90.0,-19.5,151.2483382896396
77367,90.0,-19.0,152.2306919585327
77368,90.0,-18.5,150.66583137166919
77369,90.0,-18.0,147.55172854959193
77370,90.0,-17.5,147.41555003550795
77371,90.0,-17.0,160.0940644651976
77372,90.0,-16.5,155.89113148144517
77373,90.0,-16.0,149.29654461217032
77374,90.0,-15.5,154.58321441385294
77375,90.0,-15.0,151.70357558079004
77376,90.0,-14.0,154.49281919438755
77377,90.0,-13.5,151.62891658490005
77378,90.0,-13.0,159.25843941743994
77379,90.0,-12.5,151.34387908534262
77380,90.0,-12.0,155.40745867914907
77381,90.0,-11.5,159.35812236079795
77382,90.0,-11.0,153.31499660940543
77383,90.0,-10.5,149.17066855504183
77384,90.0,-10.0,157.06126167867322
77385,90.0,-9.5,152.6750658779803
77386,90.0,-9.0,156.08317262935805
77387,90.0,-8.5,149.46180519732553
77388,90.0,-8.0,147.56424627991277
77389,90.0,-7.5,153.1814494148967
77390,90.0,-7.0,150.48539027708748
77391,90.0,-6.5,150.95205736698665
77392,90.0,-6.0,151.3146991534186
77393,90.0,-5.5,148.34967289890062
77394,90.0,-4.5,148.50965386509486
77395,90.0,-4.0,147.77971012675388
77396,90.0,-3.0,148.36324424781236
77397,90.0,-2.5,148.19670390229805
77398,90.0,-2.0,150.55655051918774
77399,90.0,-1.5,150.6077764307881
77400,90.0,-1.0,146.78433533672012
77401,90.0,-0.5,147.16941972257356
77402,90.0,0.0,147.81174882542987
77403,90.0,0.5,157.66109455577995
77404,90.0,1.0,160.67824379488346
77405,90.0,1.5,149.70955272712007
77406,90.0,2.0,149.8144335693858
77407,90.0,2.5,149.46787384243285
77408,90.0,3.0,150.53289158390888
77409,90.0,3.5,151.63023427195773
77410,90.0,4.0,150.86703874859762
77411,90.0,4.5,150.9008978714682
77412,90.0,6.0,153.92097458783877
77413,90.0,6.5,151.51893907207094
77414,90.0,7.5,149.3689181099673
77415,90.0,8.0,149.36789283978553
77416,90.0,8.5,151.55051054366186
77417,90.0,9.0,153.02740058658057
77418,90.0,9.5,154.59743866104134
77419,90.0,10.0,153.4553514891473
77420,90.0,10.5,149.94162396787948
77421,90.0,11.0,150.9373357645713
77422,90.0,11.5,152.4239842635486
77423,90.0,12.0,152.13106173201905
77424,90.0,12.5,152.0134791078316
77425,90.0,13.0,150.4076894299557
77426,90.0,13.5,152.36229947104803
77427,90.0,14.0,152.3228063473434
77428,90.0,14.5,151.50662571959526
77429,90.0,15.0,152.82565689268458
77430,90.0,15.5,154.5393308665663
77431,90.0,16.0,156.0151007827534
77432,90.0,16.5,155.69020240981382
77433,90.0,17.0,153.07117636521937
77434,90.0,17.5,154.7332781196883
77435,90.0,18.0,154.93822123842244
77436,90.0,18.5,158.70649619386936
77437,90.0,19.0,160.7438731732457
77438,90.0,19.5,157.8103874380614
77439,90.0,20.0,158.9976528477181
77440,90.0,20.5,158.88608355124643
77441,90.0,21.0,159.29544675737947
77442,90.0,21.5,154.79193069097659
77443,90.0,22.0,162.67445921037864
77444,90.0,22.5,162.99970846297992
77445,90.0,23.5,163.96871893099308
77446,90.0,24.0,161.5532399819428
77447,90.0,24.5,161.27806224265956
77448,90.0,25.0,163.1881176069708
77449,90.0,25.5,158.01624492608832
77450,90.0,26.0,159.96404807195853
77451,90.0,26.5,159.22690950114043
77452,90.0,27.0,150.5125789669273
77453,90.0,27.5,146.57711584815448
77454,90.0,28.0,142.1658295907536
77455,90.0,28.5,152.61500502868978
77456,90.0,29.0,153.00073041363703
77457,90.0,29.5,147.09079164297376
77458,90.0,30.0,145.93874179103466
77459,90.0,30.5,145.43709378840478
77460,90.0,31.0,143.50061118219273
77461,90.0,31.5,146.55383562827714
77462,90.0,32.0,150.47166374860203
77463,90.0,32.5,149.90237261202594
77464,90.0,33.0,152.13692810362465
77465,90.0,33.5,153.66123108673153
77466,90.0,34.0,152.9466497984721
77467,90.0,34.5,153.64771713604222
77468,90.0,35.0,151.98971660297963
77469,90.0,35.5,145.10568543616176
77470,90.0,36.0,147.52230999400436
77471,90.0,36.5,149.73421919094022
77472,90.0,37.0,150.21153810650858
77473,90.0,37.5,156.2374062776133
77474,90.5,-40.0,157.63629372965113
77475,90.5,-39.5,157.48077530012776
77476,90.5,-39.0,156.29225278990273
77477,90.5,-38.5,156.18677068401382
77478,90.5,-38.0,170.70733466954496
77479,90.5,-37.0,146.55121005099835
77480,90.5,-36.5,151.00322444816067
77481,90.5,-36.0,147.4453233490017
77482,90.5,-35.5,146.41419040475333
77483,90.5,-35.0,152.48474249291257
77484,90.5,-34.5,148.2004401185652
77485,90.5,-34.0,152.31988488379415
77486,90.5,-33.5,150.49354773546153
77487,90.5,-33.0,152.7896990568105
77488,90.5,-32.5,156.5084055205581
77489,90.5,-32.0,151.6375837428341
77490,90.5,-31.5,154.89392960318352
77491,90.5,-31.0,148.21142110592493
77492,90.5,-30.5,153.26361442123238
77493,90.5,-30.0,147.61008859801305
77494,90.5,-29.5,157.60151338665767
77495,90.5,-29.0,162.7158657778824
77496,90.5,-28.5,148.98328625566194
77497,90.5,-28.0,150.82537586679788
77498,90.5,-27.5,148.23262264213125
77499,90.5,-27.0,150.4235286729929
77500,90.5,-26.5,150.53557697535038
77501,90.5,-26.0,152.42686479263566
77502,90.5,-25.5,149.4450625856363
77503,90.5,-25.0,155.97521511188665
77504,90.5,-24.5,151.44097051236196
77505,90.5,-24.0,153.4672905452662
77506,90.5,-23.5,154.21415016758004
77507,90.5,-23.0,154.29995142384388
77508,90.5,-22.5,160.93723112580557
77509,90.5,-22.0,149.47335865655424
77510,90.5,-21.5,154.99457782239816
77511,90.5,-21.0,157.0730236911183
77512,90.5,-20.5,155.21558792475477
77513,90.5,-20.0,156.25499253204563
77514,90.5,-19.5,149.8944666882124
77515,90.5,-19.0,149.9184940686713
77516,90.5,-18.5,154.53888409032518
77517,90.5,-18.0,147.5366495006896
77518,90.5,-17.0,152.21520068654112
77519,90.5,-16.5,155.3582226301449
77520,90.5,-16.0,159.80482558021373
77521,90.5,-15.5,148.9805485266749
77522,90.5,-15.0,158.86515756829
77523,90.5,-14.5,152.09879924131437
77524,90.5,-14.0,154.44941022807816
77525,90.5,-13.5,158.89158872772066
77526,90.5,-13.0,152.3196710814847
77527,90.5,-12.5,151.7955449831795
77528,90.5,-12.0,165.45270810378048
77529,90.5,-11.5,155.6059459945497
77530,90.5,-11.0,149.5590476838519
77531,90.5,-10.5,150.12583387801817
77532,90.5,-10.0,152.38963131625525
77533,90.5,-9.5,155.21363393761874
77534,90.5,-9.0,150.9062388447382
77535,90.5,-8.0,152.35990002244273
77536,90.5,-7.5,149.77524106843185
77537,90.5,-7.0,152.33718807724784
77538,90.5,-6.5,150.85848723819234
77539,90.5,-6.0,151.12194207954573
77540,90.5,-5.5,150.0013766658628
77541,90.5,-5.0,147.43297399866594
77542,90.5,-4.5,146.4957710847871
77543,90.5,-4.0,148.87237329352078
77544,90.5,-3.5,148.77772629413235
77545,90.5,-2.5,148.24793689293284
77546,90.5,-2.0,148.10911074723668
77547,90.5,-1.5,150.16200184761055
77548,90.5,-1.0,146.72144377281043
77549,90.5,-0.5,147.40021200345967
77550,90.5,0.0,153.04364953186092
77551,90.5,0.5,159.84174290822145
77552,90.5,1.0,148.43360446191485
77553,90.5,1.5,148.70122442129383
77554,90.5,2.0,151.03022678199073
77555,90.5,2.5,149.70203513543615
77556,90.5,3.0,152.10246920532632
77557,90.5,3.5,152.11648184922495
77558,90.5,4.0,151.48609748942175
77559,90.5,5.5,154.28858628996062
77560,90.5,6.0,153.96127544144196
77561,90.5,6.5,150.24845890093536
77562,90.5,7.0,150.02795891469367
77563,90.5,8.0,149.295732940604
77564,90.5,8.5,152.04680754515581
77565,90.5,9.0,152.81868689558593
77566,90.5,9.5,154.13081862896328
77567,90.5,10.0,153.46315529847703
77568,90.5,10.5,151.32524878176528
77569,90.5,11.0,151.59285113839195
77570,90.5,11.5,150.61729173876347
77571,90.5,12.0,150.72797249452483
77572,90.5,12.5,153.60600612413137
77573,90.5,13.0,151.9646539225885
77574,90.5,13.5,153.04927968619447
77575,90.5,14.0,151.80563857223075
77576,90.5,14.5,151.79022409055432
77577,90.5,15.0,155.25037100254744
77578,90.5,15.5,153.7796698447698
77579,90.5,16.0,154.6457858970357
77580,90.5,16.5,155.25153567986703
77581,90.5,17.0,154.05131450073472
77582,90.5,17.5,156.65699548428933
77583,90.5,18.0,158.23387064008048
77584,90.5,18.5,158.1540573530762
77585,90.5,19.0,161.0404611833385
77586,90.5,19.5,158.91696512849623
77587,90.5,20.0,159.72005822354
77588,90.5,20.5,158.55427762271458
77589,90.5,21.0,157.41166799678956
77590,90.5,21.5,155.20572174441912
77591,90.5,22.0,165.16643251045815
77592,90.5,22.5,162.6692519844225
77593,90.5,23.0,162.1391186091466
77594,90.5,23.5,162.20760429113966
77595,90.5,24.0,160.69653255709318
77596,90.5,24.5,159.7147050781619
77597,90.5,25.0,159.18349054529284
77598,90.5,25.5,151.98222179277334
77599,90.5,26.0,157.5518320373331
77600,90.5,26.5,157.65924383975099
77601,90.5,27.0,152.18849859196493
77602,90.5,27.5,148.25999626784812
77603,90.5,28.0,146.39686559957576
77604,90.5,28.5,148.15577960894325
77605,90.5,29.0,152.32476309234528
77606,90.5,29.5,152.3211334819336
77607,90.5,30.0,145.73425972062842
77608,90.5,30.5,145.30670917737683
77609,90.5,31.0,143.6120758207416
77610,90.5,31.5,145.225104783883
77611,90.5,32.0,153.3608952665158
77612,90.5,32.5,149.10808533563213
77613,90.5,33.0,151.7529815380642
77614,90.5,33.5,153.89759500809367
77615,90.5,34.0,153.95620593441157
77616,90.5,34.5,152.70859370295108
77617,90.5,35.0,150.29862260859417
77618,90.5,35.5,146.95263052160325
77619,90.5,36.0,151.907426838035
77620,90.5,36.5,150.41178045183406
77621,90.5,37.0,148.41455686405885
77622,90.5,37.5,155.70650647969077
77623,91.0,-40.0,157.40288952289356
77624,91.0,-39.0,156.102009378862
77625,91.0,-38.5,156.0812797761221
77626,91.0,-38.0,173.1075288548082
77627,91.0,-37.0,147.00437781653036
77628,91.0,-36.5,149.9681493168137
77629,91.0,-36.0,147.26052395397295
77630,91.0,-35.5,146.37804996250443
77631,91.0,-35.0,149.52794799127736
77632,91.0,-34.5,150.21643082283336
77633,91.0,-34.0,152.67367646885188
77634,91.0,-33.5,148.56558747032815
77635,91.0,-33.0,151.9094345614937
77636,91.0,-32.5,153.04700781032687
77637,91.0,-32.0,155.55105749727656
77638,91.0,-31.5,154.0159837671873
77639,91.0,-31.0,147.78769323462424
77640,91.0,-30.5,153.79173111165431
77641,91.0,-29.5,153.51303181341444
77642,91.0,-29.0,161.98291142309802
77643,91.0,-28.5,152.17992069426504
77644,91.0,-28.0,148.68722217965865
77645,91.0,-27.5,149.70857092905476
77646,91.0,-27.0,151.06462156459597
77647,91.0,-26.5,149.66315941342614
77648,91.0,-26.0,153.36088357291416
77649,91.0,-25.5,151.62678554982236
77650,91.0,-25.0,149.25914077211954
77651,91.0,-24.5,155.28556178526307
77652,91.0,-24.0,155.21109493069054
77653,91.0,-23.5,152.3408254198755
77654,91.0,-23.0,154.02792320075065
77655,91.0,-22.5,155.29220042557984
77656,91.0,-22.0,159.73226149265165
77657,91.0,-21.5,150.41928334140616
77658,91.0,-21.0,151.25426927297804
77659,91.0,-20.5,152.32634703035927
77660,91.0,-20.0,152.59638300434582
77661,91.0,-19.5,150.04493736452733
77662,91.0,-19.0,155.3572807077258
77663,91.0,-18.5,152.55876683845244
77664,91.0,-18.0,151.39487810154552
77665,91.0,-17.5,147.8912717933065
77666,91.0,-17.0,153.36884745158565
77667,91.0,-16.5,149.2550454434709
77668,91.0,-16.0,153.30170374181765
77669,91.0,-15.5,148.92310779681387
77670,91.0,-15.0,159.90449865141392
77671,91.0,-14.5,157.29373804680387
77672,91.0,-14.0,158.74707493572086
77673,91.0,-13.5,156.8287189047351
77674,91.0,-13.0,152.56077972396375
77675,91.0,-12.5,157.98816656324476
77676,91.0,-12.0,154.98697451487658
77677,91.0,-11.5,159.50493384168956
77678,91.0,-11.0,149.75178252759025
77679,91.0,-10.5,153.1358867810556
77680,91.0,-10.0,152.02041423101556
77681,91.0,-9.5,151.35889868898306
77682,91.0,-9.0,150.61798334432297
77683,91.0,-8.5,152.9172326433925
77684,91.0,-8.0,152.24973323540894
77685,91.0,-7.5,150.62659034406585
77686,91.0,-7.0,149.31855234076366
77687,91.0,-6.5,152.37608655972838
77688,91.0,-6.0,148.377359852395
77689,91.0,-5.5,151.81226103025378
77690,91.0,-5.0,148.3081040372831
77691,91.0,-4.5,146.39501568110776
77692,91.0,-4.0,147.42717139443485
77693,91.0,-3.5,149.26010073669804
77694,91.0,-3.0,149.01346845682556
77695,91.0,-2.0,148.1556912098169
77696,91.0,-1.5,146.50331618923906
77697,91.0,-1.0,150.7891444830338
77698,91.0,-0.5,152.02383144997472
77699,91.0,0.0,159.21658946145104
77700,91.0,1.0,148.40718283225902
77701,91.0,2.0,149.0099400600219
77702,91.0,2.5,150.78870594949032
77703,91.0,3.0,151.26062007779672
77704,91.0,3.5,151.17292737745248
77705,91.0,4.0,151.97728348435498
77706,91.0,4.5,151.62379911860086
77707,91.0,5.0,155.21345226630388
77708,91.0,5.5,154.91044900943717
77709,91.0,7.0,150.25712089582402
77710,91.0,7.5,150.18182537869595
77711,91.0,8.0,157.8038767569925
77712,91.0,8.5,152.4144508495276
77713,91.0,9.0,154.20018509469404
77714,91.0,9.5,151.95563831872587
77715,91.0,10.0,152.4091035697014
77716,91.0,10.5,152.79323450206394
77717,91.0,11.0,151.31465295276885
77718,91.0,11.5,149.96459534310802
77719,91.0,12.0,150.9776233769178
77720,91.0,12.5,152.9204997029663
77721,91.0,13.0,154.0538413107489
77722,91.0,13.5,150.8447837226402
77723,91.0,14.0,150.36822879866023
77724,91.0,14.5,151.89150803300686
77725,91.0,15.0,151.61421642307386
77726,91.0,15.5,155.44512399305285
77727,91.0,16.0,153.35474129437824
77728,91.0,16.5,153.95630966374284
77729,91.0,17.0,155.08523986126858
77730,91.0,17.5,156.03147012584344
77731,91.0,18.0,157.81501570543233
77732,91.0,18.5,156.5274134654756
77733,91.0,19.0,159.01837014837747
77734,91.0,19.5,159.0534535265064
77735,91.0,20.0,158.70603872616866
77736,91.0,20.5,160.0466535783723
77737,91.0,21.0,154.55101977714108
77738,91.0,21.5,154.80176688952926
77739,91.0,22.0,159.83408568698866
77740,91.0,22.5,172.55999887714384
77741,91.0,23.0,162.84193880727008
77742,91.0,23.5,161.93420643881944
77743,91.0,24.0,163.97310869693143
77744,91.0,24.5,163.81772247484724
77745,91.0,25.0,162.72513607295593
77746,91.0,25.5,150.61122377821553
77747,91.0,26.0,165.71028215818583
77748,91.0,26.5,162.8458513534768
77749,91.0,27.0,144.45263664813496
77750,91.0,27.5,148.05711788288815
77751,91.0,28.0,148.1982756580656
77752,91.0,28.5,145.45450389581478
77753,91.0,29.0,149.65461489005872
77754,91.0,29.5,157.54536758209858
77755,91.0,30.0,145.62149285804202
77756,91.0,30.5,146.0020360929418
77757,91.0,31.0,143.79825622181363
77758,91.0,31.5,146.61745069832855
77759,91.0,32.0,156.23751541524493
77760,91.0,32.5,148.43968302344095
77761,91.0,33.0,154.50767823390652
77762,91.0,33.5,153.50382289241588
77763,91.0,34.0,154.31684588642244
77764,91.0,34.5,150.32372913190224
77765,91.0,35.0,148.69802358213354
77766,91.0,35.5,152.2142567097291
77767,91.0,36.0,148.34477594904595
77768,91.0,36.5,150.5136893958449
77769,91.0,37.0,149.6617491997901
77770,91.0,37.5,154.7085803980844
77771,91.5,-40.0,157.3086103411564
77772,91.5,-39.0,156.11249544402742
77773,91.5,-38.5,156.00195260916794
77774,91.5,-38.0,176.08408478833388
77775,91.5,-37.0,146.8579918519948
77776,91.5,-36.5,150.3661338822016
77777,91.5,-36.0,146.86856744818704
77778,91.5,-35.5,146.21044535005618
77779,91.5,-35.0,150.15886579672465
77780,91.5,-34.5,151.32898375054143
77781,91.5,-34.0,152.14396361436866
77782,91.5,-33.5,148.6910546102394
77783,91.5,-33.0,150.66211892326137
77784,91.5,-32.5,150.76847603122812
77785,91.5,-32.0,155.43875344020597
77786,91.5,-31.5,151.9659138481083
77787,91.5,-31.0,152.69336563258184
77788,91.5,-30.5,149.04342029190062
77789,91.5,-30.0,160.35907667371345
77790,91.5,-29.5,150.90306112898128
77791,91.5,-29.0,159.972949011039
77792,91.5,-28.5,153.76182261956708
77793,91.5,-28.0,148.7214358576865
77794,91.5,-27.5,150.50689503415043
77795,91.5,-27.0,150.84178658494312
77796,91.5,-26.5,149.18818744820447
77797,91.5,-26.0,156.00957420997025
77798,91.5,-25.5,151.389168425837
77799,91.5,-25.0,149.00579204881961
77800,91.5,-24.5,152.58682437791597
77801,91.5,-24.0,155.05060671554241
77802,91.5,-23.5,151.82203774955138
77803,91.5,-23.0,156.01827333438874
77804,91.5,-22.5,156.090177117065
77805,91.5,-22.0,154.41787348779678
77806,91.5,-21.5,151.0035926174304
77807,91.5,-21.0,148.33160280138804
77808,91.5,-20.5,147.65299569395782
77809,91.5,-20.0,151.85898982835207
77810,91.5,-19.5,151.41160071975554
77811,91.5,-19.0,155.5923607994798
77812,91.5,-18.5,151.37009126812146
77813,91.5,-18.0,149.15767906502924
77814,91.5,-17.5,152.81616212678355
77815,91.5,-17.0,150.58728350819337
77816,91.5,-16.5,148.98808993437123
77817,91.5,-16.0,154.4933513992206
77818,91.5,-15.5,159.46343336998487
77819,91.5,-14.5,157.7385932520448
77820,91.5,-14.0,158.91799356224337
77821,91.5,-13.5,152.8738897571493
77822,91.5,-13.0,154.07420747923518
77823,91.5,-12.5,158.85593548033654
77824,91.5,-12.0,154.2853803881164
77825,91.5,-11.0,157.33774782656883
77826,91.5,-10.5,152.21226155523328
77827,91.5,-10.0,151.7535069102569
77828,91.5,-9.5,149.19995962618466
77829,91.5,-9.0,150.13823603143385
77830,91.5,-8.5,152.1338383144579
77831,91.5,-8.0,152.12046304296118
77832,91.5,-7.5,152.75163172289965
77833,91.5,-7.0,149.82766411680657
77834,91.5,-6.5,150.33469829906
77835,91.5,-5.5,147.681346257131
77836,91.5,-5.0,150.13387177901063
77837,91.5,-4.5,146.9116166823895
77838,91.5,-3.5,148.70982607502566
77839,91.5,-3.0,149.41076685304338
77840,91.5,-2.5,148.53199317019065
77841,91.5,-2.0,147.29669796059474
77842,91.5,-1.5,147.78804633266586
77843,91.5,-1.0,151.54972301929402
77844,91.5,-0.5,155.81577263015225
77845,91.5,0.5,147.98288662949145
77846,91.5,1.0,148.0632249965623
77847,91.5,1.5,148.66616468369378
77848,91.5,2.0,149.70229272370742
77849,91.5,2.5,151.70009016725746
77850,91.5,3.0,150.55354933101796
77851,91.5,3.5,151.5308270817322
77852,91.5,4.5,151.9071495127024
77853,91.5,5.0,155.1686118572741
77854,91.5,7.5,150.2410082262234
77855,91.5,8.0,158.35229037097204
77856,91.5,9.0,149.83063091410656
77857,91.5,9.5,152.17886790370537
77858,91.5,10.0,152.3679698177051
77859,91.5,10.5,152.55743138650936
77860,91.5,11.0,151.36596436145012
77861,91.5,11.5,150.3006668968721
77862,91.5,12.0,150.1999642616509
77863,91.5,12.5,154.69110600161983
77864,91.5,13.0,152.96845932781642
77865,91.5,13.5,152.50231414282354
77866,91.5,14.0,149.90811831457358
77867,91.5,14.5,150.9912353685201
77868,91.5,15.0,152.93789461531895
77869,91.5,15.5,153.9399034630858
77870,91.5,16.0,156.40762693098634
77871,91.5,16.5,153.387468229144
77872,91.5,17.0,154.5760604051663
77873,91.5,17.5,156.33691600502627
77874,91.5,18.0,153.46971227120218
77875,91.5,18.5,157.86271077425042
77876,91.5,19.0,158.49231867372626
77877,91.5,19.5,158.7420458941156
77878,91.5,20.0,157.97260307695876
77879,91.5,20.5,156.76990050402057
77880,91.5,21.0,153.5820661102916
77881,91.5,21.5,154.65740929460108
77882,91.5,22.0,159.95236031197857
77883,91.5,22.5,165.4299086855167
77884,91.5,23.0,159.79266159172397
77885,91.5,23.5,157.07817376476717
77886,91.5,24.0,157.10106895903226
77887,91.5,24.5,162.74782208331794
77888,91.5,25.0,158.36307490068427
77889,91.5,25.5,150.22608195469869
77890,91.5,26.0,151.59942138429827
77891,91.5,26.5,161.24874020674258
77892,91.5,27.0,144.66442661881433
77893,91.5,27.5,148.86808593053786
77894,91.5,28.0,148.3427696809972
77895,91.5,28.5,144.9288682284226
77896,91.5,29.0,150.10845852695613
77897,91.5,29.5,155.44608138329417
77898,91.5,30.0,144.60465260608726
77899,91.5,30.5,147.03906800885227
77900,91.5,31.0,144.05012751069228
77901,91.5,31.5,147.77873183008384
77902,91.5,32.0,147.93740182625547
77903,91.5,32.5,149.40577180170953
77904,91.5,33.0,153.429504283079
77905,91.5,33.5,151.84393567187877
77906,91.5,34.0,154.72768076825383
77907,91.5,34.5,149.87639459539815
77908,91.5,35.0,149.09303849363866
77909,91.5,35.5,150.4398297633424
77910,91.5,36.0,148.41512704851047
77911,91.5,36.5,149.87447034722655
77912,91.5,37.0,151.30640227564484
77913,91.5,37.5,154.97534631189885
77914,92.0,-39.0,156.08261207492995
77915,92.0,-38.5,167.3030532733663
77916,92.0,-38.0,177.89477352670372
77917,92.0,-37.0,146.8887759494608
77918,92.0,-36.5,149.23875899543606
77919,92.0,-36.0,146.7947474054676
77920,92.0,-35.5,147.62468689000897
77921,92.0,-35.0,150.01943336852636
77922,92.0,-34.5,150.91969703642528
77923,92.0,-34.0,151.76853057936935
77924,92.0,-33.5,151.2882496749689
77925,92.0,-33.0,150.28764194959282
77926,92.0,-32.5,147.3303005098013
77927,92.0,-32.0,154.09652121314085
77928,92.0,-31.5,150.07108064149838
77929,92.0,-31.0,153.7334620930073
77930,92.0,-30.5,147.7545962134222
77931,92.0,-30.0,152.3745358864681
77932,92.0,-29.5,146.87110561280178
77933,92.0,-29.0,153.975631849725
77934,92.0,-28.5,161.73503582753054
77935,92.0,-28.0,151.1671213410521
77936,92.0,-27.5,151.3603530178991
77937,92.0,-27.0,149.4919450370554
77938,92.0,-26.5,153.27419961273694
77939,92.0,-26.0,153.53242793666888
77940,92.0,-25.5,149.8821564064163
77941,92.0,-25.0,151.6085055239572
77942,92.0,-24.5,157.0253234382232
77943,92.0,-24.0,153.28644872546994
77944,92.0,-23.5,155.70371666188913
77945,92.0,-23.0,153.84575491748026
77946,92.0,-22.5,158.53381591512493
77947,92.0,-22.0,154.91715754081434
77948,92.0,-21.5,150.99554487939716
77949,92.0,-21.0,148.6633810930846
77950,92.0,-20.5,146.53779947581103
77951,92.0,-20.0,150.8584081125292
77952,92.0,-19.5,158.45252577956649
77953,92.0,-19.0,150.58161844125428
77954,92.0,-18.5,154.74671516669292
77955,92.0,-18.0,150.46254606917248
77956,92.0,-17.5,153.0758483433865
77957,92.0,-16.5,159.4662279511894
77958,92.0,-15.5,159.34108401502263
77959,92.0,-15.0,155.4596891047831
77960,92.0,-14.5,158.17319645230359
77961,92.0,-14.0,159.38051204697138
77962,92.0,-13.5,154.19546678573377
77963,92.0,-13.0,160.7873874954871
77964,92.0,-12.5,155.42490110350684
77965,92.0,-12.0,150.52535302465498
77966,92.0,-11.5,157.66475017527333
77967,92.0,-11.0,154.1695055279368
77968,92.0,-10.5,156.53233948496742
77969,92.0,-10.0,151.49293547852415
77970,92.0,-9.5,148.52790357316897
77971,92.0,-9.0,150.0843099488991
77972,92.0,-8.5,150.54167241984342
77973,92.0,-8.0,151.8230927742188
77974,92.0,-7.5,153.10512334764684
77975,92.0,-7.0,152.20406103659383
77976,92.0,-6.5,147.35193753207292
77977,92.0,-5.5,146.63019587306522
77978,92.0,-5.0,147.3915675779139
77979,92.0,-4.5,152.81473664889998
77980,92.0,-4.0,146.70273821595597
77981,92.0,-3.0,148.3149437653879
77982,92.0,-2.5,147.6464084145775
77983,92.0,-2.0,146.160590990507
77984,92.0,-1.5,149.4012886437552
77985,92.0,-1.0,152.34526587535728
77986,92.0,0.0,152.1378373913345
77987,92.0,0.5,149.19560789633937
77988,92.0,1.5,148.4040486598848
77989,92.0,2.0,151.3785133689998
77990,92.0,3.0,151.23557748012686
77991,92.0,3.5,150.59426377333486
77992,92.0,4.5,154.403776859227
77993,92.0,5.0,151.78988403406873
77994,92.0,7.5,157.08283043110913
77995,92.0,8.0,153.11453773258773
77996,92.0,9.0,149.9794699531728
77997,92.0,9.5,151.6364522665069
77998,92.0,10.0,152.61095312613946
77999,92.0,10.5,152.09804116394483
78000,92.0,11.0,151.88785410938354
78001,92.0,11.5,151.22414401027098
78002,92.0,12.0,152.7374976326838
78003,92.0,12.5,152.97466431067875
78004,92.0,13.0,150.55625967407067
78005,92.0,13.5,152.56738851006247
78006,92.0,14.0,151.26421830635306
78007,92.0,14.5,151.920958892924
78008,92.0,15.0,152.98160432915958
78009,92.0,15.5,151.91803563784242
78010,92.0,16.0,154.4307111841738
78011,92.0,16.5,153.1233550742874
78012,92.0,17.0,154.5259909470938
78013,92.0,17.5,154.00012570970628
78014,92.0,18.0,159.28677169209288
78015,92.0,18.5,155.45907561116925
78016,92.0,19.0,157.30690286267685
78017,92.0,19.5,154.49389989557034
78018,92.0,20.0,158.6892093170995
78019,92.0,20.5,153.7954387343497
78020,92.0,21.0,156.7155619234683
78021,92.0,21.5,158.72992491633028
78022,92.0,22.0,158.2530794854964
78023,92.0,22.5,157.49733679636483
78024,92.0,23.0,159.7908507654974
78025,92.0,23.5,153.7299286148787
78026,92.0,24.0,153.73047412175686
78027,92.0,24.5,161.41637857785292
78028,92.0,25.0,161.20745433975378
78029,92.0,25.5,150.21254919279727
78030,92.0,26.0,152.0896231069353
78031,92.0,26.5,160.9133579853928
78032,92.0,27.0,149.0647884580318
78033,92.0,27.5,145.25623827395074
78034,92.0,28.0,148.79019811721153
78035,92.0,28.5,145.53292050338976
78036,92.0,29.0,149.7191217845389
78037,92.0,29.5,152.71559934950542
78038,92.0,30.0,147.46960069118907
78039,92.0,30.5,145.40463953931845
78040,92.0,31.0,146.42344651389615
78041,92.0,31.5,147.22495083006336
78042,92.0,32.0,146.10661565691828
78043,92.0,32.5,151.83422805276325
78044,92.0,33.0,152.6301305786994
78045,92.0,33.5,152.32382657666787
78046,92.0,34.0,152.49431086262754
78047,92.0,34.5,150.9699100307196
78048,92.0,35.0,149.1390741040001
78049,92.0,35.5,147.59206101277857
78050,92.0,36.0,148.69121535256056
78051,92.0,36.5,148.85654752481338
78052,92.0,37.0,151.51231402589917
78053,92.5,-39.0,156.05835770053332
78054,92.5,-38.5,166.75180270211214
78055,92.5,-37.0,147.13238566389387
78056,92.5,-36.5,149.50169998266355
78057,92.5,-36.0,146.36125471784936
78058,92.5,-35.5,147.50802872364275
78059,92.5,-35.0,148.72597184942055
78060,92.5,-34.5,148.29679428006938
78061,92.5,-34.0,153.164952932609
78062,92.5,-33.5,150.92655742782304
78063,92.5,-33.0,150.35242805477924
78064,92.5,-32.5,147.3562775490416
78065,92.5,-32.0,151.67042006281767
78066,92.5,-31.5,152.14905555621294
78067,92.5,-31.0,150.81294208279428
78068,92.5,-30.5,159.57363172363023
78069,92.5,-30.0,146.87001216671854
78070,92.5,-29.5,146.8190132168446
78071,92.5,-29.0,157.0136545085077
78072,92.5,-28.5,156.08310426829067
78073,92.5,-28.0,148.40601501555975
78074,92.5,-27.5,152.57766608497815
78075,92.5,-27.0,149.67502069157868
78076,92.5,-26.5,153.91553437590724
78077,92.5,-26.0,149.71146100599685
78078,92.5,-25.5,150.19939761458372
78079,92.5,-25.0,150.49515336882567
78080,92.5,-24.5,156.23662799129048
78081,92.5,-24.0,154.7013727117898
78082,92.5,-23.5,155.91872111638725
78083,92.5,-23.0,149.12510538363355
78084,92.5,-22.5,149.5120281862856
78085,92.5,-22.0,152.80413936829078
78086,92.5,-21.5,150.16151282231567
78087,92.5,-21.0,149.044789382653
78088,92.5,-20.5,147.78523209135406
78089,92.5,-20.0,146.12247619899682
78090,92.5,-19.5,154.58010399251003
78091,92.5,-19.0,147.44212751781666
78092,92.5,-18.5,147.89072458736442
78093,92.5,-18.0,153.5742099468734
78094,92.5,-17.5,155.09606645417693
78095,92.5,-17.0,160.60947400959756
78096,92.5,-16.5,162.3130748270318
78097,92.5,-16.0,176.70940378960537
78098,92.5,-15.5,159.26937559015647
78099,92.5,-15.0,157.51693694498925
78100,92.5,-14.5,158.71514781347
78101,92.5,-14.0,156.90760816957453
78102,92.5,-13.5,159.5347593384504
78103,92.5,-13.0,157.67208303940453
78104,92.5,-12.5,154.64691680726315
78105,92.5,-12.0,151.22185390128178
78106,92.5,-11.5,150.2444492385166
78107,92.5,-11.0,154.68296705321595
78108,92.5,-10.5,152.55141472365165
78109,92.5,-10.0,151.9353673798896
78110,92.5,-9.5,152.92418921386692
78111,92.5,-9.0,150.2423287147422
78112,92.5,-8.5,151.36054728755
78113,92.5,-8.0,149.14188466552287
78114,92.5,-7.5,152.25968082316024
78115,92.5,-6.5,147.27282995808378
78116,92.5,-6.0,146.66063321206343
78117,92.5,-5.5,145.47506426276493
78118,92.5,-5.0,147.24596678473137
78119,92.5,-4.5,149.77251298528714
78120,92.5,-4.0,151.6492796257434
78121,92.5,-3.5,146.5068189665688
78122,92.5,-2.5,146.6632950804872
78123,92.5,-2.0,148.9765043903959
78124,92.5,-1.5,152.55487221110894
78125,92.5,-1.0,148.24392369060232
78126,92.5,-0.5,147.94665916298231
78127,92.5,0.0,147.60619942193966
78128,92.5,0.5,152.20108286037296
78129,92.5,1.0,148.08439559477742
78130,92.5,1.5,150.96630857598802
78131,92.5,2.0,151.17003238517722
78132,92.5,2.5,150.78721735910236
78133,92.5,3.0,150.80839623085484
78134,92.5,3.5,151.63069448860023
78135,92.5,4.0,153.80719265947022
78136,92.5,4.5,155.87277242404917
78137,92.5,5.0,151.62302730244602
78138,92.5,5.5,151.68382796543918
78139,92.5,7.5,159.57916364552568
78140,92.5,8.0,150.7345589298027
78141,92.5,8.5,150.5383861141919
78142,92.5,9.0,153.69570058723286
78143,92.5,9.5,151.60443203993864
78144,92.5,10.0,152.30888716461828
78145,92.5,10.5,152.22946798751113
78146,92.5,11.0,152.73978710754156
78147,92.5,11.5,157.07872603343404
78148,92.5,12.0,155.34989180984323
78149,92.5,12.5,150.70159033076726
78150,92.5,13.0,152.70819861255984
78151,92.5,13.5,149.04246200697477
78152,92.5,14.0,153.83107186048116
78153,92.5,14.5,153.58223873982004
78154,92.5,15.0,152.24703354420473
78155,92.5,15.5,153.1297665175156
78156,92.5,16.0,153.04210274001906
78157,92.5,16.5,157.06412643201676
78158,92.5,17.0,153.96940220938407
78159,92.5,17.5,155.0144449802219
78160,92.5,18.0,157.1540317903029
78161,92.5,18.5,155.61023561026693
78162,92.5,19.0,156.93159915937875
78163,92.5,19.5,155.10274405477887
78164,92.5,20.0,155.7908921506063
78165,92.5,20.5,155.47373096570365
78166,92.5,21.0,155.583118194707
78167,92.5,21.5,150.08884772021182
78168,92.5,22.0,150.20623108697
78169,92.5,22.5,150.87196462542596
78170,92.5,23.0,150.29606918941263
78171,92.5,23.5,155.23777280064445
78172,92.5,24.0,149.96392500227802
78173,92.5,24.5,160.07443738609618
78174,92.5,25.0,158.72629702811835
78175,92.5,25.5,149.99530134939582
78176,92.5,26.0,157.65239661141652
78177,92.5,26.5,162.50414512553846
78178,92.5,27.0,151.7951384119173
78179,92.5,27.5,146.42942264907896
78180,92.5,28.0,147.78724267741853
78181,92.5,28.5,146.3458707599409
78182,92.5,29.0,149.08089349771356
78183,92.5,29.5,146.2779058830881
78184,92.5,30.0,153.1633817928842
78185,92.5,30.5,145.3822690525421
78186,92.5,31.0,147.73020086254544
78187,92.5,31.5,146.84840506542744
78188,92.5,32.0,143.66035057827574
78189,92.5,32.5,152.97504568717272
78190,92.5,33.0,152.113597913864
78191,92.5,33.5,152.35312897329524
78192,92.5,34.0,150.5228336780525
78193,92.5,34.5,149.28799500473556
78194,92.5,35.0,148.8497515601501
78195,92.5,35.5,148.060469496107
78196,92.5,36.0,145.5757059046677
78197,92.5,36.5,148.661477927778
78198,92.5,37.0,152.5755725853579
78199,92.5,37.5,157.33285562915162
78200,93.0,-40.0,157.12626739440793
78201,93.0,-39.0,156.01718062076273
78202,93.0,-38.5,169.30137215950413
78203,93.0,-38.0,155.72488015767615
78204,93.0,-37.0,147.2106320302148
78205,93.0,-36.5,148.87808719502902
78206,93.0,-36.0,146.29269555623168
78207,93.0,-35.5,147.43467972805456
78208,93.0,-35.0,146.06848627947576
78209,93.0,-34.5,146.8518533480045
78210,93.0,-34.0,153.6189972769467
78211,93.0,-33.5,150.57467241000558
78212,93.0,-33.0,149.36800959022617
78213,93.0,-32.5,150.58882160183956
78214,93.0,-32.0,152.35641703340235
78215,93.0,-31.5,150.73093658375433
78216,93.0,-31.0,151.6370737991482
78217,93.0,-30.5,156.46085778134594
78218,93.0,-30.0,150.3859340305009
78219,93.0,-29.5,147.69792342272476
78220,93.0,-29.0,153.46938234302226
78221,93.0,-28.5,149.66595593977803
78222,93.0,-28.0,150.01916961555153
78223,93.0,-27.5,151.84912262279684
78224,93.0,-27.0,149.95348367256
78225,93.0,-26.5,153.7457129343943
78226,93.0,-26.0,148.1938858137125
78227,93.0,-25.5,149.73934130891544
78228,93.0,-25.0,149.37878097787123
78229,93.0,-24.5,152.75919538856712
78230,93.0,-24.0,154.9744129107751
78231,93.0,-23.5,149.8128687580894
78232,93.0,-23.0,151.39949194985314
78233,93.0,-22.5,149.99984026536416
78234,93.0,-22.0,150.4541780881396
78235,93.0,-21.5,148.78969271667302
78236,93.0,-21.0,147.46283891630563
78237,93.0,-20.5,149.6515990838997
78238,93.0,-20.0,150.06561366780227
78239,93.0,-19.5,151.4242623408003
78240,93.0,-19.0,155.05625801251128
78241,93.0,-18.5,152.66287097050727
78242,93.0,-18.0,155.45761516882996
78243,93.0,-17.5,156.80042484969346
78244,93.0,-17.0,160.44708981539088
78245,93.0,-15.5,156.87285768228185
78246,93.0,-15.0,157.99001413741567
78247,93.0,-14.5,159.1155341819495
78248,93.0,-14.0,156.59448786249737
78249,93.0,-13.5,160.34046030213656
78250,93.0,-13.0,157.4613109825534
78251,93.0,-12.0,151.325408201305
78252,93.0,-11.5,152.2103878670654
78253,93.0,-11.0,152.42723782365402
78254,93.0,-10.5,152.4155224663711
78255,93.0,-9.5,154.12106110556937
78256,93.0,-9.0,152.37291665932614
78257,93.0,-8.5,149.22353805167086
78258,93.0,-8.0,150.56811646243
78259,93.0,-7.5,148.24532083814012
78260,93.0,-7.0,148.4097563253658
78261,93.0,-6.5,146.47170817463493
78262,93.0,-6.0,146.7885363414094
78263,93.0,-5.5,145.769646291971
78264,93.0,-5.0,145.37800988152472
78265,93.0,-4.5,146.84956618766142
78266,93.0,-4.0,152.524099321991
78267,93.0,-3.5,146.31076660628233
78268,93.0,-3.0,145.80884942485585
78269,93.0,-2.5,147.4582497544216
78270,93.0,-2.0,149.5368357434446
78271,93.0,-1.5,147.67923853675694
78272,93.0,-1.0,148.48015210174063
78273,93.0,-0.5,147.91089997236884
78274,93.0,0.0,147.5148564412928
78275,93.0,0.5,147.85598365515932
78276,93.0,1.0,150.64121591084697
78277,93.0,1.5,151.88599365759057
78278,93.0,2.0,150.41600261231983
78279,93.0,2.5,150.82237008720423
78280,93.0,3.5,157.11776479669354
78281,93.0,4.0,152.83226346523668
78282,93.0,4.5,151.2751635336128
78283,93.0,5.5,151.44882352169674
78284,93.0,6.0,151.1292190715752
78285,93.0,8.5,152.59994764430337
78286,93.0,9.0,154.7765852059722
78287,93.0,9.5,154.14164129139158
78288,93.0,10.0,151.1894599929078
78289,93.0,10.5,153.46816906377902
78290,93.0,11.0,152.9452859720994
78291,93.0,11.5,155.5740291444385
78292,93.0,12.0,158.10844943531947
78293,93.0,12.5,153.805000730305
78294,93.0,13.0,154.82586174130213
78295,93.0,13.5,152.08006308489252
78296,93.0,14.0,155.96773487085275
78297,93.0,14.5,153.95778338136543
78298,93.0,15.0,152.92820428490845
78299,93.0,15.5,153.02774287726464
78300,93.0,16.0,152.88324683792976
78301,93.0,16.5,158.57266174908142
78302,93.0,17.0,155.57070527146453
78303,93.0,17.5,157.73552624704706
78304,93.0,18.0,158.8373235957527
78305,93.0,18.5,157.63345158216794
78306,93.0,19.0,154.35857522171418
78307,93.0,19.5,158.30946167169887
78308,93.0,20.0,156.1421083567882
78309,93.0,20.5,157.5636431329648
78310,93.0,21.0,159.91787066443095
78311,93.0,21.5,149.4831297489669
78312,93.0,22.0,148.9538209388762
78313,93.0,22.5,147.4063571915121
78314,93.0,23.0,149.51088833626906
78315,93.0,23.5,159.91402579029338
78316,93.0,24.0,147.25044902754513
78317,93.0,24.5,154.18203751113785
78318,93.0,25.0,153.6056166472498
78319,93.0,25.5,149.6010997635812
78320,93.0,26.0,158.12965718175352
78321,93.0,26.5,156.89996140349658
78322,93.0,27.0,154.52529523222034
78323,93.0,27.5,146.94109352760955
78324,93.0,28.0,146.19946915254764
78325,93.0,28.5,147.45446944919735
78326,93.0,29.0,149.83259400678674
78327,93.0,29.5,145.49432029092682
78328,93.0,30.0,157.30430439179392
78329,93.0,30.5,146.275117555843
78330,93.0,31.0,147.75832559882053
78331,93.0,31.5,147.61319952281946
78332,93.0,32.0,143.13476257096315
78333,93.0,32.5,152.8262618688594
78334,93.0,33.0,151.42417999741863
78335,93.0,33.5,152.25133598687097
78336,93.0,34.0,151.8197479328366
78337,93.0,34.5,146.90362066174595
78338,93.0,35.0,148.66554663692037
78339,93.0,35.5,148.83312463482534
78340,93.0,36.0,143.4162455059776
78341,93.0,36.5,149.22868933868347
78342,93.0,37.0,152.86165821321873
78343,93.0,37.5,155.40552372685303
78344,93.5,-39.0,161.54070075356339
78345,93.5,-38.5,178.80247137489084
78346,93.5,-38.0,155.80586617607474
78347,93.5,-37.5,149.48263894978905
78348,93.5,-37.0,146.99812334039402
78349,93.5,-36.5,148.99213495568048
78350,93.5,-36.0,146.38027251904612
78351,93.5,-35.5,146.6598829452375
78352,93.5,-35.0,146.35376863493642
78353,93.5,-34.5,147.234781572267
78354,93.5,-34.0,155.53475655392933
78355,93.5,-33.5,150.5555142201241
78356,93.5,-33.0,148.61554691510324
78357,93.5,-32.5,150.04849079032505
78358,93.5,-32.0,150.19950778737837
78359,93.5,-31.5,148.64328425405435
78360,93.5,-31.0,159.79951203842052
78361,93.5,-30.5,150.39420416355742
78362,93.5,-30.0,151.8286633672859
78363,93.5,-29.5,154.37688226494052
78364,93.5,-29.0,150.0310733467497
78365,93.5,-28.5,154.45663168355517
78366,93.5,-28.0,152.41402783622084
78367,93.5,-27.5,147.52963718548398
78368,93.5,-27.0,153.07547147907306
78369,93.5,-26.5,148.52383524160848
78370,93.5,-26.0,148.0922834873628
78371,93.5,-25.5,149.52309932247195
78372,93.5,-25.0,148.8807916521145
78373,93.5,-24.5,152.45185039168751
78374,93.5,-24.0,149.27172761139326
78375,93.5,-23.5,154.0594093102837
78376,93.5,-23.0,152.15895858787445
78377,93.5,-22.5,148.30274277127603
78378,93.5,-22.0,148.5848383981992
78379,93.5,-21.5,147.77180296926556
78380,93.5,-21.0,147.4756220168823
78381,93.5,-20.5,152.4106538005206
78382,93.5,-20.0,151.30176030637517
78383,93.5,-19.5,146.04458073135987
78384,93.5,-19.0,152.62846310076978
78385,93.5,-18.5,153.23251943008364
78386,93.5,-17.5,154.23348913020982
78387,93.5,-17.0,146.624055341143
78388,93.5,-16.5,150.72061929958792
78389,93.5,-15.5,158.01445853006942
78390,93.5,-15.0,158.64712060977672
78391,93.5,-14.5,159.07336645538925
78392,93.5,-14.0,162.3977110871726
78393,93.5,-13.5,157.14603481162263
78394,93.5,-13.0,158.88776723369153
78395,93.5,-12.0,152.32868889565717
78396,93.5,-11.5,152.88931145136067
78397,93.5,-11.0,151.68917789319096
78398,93.5,-10.5,148.94161461381557
78399,93.5,-10.0,155.12789133323892
78400,93.5,-9.5,153.97480886766823
78401,93.5,-9.0,152.30026300016405
78402,93.5,-8.5,150.76390284724013
78403,93.5,-8.0,149.64143857330524
78404,93.5,-7.5,149.0467320830203
78405,93.5,-7.0,147.84063170569956
78406,93.5,-6.5,146.36053448104173
78407,93.5,-5.5,147.15096751834653
78408,93.5,-5.0,145.52885751507358
78409,93.5,-4.0,146.72149992125904
78410,93.5,-3.5,145.7613187549009
78411,93.5,-3.0,146.0407775875611
78412,93.5,-2.5,151.75453769605028
78413,93.5,-2.0,148.2154185125899
78414,93.5,-1.5,147.60800384868938
78415,93.5,-1.0,146.97291644648752
78416,93.5,-0.5,147.71582000034167
78417,93.5,0.0,148.0870103211542
78418,93.5,0.5,147.51387596190648
78419,93.5,1.0,150.8830974083399
78420,93.5,1.5,152.49249642939097
78421,93.5,2.0,150.38670297654096
78422,93.5,3.0,157.60087215412577
78423,93.5,3.5,156.04153289872522
78424,93.5,4.5,151.20509881773287
78425,93.5,6.0,151.08825199028183
78426,93.5,8.0,159.55717423521725
78427,93.5,8.5,155.57269520510198
78428,93.5,9.0,153.89775489729482
78429,93.5,9.5,154.75773924747193
78430,93.5,10.0,152.10683769237704
78431,93.5,10.5,150.69939438277055
78432,93.5,11.0,155.69226231273709
78433,93.5,11.5,152.81621662408352
78434,93.5,12.0,151.31717842410393
78435,93.5,12.5,151.8137250800827
78436,93.5,13.0,150.61201716864997
78437,93.5,13.5,151.56339835033427
78438,93.5,14.0,153.02385613527582
78439,93.5,14.5,155.189381795043
78440,93.5,15.0,153.83852718019347
78441,93.5,15.5,153.42527595077138
78442,93.5,16.0,152.44766745003676
78443,93.5,16.5,151.90424964193502
78444,93.5,17.0,155.20271030350312
78445,93.5,17.5,160.92013920315304
78446,93.5,18.0,158.9451393312824
78447,93.5,18.5,156.08632637058122
78448,93.5,19.0,158.0975403424583
78449,93.5,19.5,158.78563327316593
78450,93.5,20.0,167.33363914554963
78451,93.5,20.5,153.4942616493145
78452,93.5,21.0,148.61960075969301
78453,93.5,21.5,148.15833809211972
78454,93.5,22.0,145.8659007106046
78455,93.5,22.5,148.12132976230853
78456,93.5,23.0,151.18901843617007
78457,93.5,23.5,153.05085115967498
78458,93.5,24.0,155.6262834931247
78459,93.5,24.5,146.5776371941384
78460,93.5,25.0,149.92039241193464
78461,93.5,25.5,149.69143760129478
78462,93.5,26.0,154.2163286919335
78463,93.5,26.5,158.0161016567906
78464,93.5,27.0,161.41798869286376
78465,93.5,27.5,147.13788700827217
78466,93.5,28.0,146.01172737386347
78467,93.5,28.5,148.31262207702483
78468,93.5,29.0,148.1947308477076
78469,93.5,29.5,144.38565869529995
78470,93.5,30.0,151.80222706333333
78471,93.5,30.5,148.85194441611006
78472,93.5,31.0,147.62924037292737
78473,93.5,31.5,146.2265698394462
78474,93.5,32.0,143.1491377457918
78475,93.5,32.5,151.3358605569732
78476,93.5,33.0,150.13799017876536
78477,93.5,33.5,151.93845859428356
78478,93.5,34.0,152.57096003243808
78479,93.5,34.5,147.02989603295504
78480,93.5,35.0,147.166475776489
78481,93.5,35.5,148.01043606098395
78482,93.5,36.0,143.53623433250368
78483,93.5,36.5,148.95623141572162
78484,93.5,37.0,152.9596173163437
78485,93.5,37.5,158.11604236477757
78486,94.0,-39.0,165.69329733701232
78487,94.0,-38.5,178.51933990347294
78488,94.0,-38.0,155.72458705841564
78489,94.0,-37.5,149.31920161882599
78490,94.0,-37.0,146.73746644869348
78491,94.0,-36.5,148.91717096212892
78492,94.0,-36.0,146.47228567824862
78493,94.0,-35.5,146.8231684430091
78494,94.0,-35.0,147.16843606711942
78495,94.0,-34.5,147.26823280493775
78496,94.0,-34.0,153.91335860095543
78497,94.0,-33.5,150.46066538164285
78498,94.0,-33.0,147.78595947556758
78499,94.0,-32.5,150.7399157456498
78500,94.0,-32.0,149.01125559789486
78501,94.0,-31.5,149.2219637051832
78502,94.0,-31.0,152.10019051893667
78503,94.0,-30.5,151.84458462229347
78504,94.0,-30.0,152.0506101611741
78505,94.0,-29.5,152.93695343848216
78506,94.0,-29.0,150.44270213470915
78507,94.0,-28.5,148.7274575736043
78508,94.0,-28.0,153.57822266116892
78509,94.0,-27.5,147.9536650731083
78510,94.0,-27.0,151.10232788413836
78511,94.0,-26.5,147.51419882437563
78512,94.0,-26.0,147.96062103708798
78513,94.0,-25.5,147.8592522606763
78514,94.0,-25.0,149.7456438127188
78515,94.0,-24.5,150.96973015668704
78516,94.0,-24.0,151.15088838670246
78517,94.0,-23.5,158.52008897964626
78518,94.0,-23.0,150.67533606301077
78519,94.0,-22.5,152.3683139696939
78520,94.0,-22.0,148.04000700180367
78521,94.0,-21.5,147.33441925279573
78522,94.0,-21.0,160.52125952846993
78523,94.0,-20.5,154.721733134682
78524,94.0,-20.0,150.39663921624884
78525,94.0,-19.5,147.1686028624402
78526,94.0,-19.0,152.0803609977847
78527,94.0,-18.5,155.86985840122006
78528,94.0,-18.0,154.99294975867176
78529,94.0,-17.5,160.52133732491654
78530,94.0,-17.0,153.65484445824416
78531,94.0,-16.5,150.52389362359403
78532,94.0,-16.0,153.55691677672198
78533,94.0,-15.5,158.13259280106175
78534,94.0,-14.5,160.3902975328635
78535,94.0,-14.0,158.69834069066076
78536,94.0,-13.5,158.12440166355364
78537,94.0,-13.0,158.92891019103809
78538,94.0,-12.5,156.49745384217968
78539,94.0,-12.0,154.27162441429482
78540,94.0,-11.5,153.41668567412805
78541,94.0,-11.0,151.32548822221773
78542,94.0,-10.5,150.78483547525417
78543,94.0,-10.0,155.52752874281234
78544,94.0,-9.5,152.83728359787727
78545,94.0,-9.0,151.88491510112996
78546,94.0,-8.5,152.28100930724884
78547,94.0,-8.0,148.89841791351617
78548,94.0,-7.5,148.7981744934725
78549,94.0,-7.0,147.78965726770872
78550,94.0,-6.5,147.75316734338807
78551,94.0,-5.5,151.1158743575793
78552,94.0,-5.0,146.79706594932293
78553,94.0,-4.5,145.12884946641145
78554,94.0,-4.0,146.04066410359687
78555,94.0,-3.5,145.99959662450718
78556,94.0,-3.0,151.95395796442176
78557,94.0,-2.5,147.81368617954223
78558,94.0,-1.5,147.32806145543395
78559,94.0,-1.0,147.11049734875587
78560,94.0,0.0,148.01548218883485
78561,94.0,0.5,149.55692778637365
78562,94.0,1.0,150.84579142651648
78563,94.0,1.5,150.62925966042195
78564,94.0,2.0,152.24602127668658
78565,94.0,2.5,152.97467613808985
78566,94.0,3.0,153.57104252708805
78567,94.0,4.5,151.32906631935927
78568,94.0,5.0,151.74340650291202
78569,94.0,6.5,151.182672092171
78570,94.0,8.0,157.30716959853498
78571,94.0,8.5,157.7377689448721
78572,94.0,9.0,153.00192195782577
78573,94.0,9.5,153.69244668055964
78574,94.0,10.0,152.85510955163446
78575,94.0,10.5,153.71099159583827
78576,94.0,11.0,153.76460928793594
78577,94.0,11.5,151.56119567689737
78578,94.0,12.0,151.22510799697966
78579,94.0,12.5,151.29964759413443
78580,94.0,13.0,151.2993388742019
78581,94.0,13.5,151.7567855632908
78582,94.0,14.0,152.40369601128327
78583,94.0,14.5,153.0122965073872
78584,94.0,15.0,153.33560598151848
78585,94.0,15.5,155.24557339864293
78586,94.0,16.0,153.53476268027555
78587,94.0,16.5,152.9464920588067
78588,94.0,17.0,152.80283033233155
78589,94.0,17.5,158.7640509293044
78590,94.0,18.0,158.4825943542566
78591,94.0,18.5,158.10709275038806
78592,94.0,19.0,161.16045410814303
78593,94.0,19.5,159.39493487662276
78594,94.0,20.0,151.96622499758257
78595,94.0,20.5,151.7355091100063
78596,94.0,21.0,147.08812953523943
78597,94.0,21.5,149.33798277276523
78598,94.0,22.0,146.77860583057532
78599,94.0,22.5,151.28751773554401
78600,94.0,23.0,155.4848000468155
78601,94.0,23.5,150.40074228521172
78602,94.0,24.0,152.26905868303405
78603,94.0,25.0,150.3233945151226
78604,94.0,25.5,149.8523335078997
78605,94.0,26.5,160.97948387176731
78606,94.0,27.0,162.43313313881015
78607,94.0,27.5,151.159746333238
78608,94.0,28.0,145.67960806706526
78609,94.0,28.5,149.32253230737928
78610,94.0,29.0,147.59752190911854
78611,94.0,29.5,143.35535220687362
78612,94.0,30.0,147.2845266319045
78613,94.0,30.5,150.18469079432677
78614,94.0,31.0,146.60581455327056
78615,94.0,31.5,146.47461180349683
78616,94.0,32.0,144.8159344014341
78617,94.0,32.5,150.30671055961415
78618,94.0,33.0,150.69903416783427
78619,94.0,33.5,151.61129541654256
78620,94.0,34.0,152.939815266703
78621,94.0,34.5,148.44871409457232
78622,94.0,35.0,145.06539559857038
78623,94.0,35.5,150.25820535198437
78624,94.0,36.0,143.6424471343895
78625,94.0,36.5,151.11015492397644
78626,94.0,37.0,154.8122632669994
78627,94.0,37.5,157.04730100672006
78628,94.5,-39.0,170.83511768743205
78629,94.5,-38.0,155.79365046051785
78630,94.5,-37.5,149.17086396249434
78631,94.5,-37.0,146.91695927439508
78632,94.5,-36.5,148.7024889247596
78633,94.5,-36.0,146.48920987245668
78634,94.5,-35.5,146.49664192323957
78635,94.5,-35.0,146.79084399827673
78636,94.5,-34.5,149.24187391615746
78637,94.5,-34.0,153.89814659310014
78638,94.5,-33.5,150.7697766907314
78639,94.5,-33.0,146.70529200248694
78640,94.5,-32.5,154.34546314932012
78641,94.5,-32.0,146.88607169324476
78642,94.5,-31.5,151.4744309148198
78643,94.5,-31.0,147.94273605833175
78644,94.5,-30.5,151.95184795206737
78645,94.5,-30.0,151.246644953389
78646,94.5,-29.5,152.11181097832295
78647,94.5,-29.0,151.31864835752515
78648,94.5,-28.5,150.81283962305193
78649,94.5,-28.0,151.1020821547247
78650,94.5,-27.5,150.74180644686916
78651,94.5,-27.0,149.9677484004985
78652,94.5,-26.5,149.31379015925398
78653,94.5,-26.0,147.2234603103064
78654,94.5,-25.5,148.07154838518426
78655,94.5,-25.0,150.53950245307632
78656,94.5,-24.5,149.5665299827239
78657,94.5,-24.0,153.16624628358088
78658,94.5,-23.5,153.8471650615795
78659,94.5,-23.0,152.60104059216758
78660,94.5,-22.5,150.7114127738584
78661,94.5,-22.0,147.364503666735
78662,94.5,-21.5,153.1496327636782
78663,94.5,-21.0,152.99728978533076
78664,94.5,-20.5,151.9521041957007
78665,94.5,-20.0,149.88319985375583
78666,94.5,-19.5,150.18588402238922
78667,94.5,-19.0,154.30075210656963
78668,94.5,-18.5,154.74919239257017
78669,94.5,-18.0,157.34393240970394
78670,94.5,-17.0,155.64715927781774
78671,94.5,-16.5,150.8562782255214
78672,94.5,-16.0,156.97704872734076
78673,94.5,-15.5,152.02250791645653
78674,94.5,-14.5,159.51594184407764
78675,94.5,-14.0,158.38110934165653
78676,94.5,-13.0,154.43184356447654
78677,94.5,-12.5,155.8093807868646
78678,94.5,-12.0,155.6352557674604
78679,94.5,-11.5,154.81395676131487
78680,94.5,-11.0,150.02242050070942
78681,94.5,-10.5,156.71223470770036
78682,94.5,-10.0,150.5561246588768
78683,94.5,-9.5,151.95101886052268
78684,94.5,-9.0,151.7019912877115
78685,94.5,-8.0,151.46181734825745
78686,94.5,-7.5,147.67541721260542
78687,94.5,-7.0,149.2082350069112
78688,94.5,-6.5,149.5695222381545
78689,94.5,-6.0,147.39106416728393
78690,94.5,-5.5,150.8215615935058
78691,94.5,-5.0,149.60210955406407
78692,94.5,-4.5,146.44376540349617
78693,94.5,-4.0,145.51224323656405
78694,94.5,-3.5,151.13547966259358
78695,94.5,-3.0,149.68084555771483
78696,94.5,-2.5,146.1169963875864
78697,94.5,-2.0,146.12847116660149
78698,94.5,-1.5,146.58589373437326
78699,94.5,-1.0,147.51594611709334
78700,94.5,-0.5,147.20113490270404
78701,94.5,0.0,149.3439043339642
78702,94.5,0.5,149.16130566413165
78703,94.5,1.0,149.04707929326005
78704,94.5,1.5,149.940990470531
78705,94.5,2.0,151.08761582883093
78706,94.5,2.5,152.43084343927202
78707,94.5,5.0,151.6404531453543
78708,94.5,5.5,152.00989248509683
78709,94.5,6.5,151.55319627984434
78710,94.5,7.0,151.8458770856706
78711,94.5,7.5,155.50159970492822
78712,94.5,8.0,155.97826229667666
78713,94.5,8.5,154.81797882013063
78714,94.5,9.0,155.6564523532365
78715,94.5,9.5,153.5284099321811
78716,94.5,10.5,156.95548995255353
78717,94.5,11.0,150.42366884933898
78718,94.5,11.5,150.71028566821604
78719,94.5,12.0,151.23564912746497
78720,94.5,12.5,150.36956420465197
78721,94.5,13.0,154.84552486747532
78722,94.5,13.5,152.2628793104304
78723,94.5,14.0,152.35886166655072
78724,94.5,14.5,152.57792868548435
78725,94.5,15.0,153.99832161659967
78726,94.5,15.5,156.27270560303654
78727,94.5,16.0,159.80229451151828
78728,94.5,16.5,156.69076742584812
78729,94.5,17.0,153.8812780617552
78730,94.5,17.5,155.6787591482273
78731,94.5,18.0,156.16641205688646
78732,94.5,18.5,154.6752755571788
78733,94.5,19.0,148.4055838058403
78734,94.5,19.5,154.51733907082712
78735,94.5,20.5,157.70057618428137
78736,94.5,21.0,152.33471427430283
78737,94.5,21.5,151.52168671638046
78738,94.5,22.0,150.82665708615656
78739,94.5,22.5,152.55264194623274
78740,94.5,23.0,152.37013383685664
78741,94.5,23.5,152.61827005853988
78742,94.5,24.0,150.99330600915118
78743,94.5,25.0,149.72679518832706
78744,94.5,25.5,149.64990766968504
78745,94.5,26.0,147.23255401277137
78746,94.5,26.5,143.90815154606506
78747,94.5,27.0,162.3731808477168
78748,94.5,27.5,158.28840326121698
78749,94.5,28.0,148.0006290158473
78750,94.5,28.5,147.34005192769627
78751,94.5,29.0,147.57372841098444
78752,94.5,29.5,143.83596335985968
78753,94.5,30.0,147.87080985889324
78754,94.5,30.5,149.5861261355273
78755,94.5,31.0,146.11901718848875
78756,94.5,31.5,146.77031604755558
78757,94.5,32.0,146.64591261827675
78758,94.5,32.5,149.04061021532954
78759,94.5,33.0,151.43774065315276
78760,94.5,33.5,149.74064527282172
78761,94.5,34.0,150.68930281616318
78762,94.5,34.5,152.3487543283281
78763,94.5,35.0,145.07494751821366
78764,94.5,35.5,148.74709441405568
78765,94.5,36.5,151.8690610389699
78766,94.5,37.0,158.5691923378104
78767,94.5,37.5,154.56021063769276
78768,95.0,-39.0,167.43785041848324
78769,95.0,-38.0,155.66196913820812
78770,95.0,-37.5,149.11402516859343
78771,95.0,-37.0,147.0975993414266
78772,95.0,-36.5,150.10418657278626
78773,95.0,-36.0,146.2926948220854
78774,95.0,-35.5,146.10434575587908
78775,95.0,-35.0,147.14442729687266
78776,95.0,-34.5,152.69118905962344
78777,95.0,-34.0,152.26612337096503
78778,95.0,-33.5,150.72523012693898
78779,95.0,-33.0,147.076883942492
78780,95.0,-32.5,152.27874422995998
78781,95.0,-32.0,146.91894775075463
78782,95.0,-31.5,152.69297804637543
78783,95.0,-31.0,147.52423075406742
78784,95.0,-30.5,148.67829561800718
78785,95.0,-30.0,157.81953174875866
78786,95.0,-29.5,150.6369862295709
78787,95.0,-29.0,152.55290624148358
78788,95.0,-28.5,154.06495872153462
78789,95.0,-28.0,150.45437202706253
78790,95.0,-27.5,151.77983549523674
78791,95.0,-27.0,148.4184976421044
78792,95.0,-26.5,148.33959807091975
78793,95.0,-26.0,147.39126831044385
78794,95.0,-25.5,147.77350319896897
78795,95.0,-25.0,150.8090308191586
78796,95.0,-24.5,147.7945382108325
78797,95.0,-24.0,150.5939607850321
78798,95.0,-23.5,153.60023348882171
78799,95.0,-23.0,153.6397959642922
78800,95.0,-22.5,148.96812941124716
78801,95.0,-22.0,152.17180003617912
78802,95.0,-21.5,153.5680977693144
78803,95.0,-21.0,151.43735666438585
78804,95.0,-20.5,147.15889667980392
78805,95.0,-20.0,147.785768786365
78806,95.0,-19.5,152.7851102723217
78807,95.0,-19.0,153.43697815334332
78808,95.0,-18.5,152.35743015768733
78809,95.0,-18.0,156.20344803948092
78810,95.0,-16.5,154.86473708235906
78811,95.0,-16.0,158.1075967824397
78812,95.0,-15.5,150.82848203751098
78813,95.0,-15.0,158.3691849265543
78814,95.0,-14.5,159.3233193250783
78815,95.0,-14.0,158.06307707073415
78816,95.0,-13.0,155.262492815862
78817,95.0,-12.5,154.05452805774223
78818,95.0,-12.0,157.2390366623477
78819,95.0,-11.5,150.4664074531069
78820,95.0,-11.0,154.68290171748325
78821,95.0,-10.5,152.91833703653367
78822,95.0,-10.0,150.78957448118328
78823,95.0,-9.5,149.9485380688489
78824,95.0,-9.0,151.71997620599674
78825,95.0,-8.0,147.13416320686667
78826,95.0,-7.5,149.1666827999009
78827,95.0,-7.0,149.34456314786794
78828,95.0,-6.5,149.20136252479216
78829,95.0,-6.0,147.59562364272693
78830,95.0,-5.5,146.8958007994973
78831,95.0,-5.0,149.43695325697186
78832,95.0,-4.5,146.17862938662495
78833,95.0,-4.0,147.6140358647327
78834,95.0,-3.5,149.48983164425212
78835,95.0,-3.0,146.08203465315725
78836,95.0,-2.5,145.9626356234484
78837,95.0,-2.0,146.14722110140474
78838,95.0,-1.5,146.03808631639455
78839,95.0,-1.0,147.16328127623714
78840,95.0,-0.5,147.35926092856084
78841,95.0,0.0,149.74654169805663
78842,95.0,0.5,150.52153079818137
78843,95.0,1.0,148.81776252760537
78844,95.0,1.5,147.97831146262536
78845,95.0,2.0,153.03873430334409
78846,95.0,2.5,151.00980735982603
78847,95.0,3.0,150.49696443648324
78848,95.0,5.5,153.04073101886055
78849,95.0,6.0,153.43477532396057
78850,95.0,7.0,154.84196695276657
78851,95.0,7.5,155.94968238612407
78852,95.0,8.0,155.1534527242345
78853,95.0,8.5,153.7684681407523
78854,95.0,9.0,154.62389753676922
78855,95.0,9.5,151.98848501713562
78856,95.0,10.0,152.6800796960526
78857,95.0,10.5,152.99650710185725
78858,95.0,11.0,150.79151056488132
78859,95.0,11.5,150.15707019063186
78860,95.0,12.0,150.83461823877693
78861,95.0,12.5,151.67234044310467
78862,95.0,13.0,150.81189828990878
78863,95.0,13.5,151.8509913243628
78864,95.0,14.0,152.02415087621273
78865,95.0,14.5,152.76220473635797
78866,95.0,15.0,152.7315966888923
78867,95.0,15.5,155.83195527987752
78868,95.0,16.0,162.3069547850765
78869,95.0,16.5,160.44607562676893
78870,95.0,17.0,163.2234154773982
78871,95.0,17.5,157.77363677981342
78872,95.0,18.0,149.84157658713318
78873,95.0,18.5,156.43992490098273
78874,95.0,19.0,152.35862865029853
78875,95.0,19.5,157.22327116076588
78876,95.0,20.0,154.95884695278818
78877,95.0,20.5,156.8508182981684
78878,95.0,21.0,151.71304316055188
78879,95.0,21.5,150.71333194639624
78880,95.0,22.0,160.2322940741024
78881,95.0,22.5,151.86930278783154
78882,95.0,23.0,149.2076177573757
78883,95.0,23.5,149.1779772429964
78884,95.0,24.0,147.57497428599538
78885,95.0,24.5,159.39024608570912
78886,95.0,25.5,150.99207870049048
78887,95.0,26.0,146.48434383967557
78888,95.0,27.0,158.95731028762324
78889,95.0,27.5,161.46789463349324
78890,95.0,28.0,150.743516276694
78891,95.0,28.5,148.26438011147613
78892,95.0,29.0,148.3578505615217
78893,95.0,29.5,144.5359043826503
78894,95.0,30.0,149.4075890615891
78895,95.0,30.5,150.3511353014986
78896,95.0,31.0,146.71352233721075
78897,95.0,31.5,147.3866441410003
78898,95.0,32.0,146.16326827288339
78899,95.0,32.5,148.64449529945608
78900,95.0,33.0,151.8038747028659
78901,95.0,33.5,147.38175417914314
78902,95.0,34.0,149.7233800307034
78903,95.0,34.5,152.49154622211907
78904,95.0,35.0,145.2630560057727
78905,95.0,35.5,150.9387477713232
78906,95.0,36.5,151.69712306755744
78907,95.0,37.0,161.92058647344348
78908,95.0,37.5,155.39104865245608
78909,95.5,-39.0,168.56470679655268
78910,95.5,-38.0,155.6611821014876
78911,95.5,-37.5,149.03658628545244
78912,95.5,-37.0,147.27573544037722
78913,95.5,-36.5,149.73093215613963
78914,95.5,-36.0,146.30064832379324
78915,95.5,-35.5,146.05841851979872
78916,95.5,-35.0,147.10218210367657
78917,95.5,-34.5,154.02845553592635
78918,95.5,-34.0,153.29037458312638
78919,95.5,-33.5,150.55118158398489
78920,95.5,-33.0,148.89137057625157
78921,95.5,-32.5,151.22859782264206
78922,95.5,-32.0,147.37190279319398
78923,95.5,-31.5,150.6117183297817
78924,95.5,-31.0,147.42163793507825
78925,95.5,-30.5,147.96203777804794
78926,95.5,-30.0,152.85503047429577
78927,95.5,-29.5,151.29961348352165
78928,95.5,-29.0,152.57092235548697
78929,95.5,-28.5,154.57700441831935
78930,95.5,-28.0,150.9586256678694
78931,95.5,-27.5,151.01801432378983
78932,95.5,-27.0,148.59005891266185
78933,95.5,-26.5,147.4816471776877
78934,95.5,-26.0,147.78889770970912
78935,95.5,-25.5,148.26790011373342
78936,95.5,-25.0,150.07771466089804
78937,95.5,-24.5,148.18382836954515
78938,95.5,-24.0,148.2998103688382
78939,95.5,-23.5,153.4716243659481
78940,95.5,-23.0,149.32869966354346
78941,95.5,-22.5,147.78989149026424
78942,95.5,-22.0,155.3794487729831
78943,95.5,-21.5,151.6313488680496
78944,95.5,-21.0,152.0543729694794
78945,95.5,-20.5,147.29529287057076
78946,95.5,-20.0,151.43241838691773
78947,95.5,-19.5,157.97784748511882
78948,95.5,-19.0,149.53820061735843
78949,95.5,-18.5,151.9870662735026
78950,95.5,-18.0,156.47808386974796
78951,95.5,-17.5,155.99205675292185
78952,95.5,-17.0,156.74513716958748
78953,95.5,-16.5,158.1515369179314
78954,95.5,-16.0,154.90204700844407
78955,95.5,-15.5,156.43467672134034
78956,95.5,-15.0,156.14993378658986
78957,95.5,-14.5,159.70739558554538
78958,95.5,-13.5,156.29920432294813
78959,95.5,-13.0,154.42124823316033
78960,95.5,-12.5,156.6818562425151
78961,95.5,-12.0,157.43889668467148
78962,95.5,-11.5,158.49080338925884
78963,95.5,-11.0,153.37708628533113
78964,95.5,-10.5,152.26382539631362
78965,95.5,-10.0,150.04257456051195
78966,95.5,-9.5,149.6843263384053
78967,95.5,-9.0,148.38291023216007
78968,95.5,-8.5,147.02923990163399
78969,95.5,-8.0,147.45812287413773
78970,95.5,-7.5,151.28321479412998
78971,95.5,-7.0,149.32070971187568
78972,95.5,-6.5,149.3406402516019
78973,95.5,-6.0,148.6913533555766
78974,95.5,-5.5,146.9735037659869
78975,95.5,-5.0,145.72997543748878
78976,95.5,-4.5,147.68242600543581
78977,95.5,-4.0,149.4279725515181
78978,95.5,-3.5,145.56070918808342
78979,95.5,-2.5,146.06217239627043
78980,95.5,-2.0,146.49581642093673
78981,95.5,-1.5,145.9408036366337
78982,95.5,-1.0,146.8095914674518
78983,95.5,-0.5,149.558501547144
78984,95.5,0.0,147.39767474534082
78985,95.5,0.5,149.67750335458015
78986,95.5,1.0,150.01608787008905
78987,95.5,1.5,151.49368703510277
78988,95.5,2.0,152.71171984886828
78989,95.5,2.5,150.43174701787112
78990,95.5,3.0,151.53981403420042
78991,95.5,6.0,156.43285540975066
78992,95.5,6.5,157.65321899458306
78993,95.5,7.0,157.81777319840273
78994,95.5,7.5,154.27278940919976
78995,95.5,8.0,155.0376476950715
78996,95.5,8.5,153.63394133393027
78997,95.5,9.0,152.98751632461213
78998,95.5,10.0,152.8582994927895
78999,95.5,10.5,151.29518607187475
79000,95.5,11.0,149.8218665646516
79001,95.5,11.5,150.58488494731606
79002,95.5,12.0,150.42607733178835
79003,95.5,12.5,151.28507203271505
79004,95.5,13.0,150.74319360604446
79005,95.5,13.5,149.87641599504607
79006,95.5,14.0,152.55431865113192
79007,95.5,14.5,154.09897177637876
79008,95.5,15.0,152.99823093847274
79009,95.5,15.5,152.7150499938322
79010,95.5,16.0,161.12586726576217
79011,95.5,16.5,163.04655949130435
79012,95.5,17.0,163.01801168576267
79013,95.5,17.5,160.82939706881646
79014,95.5,18.0,161.96262849980084
79015,95.5,18.5,159.68099898562494
79016,95.5,19.0,158.3660284330937
79017,95.5,19.5,155.20246338657813
79018,95.5,20.0,159.36305150466512
79019,95.5,20.5,154.56645104706533
79020,95.5,21.0,152.33975817515937
79021,95.5,21.5,149.9521719600556
79022,95.5,22.0,159.55357147747415
79023,95.5,22.5,164.02723413294564
79024,95.5,23.0,155.5733230067058
79025,95.5,23.5,158.194677406686
79026,95.5,24.0,151.60928223565523
79027,95.5,24.5,155.11398304290728
79028,95.5,25.0,167.79396233474128
79029,95.5,25.5,151.46909003053224
79030,95.5,26.0,148.2899699805243
79031,95.5,26.5,149.44257403411663
79032,95.5,27.0,147.73217462492678
79033,95.5,27.5,158.64783093844926
79034,95.5,28.0,156.34352593540208
79035,95.5,28.5,146.85085833664772
79036,95.5,29.0,149.332422593889
79037,95.5,29.5,146.2706905579711
79038,95.5,30.0,151.77097553371132
79039,95.5,30.5,149.5481699056062
79040,95.5,31.0,146.89027534849834
79041,95.5,31.5,147.49414343538675
79042,95.5,32.0,148.06175833485793
79043,95.5,32.5,144.6710413545242
79044,95.5,33.0,151.1500777273642
79045,95.5,33.5,147.40082156108386
79046,95.5,34.0,145.61438217084662
79047,95.5,34.5,154.04759363047864
79048,95.5,35.0,145.52917106243623
79049,95.5,35.5,151.3526939524433
79050,95.5,36.5,152.88007242461765
79051,95.5,37.0,158.61518083115834
79052,95.5,37.5,156.07792578320928
79053,96.0,-40.0,165.98622159402487
79054,96.0,-39.5,164.3784384580255
79055,96.0,-39.0,168.35337392562667
79056,96.0,-38.0,155.66675898218423
79057,96.0,-37.5,149.05629881578727
79058,96.0,-37.0,147.41796214576758
79059,96.0,-36.5,149.651519556339
79060,96.0,-36.0,146.28840503633472
79061,96.0,-35.5,146.0831721829242
79062,96.0,-35.0,147.04665324059204
79063,96.0,-34.5,154.16639737955396
79064,96.0,-34.0,153.7533756165465
79065,96.0,-33.5,150.96027174289458
79066,96.0,-33.0,150.72630154274418
79067,96.0,-32.5,147.91692906288364
79068,96.0,-32.0,158.3386380514496
79069,96.0,-31.5,149.5504405016369
79070,96.0,-31.0,147.19627014774366
79071,96.0,-30.5,148.62892836478815
79072,96.0,-30.0,148.79323576419998
79073,96.0,-29.5,158.248539985994
79074,96.0,-29.0,151.24129064570465
79075,96.0,-28.5,151.86606465186375
79076,96.0,-28.0,152.3293694269574
79077,96.0,-27.5,150.05680683649916
79078,96.0,-27.0,149.1217394080632
79079,96.0,-26.5,147.28089412305752
79080,96.0,-26.0,148.37052112020316
79081,96.0,-25.5,148.14220255960996
79082,96.0,-25.0,148.96090291275257
79083,96.0,-24.5,148.55827564114279
79084,96.0,-24.0,148.14776278411105
79085,96.0,-23.5,149.89333973239192
79086,96.0,-23.0,152.5800398690759
79087,96.0,-22.5,147.42223426600495
79088,96.0,-22.0,153.88351181736886
79089,96.0,-21.5,157.34814950255011
79090,96.0,-21.0,146.7253399681461
79091,96.0,-20.5,147.83531550299668
79092,96.0,-20.0,154.01068390449137
79093,96.0,-19.5,153.02330428664018
79094,96.0,-19.0,151.46909379884886
79095,96.0,-18.5,148.63663587855402
79096,96.0,-18.0,146.4479927426399
79097,96.0,-17.5,156.58984492733882
79098,96.0,-17.0,157.22407376620342
79099,96.0,-16.5,158.8092456537417
79100,96.0,-16.0,154.85558815777
79101,96.0,-15.5,153.8395567917808
79102,96.0,-15.0,159.46164648439094
79103,96.0,-14.5,150.88709690858315
79104,96.0,-13.5,157.06103902664753
79105,96.0,-13.0,154.8839703322431
79106,96.0,-12.5,158.50960181433305
79107,96.0,-11.5,158.9099513334476
79108,96.0,-11.0,155.68877769390156
79109,96.0,-10.5,150.42358420874794
79110,96.0,-10.0,150.64732387378956
79111,96.0,-9.5,149.14188159733095
79112,96.0,-9.0,148.15810636737592
79113,96.0,-8.5,147.0246481253784
79114,96.0,-8.0,150.91264357423753
79115,96.0,-7.5,154.5388265614355
79116,96.0,-7.0,149.29432666199975
79117,96.0,-6.5,149.8628915971733
79118,96.0,-6.0,148.86259503498147
79119,96.0,-5.5,148.3357509142668
79120,96.0,-5.0,146.11483067410583
79121,96.0,-4.5,152.00239666550092
79122,96.0,-4.0,147.22069894146912
79123,96.0,-3.5,147.20301354349766
79124,96.0,-3.0,145.5770494596959
79125,96.0,-2.5,146.35554078237067
79126,96.0,-2.0,145.85446920778446
79127,96.0,-1.5,146.60582086468565
79128,96.0,-1.0,147.51838728513968
79129,96.0,-0.5,149.9966778107447
79130,96.0,0.0,148.21273282268743
79131,96.0,0.5,147.63692239501415
79132,96.0,1.0,152.35650366901405
79133,96.0,1.5,149.85562407208167
79134,96.0,2.0,147.85107433819903
79135,96.0,3.0,152.61949894200865
79136,96.0,3.5,151.0833925137782
79137,96.0,6.0,159.48748158982266
79138,96.0,6.5,158.71802602846842
79139,96.0,7.0,158.10740423913276
79140,96.0,7.5,157.19510030518146
79141,96.0,8.0,155.6069329853193
79142,96.0,8.5,156.13402797590265
79143,96.0,9.5,152.53743996747954
79144,96.0,10.0,151.86864196572574
79145,96.0,10.5,150.1817583946445
79146,96.0,11.0,150.26988398217998
79147,96.0,11.5,150.32522061495408
79148,96.0,12.0,150.97376420767247
79149,96.0,12.5,151.04209762603384
79150,96.0,13.0,150.56587188134216
79151,96.0,13.5,150.27801326223263
79152,96.0,14.0,152.85335886047753
79153,96.0,14.5,154.72906411473824
79154,96.0,15.0,153.50779527532688
79155,96.0,15.5,154.43383149119228
79156,96.0,16.0,154.9945259532353
79157,96.0,16.5,162.3080369147458
79158,96.0,17.0,162.0089604314246
79159,96.0,17.5,157.0771319517646
79160,96.0,18.0,150.58111755230595
79161,96.0,18.5,157.62303247160804
79162,96.0,19.0,153.159527689516
79163,96.0,19.5,155.47454830990426
79164,96.0,20.0,156.53542258468556
79165,96.0,20.5,156.73598245307605
79166,96.0,21.0,155.74674674405347
79167,96.0,21.5,158.76281908061725
79168,96.0,22.0,160.23404436955613
79169,96.0,22.5,157.87745995175158
79170,96.0,23.0,148.6479167637042
79171,96.0,23.5,152.82843907007154
79172,96.0,24.0,154.87972166713558
79173,96.0,24.5,153.13114481661216
79174,96.0,25.0,166.56191043532027
79175,96.0,25.5,149.1731748952993
79176,96.0,26.0,149.7508577893995
79177,96.0,26.5,147.90132701713472
79178,96.0,27.0,147.49058963510433
79179,96.0,27.5,155.21499921130592
79180,96.0,28.0,154.6248107591034
79181,96.0,28.5,146.69802031231953
79182,96.0,29.0,149.76001772184972
79183,96.0,29.5,148.37385697047506
79184,96.0,30.0,149.36551229330314
79185,96.0,30.5,151.7687017141659
79186,96.0,31.0,147.96841540856101
79187,96.0,31.5,146.15094171966567
79188,96.0,32.0,148.6513736837523
79189,96.0,32.5,146.95744022241274
79190,96.0,33.0,152.03375891962924
79191,96.0,33.5,145.87928050399083
79192,96.0,34.0,145.50031938487263
79193,96.0,34.5,157.64424596367536
79194,96.0,35.0,149.18166269498974
79195,96.0,35.5,147.84712960941357
79196,96.0,36.5,152.95403596983442
79197,96.0,37.0,160.27059654189375
79198,96.0,37.5,154.8119355620061
79199,96.5,-40.0,165.115167100234
79200,96.5,-39.5,165.27440963445855
79201,96.5,-39.0,168.6646704722177
79202,96.5,-38.0,155.68694408903968
79203,96.5,-37.5,148.97752685321922
79204,96.5,-37.0,147.65206472659528
79205,96.5,-36.5,150.01715104856254
79206,96.5,-36.0,146.09294362721647
79207,96.5,-35.5,146.35627159011304
79208,96.5,-35.0,147.23498287986166
79209,96.5,-34.5,153.1469566563003
79210,96.5,-34.0,151.50126860227581
79211,96.5,-33.5,151.55079296471774
79212,96.5,-33.0,150.5686838114643
79213,96.5,-32.5,153.0751481288748
79214,96.5,-32.0,159.72912139797947
79215,96.5,-31.5,148.8014662020843
79216,96.5,-31.0,149.34531226980596
79217,96.5,-30.5,149.30637486409225
79218,96.5,-30.0,147.95256865975932
79219,96.5,-29.5,157.10045555962037
79220,96.5,-29.0,151.17118367395028
79221,96.5,-28.5,151.2679736589975
79222,96.5,-28.0,151.47404087182096
79223,96.5,-27.5,148.77558693862605
79224,96.5,-27.0,149.93057063476272
79225,96.5,-26.5,148.4677695967691
79226,96.5,-26.0,147.60299119168195
79227,96.5,-25.5,148.77096251187226
79228,96.5,-25.0,148.0024144651063
79229,96.5,-24.5,147.15241431435265
79230,96.5,-24.0,148.08732650219903
79231,96.5,-23.5,147.44315813426246
79232,96.5,-23.0,153.21178778492498
79233,96.5,-22.5,156.87110081709005
79234,96.5,-22.0,151.84248829094074
79235,96.5,-21.5,155.4135240705925
79236,96.5,-21.0,150.14517117313244
79237,96.5,-20.5,151.2864989523003
79238,96.5,-20.0,152.62249240231208
79239,96.5,-19.5,150.23688662292403
79240,96.5,-19.0,156.7735913711915
79241,96.5,-18.5,147.48444455535258
79242,96.5,-18.0,148.43942299733752
79243,96.5,-17.5,154.03934929964177
79244,96.5,-17.0,157.39675495593704
79245,96.5,-16.5,158.18064281537818
79246,96.5,-16.0,155.39474527385335
79247,96.5,-15.5,154.75851593032291
79248,96.5,-15.0,160.27695439158668
79249,96.5,-14.5,150.88276468752338
79250,96.5,-14.0,158.69594856301032
79251,96.5,-13.5,153.33774992862465
79252,96.5,-13.0,159.8375927022683
79253,96.5,-12.0,159.70668588105346
79254,96.5,-11.5,158.0115120188872
79255,96.5,-11.0,155.15677519724588
79256,96.5,-10.5,150.84540049119335
79257,96.5,-10.0,149.937238291487
79258,96.5,-9.5,149.07992086089612
79259,96.5,-9.0,147.31272478254834
79260,96.5,-8.5,147.9175871260158
79261,96.5,-8.0,158.91262007224384
79262,96.5,-7.5,148.0439470937127
79263,96.5,-7.0,147.8909113245528
79264,96.5,-6.5,148.61616546933345
79265,96.5,-6.0,149.63642890702866
79266,96.5,-5.5,147.52761080796114
79267,96.5,-5.0,150.00958454362657
79268,96.5,-4.5,146.7715817134754
79269,96.5,-4.0,147.3582793172315
79270,96.5,-3.5,147.05971081879184
79271,96.5,-3.0,146.6418775081793
79272,96.5,-2.5,145.7362853881396
79273,96.5,-2.0,146.2997190355537
79274,96.5,-1.5,146.62582412200203
79275,96.5,-1.0,149.11179458220974
79276,96.5,-0.5,146.95552861574473
79277,96.5,0.0,149.33568735575767
79278,96.5,0.5,147.36463478083078
79279,96.5,1.0,150.1251591303032
79280,96.5,1.5,150.94278986770914
79281,96.5,2.0,148.73855079710617
79282,96.5,2.5,148.83535006362277
79283,96.5,3.5,151.38671178478998
79284,96.5,4.0,150.98284695999584
79285,96.5,6.0,159.02398795913206
79286,96.5,6.5,160.0049600544373
79287,96.5,7.0,159.2272099606069
79288,96.5,7.5,158.30799037743273
79289,96.5,8.0,156.9667350436644
79290,96.5,8.5,154.15711924336048
79291,96.5,9.0,151.97506569627637
79292,96.5,9.5,152.3852542103688
79293,96.5,10.0,151.94109798126118
79294,96.5,10.5,150.78914205900378
79295,96.5,11.0,150.58350400176977
79296,96.5,12.0,151.59382748933118
79297,96.5,12.5,150.87600514124864
79298,96.5,13.0,149.2512988241127
79299,96.5,13.5,150.7250017899626
79300,96.5,14.0,151.42748442901237
79301,96.5,14.5,155.01684698647395
79302,96.5,15.0,154.38505189749026
79303,96.5,15.5,153.81249497876652
79304,96.5,16.0,150.4058061003195
79305,96.5,16.5,159.55408537683897
79306,96.5,17.0,162.54398631819254
79307,96.5,17.5,160.11631317754103
79308,96.5,18.0,157.5025836438948
79309,96.5,18.5,164.81736818667125
79310,96.5,19.5,154.12906190917502
79311,96.5,20.0,151.88076396455517
79312,96.5,20.5,150.66962494623058
79313,96.5,21.0,150.57259720647465
79314,96.5,21.5,154.0267903279232
79315,96.5,22.0,151.15607770577634
79316,96.5,22.5,145.77998744085073
79317,96.5,23.5,150.9534357992247
79318,96.5,24.0,156.3265070756039
79319,96.5,24.5,146.98974148661978
79320,96.5,25.0,167.68423020763964
79321,96.5,25.5,152.9681355345999
79322,96.5,26.0,151.2518540983896
79323,96.5,26.5,152.67141479586647
79324,96.5,27.0,150.01517228809612
79325,96.5,27.5,147.5290842701279
79326,96.5,28.0,148.8914396334089
79327,96.5,28.5,147.96978465520866
79328,96.5,29.0,147.97027101963013
79329,96.5,29.5,148.384617492941
79330,96.5,30.0,148.82185621306454
79331,96.5,30.5,150.78417640897786
79332,96.5,31.0,147.64377882584043
79333,96.5,31.5,146.50596823782286
79334,96.5,32.0,148.72507130046944
79335,96.5,32.5,147.82785221983468
79336,96.5,33.0,151.2373703076604
79337,96.5,33.5,144.36931296767625
79338,96.5,34.0,145.78195010392488
79339,96.5,34.5,158.40818173431285
79340,96.5,35.0,148.63235301801095
79341,96.5,35.5,147.01766853915603
79342,96.5,36.5,155.06620313363794
79343,96.5,37.0,156.53998391611492
79344,96.5,37.5,155.38389031380038
79345,97.0,-40.0,164.69225187484085
79346,97.0,-39.5,165.30780159666145
79347,97.0,-39.0,158.6496585479028
79348,97.0,-38.0,155.73267919377517
79349,97.0,-37.5,148.84536235214432
79350,97.0,-37.0,148.11624174444609
79351,97.0,-36.5,149.84772234840779
79352,97.0,-36.0,146.1796004490822
79353,97.0,-35.5,147.06993097815595
79354,97.0,-35.0,147.3419284479004
79355,97.0,-34.5,152.42285099400996
79356,97.0,-34.0,150.70075032007625
79357,97.0,-33.5,151.29055010795818
79358,97.0,-33.0,150.64362813577947
79359,97.0,-32.5,154.63179840619114
79360,97.0,-32.0,156.84635470172105
79361,97.0,-31.5,148.9271367304297
79362,97.0,-31.0,149.49576224620387
79363,97.0,-30.5,148.8224650044793
79364,97.0,-29.5,147.10244271410522
79365,97.0,-29.0,153.2602145665229
79366,97.0,-28.5,151.99948875934228
79367,97.0,-28.0,149.41944606255544
79368,97.0,-27.5,149.19716884794096
79369,97.0,-27.0,153.75932744644624
79370,97.0,-26.5,148.7033724456304
79371,97.0,-26.0,148.11025513719775
79372,97.0,-25.5,148.51910046807058
79373,97.0,-25.0,147.86257671267208
79374,97.0,-24.5,147.7494151073452
79375,97.0,-24.0,147.3564169776133
79376,97.0,-23.5,147.6732846570491
79377,97.0,-23.0,150.54078155306053
79378,97.0,-22.5,158.79689500566235
79379,97.0,-22.0,151.26225216734204
79380,97.0,-21.5,149.56954724292763
79381,97.0,-21.0,149.73838867960845
79382,97.0,-20.5,152.89557202282762
79383,97.0,-20.0,150.02996048924845
79384,97.0,-19.5,151.85787852695523
79385,97.0,-18.5,149.59681595631744
79386,97.0,-18.0,151.1212056692041
79387,97.0,-17.5,153.52901808486226
79388,97.0,-17.0,157.70148100933628
79389,97.0,-16.5,156.5462392067715
79390,97.0,-16.0,155.18870698586358
79391,97.0,-15.5,157.42663920916434
79392,97.0,-15.0,153.3428443003814
79393,97.0,-14.5,160.84305725746046
79394,97.0,-14.0,156.02926451157387
79395,97.0,-13.5,152.6544151102204
79396,97.0,-12.5,160.479620469814
79397,97.0,-12.0,160.61994085934097
79398,97.0,-11.5,154.33272458032974
79399,97.0,-11.0,152.053808253067
79400,97.0,-10.5,155.5596978598929
79401,97.0,-10.0,149.41861902253882
79402,97.0,-9.5,148.4687802912029
79403,97.0,-9.0,148.36668938008333
79404,97.0,-8.5,155.68618844694626
79405,97.0,-8.0,149.61384975312404
79406,97.0,-7.0,147.87526676369774
79407,97.0,-6.5,148.39565348711437
79408,97.0,-6.0,147.44505388051408
79409,97.0,-5.5,149.7283240705269
79410,97.0,-5.0,149.0237542318923
79411,97.0,-4.5,151.1777583888374
79412,97.0,-4.0,145.80224790851508
79413,97.0,-3.5,146.67233611604658
79414,97.0,-3.0,146.68520696868435
79415,97.0,-2.5,146.6810830680651
79416,97.0,-2.0,146.3666161814813
79417,97.0,-1.5,148.05895998888658
79418,97.0,-1.0,145.8997548272261
79419,97.0,-0.5,147.93790392563605
79420,97.0,0.0,152.82911898501453
79421,97.0,0.5,151.97116262397452
79422,97.0,1.0,147.83957744819017
79423,97.0,1.5,147.69374849569965
79424,97.0,2.0,150.93864183980753
79425,97.0,2.5,152.0754238284671
79426,97.0,3.0,152.26746245632856
79427,97.0,3.5,154.3547310394895
79428,97.0,4.0,147.77139331682002
79429,97.0,4.5,145.3438643701237
79430,97.0,5.5,159.67355888706734
79431,97.0,6.0,160.4521668981324
79432,97.0,6.5,161.49975818799933
79433,97.0,7.0,160.2503866739224
79434,97.0,7.5,159.03458591360408
79435,97.0,8.0,156.35961164694876
79436,97.0,8.5,156.9218329596732
79437,97.0,9.0,154.12253959754182
79438,97.0,9.5,153.6646627915936
79439,97.0,10.0,151.65845043410852
79440,97.0,10.5,150.70790198053098
79441,97.0,11.0,152.25305346440206
79442,97.0,11.5,152.5288010060328
79443,97.0,12.0,152.14180076009234
79444,97.0,12.5,150.25310575876892
79445,97.0,13.0,150.50633707518762
79446,97.0,13.5,150.023338953056
79447,97.0,14.0,152.81706873282204
79448,97.0,14.5,152.49962808420636
79449,97.0,15.0,154.97386659098433
79450,97.0,15.5,155.60593491526623
79451,97.0,16.0,153.56930674230668
79452,97.0,16.5,154.20643564557614
79453,97.0,17.0,160.85408015570914
79454,97.0,17.5,158.08492675552313
79455,97.0,18.0,153.43745560530147
79456,97.0,18.5,153.2278603127747
79457,97.0,19.5,152.04058718707563
79458,97.0,20.0,155.10981109284742
79459,97.0,20.5,155.33756152431593
79460,97.0,21.0,153.09746555407915
79461,97.0,21.5,150.34870047163008
79462,97.0,22.0,151.4567481561999
79463,97.0,22.5,145.72473123708713
79464,97.0,23.5,151.64647450122374
79465,97.0,24.0,151.19590115469478
79466,97.0,24.5,153.22254105322568
79467,97.0,25.0,151.51412653750194
79468,97.0,25.5,155.5339610060719
79469,97.0,26.0,148.98664284180379
79470,97.0,26.5,149.01270225505797
79471,97.0,27.0,148.02185237128086
79472,97.0,27.5,147.5861481338865
79473,97.0,28.0,147.55828690477605
79474,97.0,28.5,150.4237690172386
79475,97.0,29.0,147.73834618835153
79476,97.0,29.5,147.85286083988677
79477,97.0,30.0,149.49433359025392
79478,97.0,30.5,147.9784329521609
79479,97.0,31.0,146.97022059729917
79480,97.0,31.5,147.1062452648438
79481,97.0,32.0,149.69025899437173
79482,97.0,32.5,148.50031747875067
79483,97.0,33.0,148.9229539469769
79484,97.0,33.5,144.44114171937605
79485,97.0,34.0,145.73221656179413
79486,97.0,34.5,145.5847944143274
79487,97.0,35.0,148.3906390045519
79488,97.0,35.5,147.1825095833586
79489,97.0,36.5,158.0357084566082
79490,97.0,37.0,153.44829453044287
79491,97.0,37.5,155.77641696884987
79492,97.5,-40.0,164.13214241796084
79493,97.5,-39.5,161.49617227390547
79494,97.5,-39.0,157.0030740724118
79495,97.5,-37.5,148.92081117912971
79496,97.5,-37.0,149.3102014851327
79497,97.5,-36.5,150.49283770518898
79498,97.5,-36.0,146.4548719391026
79499,97.5,-35.5,147.23533977053955
79500,97.5,-35.0,147.56184780444397
79501,97.5,-34.5,150.91495036637238
79502,97.5,-34.0,151.14084025619175
79503,97.5,-33.5,152.6334188592796
79504,97.5,-33.0,149.79352806668692
79505,97.5,-32.5,153.40752379043704
79506,97.5,-32.0,149.63578434079977
79507,97.5,-31.5,153.5122185391796
79508,97.5,-31.0,148.9573049270567
79509,97.5,-30.5,148.36339208779455
79510,97.5,-29.5,147.2788079406058
79511,97.5,-29.0,152.8040811298091
79512,97.5,-28.5,151.2335531461153
79513,97.5,-28.0,150.57707591217232
79514,97.5,-27.5,149.17445145027506
79515,97.5,-27.0,154.76467484272703
79516,97.5,-26.5,151.0111083840558
79517,97.5,-26.0,148.28860630690366
79518,97.5,-25.5,150.27411479824855
79519,97.5,-25.0,146.61844358540873
79520,97.5,-24.5,148.11148344456257
79521,97.5,-24.0,147.00900872308483
79522,97.5,-23.5,147.44063283285772
79523,97.5,-23.0,151.0358343753263
79524,97.5,-22.5,155.54227404494407
79525,97.5,-22.0,162.47790533119465
79526,97.5,-21.5,148.00685800716354
79527,97.5,-21.0,152.38868767663197
79528,97.5,-20.5,152.43648287908914
79529,97.5,-20.0,151.1443645747645
79530,97.5,-19.5,148.405342724501
79531,97.5,-18.5,152.94807068133048
79532,97.5,-18.0,154.93876406956477
79533,97.5,-17.5,153.27135413923062
79534,97.5,-17.0,146.66776834933296
79535,97.5,-16.5,156.8847253144771
79536,97.5,-16.0,157.39650368686816
79537,97.5,-15.0,151.01068525451115
79538,97.5,-14.5,155.91901649695166
79539,97.5,-14.0,152.35925157555428
79540,97.5,-12.5,160.9115194127573
79541,97.5,-12.0,158.6571218092445
79542,97.5,-11.5,151.35998699886028
79543,97.5,-11.0,151.2698016786886
79544,97.5,-10.5,158.15747621826844
79545,97.5,-10.0,158.09030945063634
79546,97.5,-9.5,148.382168862753
79547,97.5,-9.0,153.8606025596061
79548,97.5,-8.5,152.0334721829084
79549,97.5,-8.0,147.83971768049162
79550,97.5,-7.5,147.87080334468183
79551,97.5,-7.0,147.7805420684299
79552,97.5,-6.5,146.77335689128273
79553,97.5,-6.0,148.57821065196393
79554,97.5,-5.5,149.27055786372466
79555,97.5,-5.0,148.45409450358738
79556,97.5,-4.5,153.29919266615332
79557,97.5,-4.0,150.24150968224168
79558,97.5,-3.5,146.2237015501598
79559,97.5,-3.0,146.42646858054994
79560,97.5,-2.5,147.0988800338389
79561,97.5,-2.0,147.18306441220346
79562,97.5,-1.5,149.8835197297202
79563,97.5,-1.0,148.49611838137702
79564,97.5,-0.5,149.12379800364332
79565,97.5,0.0,148.29609921721976
79566,97.5,0.5,151.13865299024613
79567,97.5,1.0,148.3855811104302
79568,97.5,1.5,150.79942179633167
79569,97.5,2.0,155.8436015558705
79570,97.5,2.5,151.8478159290007
79571,97.5,3.0,148.97753723849445
79572,97.5,4.0,148.4697325219087
79573,97.5,4.5,146.46664567842342
79574,97.5,5.0,158.76720091878462
79575,97.5,5.5,159.03373464573252
79576,97.5,6.0,161.4798231607323
79577,97.5,6.5,156.18200223240328
79578,97.5,7.0,157.89127240626814
79579,97.5,7.5,159.92077965904076
79580,97.5,8.5,157.73306792075945
79581,97.5,9.0,156.60710538334519
79582,97.5,9.5,154.1431632395195
79583,97.5,10.0,152.14100580128266
79584,97.5,10.5,151.1121907294484
79585,97.5,11.0,152.83517908860006
79586,97.5,11.5,152.83743677600341
79587,97.5,12.0,150.51712947088495
79588,97.5,12.5,150.71608220397124
79589,97.5,13.0,149.51481225202824
79590,97.5,13.5,150.365392076609
79591,97.5,14.0,153.98658598942697
79592,97.5,14.5,152.7743054555757
79593,97.5,15.0,155.44237126555115
79594,97.5,15.5,156.79044923288248
79595,97.5,16.0,154.9220885018566
79596,97.5,16.5,163.38182512689536
79597,97.5,17.0,159.27427581788268
79598,97.5,17.5,155.20278782277208
79599,97.5,18.0,154.0166165387639
79600,97.5,18.5,150.71504046658558
79601,97.5,19.0,150.70437059856857
79602,97.5,19.5,146.06994781011142
79603,97.5,20.0,152.17831296620517
79604,97.5,20.5,152.24057486819024
79605,97.5,21.0,152.55101510179284
79606,97.5,21.5,152.2078045152181
79607,97.5,22.0,150.8703796361936
79608,97.5,22.5,155.21544583538676
79609,97.5,23.0,148.12592579364951
79610,97.5,24.0,146.30646956138906
79611,97.5,24.5,152.6368327965133
79612,97.5,25.0,150.65176591470438
79613,97.5,25.5,155.4522585895519
79614,97.5,26.0,149.9996496543091
79615,97.5,26.5,146.19957061727936
79616,97.5,27.0,148.5876127673659
79617,97.5,27.5,149.59613545181475
79618,97.5,28.0,147.2422417930434
79619,97.5,28.5,152.53210123725225
79620,97.5,29.0,148.91779909164774
79621,97.5,29.5,146.17584147677385
79622,97.5,30.0,148.5384748236789
79623,97.5,30.5,146.5791381802038
79624,97.5,31.0,146.14216109809033
79625,97.5,31.5,146.9986775919137
79626,97.5,32.0,149.18984177358084
79627,97.5,32.5,149.13834046749471
79628,97.5,33.0,146.34059854270726
79629,97.5,33.5,144.2332764728753
79630,97.5,34.0,145.83403420964947
79631,97.5,34.5,147.16653179657493
79632,97.5,35.0,146.33313259068868
79633,97.5,35.5,150.85842053222515
79634,97.5,36.5,153.0080180018763
79635,97.5,37.0,149.65155148389104
79636,97.5,37.5,158.07322737293785
79637,98.0,-40.0,163.70849669276114
79638,98.0,-39.5,160.54748464651817
79639,98.0,-39.0,156.96771999481095
79640,98.0,-37.5,148.9824682447524
79641,98.0,-37.0,150.46185444428434
79642,98.0,-36.5,151.41392305710684
79643,98.0,-36.0,146.7118768308815
79644,98.0,-35.5,147.27417136099444
79645,98.0,-35.0,147.52059859157458
79646,98.0,-34.5,151.05671517785518
79647,98.0,-34.0,150.29213795572215
79648,98.0,-33.5,151.5481348493832
79649,98.0,-33.0,149.35912262921406
79650,98.0,-32.5,151.2204451411882
79651,98.0,-32.0,151.69205080820137
79652,98.0,-31.5,153.41781833825658
79653,98.0,-31.0,147.58895964841017
79654,98.0,-30.5,146.37590972727355
79655,98.0,-29.5,149.463010761793
79656,98.0,-29.0,151.92475371985591
79657,98.0,-28.5,152.48719606910686
79658,98.0,-28.0,151.53070051006284
79659,98.0,-27.5,149.0704529869975
79660,98.0,-27.0,153.5763864722397
79661,98.0,-26.5,151.89414698832542
79662,98.0,-26.0,147.59322524188818
79663,98.0,-25.5,149.9406428107303
79664,98.0,-25.0,146.6096644014011
79665,98.0,-24.5,147.81297286335186
79666,98.0,-24.0,147.08009920099343
79667,98.0,-23.5,147.35576456505237
79668,98.0,-23.0,151.4678365884118
79669,98.0,-22.5,153.84154715376005
79670,98.0,-22.0,153.0642269979183
79671,98.0,-21.5,149.27947895549175
79672,98.0,-21.0,153.81882271377506
79673,98.0,-20.5,149.65732375679963
79674,98.0,-20.0,150.42026622664648
79675,98.0,-19.5,147.70282918414426
79676,98.0,-19.0,147.9470822984089
79677,98.0,-18.5,152.3101871746989
79678,98.0,-18.0,156.48581778587518
79679,98.0,-17.5,152.51439576386633
79680,98.0,-17.0,150.00046059743687
79681,98.0,-16.5,153.67243882890148
79682,98.0,-16.0,158.13646559250006
79683,98.0,-14.5,151.57321312270295
79684,98.0,-13.0,161.61546379781544
79685,98.0,-12.5,160.91127334652066
79686,98.0,-12.0,151.96360773904735
79687,98.0,-11.5,156.13848807944086
79688,98.0,-11.0,151.1617015377727
79689,98.0,-10.0,152.67458632445275
79690,98.0,-9.5,157.29079015595153
79691,98.0,-9.0,152.3634041462677
79692,98.0,-8.5,148.54199512504826
79693,98.0,-8.0,148.32337507711287
79694,98.0,-7.5,147.77902700362387
79695,98.0,-7.0,146.2450207575874
79696,98.0,-6.5,146.99756107019817
79697,98.0,-6.0,150.3499769869292
79698,98.0,-5.5,146.7349138604953
79699,98.0,-5.0,148.73184782879886
79700,98.0,-4.5,148.67593293632427
79701,98.0,-4.0,152.0345925297303
79702,98.0,-3.5,145.9174361870571
79703,98.0,-3.0,146.85889375992832
79704,98.0,-2.5,146.98396641397542
79705,98.0,-2.0,148.48000468260946
79706,98.0,-1.5,150.75782185356675
79707,98.0,-1.0,150.91622456230857
79708,98.0,-0.5,149.64135456788907
79709,98.0,0.0,150.57078471873496
79710,98.0,0.5,146.41533285475268
79711,98.0,1.5,150.03606627761192
79712,98.0,2.0,149.2482400949491
79713,98.0,2.5,149.7797649323654
79714,98.0,3.0,147.6787507891216
79715,98.0,3.5,148.9688893371528
79716,98.0,4.5,154.63110369546123
79717,98.0,5.0,157.0159485586954
79718,98.0,5.5,162.1072894194174
79719,98.0,6.0,155.51854202240455
79720,98.0,6.5,156.2205119550826
79721,98.0,7.0,156.496904682349
79722,98.0,7.5,159.89728365135156
79723,98.0,8.0,159.7715854385514
79724,98.0,8.5,158.61834100065343
79725,98.0,9.0,157.07658757630458
79726,98.0,9.5,155.71740801132879
79727,98.0,10.0,153.48219146423716
79728,98.0,11.0,153.7223306935586
79729,98.0,11.5,153.1942705873338
79730,98.0,12.0,153.04507397612696
79731,98.0,12.5,150.6918276294637
79732,98.0,13.0,150.39422537838863
79733,98.0,13.5,155.01140732480593
79734,98.0,14.0,154.247896844972
79735,98.0,14.5,153.57408029520863
79736,98.0,15.0,149.77545730970851
79737,98.0,15.5,153.7992099329508
79738,98.0,16.0,155.42483079527338
79739,98.0,16.5,156.43837282602357
79740,98.0,17.0,151.36490326974865
79741,98.0,17.5,151.4624966951821
79742,98.0,18.0,151.76496921228983
79743,98.0,18.5,153.99582775220608
79744,98.0,19.0,148.73722096709537
79745,98.0,19.5,144.393294749785
79746,98.0,20.0,154.43983988540035
79747,98.0,20.5,152.5237621826339
79748,98.0,21.0,150.97999054863277
79749,98.0,21.5,152.05610027522155
79750,98.0,22.0,152.19751050672764
79751,98.0,22.5,154.94255605318185
79752,98.0,23.0,151.62125374407023
79753,98.0,24.0,149.65625906933658
79754,98.0,24.5,149.54977125026488
79755,98.0,25.0,147.39772644303642
79756,98.0,25.5,147.50909982935494
79757,98.0,26.0,150.95673306404512
79758,98.0,26.5,149.6822669589162
79759,98.0,27.0,146.59945207507462
79760,98.0,27.5,148.10358839383852
79761,98.0,28.0,147.10523640565614
79762,98.0,28.5,150.72582105326822
79763,98.0,29.0,149.0800190460884
79764,98.0,29.5,147.3430730926218
79765,98.0,30.0,148.40502983211823
79766,98.0,30.5,146.1852624015069
79767,98.0,31.0,146.08318761904437
79768,98.0,31.5,146.60053949237937
79769,98.0,32.0,148.0354685209761
79770,98.0,32.5,149.4460212748198
79771,98.0,33.0,142.693631536369
79772,98.0,33.5,144.25562035686482
79773,98.0,34.0,146.34744563115686
79774,98.0,34.5,146.06791627634638
79775,98.0,35.0,145.90409607615632
79776,98.0,35.5,150.07958310138
79777,98.0,36.5,148.54163269587394
79778,98.0,37.0,148.82046013694935
79779,98.0,37.5,158.68840609073922
79780,98.0,38.0,158.98835569028626
79781,98.5,-40.5,163.24283763795808
79782,98.5,-40.0,163.43755156757828
79783,98.5,-39.5,160.5815755560529
79784,98.5,-39.0,156.92883915507272
79785,98.5,-37.5,148.90880425657602
79786,98.5,-37.0,152.28605656705741
79787,98.5,-36.5,147.21806963655803
79788,98.5,-36.0,146.79552340831302
79789,98.5,-35.5,147.61624524847625
79790,98.5,-34.5,150.911152285316
79791,98.5,-34.0,149.97807162185413
79792,98.5,-33.5,151.32979092063306
79793,98.5,-33.0,149.76956285941222
79794,98.5,-32.5,148.4528098169503
79795,98.5,-32.0,152.5198356732597
79796,98.5,-31.5,152.95788503033287
79797,98.5,-31.0,148.8010240760329
79798,98.5,-30.5,145.56648103279383
79799,98.5,-30.0,170.46592793177095
79800,98.5,-29.5,153.77163296907324
79801,98.5,-29.0,147.9362990543826
79802,98.5,-28.5,152.18326494853656
79803,98.5,-28.0,152.35985577363468
79804,98.5,-27.5,149.42375539992796
79805,98.5,-27.0,152.19978296634744
79806,98.5,-26.5,149.7109774651939
79807,98.5,-26.0,150.1421129467133
79808,98.5,-25.5,147.12981621558012
79809,98.5,-25.0,146.70914176585524
79810,98.5,-24.5,147.89948092755006
79811,98.5,-24.0,147.04207373107946
79812,98.5,-23.5,154.00521303726757
79813,98.5,-23.0,151.88627365339244
79814,98.5,-22.5,148.71871097787835
79815,98.5,-22.0,151.23785763036747
79816,98.5,-21.5,155.625191921363
79817,98.5,-21.0,150.6597297781693
79818,98.5,-20.5,151.00613901169828
79819,98.5,-20.0,146.99964354001062
79820,98.5,-19.5,147.1967522251738
79821,98.5,-19.0,149.97069010655832
79822,98.5,-18.5,155.195583826102
79823,98.5,-18.0,154.32640214851446
79824,98.5,-17.5,152.56006327180106
79825,98.5,-17.0,151.6049940067396
79826,98.5,-16.5,154.1257043272696
79827,98.5,-16.0,159.60434461901153
79828,98.5,-15.5,160.51080256640708
79829,98.5,-15.0,151.75853548286958
79830,98.5,-14.5,150.71475768935747
79831,98.5,-14.0,149.1019380016215
79832,98.5,-13.0,161.94243154937453
79833,98.5,-12.5,151.0637473518074
79834,98.5,-12.0,150.97163917818432
79835,98.5,-11.5,154.2211833774252
79836,98.5,-11.0,159.08543358786227
79837,98.5,-10.5,148.1219042553237
79838,98.5,-10.0,148.37801539587366
79839,98.5,-9.5,155.23003163890075
79840,98.5,-9.0,149.2238609952658
79841,98.5,-8.5,148.8597809897548
79842,98.5,-8.0,148.35893236384206
79843,98.5,-7.5,148.07769762302115
79844,98.5,-7.0,146.76554367509485
79845,98.5,-6.5,152.73593975650533
79846,98.5,-6.0,146.7477871910799
79847,98.5,-5.5,147.30553874774282
79848,98.5,-5.0,146.94284684589874
79849,98.5,-4.5,148.300659630645
79850,98.5,-4.0,148.86149098012805
79851,98.5,-3.5,151.07607835895467
79852,98.5,-3.0,146.03419145674147
79853,98.5,-2.5,148.90696477745774
79854,98.5,-2.0,151.28301805841338
79855,98.5,-1.5,150.836791782294
79856,98.5,-1.0,151.66770472815134
79857,98.5,-0.5,151.27237055937806
79858,98.5,0.0,149.885193137847
79859,98.5,0.5,146.92078358291616
79860,98.5,1.0,147.0577561646496
79861,98.5,2.0,150.72739962634176
79862,98.5,2.5,147.9678453482015
79863,98.5,3.0,147.15498454686022
79864,98.5,3.5,149.89013809971485
79865,98.5,4.0,158.13556724967307
79866,98.5,4.5,155.92664623775698
79867,98.5,5.0,157.2987292772225
79868,98.5,5.5,154.0287460060146
79869,98.5,6.0,154.06213411642224
79870,98.5,6.5,155.2863620611854
79871,98.5,8.0,159.09293803008407
79872,98.5,8.5,154.643485938456
79873,98.5,9.0,154.95719163334414
79874,98.5,9.5,154.48235169528846
79875,98.5,10.0,155.67193479130748
79876,98.5,10.5,154.03815648749574
79877,98.5,11.0,158.491405632673
79878,98.5,11.5,156.62428686135257
79879,98.5,12.0,159.09087810341026
79880,98.5,12.5,157.91192697591845
79881,98.5,13.0,158.2736005967498
79882,98.5,13.5,153.10128456325023
79883,98.5,14.0,150.89203755418157
79884,98.5,14.5,148.0848407815585
79885,98.5,15.0,150.1843233112036
79886,98.5,15.5,146.14371952341745
79887,98.5,16.0,149.79035549207
79888,98.5,16.5,151.86809475318847
79889,98.5,17.0,150.98731461138837
79890,98.5,17.5,148.62696557860357
79891,98.5,18.0,152.18837839912604
79892,98.5,18.5,154.45627048060555
79893,98.5,19.0,146.85689202437848
79894,98.5,19.5,149.8337230579852
79895,98.5,20.0,145.65351235292195
79896,98.5,20.5,151.2016347346643
79897,98.5,21.0,151.82525304661382
79898,98.5,21.5,151.49914721134775
79899,98.5,22.0,151.88125008116154
79900,98.5,22.5,153.19960343563514
79901,98.5,23.0,155.08037046200587
79902,98.5,23.5,147.39830931479884
79903,98.5,24.0,154.21407037714894
79904,98.5,24.5,148.63534056409839
79905,98.5,25.0,150.98048124295806
79906,98.5,25.5,148.1386140414764
79907,98.5,26.0,150.01294916493467
79908,98.5,26.5,149.1804529175577
79909,98.5,27.0,146.2102814272862
79910,98.5,27.5,145.45139397219555
79911,98.5,28.0,150.27779443719473
79912,98.5,28.5,150.49707449189526
79913,98.5,29.0,148.60072986279778
79914,98.5,29.5,149.05622093633767
79915,98.5,30.0,145.65496548474218
79916,98.5,30.5,146.3952390960526
79917,98.5,31.0,146.73972393587675
79918,98.5,31.5,147.38032507110358
79919,98.5,32.0,147.57029770289313
79920,98.5,32.5,149.78546481628183
79921,98.5,33.0,145.16850378004185
79922,98.5,33.5,149.1777110704172
79923,98.5,34.0,145.7232327815915
79924,98.5,34.5,145.7288478315384
79925,98.5,35.0,146.01903055280314
79926,98.5,35.5,156.9361290216651
79927,98.5,36.0,146.50896932444445
79928,98.5,36.5,147.09759549075574
79929,98.5,37.0,149.0205725129368
79930,98.5,37.5,173.3307165538577
79931,99.0,-40.5,162.85734811696557
79932,99.0,-40.0,163.22531103534618
79933,99.0,-39.5,160.17174281588703
79934,99.0,-39.0,156.91917322018656
79935,99.0,-37.5,149.10977201081147
79936,99.0,-37.0,155.52620344662364
79937,99.0,-36.5,148.1843272580658
79938,99.0,-36.0,147.28308895789755
79939,99.0,-35.5,147.67791050133468
79940,99.0,-35.0,150.14720693205263
79941,99.0,-34.5,150.72872954678897
79942,99.0,-34.0,152.35460777633367
79943,99.0,-33.5,151.72964465268112
79944,99.0,-33.0,150.1231294733142
79945,99.0,-32.5,148.2315800307095
79946,99.0,-32.0,151.7641518395292
79947,99.0,-31.5,148.7921364634786
79948,99.0,-31.0,152.90486065824828
79949,99.0,-30.5,145.46173501435547
79950,99.0,-30.0,146.90911270279562
79951,99.0,-29.5,153.61816577928474
79952,99.0,-29.0,147.87891663216524
79953,99.0,-28.5,148.0499467953062
79954,99.0,-28.0,152.92037444863956
79955,99.0,-27.5,150.8968172772534
79956,99.0,-27.0,150.19330844989614
79957,99.0,-26.5,149.87087661287177
79958,99.0,-26.0,151.54515294538137
79959,99.0,-25.5,147.3516839032731
79960,99.0,-25.0,147.1182417909893
79961,99.0,-24.5,148.2442906699411
79962,99.0,-24.0,146.8335988799369
79963,99.0,-23.5,151.20782075582005
79964,99.0,-23.0,155.60203590172162
79965,99.0,-22.5,148.01985726758423
79966,99.0,-22.0,151.7527346454662
79967,99.0,-21.5,157.17163725109805
79968,99.0,-21.0,149.32344156029123
79969,99.0,-20.5,150.6055972768991
79970,99.0,-20.0,149.86217013396018
79971,99.0,-19.5,148.74347035884082
79972,99.0,-19.0,152.3694238034621
79973,99.0,-18.5,152.36467051725097
79974,99.0,-18.0,153.3055941615972
79975,99.0,-17.5,152.31243388457557
79976,99.0,-17.0,155.60010209561622
79977,99.0,-16.5,151.0734416472091
79978,99.0,-16.0,147.8022882717705
79979,99.0,-15.5,159.91175716651694
79980,99.0,-15.0,151.59573890941374
79981,99.0,-14.0,150.10864810895072
79982,99.0,-13.5,149.18282549760596
79983,99.0,-13.0,150.9591894218196
79984,99.0,-12.5,151.01344740844831
79985,99.0,-12.0,150.93393262447407
79986,99.0,-11.0,156.15725215939483
79987,99.0,-10.5,151.94302869971142
79988,99.0,-10.0,152.71303441640566
79989,99.0,-9.5,153.3191512942299
79990,99.0,-9.0,158.03334796903354
79991,99.0,-8.5,148.8106144909955
79992,99.0,-8.0,148.85327243962885
79993,99.0,-7.5,147.31184032815014
79994,99.0,-7.0,151.15019119363112
79995,99.0,-6.5,147.4115177273089
79996,99.0,-5.5,147.32301204435183
79997,99.0,-5.0,146.46241980920405
79998,99.0,-4.5,147.11129639558527
79999,99.0,-4.0,148.51081064064653
80000,99.0,-3.5,149.94809481384723
80001,99.0,-3.0,150.99370017614623
80002,99.0,-2.5,146.55655036681972
80003,99.0,-2.0,151.37498747446853
80004,99.0,-1.5,151.80860872863548
80005,99.0,-1.0,150.43649183046463
80006,99.0,-0.5,147.36961671003792
80007,99.0,0.0,147.09696959471333
80008,99.0,0.5,148.87967735706636
80009,99.0,1.0,147.3884756306334
80010,99.0,1.5,143.89764851608055
80011,99.0,2.5,149.6829127481251
80012,99.0,3.0,145.4908365682184
80013,99.0,3.5,154.49490278671482
80014,99.0,4.0,156.05498913842322
80015,99.0,4.5,156.31702819898172
80016,99.0,5.0,154.61107999334692
80017,99.0,5.5,154.000785791282
80018,99.0,6.0,153.2276506688776
80019,99.0,7.5,158.99597364109337
80020,99.0,8.0,156.19064730261562
80021,99.0,8.5,150.90232147957593
80022,99.0,9.0,150.43833423951594
80023,99.0,9.5,151.8583127271972
80024,99.0,10.0,153.27772333377038
80025,99.0,10.5,153.3064294521413
80026,99.0,11.0,147.33252437581856
80027,99.0,11.5,152.7551545712947
80028,99.0,12.0,153.8101235934121
80029,99.0,12.5,154.90714994484608
80030,99.0,13.0,154.36420504346512
80031,99.0,13.5,147.99323472481805
80032,99.0,14.0,149.59170765246833
80033,99.0,14.5,148.20410817239963
80034,99.0,15.0,148.74842692755337
80035,99.0,15.5,146.9872922966834
80036,99.0,16.0,146.66368865892693
80037,99.0,16.5,148.79762997945286
80038,99.0,17.0,153.17357936308846
80039,99.0,18.0,152.30649553970503
80040,99.0,18.5,153.75399699745049
80041,99.0,19.0,158.35707170494354
80042,99.0,19.5,152.9153401720833
80043,99.0,20.0,151.44132695359332
80044,99.0,20.5,144.06241596998834
80045,99.0,21.0,149.1052191431729
80046,99.0,21.5,151.6008621313601
80047,99.0,22.0,151.94954714930054
80048,99.0,22.5,152.17810534447818
80049,99.0,23.0,152.49323298147797
80050,99.0,23.5,149.60370061902884
80051,99.0,24.0,143.49111985803222
80052,99.0,24.5,148.15054730500523
80053,99.0,25.0,149.2933140848401
80054,99.0,25.5,147.12323873286596
80055,99.0,26.0,149.82081038334522
80056,99.0,26.5,150.82848250753108
80057,99.0,27.5,146.8908674678867
80058,99.0,28.0,151.13245885980217
80059,99.0,28.5,150.68653167987335
80060,99.0,29.0,147.47098827680625
80061,99.0,29.5,148.95600553790726
80062,99.0,30.0,147.44848551633652
80063,99.0,30.5,146.0535285829343
80064,99.0,31.0,146.2982370543954
80065,99.0,31.5,147.9047113692842
80066,99.0,32.0,148.6201837086199
80067,99.0,32.5,148.45086572275804
80068,99.0,33.0,146.69394368201353
80069,99.0,33.5,146.66636477196698
80070,99.0,34.0,144.16942942067973
80071,99.0,34.5,145.85964752423772
80072,99.0,35.0,146.4370974448255
80073,99.0,35.5,158.9146626424644
80074,99.0,36.0,150.0758317933766
80075,99.0,36.5,148.8794327156523
80076,99.0,37.0,147.71076689713027
80077,99.5,-40.5,162.5474446993109
80078,99.5,-40.0,163.08098997856032
80079,99.5,-39.5,158.06104968905996
80080,99.5,-39.0,156.86234746722155
80081,99.5,-37.5,149.65750577414022
80082,99.5,-37.0,156.63922490343882
80083,99.5,-36.5,149.28542255324442
80084,99.5,-36.0,147.94075712710452
80085,99.5,-35.5,147.69257041291863
80086,99.5,-35.0,149.66151742948298
80087,99.5,-34.5,150.4771670747144
80088,99.5,-34.0,151.52631730436465
80089,99.5,-33.5,150.9211844271244
80090,99.5,-33.0,151.32350036843837
80091,99.5,-32.5,147.82489358708924
80092,99.5,-32.0,149.49676543713446
80093,99.5,-31.5,149.12925725264773
80094,99.5,-31.0,154.69626415338303
80095,99.5,-30.5,145.3368699269979
80096,99.5,-30.0,146.70806239353564
80097,99.5,-29.5,154.20714718238457
80098,99.5,-29.0,150.84750046965624
80099,99.5,-28.5,152.7229078680567
80100,99.5,-28.0,150.32344069037174
80101,99.5,-27.5,152.9302465871291
80102,99.5,-27.0,150.058969045202
80103,99.5,-26.5,149.28647293721022
80104,99.5,-26.0,153.185984603565
80105,99.5,-25.5,148.59561597038896
80106,99.5,-25.0,146.96874020314408
80107,99.5,-24.5,147.28792053154118
80108,99.5,-24.0,149.35568823538023
80109,99.5,-23.5,151.13090189516294
80110,99.5,-23.0,147.11721988366114
80111,99.5,-22.5,148.29326237181388
80112,99.5,-22.0,153.36466039468078
80113,99.5,-21.5,155.05265943145818
80114,99.5,-21.0,152.14386116023488
80115,99.5,-20.5,148.18693991352455
80116,99.5,-20.0,149.9629400975777
80117,99.5,-19.5,150.8042962369032
80118,99.5,-19.0,147.94577138450202
80119,99.5,-18.5,150.60610730143307
80120,99.5,-18.0,150.16841767693091
80121,99.5,-17.5,152.59410152846428
80122,99.5,-17.0,155.38927763698536
80123,99.5,-16.0,147.13333809804476
80124,99.5,-15.5,154.15449949431243
80125,99.5,-15.0,162.04076973614752
80126,99.5,-14.0,152.56575659533263
80127,99.5,-13.5,150.59776473162006
80128,99.5,-13.0,150.98014048482474
80129,99.5,-12.5,151.0032578015012
80130,99.5,-11.0,149.31081144388438
80131,99.5,-10.5,156.70850086823503
80132,99.5,-10.0,153.22718837294642
80133,99.5,-9.5,149.7777770169332
80134,99.5,-9.0,158.07792559161155
80135,99.5,-8.5,158.11303133831865
80136,99.5,-8.0,147.66751179152865
80137,99.5,-7.5,148.83927347039045
80138,99.5,-7.0,148.4944809762913
80139,99.5,-6.5,147.0336765394826
80140,99.5,-6.0,147.70947286642047
80141,99.5,-5.5,147.03462635162452
80142,99.5,-5.0,146.7751780234737
80143,99.5,-4.5,146.46610521685835
80144,99.5,-4.0,147.73695524428678
80145,99.5,-3.5,148.96020691489002
80146,99.5,-3.0,152.21702799442645
80147,99.5,-2.5,151.1078064336747
80148,99.5,-2.0,153.96680027886936
80149,99.5,-1.5,148.59222316909654
80150,99.5,-1.0,149.1324142103225
80151,99.5,-0.5,148.42934085637498
80152,99.5,0.0,148.0718632332595
80153,99.5,0.5,144.70341782080135
80154,99.5,1.5,145.31630261862298
80155,99.5,2.5,146.69779787251613
80156,99.5,3.0,150.54246312041624
80157,99.5,3.5,157.70493964886788
80158,99.5,4.0,155.58162063907648
80159,99.5,4.5,154.7097816873518
80160,99.5,5.0,152.7688530833055
80161,99.5,5.5,152.9838439532379
80162,99.5,6.0,151.4291980043104
80163,99.5,7.0,161.21294183796405
80164,99.5,7.5,156.8026110962739
80165,99.5,8.0,150.45969726812928
80166,99.5,8.5,150.3018544720836
80167,99.5,9.0,151.4957057972603
80168,99.5,9.5,159.1088704316331
80169,99.5,10.0,155.02986798831668
80170,99.5,10.5,153.6464472011786
80171,99.5,11.0,154.50264154484094
80172,99.5,11.5,152.30839935177917
80173,99.5,12.0,146.76104409024998
80174,99.5,12.5,153.35521054234582
80175,99.5,13.0,148.9545311421054
80176,99.5,13.5,151.6548884449937
80177,99.5,14.0,153.99649932131905
80178,99.5,14.5,151.79607687259067
80179,99.5,15.0,148.05175511515134
80180,99.5,15.5,152.93403185285194
80181,99.5,16.0,154.04536728518337
80182,99.5,16.5,154.99290216713777
80183,99.5,17.0,156.9627819902805
80184,99.5,17.5,157.37334695196859
80185,99.5,18.0,151.07487227657856
80186,99.5,18.5,155.07440656046933
80187,99.5,19.0,154.34745531466203
80188,99.5,19.5,158.17358549599547
80189,99.5,20.0,149.39311058999314
80190,99.5,20.5,145.00415312961175
80191,99.5,21.0,147.76518001529342
80192,99.5,21.5,154.1559293884834
80193,99.5,22.0,153.99793377856318
80194,99.5,22.5,151.838058604747
80195,99.5,23.0,152.71263486619222
80196,99.5,23.5,145.7780806554325
80197,99.5,24.0,145.51124092172049
80198,99.5,24.5,145.87287704077426
80199,99.5,25.0,147.3814526031679
80200,99.5,25.5,149.59550937243762
80201,99.5,26.0,148.11595794132953
80202,99.5,26.5,151.66847389485122
80203,99.5,27.0,147.19586997141624
80204,99.5,27.5,147.75073864459932
80205,99.5,28.0,150.95253436178322
80206,99.5,28.5,148.7001674823069
80207,99.5,29.0,148.26635870867463
80208,99.5,29.5,147.64583516358712
80209,99.5,30.0,148.94106556121136
80210,99.5,30.5,145.71120160483673
80211,99.5,31.0,146.04466039986428
80212,99.5,31.5,147.32870976972666
80213,99.5,32.0,148.90609389615656
80214,99.5,32.5,149.48620856824897
80215,99.5,33.0,148.14468052460734
80216,99.5,33.5,145.89298842902454
80217,99.5,34.0,144.042169640254
80218,99.5,34.5,145.86864621537248
80219,99.5,35.0,146.6070397931305
80220,99.5,35.5,154.6290267736874
80221,99.5,36.0,152.6216524907092
80222,99.5,36.5,149.8354968540232
80223,99.5,37.0,149.76372953732087
80224,100.0,-40.5,162.2474067227766
80225,100.0,-40.0,162.42864345260207
80226,100.0,-39.5,157.93393587586405
80227,100.0,-39.0,156.8626963236076
80228,100.0,-37.5,150.10800783120357
80229,100.0,-37.0,156.69829139957736
80230,100.0,-36.5,150.05562032696005
80231,100.0,-36.0,147.68523956049978
80232,100.0,-35.5,147.44779518740282
80233,100.0,-35.0,149.4426063913616
80234,100.0,-34.5,150.8933638107055
80235,100.0,-34.0,150.1611593309169
80236,100.0,-33.5,151.18786000971215
80237,100.0,-33.0,151.85943868650435
80238,100.0,-32.5,148.29716794765932
80239,100.0,-32.0,148.8832676581098
80240,100.0,-31.5,152.20685131185425
80241,100.0,-31.0,150.61081862730893
80242,100.0,-30.5,149.54708788896795
80243,100.0,-30.0,147.3188704874942
80244,100.0,-29.5,149.11318252670225
80245,100.0,-29.0,152.64879446275657
80246,100.0,-28.5,153.19105445894124
80247,100.0,-28.0,149.02013666672656
80248,100.0,-27.5,149.67439097174224
80249,100.0,-27.0,150.94042255806303
80250,100.0,-26.5,148.64168716345148
80251,100.0,-26.0,151.3159987787501
80252,100.0,-25.5,151.2694203232125
80253,100.0,-25.0,147.1406897276222
80254,100.0,-24.5,146.68928122609188
80255,100.0,-24.0,150.0274434339256
80256,100.0,-23.5,151.06406776658721
80257,100.0,-23.0,147.73995904266314
80258,100.0,-22.5,152.50328053374594
80259,100.0,-22.0,152.46671524964202
80260,100.0,-21.5,151.21940086000882
80261,100.0,-21.0,159.7345751651602
80262,100.0,-20.5,148.31032357563387
80263,100.0,-20.0,149.42860965342263
80264,100.0,-19.5,150.0663027002708
80265,100.0,-19.0,150.58849232398694
80266,100.0,-18.0,149.77374388598054
80267,100.0,-17.5,153.51053821264946
80268,100.0,-16.0,151.15119082338657
80269,100.0,-15.5,148.30968440873025
80270,100.0,-15.0,159.99452756708683
80271,100.0,-13.5,151.56384669550445
80272,100.0,-13.0,150.48753175594422
80273,100.0,-12.5,150.89755543144437
80274,100.0,-11.5,150.0131487091786
80275,100.0,-11.0,152.30037460134423
80276,100.0,-10.5,153.1914755200151
80277,100.0,-10.0,158.75105850880828
80278,100.0,-9.5,150.19245344572676
80279,100.0,-9.0,150.75302782833012
80280,100.0,-8.5,156.20895169678175
80281,100.0,-8.0,146.69722468905786
80282,100.0,-7.5,149.7477321491078
80283,100.0,-7.0,147.3096034497838
80284,100.0,-6.5,148.12711992450886
80285,100.0,-6.0,147.66568885117766
80286,100.0,-5.5,146.5876173519365
80287,100.0,-5.0,147.2096224414541
80288,100.0,-4.5,147.3117173601086
80289,100.0,-4.0,146.7031267208814
80290,100.0,-3.5,148.87224609353945
80291,100.0,-3.0,151.53291365443494
80292,100.0,-2.5,153.53851595991324
80293,100.0,-2.0,149.3231314646352
80294,100.0,-1.5,151.36457343621436
80295,100.0,-1.0,145.84101529910203
80296,100.0,-0.5,152.3305732310027
80297,100.0,0.0,149.71743792136795
80298,100.0,0.5,141.80392997447527
80299,100.0,1.0,145.83494638010896
80300,100.0,1.5,143.9972614241164
80301,100.0,2.0,146.4948719657357
80302,100.0,3.0,159.28525764373845
80303,100.0,3.5,156.99700231130555
80304,100.0,4.0,156.13091992319403
80305,100.0,4.5,155.91765354998287
80306,100.0,5.0,153.129291807887
80307,100.0,6.0,153.2215127319504
80308,100.0,6.5,154.74922174682763
80309,100.0,7.0,150.73124225048574
80310,100.0,7.5,153.67538533459108
80311,100.0,8.0,152.71537433805267
80312,100.0,8.5,155.42056746033035
80313,100.0,9.0,158.06396199938675
80314,100.0,9.5,156.19818298095564
80315,100.0,10.0,155.00959651693145
80316,100.0,10.5,151.89395952612585
80317,100.0,11.0,152.3365070557148
80318,100.0,11.5,150.8719182319608
80319,100.0,12.0,154.30296234452007
80320,100.0,12.5,155.71865043393612
80321,100.0,13.0,157.44345187359698
80322,100.0,13.5,160.58790455929469
80323,100.0,14.0,161.4022795144317
80324,100.0,14.5,160.89531511345123
80325,100.0,15.0,161.94688930323105
80326,100.0,15.5,160.6686023464292
80327,100.0,16.0,161.73332007113348
80328,100.0,16.5,164.2773487984605
80329,100.0,17.0,166.1153585815359
80330,100.0,17.5,157.61041279452235
80331,100.0,18.0,154.62846897279383
80332,100.0,18.5,151.77140108025364
80333,100.0,19.0,151.47950553546426
80334,100.0,19.5,157.08177378420763
80335,100.0,20.0,157.6303202646369
80336,100.0,20.5,155.16526289009582
80337,100.0,21.5,150.30603385387576
80338,100.0,22.0,154.07404126687933
80339,100.0,22.5,152.89739643316983
80340,100.0,23.0,152.50739216922136
80341,100.0,24.0,144.74328683021372
80342,100.0,24.5,147.49532969579658
80343,100.0,25.0,146.86905697482814
80344,100.0,25.5,149.44912342704683
80345,100.0,26.0,149.70662857026917
80346,100.0,26.5,149.6127759770762
80347,100.0,27.0,150.32049639546526
80348,100.0,27.5,149.8998273575235
80349,100.0,28.0,150.1982451622231
80350,100.0,28.5,147.48752103607399
80351,100.0,29.0,148.70888002777855
80352,100.0,29.5,148.73375084123347
80353,100.0,30.0,146.39763459557167
80354,100.0,30.5,145.62989830364864
80355,100.0,31.0,146.33512019471056
80356,100.0,31.5,147.00328962367945
80357,100.0,32.0,148.6515047107587
80358,100.0,32.5,149.47768397874253
80359,100.0,33.0,147.41019878899593
80360,100.0,33.5,144.5956332442072
80361,100.0,34.0,144.03072126610036
80362,100.0,34.5,146.13222295514498
80363,100.0,35.0,147.16610942274366
80364,100.0,35.5,147.9767845765701
80365,100.0,36.0,151.8852426334748
80366,100.0,36.5,152.84952704123467
80367,100.0,37.0,150.5412502813791
80368,100.5,-40.5,161.85372514960585
80369,100.5,-40.0,161.7260818140635
80370,100.5,-39.5,157.9010947737055
80371,100.5,-39.0,156.90846141486205
80372,100.5,-37.5,151.86110716514034
80373,100.5,-37.0,154.63669848050532
80374,100.5,-36.5,149.2926556112312
80375,100.5,-36.0,147.55231670007547
80376,100.5,-35.5,147.73538508629457
80377,100.5,-35.0,150.40588569116352
80378,100.5,-34.5,150.33290752092793
80379,100.5,-34.0,149.8993551353364
80380,100.5,-33.5,151.3937877242911
80381,100.5,-33.0,150.75109055412102
80382,100.5,-32.5,149.72545236168182
80383,100.5,-32.0,148.78370114310576
80384,100.5,-31.5,154.25703937818238
80385,100.5,-31.0,144.50153221759476
80386,100.5,-30.5,154.39714988973455
80387,100.5,-30.0,147.82844491909665
80388,100.5,-29.5,147.83357558544935
80389,100.5,-29.0,154.2018192393213
80390,100.5,-28.5,151.8174768753256
80391,100.5,-28.0,154.20048046333187
80392,100.5,-27.5,148.96193919067355
80393,100.5,-27.0,149.291300869627
80394,100.5,-26.5,149.77041072217085
80395,100.5,-26.0,151.20916520221257
80396,100.5,-25.5,152.47578015318257
80397,100.5,-25.0,147.4050093515636
80398,100.5,-24.5,149.0968505165407
80399,100.5,-24.0,151.2085867875533
80400,100.5,-23.5,146.87147954419137
80401,100.5,-23.0,148.05365046506782
80402,100.5,-22.5,155.4904063416221
80403,100.5,-22.0,150.5551369977825
80404,100.5,-21.5,150.40818682996013
80405,100.5,-21.0,166.16721620599225
80406,100.5,-20.0,149.3332005810634
80407,100.5,-19.5,150.35207977089132
80408,100.5,-19.0,151.46894110414428
80409,100.5,-18.5,151.03764619064683
80410,100.5,-18.0,151.98436051572025
80411,100.5,-17.5,150.0192633994742
80412,100.5,-16.0,149.13735341833677
80413,100.5,-15.5,147.51879257397857
80414,100.5,-15.0,150.5300630817279
80415,100.5,-14.5,160.11171815976064
80416,100.5,-14.0,150.75959066111707
80417,100.5,-13.5,150.83650364466428
80418,100.5,-13.0,152.46159253071735
80419,100.5,-12.5,150.45752561673572
80420,100.5,-12.0,149.97199627937604
80421,100.5,-11.5,149.76561798317144
80422,100.5,-11.0,153.41835729422613
80423,100.5,-10.5,151.816000683947
80424,100.5,-10.0,158.76022819008116
80425,100.5,-9.5,158.3973133754331
80426,100.5,-9.0,151.13094132570166
80427,100.5,-8.5,146.71959128165867
80428,100.5,-8.0,154.80405996794101
80429,100.5,-7.5,146.40681080970433
80430,100.5,-7.0,148.48211330326416
80431,100.5,-6.5,147.9707323562842
80432,100.5,-6.0,146.6453968208314
80433,100.5,-5.5,147.60272942741457
80434,100.5,-5.0,147.15183868228385
80435,100.5,-4.5,147.22539473003548
80436,100.5,-4.0,149.74664719721608
80437,100.5,-3.5,146.80602232304307
80438,100.5,-3.0,150.9151158589291
80439,100.5,-2.5,151.0986039723168
80440,100.5,-2.0,152.93703191652077
80441,100.5,-1.5,146.71346535698058
80442,100.5,-1.0,149.10876747247806
80443,100.5,-0.5,148.57580386706508
80444,100.5,0.0,148.0273500028504
80445,100.5,0.5,146.3164801647429
80446,100.5,1.0,144.84378035433596
80447,100.5,1.5,145.92959430299175
80448,100.5,2.0,147.53625712320743
80449,100.5,2.5,150.84700764449363
80450,100.5,3.0,155.63339068909576
80451,100.5,3.5,157.69374245890268
80452,100.5,4.0,155.55064154264514
80453,100.5,4.5,155.13685344500786
80454,100.5,5.0,158.24519960190966
80455,100.5,5.5,153.03570659514477
80456,100.5,6.0,156.75105792291643
80457,100.5,6.5,148.59811593664503
80458,100.5,7.0,152.61962053360082
80459,100.5,7.5,160.6599643925028
80460,100.5,8.0,156.90077894076302
80461,100.5,8.5,156.83025127559247
80462,100.5,9.0,157.23620988496305
80463,100.5,9.5,154.63155940365453
80464,100.5,10.0,152.97701802883333
80465,100.5,10.5,154.3678004683316
80466,100.5,11.0,149.99651355247752
80467,100.5,11.5,150.24308124570908
80468,100.5,12.0,158.25864872451865
80469,100.5,12.5,149.60414787409812
80470,100.5,13.0,152.8220653569543
80471,100.5,13.5,154.864580400869
80472,100.5,14.0,160.8213178392679
80473,100.5,14.5,162.53339661298543
80474,100.5,15.0,161.10084169755183
80475,100.5,15.5,158.27550554237646
80476,100.5,16.0,164.4233793064163
80477,100.5,16.5,162.17067607558835
80478,100.5,17.0,155.04805343668087
80479,100.5,17.5,150.8186571550412
80480,100.5,18.0,153.17056421529603
80481,100.5,19.0,151.16626795946368
80482,100.5,19.5,148.3969361438076
80483,100.5,20.0,150.90489926105585
80484,100.5,20.5,152.97490638462853
80485,100.5,21.5,150.06028434592957
80486,100.5,22.0,151.88000426936102
80487,100.5,22.5,154.64429827597812
80488,100.5,23.0,153.77542301614136
80489,100.5,23.5,149.28747672122358
80490,100.5,24.0,146.16359939015646
80491,100.5,24.5,147.56260350359864
80492,100.5,25.0,147.22172346686406
80493,100.5,25.5,148.69069865956916
80494,100.5,26.0,148.9366940123835
80495,100.5,26.5,150.14066583204368
80496,100.5,27.0,149.83360601774615
80497,100.5,27.5,149.17257463064746
80498,100.5,28.0,151.1822554628483
80499,100.5,28.5,148.19419090157837
80500,100.5,29.0,146.34774752571022
80501,100.5,29.5,146.93338646302138
80502,100.5,30.0,145.1410690092946
80503,100.5,30.5,146.40240532292353
80504,100.5,31.0,147.47719823574812
80505,100.5,31.5,147.75464395487242
80506,100.5,32.0,148.96222287974726
80507,100.5,32.5,151.20474206185085
80508,100.5,33.0,144.9232322121617
80509,100.5,33.5,146.28706848095123
80510,100.5,34.0,143.86589792541014
80511,100.5,34.5,147.8854851986792
80512,100.5,35.0,146.37323250015075
80513,100.5,35.5,147.38658088493017
80514,100.5,36.0,153.38808206895112
80515,100.5,36.5,151.61835718953733
80516,101.0,-40.5,161.6123106669506
80517,101.0,-40.0,161.8073429509693
80518,101.0,-39.5,157.82670344737758
80519,101.0,-39.0,157.03418268248785
80520,101.0,-37.5,150.48516056782364
80521,101.0,-37.0,153.90942905802308
80522,101.0,-36.5,148.8206388503571
80523,101.0,-36.0,148.54521338160134
80524,101.0,-35.5,148.51167827536665
80525,101.0,-35.0,150.0046342347569
80526,101.0,-34.5,150.56466241488357
80527,101.0,-34.0,149.81654901061592
80528,101.0,-33.5,152.17603608789813
80529,101.0,-33.0,149.44423262112014
80530,101.0,-32.5,151.05852094528925
80531,101.0,-32.0,148.87964233078952
80532,101.0,-31.5,150.48316991218192
80533,101.0,-31.0,148.71692770047684
80534,101.0,-30.5,152.27191328169843
80535,101.0,-30.0,149.34828627424594
80536,101.0,-29.5,148.52367923230207
80537,101.0,-29.0,155.16696585080172
80538,101.0,-28.5,152.73034532947344
80539,101.0,-28.0,152.8370006716727
80540,101.0,-27.5,153.16625802913669
80541,101.0,-27.0,148.4138887441826
80542,101.0,-26.5,152.99889130226177
80543,101.0,-26.0,148.4518867494351
80544,101.0,-25.5,151.29494733367082
80545,101.0,-25.0,152.01093365283393
80546,101.0,-24.5,148.90417999465203
80547,101.0,-24.0,151.27062360041413
80548,101.0,-23.5,147.7492375622349
80549,101.0,-23.0,150.70698842988568
80550,101.0,-22.5,151.11909057726749
80551,101.0,-22.0,151.27919827789023
80552,101.0,-21.5,150.19422245885505
80553,101.0,-21.0,149.30722347783282
80554,101.0,-20.5,159.42604538712854
80555,101.0,-20.0,148.68863347433506
80556,101.0,-19.5,149.8834993691832
80557,101.0,-19.0,150.11275391319055
80558,101.0,-18.5,150.6778604761079
80559,101.0,-18.0,152.39140935771522
80560,101.0,-17.5,148.37679728885686
80561,101.0,-17.0,148.5934427802907
80562,101.0,-16.5,150.7038886528759
80563,101.0,-16.0,147.12498333109133
80564,101.0,-15.5,147.2127049650906
80565,101.0,-15.0,147.83053981367334
80566,101.0,-14.5,156.6715071975641
80567,101.0,-14.0,153.91575224283318
80568,101.0,-13.5,150.79184335737682
80569,101.0,-13.0,152.07125402992668
80570,101.0,-12.5,152.94693048733552
80571,101.0,-12.0,150.18747454090663
80572,101.0,-11.5,153.30207495880578
80573,101.0,-11.0,152.53084063240735
80574,101.0,-9.5,157.37541534361281
80575,101.0,-9.0,148.9666355217455
80576,101.0,-8.5,151.12854608904797
80577,101.0,-8.0,149.59328327112448
80578,101.0,-7.5,157.3487430880803
80579,101.0,-7.0,148.46489438494316
80580,101.0,-6.5,147.57105848974552
80581,101.0,-6.0,147.42395649407152
80582,101.0,-5.5,147.5616492750541
80583,101.0,-5.0,147.39270778604657
80584,101.0,-4.5,149.59115840864575
80585,101.0,-4.0,148.2765236061787
80586,101.0,-3.5,150.5381753252936
80587,101.0,-3.0,149.2558965692314
80588,101.0,-2.5,149.75297623115
80589,101.0,-2.0,152.186046314429
80590,101.0,-1.5,150.00266582469035
80591,101.0,-1.0,142.11683312737472
80592,101.0,-0.5,151.1220018286621
80593,101.0,0.0,142.69992347275422
80594,101.0,0.5,149.3848630484811
80595,101.0,1.0,147.1029291243191
80596,101.0,1.5,147.27921674783235
80597,101.0,2.0,145.85309642249723
80598,101.0,2.5,150.730558456762
80599,101.0,3.0,155.2588980117801
80600,101.0,4.0,155.27011857905364
80601,101.0,4.5,151.9096089670938
80602,101.0,5.0,147.64832628519304
80603,101.0,5.5,147.56946343765625
80604,101.0,6.0,147.8359524336946
80605,101.0,6.5,150.11839864719377
80606,101.0,7.0,155.59683086017952
80607,101.0,7.5,156.42889475279162
80608,101.0,8.0,151.11901378399327
80609,101.0,9.0,157.65114406001075
80610,101.0,9.5,155.7734668349505
80611,101.0,10.0,154.62059687973388
80612,101.0,10.5,154.97105520214035
80613,101.0,11.0,149.33762074604113
80614,101.0,11.5,153.28278334332347
80615,101.0,12.0,153.13753464716507
80616,101.0,12.5,151.8745929619567
80617,101.0,13.0,154.13663746049608
80618,101.0,13.5,160.92634647393942
80619,101.0,14.0,161.7205067880186
80620,101.0,14.5,154.1297920782851
80621,101.0,15.0,151.60914439029278
80622,101.0,15.5,156.2450486985051
80623,101.0,16.0,163.0949071035377
80624,101.0,16.5,155.83087398677387
80625,101.0,17.0,149.8668612310036
80626,101.0,17.5,145.89203210324874
80627,101.0,18.0,152.76181630482145
80628,101.0,18.5,150.53933837574618
80629,101.0,19.0,149.4765093275417
80630,101.0,19.5,148.82483965486804
80631,101.0,20.0,147.24624378789184
80632,101.0,20.5,152.0057036112738
80633,101.0,21.0,152.1129442146347
80634,101.0,22.0,151.70813851612812
80635,101.0,22.5,153.07493675184517
80636,101.0,23.0,152.20702194582933
80637,101.0,23.5,149.53154932149428
80638,101.0,24.0,149.02491795185804
80639,101.0,24.5,145.72328016321356
80640,101.0,25.0,146.3947599293114
80641,101.0,25.5,146.83928949795788
80642,101.0,26.0,148.26241897810266
80643,101.0,26.5,148.58145109775222
80644,101.0,27.0,147.7724493259233
80645,101.0,27.5,151.63008282374892
80646,101.0,28.0,150.0400011312271
80647,101.0,28.5,148.2763187273515
80648,101.0,29.0,145.19349375608445
80649,101.0,29.5,146.04182763738896
80650,101.0,30.0,144.4357923317968
80651,101.0,30.5,148.20448306683446
80652,101.0,31.0,147.1839047711731
80653,101.0,31.5,149.3912123857274
80654,101.0,32.0,148.07369344944
80655,101.0,32.5,150.13336311093832
80656,101.0,33.0,146.73350744605833
80657,101.0,33.5,147.9016646906156
80658,101.0,34.0,143.7655635474309
80659,101.0,34.5,150.26216380351713
80660,101.0,35.0,146.7075447229136
80661,101.0,35.5,148.3758871055521
80662,101.0,36.0,152.81760451301253
80663,101.0,36.5,150.91582440435462
80664,101.5,-40.5,161.41568561480548
80665,101.5,-40.0,161.41839072268283
80666,101.5,-39.5,157.72448192068296
80667,101.5,-39.0,157.05104577892544
80668,101.5,-37.5,149.35594280393667
80669,101.5,-37.0,152.51821228655507
80670,101.5,-36.5,149.44820083330833
80671,101.5,-36.0,149.36012489078462
80672,101.5,-35.5,148.69635276576753
80673,101.5,-35.0,149.7705334113754
80674,101.5,-34.5,150.98985228052757
80675,101.5,-34.0,150.99509357519665
80676,101.5,-33.5,150.2522461108613
80677,101.5,-33.0,149.58402997036757
80678,101.5,-32.5,152.17494607896214
80679,101.5,-32.0,147.7789329725739
80680,101.5,-31.5,149.66048303593797
80681,101.5,-31.0,152.6824396468778
80682,101.5,-30.5,148.09228666687665
80683,101.5,-30.0,149.8745285148843
80684,101.5,-29.5,151.137934445121
80685,101.5,-29.0,152.8494477600065
80686,101.5,-28.5,154.56794252400982
80687,101.5,-28.0,149.07807361674497
80688,101.5,-27.5,154.372045944901
80689,101.5,-27.0,148.03907802189102
80690,101.5,-26.5,150.6641808211614
80691,101.5,-26.0,149.1237380473307
80692,101.5,-25.5,147.12391469485453
80693,101.5,-25.0,154.09719998550457
80694,101.5,-24.5,150.31575558208593
80695,101.5,-24.0,148.39611286646155
80696,101.5,-23.5,149.16093065343372
80697,101.5,-23.0,148.9645552729733
80698,101.5,-22.5,148.97137086781484
80699,101.5,-22.0,150.98416528250584
80700,101.5,-21.0,149.21923884652588
80701,101.5,-20.5,160.57809579654528
80702,101.5,-20.0,157.37518296181517
80703,101.5,-19.5,149.3481711470214
80704,101.5,-19.0,150.10998568663572
80705,101.5,-18.5,151.50635576217834
80706,101.5,-18.0,156.88234438643866
80707,101.5,-17.0,149.2483609358195
80708,101.5,-16.5,150.644999255067
80709,101.5,-15.5,147.297865316415
80710,101.5,-15.0,147.36257431619822
80711,101.5,-14.5,149.61356788812733
80712,101.5,-14.0,156.2003003087481
80713,101.5,-13.5,150.7218016660782
80714,101.5,-12.5,151.96182643747682
80715,101.5,-12.0,153.5420112175815
80716,101.5,-11.5,153.46535519826352
80717,101.5,-10.0,155.65964948423698
80718,101.5,-9.5,147.6972008004921
80719,101.5,-9.0,153.44182795064353
80720,101.5,-8.5,149.34188065645594
80721,101.5,-8.0,151.39641335757284
80722,101.5,-7.5,158.04867124956465
80723,101.5,-7.0,158.0315078574625
80724,101.5,-6.5,147.40717964545323
80725,101.5,-6.0,147.92220105585434
80726,101.5,-5.5,147.4469882220424
80727,101.5,-5.0,148.41789843553133
80728,101.5,-4.5,148.87262995638773
80729,101.5,-4.0,148.7793992609136
80730,101.5,-3.5,150.2329220693322
80731,101.5,-3.0,149.34982939768906
80732,101.5,-2.5,146.00849871691253
80733,101.5,-2.0,148.86872563676175
80734,101.5,-1.5,152.71394930916728
80735,101.5,-1.0,151.3368902177255
80736,101.5,-0.5,158.75122822187828
80737,101.5,0.0,144.26154968590407
80738,101.5,0.5,149.21448350361567
80739,101.5,1.0,149.21172528566362
80740,101.5,1.5,146.87233688720687
80741,101.5,2.0,151.34917338762745
80742,101.5,2.5,154.96887336456066
80743,101.5,3.0,152.00799439680122
80744,101.5,3.5,147.8922186731616
80745,101.5,4.0,148.5976215230235
80746,101.5,4.5,144.57845796889353
80747,101.5,5.0,146.13056004130652
80748,101.5,5.5,145.9037387743663
80749,101.5,6.0,148.3250648235862
80750,101.5,6.5,153.21194242834625
80751,101.5,7.0,156.10552713302934
80752,101.5,7.5,152.8057829919141
80753,101.5,8.5,155.31650776579286
80754,101.5,9.0,156.27810143147673
80755,101.5,9.5,156.43107766988732
80756,101.5,10.0,155.5609600393399
80757,101.5,10.5,151.1309483650855
80758,101.5,11.0,156.97414230308587
80759,101.5,11.5,155.15041638348995
80760,101.5,12.0,150.43298986954787
80761,101.5,12.5,153.4957357507682
80762,101.5,13.0,150.16567529698472
80763,101.5,13.5,153.27416077001402
80764,101.5,14.0,154.35300104742436
80765,101.5,14.5,147.52602920735484
80766,101.5,15.0,152.89877824651848
80767,101.5,15.5,151.95124091042086
80768,101.5,16.0,154.46485391396882
80769,101.5,16.5,154.31883104848137
80770,101.5,17.0,148.81981097791584
80771,101.5,17.5,151.1225528243328
80772,101.5,18.0,153.44670368060218
80773,101.5,18.5,152.0051744146815
80774,101.5,19.0,148.77961739182163
80775,101.5,19.5,146.3891928929281
80776,101.5,20.0,147.97006712019325
80777,101.5,21.0,152.5482178332633
80778,101.5,21.5,147.11709331422756
80779,101.5,22.0,150.248233835181
80780,101.5,22.5,150.35336687423774
80781,101.5,23.0,150.90571560745798
80782,101.5,23.5,152.09360098678584
80783,101.5,24.0,148.11724042800617
80784,101.5,24.5,145.3291683043952
80785,101.5,25.0,143.29046402728846
80786,101.5,25.5,148.71067219323479
80787,101.5,26.0,149.9279109324686
80788,101.5,26.5,149.3615330165539
80789,101.5,27.0,149.36536546269562
80790,101.5,27.5,152.365018840657
80791,101.5,28.0,152.45873466137414
80792,101.5,28.5,147.95981854686974
80793,101.5,29.0,145.3722710812553
80794,101.5,29.5,144.90183910191658
80795,101.5,30.0,144.42963054551223
80796,101.5,30.5,147.51834778382704
80797,101.5,31.0,147.05799875034793
80798,101.5,31.5,149.40809758826427
80799,101.5,32.0,147.32775475756017
80800,101.5,32.5,150.41030252557402
80801,101.5,33.0,148.47735734649632
80802,101.5,33.5,146.75845871740918
80803,101.5,34.0,144.66151638612305
80804,101.5,34.5,150.89383514418958
80805,101.5,35.0,146.8706238229287
80806,101.5,35.5,148.2855236243289
80807,101.5,36.0,148.66288645272738
80808,101.5,36.5,149.56044412109713
80809,101.5,37.0,157.6799788945567
80810,102.0,-41.0,161.18977782370268
80811,102.0,-40.5,161.7008206608728
80812,102.0,-40.0,160.60945359764662
80813,102.0,-39.5,157.6033877540306
80814,102.0,-39.0,156.85946623574873
80815,102.0,-37.5,149.48907515625302
80816,102.0,-37.0,151.28595146832555
80817,102.0,-36.5,149.40362203487385
80818,102.0,-36.0,149.3653691197325
80819,102.0,-35.5,147.6438409265613
80820,102.0,-35.0,149.3403347074535
80821,102.0,-34.5,151.19515816474757
80822,102.0,-34.0,150.3742152508115
80823,102.0,-33.5,149.3175661627203
80824,102.0,-33.0,150.42765925278195
80825,102.0,-32.5,152.11058886953458
80826,102.0,-32.0,147.54874478719327
80827,102.0,-31.5,149.53170498530665
80828,102.0,-31.0,157.59120213351807
80829,102.0,-30.5,147.62896224025394
80830,102.0,-30.0,151.70178526512044
80831,102.0,-29.5,152.76066471645174
80832,102.0,-29.0,150.34167356348274
80833,102.0,-28.5,153.4815179006556
80834,102.0,-28.0,150.5404829745354
80835,102.0,-27.5,151.4221223544251
80836,102.0,-27.0,150.57181530303657
80837,102.0,-26.5,149.55069662508808
80838,102.0,-26.0,149.561612976376
80839,102.0,-25.5,149.6971329021967
80840,102.0,-25.0,152.1391565951385
80841,102.0,-24.5,152.8820070050523
80842,102.0,-24.0,149.33728779256904
80843,102.0,-23.5,149.37387213403733
80844,102.0,-23.0,148.80860536086308
80845,102.0,-22.5,148.9310838367122
80846,102.0,-22.0,150.87551373150097
80847,102.0,-21.0,148.85629452087616
80848,102.0,-20.5,149.4967038408877
80849,102.0,-20.0,166.43371249648084
80850,102.0,-19.5,150.05354839503687
80851,102.0,-19.0,149.63755885035812
80852,102.0,-18.5,151.43640889422122
80853,102.0,-18.0,157.3919674869152
80854,102.0,-17.5,157.43960137924392
80855,102.0,-17.0,150.0018986693757
80856,102.0,-16.5,148.89909421598264
80857,102.0,-15.0,149.13990805137962
80858,102.0,-14.5,149.3783379531977
80859,102.0,-14.0,150.7281356972263
80860,102.0,-13.5,160.68042624400576
80861,102.0,-13.0,150.88481496876207
80862,102.0,-12.5,150.9849426099636
80863,102.0,-12.0,154.17668725263368
80864,102.0,-11.5,151.7551103023839
80865,102.0,-10.5,155.07911718225418
80866,102.0,-10.0,153.60222380372872
80867,102.0,-9.5,146.3573562208845
80868,102.0,-9.0,150.6329702903233
80869,102.0,-8.5,152.32176084921483
80870,102.0,-8.0,152.09191039650253
80871,102.0,-7.5,155.15084926004732
80872,102.0,-7.0,152.15250598620122
80873,102.0,-6.0,147.72710287759364
80874,102.0,-5.5,147.61986128116718
80875,102.0,-5.0,149.15477768204116
80876,102.0,-4.5,148.35938710206668
80877,102.0,-4.0,151.34056129165555
80878,102.0,-3.5,148.49176787646007
80879,102.0,-3.0,149.77213174688373
80880,102.0,-2.5,142.8404504863819
80881,102.0,-2.0,146.90746874478
80882,102.0,-1.5,149.96142158370847
80883,102.0,-1.0,155.85450984502896
80884,102.0,-0.5,148.9515888443798
80885,102.0,0.5,150.32344611965888
80886,102.0,1.0,148.09732950638863
80887,102.0,1.5,149.48392852719655
80888,102.0,2.0,153.26514860374743
80889,102.0,2.5,148.2987372468707
80890,102.0,3.0,145.69320491117128
80891,102.0,3.5,147.25823412444478
80892,102.0,4.5,145.79832084498346
80893,102.0,5.0,145.26124860765196
80894,102.0,5.5,147.81734606086803
80895,102.0,6.0,153.97597693762043
80896,102.0,6.5,155.6007533782213
80897,102.0,7.0,154.94147590271518
80898,102.0,7.5,155.17123005549456
80899,102.0,8.0,154.11367693401127
80900,102.0,8.5,156.91897312554636
80901,102.0,9.0,154.2917503100455
80902,102.0,9.5,156.70690927696847
80903,102.0,10.0,150.32322832521314
80904,102.0,10.5,151.24223903245857
80905,102.0,11.0,158.9866331658621
80906,102.0,11.5,151.4309249942312
80907,102.0,12.0,150.6729520944439
80908,102.0,12.5,151.09113129617847
80909,102.0,13.0,150.44227659502195
80910,102.0,13.5,152.99410956292198
80911,102.0,14.0,157.799968764326
80912,102.0,15.0,156.10605109643788
80913,102.0,15.5,159.78736008101177
80914,102.0,16.0,158.90405412605668
80915,102.0,16.5,156.57303878088646
80916,102.0,17.0,154.2442394913535
80917,102.0,17.5,153.45317167354736
80918,102.0,18.0,151.69928734017586
80919,102.0,18.5,153.0519469225036
80920,102.0,19.0,152.80651166246142
80921,102.0,19.5,145.9243954666369
80922,102.0,20.0,148.93275449938724
80923,102.0,20.5,148.37518052076985
80924,102.0,21.0,146.9581180117173
80925,102.0,21.5,153.8599527740493
80926,102.0,22.0,155.83428134878483
80927,102.0,22.5,149.6249801180701
80928,102.0,23.0,151.17195140231013
80929,102.0,23.5,152.83535310924543
80930,102.0,24.0,151.408692338619
80931,102.0,24.5,145.1013303482126
80932,102.0,25.0,147.57143107052573
80933,102.0,25.5,147.01414062196739
80934,102.0,26.0,148.8868725736856
80935,102.0,26.5,149.6072055097829
80936,102.0,27.0,149.92049963143592
80937,102.0,27.5,152.09997266687523
80938,102.0,28.0,150.465995921849
80939,102.0,28.5,147.97372663477998
80940,102.0,29.0,146.19332666353134
80941,102.0,29.5,144.51203801090645
80942,102.0,30.0,145.0687840355461
80943,102.0,30.5,146.30071187256183
80944,102.0,31.0,148.06461152306684
80945,102.0,31.5,149.30949312163267
80946,102.0,32.0,148.040505477579
80947,102.0,32.5,149.16591212692856
80948,102.0,33.0,148.8508419504315
80949,102.0,33.5,145.0424583999427
80950,102.0,34.0,144.73947699720918
80951,102.0,34.5,152.01304354578355
80952,102.0,35.0,147.42997790075324
80953,102.0,35.5,157.25599769204274
80954,102.0,36.0,147.12342018226778
80955,102.0,36.5,148.3839653443572
80956,102.0,37.0,157.84154950991478
80957,102.5,-41.0,160.97543742379105
80958,102.5,-40.5,161.23289140251052
80959,102.5,-40.0,158.4605178107181
80960,102.5,-39.0,156.66689669091932
80961,102.5,-37.0,152.0175936114017
80962,102.5,-36.5,149.2351308600871
80963,102.5,-36.0,148.85412889170922
80964,102.5,-35.5,148.53980845418542
80965,102.5,-35.0,149.35167674338578
80966,102.5,-34.5,151.8096782073299
80967,102.5,-34.0,150.1870517833034
80968,102.5,-33.5,149.1167245001359
80969,102.5,-33.0,150.770387904608
80970,102.5,-32.5,152.3331689269092
80971,102.5,-32.0,149.0022571067028
80972,102.5,-31.5,150.25148857093544
80973,102.5,-31.0,152.34414710384948
80974,102.5,-30.5,150.2362412836941
80975,102.5,-30.0,150.15187524938088
80976,102.5,-29.5,153.0269069279717
80977,102.5,-29.0,149.15788184836785
80978,102.5,-28.5,150.54691935357775
80979,102.5,-28.0,152.30273407302587
80980,102.5,-27.5,148.07305377583566
80981,102.5,-27.0,152.67057362911453
80982,102.5,-26.5,147.8750890189526
80983,102.5,-26.0,146.38717434375008
80984,102.5,-25.5,149.87147412354219
80985,102.5,-25.0,151.67065273652292
80986,102.5,-24.5,155.4682994473929
80987,102.5,-24.0,147.3630424026985
80988,102.5,-23.5,151.11621619682657
80989,102.5,-23.0,149.06098716680387
80990,102.5,-22.5,148.3678336579624
80991,102.5,-22.0,146.51176868927374
80992,102.5,-21.5,148.5338512324066
80993,102.5,-21.0,150.96798151456068
80994,102.5,-20.5,149.65100937985588
80995,102.5,-20.0,181.1783554322106
80996,102.5,-19.5,163.0071061248915
80997,102.5,-19.0,150.27273558923744
80998,102.5,-18.5,149.00911324147006
80999,102.5,-17.5,153.7861117895122
81000,102.5,-17.0,150.24056161400577
81001,102.5,-16.5,148.93272356890574
81002,102.5,-16.0,149.02623804730368
81003,102.5,-15.5,150.47980752552596
81004,102.5,-15.0,149.44979280796434
81005,102.5,-14.5,149.72461991821174
81006,102.5,-14.0,148.56118752655203
81007,102.5,-13.5,156.42667847418141
81008,102.5,-13.0,153.11068761998044
81009,102.5,-12.5,153.512141974044
81010,102.5,-12.0,151.85205641585404
81011,102.5,-11.5,153.9735502332375
81012,102.5,-11.0,154.5401453742606
81013,102.5,-10.5,154.6919865286377
81014,102.5,-10.0,145.67005080074495
81015,102.5,-9.5,150.58190668612107
81016,102.5,-9.0,145.8841408261284
81017,102.5,-8.5,159.33928821254452
81018,102.5,-8.0,154.55451081525422
81019,102.5,-7.5,150.91567510962082
81020,102.5,-7.0,146.2777672565562
81021,102.5,-6.5,154.68439394144102
81022,102.5,-6.0,147.49500348172498
81023,102.5,-5.5,148.78883566928675
81024,102.5,-5.0,148.24468207465168
81025,102.5,-4.5,149.79305651968264
81026,102.5,-4.0,148.80699607830297
81027,102.5,-3.5,149.24001834910632
81028,102.5,-3.0,145.22781183187982
81029,102.5,-2.5,145.37871020443157
81030,102.5,-2.0,145.06089092301366
81031,102.5,-1.5,151.25304988555945
81032,102.5,-1.0,148.50692486130987
81033,102.5,-0.5,154.71382998928252
81034,102.5,0.0,143.9997008377925
81035,102.5,0.5,144.63291694876605
81036,102.5,1.0,150.66669847207476
81037,102.5,1.5,152.1543631681839
81038,102.5,2.0,153.63532746861299
81039,102.5,2.5,143.28570399727116
81040,102.5,3.0,147.63154956905598
81041,102.5,3.5,145.7052853485629
81042,102.5,4.0,142.87857950298226
81043,102.5,5.0,150.61055160354982
81044,102.5,5.5,151.10049992931766
81045,102.5,6.0,156.43012832513404
81046,102.5,6.5,154.29293301631768
81047,102.5,7.0,152.66905278842844
81048,102.5,7.5,154.7052350918867
81049,102.5,8.0,155.00765497492452
81050,102.5,8.5,153.76582338252146
81051,102.5,9.0,158.05383973933638
81052,102.5,9.5,152.53067492914818
81053,102.5,10.0,152.8398678492317
81054,102.5,10.5,165.08827925775438
81055,102.5,11.0,153.5554214441205
81056,102.5,11.5,154.8183899175526
81057,102.5,12.0,154.24420874509565
81058,102.5,12.5,149.93682351818103
81059,102.5,13.0,150.74403671863462
81060,102.5,13.5,153.51256924631016
81061,102.5,14.0,155.17600702370802
81062,102.5,14.5,155.3011413758935
81063,102.5,15.0,153.4376734528305
81064,102.5,15.5,161.31598564150153
81065,102.5,16.0,159.41363845887915
81066,102.5,16.5,157.87049365926757
81067,102.5,17.0,159.9328186647069
81068,102.5,17.5,160.10071207094936
81069,102.5,18.0,158.41784800199312
81070,102.5,18.5,157.15007381515204
81071,102.5,19.0,151.230341615961
81072,102.5,20.0,148.18163651999774
81073,102.5,20.5,148.73028206675093
81074,102.5,21.0,145.4665918970898
81075,102.5,21.5,153.15263265209663
81076,102.5,22.0,151.064641819334
81077,102.5,22.5,146.09098904724692
81078,102.5,23.0,152.3060760580475
81079,102.5,23.5,153.6524178376671
81080,102.5,24.0,151.059477053333
81081,102.5,24.5,149.3340895365776
81082,102.5,25.0,149.57843054097435
81083,102.5,25.5,147.14468636845044
81084,102.5,26.0,147.66945378519594
81085,102.5,26.5,150.11288104722814
81086,102.5,27.0,146.1170478831444
81087,102.5,27.5,151.11205524145242
81088,102.5,28.0,152.0389158718209
81089,102.5,28.5,147.42430263862144
81090,102.5,29.0,145.85239016233314
81091,102.5,29.5,145.67436474575754
81092,102.5,30.0,144.94502994046172
81093,102.5,30.5,145.40576145718308
81094,102.5,31.0,147.90784110425605
81095,102.5,31.5,149.0323788001411
81096,102.5,32.0,148.80436434239576
81097,102.5,32.5,147.53280781936255
81098,102.5,33.0,150.15586592767733
81099,102.5,33.5,143.03613898946043
81100,102.5,34.0,145.87462269371807
81101,102.5,34.5,154.21896596610705
81102,102.5,35.0,147.5199016091263
81103,102.5,35.5,151.8294179193115
81104,102.5,36.0,148.31781383946472
81105,102.5,36.5,148.036851712518
81106,102.5,37.0,158.2212085643261
81107,103.0,-41.0,160.78368223488556
81108,103.0,-40.5,160.71868297213186
81109,103.0,-40.0,157.46894546303224
81110,103.0,-39.5,156.55304680783811
81111,103.0,-39.0,156.53681444499986
81112,103.0,-37.0,152.16300890895616
81113,103.0,-36.5,149.62328154680424
81114,103.0,-36.0,148.72275296495616
81115,103.0,-35.5,147.7760876037067
81116,103.0,-35.0,149.195541768434
81117,103.0,-34.5,151.41050525427315
81118,103.0,-34.0,149.5477598021372
81119,103.0,-33.5,148.90444296038564
81120,103.0,-33.0,152.08855886511094
81121,103.0,-32.5,151.95318900728043
81122,103.0,-32.0,150.78582375340798
81123,103.0,-31.5,153.26047827930793
81124,103.0,-31.0,147.52504849307456
81125,103.0,-30.5,155.60725946512832
81126,103.0,-30.0,147.95749843031638
81127,103.0,-29.5,152.6963244890899
81128,103.0,-29.0,150.5617874548628
81129,103.0,-28.5,147.46209861872694
81130,103.0,-28.0,151.4139044296375
81131,103.0,-27.5,148.06895878812745
81132,103.0,-27.0,152.17360225992948
81133,103.0,-26.5,148.38171270502932
81134,103.0,-26.0,146.5919642799798
81135,103.0,-25.5,149.71252830012807
81136,103.0,-25.0,152.26046856887794
81137,103.0,-24.5,152.13841066046376
81138,103.0,-24.0,149.41857283576343
81139,103.0,-23.5,150.10118036835752
81140,103.0,-23.0,148.7898257058565
81141,103.0,-22.5,146.86390890292577
81142,103.0,-22.0,146.60053643579005
81143,103.0,-21.5,148.27148118003973
81144,103.0,-21.0,155.61044228287722
81145,103.0,-20.5,151.10544835210186
81146,103.0,-20.0,149.60262031804453
81147,103.0,-19.5,160.34190886331353
81148,103.0,-19.0,150.83278576373473
81149,103.0,-18.5,149.12567497221264
81150,103.0,-18.0,150.13568216251815
81151,103.0,-17.5,156.73269849561177
81152,103.0,-17.0,147.2089727754866
81153,103.0,-16.0,149.2889068029181
81154,103.0,-15.5,150.45028755250814
81155,103.0,-15.0,150.62382097562997
81156,103.0,-14.5,148.32153159909748
81157,103.0,-14.0,149.35660886646718
81158,103.0,-13.5,150.7285818254947
81159,103.0,-13.0,156.85355541341133
81160,103.0,-12.5,152.58685251926204
81161,103.0,-11.5,153.7946357361562
81162,103.0,-11.0,154.37857067625148
81163,103.0,-10.5,145.8749281564391
81164,103.0,-10.0,149.21353060836415
81165,103.0,-9.5,146.90433156552422
81166,103.0,-9.0,145.8905836380596
81167,103.0,-8.0,155.864284848905
81168,103.0,-7.5,151.08372529428507
81169,103.0,-7.0,146.500726250147
81170,103.0,-6.5,150.55147541066248
81171,103.0,-6.0,154.96949172352208
81172,103.0,-5.5,148.86324249450473
81173,103.0,-5.0,149.56213862973672
81174,103.0,-4.5,149.75113487493653
81175,103.0,-4.0,148.92959687421714
81176,103.0,-3.5,148.3328510462779
81177,103.0,-2.5,145.92260838954758
81178,103.0,-2.0,156.97474514211586
81179,103.0,-1.5,151.1027771728758
81180,103.0,-1.0,148.78309162219816
81181,103.0,-0.5,151.37722441999063
81182,103.0,0.0,152.85129602790062
81183,103.0,0.5,147.99113037037694
81184,103.0,1.0,155.43908727678863
81185,103.0,1.5,154.71798931967504
81186,103.0,2.0,148.91151689753852
81187,103.0,2.5,148.66576521962415
81188,103.0,3.0,145.96140594587416
81189,103.0,3.5,144.45597180789534
81190,103.0,4.0,144.07548846438115
81191,103.0,4.5,147.1497213811482
81192,103.0,5.0,151.78231165479235
81193,103.0,5.5,152.4994599212951
81194,103.0,6.0,154.38819349622938
81195,103.0,6.5,151.72237345001773
81196,103.0,7.0,150.2535806263036
81197,103.0,7.5,153.37375791008063
81198,103.0,8.0,154.65819270607508
81199,103.0,8.5,150.98701950599028
81200,103.0,9.5,149.97104904371082
81201,103.0,10.0,156.5395073300149
81202,103.0,10.5,156.13408075863322
81203,103.0,11.0,152.89451199158182
81204,103.0,11.5,156.05819755899998
81205,103.0,12.0,149.84355189701375
81206,103.0,12.5,149.3186305853141
81207,103.0,13.0,161.35397576209226
81208,103.0,13.5,158.26352773935798
81209,103.0,14.5,163.73328532463358
81210,103.0,15.5,161.52153613320635
81211,103.0,16.0,160.85686293085058
81212,103.0,16.5,160.51948214829883
81213,103.0,17.0,160.24673392055868
81214,103.0,17.5,161.71928975882258
81215,103.0,18.0,159.87223231524536
81216,103.0,18.5,150.9352675536823
81217,103.0,19.0,150.55156856882513
81218,103.0,19.5,155.5179127426276
81219,103.0,20.5,146.1738953466846
81220,103.0,21.0,147.22842964268335
81221,103.0,21.5,153.45770954667796
81222,103.0,22.0,151.83284605981908
81223,103.0,22.5,145.2883822597184
81224,103.0,23.0,151.71307551847514
81225,103.0,23.5,152.45143176974665
81226,103.0,24.0,149.94700343487986
81227,103.0,24.5,153.5124107921094
81228,103.0,25.0,148.87559724188645
81229,103.0,25.5,148.77758139334068
81230,103.0,26.0,147.2913343704955
81231,103.0,26.5,150.4121458632767
81232,103.0,27.0,147.71855694290264
81233,103.0,27.5,151.82776635998113
81234,103.0,28.0,146.88394104950265
81235,103.0,28.5,146.51657430829138
81236,103.0,29.0,146.3097276200246
81237,103.0,29.5,144.71018758377497
81238,103.0,30.0,149.48856225049164
81239,103.0,30.5,146.16300513860133
81240,103.0,31.0,148.2502690308083
81241,103.0,31.5,148.71862658385288
81242,103.0,32.0,148.87451928591
81243,103.0,32.5,146.94163298451124
81244,103.0,33.0,150.11562270961312
81245,103.0,33.5,144.85301507821558
81246,103.0,34.0,146.16884652783648
81247,103.0,34.5,151.01721563116556
81248,103.0,35.0,147.9010945620247
81249,103.0,35.5,150.02292273141683
81250,103.0,36.0,149.15160618453092
81251,103.0,36.5,149.73657305462456
81252,103.5,-41.0,160.56591487857804
81253,103.5,-40.5,160.64568730882306
81254,103.5,-40.0,157.33968234006858
81255,103.5,-39.5,156.52974772076558
81256,103.5,-37.0,152.2211930592052
81257,103.5,-36.5,149.70098392934977
81258,103.5,-36.0,149.11195027826608
81259,103.5,-35.5,147.5076358212607
81260,103.5,-35.0,148.7753982030841
81261,103.5,-34.5,151.53773201229723
81262,103.5,-34.0,149.61259609921888
81263,103.5,-33.5,149.96771564602386
81264,103.5,-33.0,152.5993400228631
81265,103.5,-32.5,153.29102429881993
81266,103.5,-32.0,155.04708004296745
81267,103.5,-31.5,152.25668040954366
81268,103.5,-31.0,148.23082492283595
81269,103.5,-30.5,156.40786839527834
81270,103.5,-30.0,150.48225746347796
81271,103.5,-29.5,151.41742778027515
81272,103.5,-29.0,150.59595699687674
81273,103.5,-28.5,146.26644764014702
81274,103.5,-28.0,149.57024963766335
81275,103.5,-27.5,150.16620964158184
81276,103.5,-27.0,148.2819472821555
81277,103.5,-26.5,152.91346379749197
81278,103.5,-26.0,147.13859745360813
81279,103.5,-25.5,153.98550634980413
81280,103.5,-25.0,149.49246267875228
81281,103.5,-24.5,148.8110375031264
81282,103.5,-24.0,151.39849446390156
81283,103.5,-23.5,148.5228326886922
81284,103.5,-23.0,148.87780843293157
81285,103.5,-22.5,147.1399144135564
81286,103.5,-22.0,147.09517734520733
81287,103.5,-21.5,147.52761487465753
81288,103.5,-21.0,150.279593010432
81289,103.5,-20.5,156.3977585088722
81290,103.5,-20.0,150.51542720172174
81291,103.5,-19.5,150.64527085204338
81292,103.5,-19.0,165.0741672661529
81293,103.5,-18.5,149.11325121660005
81294,103.5,-18.0,149.73619308038477
81295,103.5,-17.0,153.84163143583098
81296,103.5,-16.5,147.36008387722487
81297,103.5,-16.0,152.04935821068935
81298,103.5,-15.5,150.0437829439784
81299,103.5,-15.0,150.51446868548538
81300,103.5,-14.0,150.29564880136175
81301,103.5,-13.5,150.0517006489531
81302,103.5,-13.0,152.37329321844373
81303,103.5,-12.5,161.3919264290638
81304,103.5,-11.5,153.68657906974235
81305,103.5,-11.0,153.6444629448317
81306,103.5,-10.5,151.31569964399364
81307,103.5,-10.0,148.2215132012108
81308,103.5,-9.5,146.09638049832174
81309,103.5,-8.0,146.1054796291841
81310,103.5,-7.5,159.5681065456665
81311,103.5,-7.0,149.32667727292946
81312,103.5,-6.5,148.5380738910571
81313,103.5,-6.0,152.97095306187813
81314,103.5,-5.5,151.72633800473466
81315,103.5,-5.0,150.12538329409753
81316,103.5,-4.5,147.85094970418774
81317,103.5,-4.0,145.9676360755173
81318,103.5,-3.5,147.49166442029968
81319,103.5,-3.0,145.99209291509865
81320,103.5,-2.5,152.82114925247856
81321,103.5,-2.0,155.1988670800584
81322,103.5,-1.5,142.5398477245842
81323,103.5,-1.0,149.57880756949825
81324,103.5,-0.5,152.43709021576115
81325,103.5,0.0,158.3212051838012
81326,103.5,0.5,153.68865225103076
81327,103.5,1.0,156.85395669399645
81328,103.5,1.5,146.7830893392157
81329,103.5,2.0,149.25696635809783
81330,103.5,2.5,150.04881881353523
81331,103.5,3.0,149.961399921929
81332,103.5,3.5,147.4725828992077
81333,103.5,4.0,148.5405629561735
81334,103.5,4.5,147.49566366093993
81335,103.5,5.0,153.09295999680162
81336,103.5,5.5,151.08244196018012
81337,103.5,6.0,149.23283439058906
81338,103.5,6.5,150.18884688318866
81339,103.5,7.0,150.665589282529
81340,103.5,7.5,152.39054949542108
81341,103.5,8.0,152.34631450313978
81342,103.5,8.5,149.72417700630427
81343,103.5,9.0,149.9319421910189
81344,103.5,9.5,151.6574331054364
81345,103.5,10.0,156.91192013072643
81346,103.5,10.5,158.2875032204649
81347,103.5,11.0,159.0443224116405
81348,103.5,11.5,149.9667648313795
81349,103.5,12.0,147.22797986986768
81350,103.5,12.5,157.85546419522262
81351,103.5,13.0,162.45624848910782
81352,103.5,13.5,166.62326244050664
81353,103.5,14.0,160.25995220484563
81354,103.5,14.5,179.1143264933222
81355,103.5,15.5,164.31524870356407
81356,103.5,16.0,163.6762828869967
81357,103.5,16.5,164.17658144700337
81358,103.5,17.0,159.48744516596645
81359,103.5,17.5,160.24694085021676
81360,103.5,18.0,159.06870901086106
81361,103.5,18.5,154.04843007578626
81362,103.5,19.0,152.50098786241827
81363,103.5,19.5,153.17607209417304
81364,103.5,20.0,154.25037351406522
81365,103.5,20.5,145.7027511772664
81366,103.5,21.0,148.60015676252527
81367,103.5,21.5,147.32804113400016
81368,103.5,22.0,152.48427255455437
81369,103.5,22.5,154.24040564056813
81370,103.5,23.0,149.74166684154756
81371,103.5,23.5,152.20733717074583
81372,103.5,24.0,149.8742535875312
81373,103.5,24.5,152.31489897274676
81374,103.5,25.0,154.0678109001
81375,103.5,25.5,151.11929144703186
81376,103.5,26.0,145.96362726997378
81377,103.5,26.5,150.54404037583467
81378,103.5,27.0,148.6581196012013
81379,103.5,27.5,151.41802259375854
81380,103.5,28.0,148.56795761456294
81381,103.5,28.5,147.24948489013482
81382,103.5,29.0,148.42586923788977
81383,103.5,29.5,146.67144567657226
81384,103.5,30.0,152.2885337231805
81385,103.5,30.5,153.46542156926725
81386,103.5,31.0,150.24807163376417
81387,103.5,31.5,149.13247486874428
81388,103.5,32.0,147.83743714686915
81389,103.5,32.5,148.50862352971131
81390,103.5,33.0,149.3144190681015
81391,103.5,33.5,147.44575128591487
81392,103.5,34.0,146.35587341520667
81393,103.5,34.5,148.26282369168771
81394,103.5,35.0,150.50927407670696
81395,103.5,35.5,149.8954022991797
81396,103.5,36.0,148.27238621339626
81397,103.5,36.5,152.22681660244467
81398,104.0,-41.0,160.42658762945197
81399,104.0,-40.5,159.6356299905902
81400,104.0,-40.0,157.30058524635726
81401,104.0,-39.5,156.44487831765642
81402,104.0,-37.0,150.79381344646958
81403,104.0,-36.5,149.5496894889935
81404,104.0,-36.0,148.6255033288626
81405,104.0,-35.5,147.87192381009913
81406,104.0,-35.0,148.74441931335048
81407,104.0,-34.5,152.00438597505854
81408,104.0,-34.0,149.7201000690878
81409,104.0,-33.5,150.68596210261873
81410,104.0,-33.0,149.7864738459085
81411,104.0,-32.5,155.63403814905524
81412,104.0,-32.0,154.52910518978757
81413,104.0,-31.5,153.35161201994197
81414,104.0,-31.0,150.85277304608618
81415,104.0,-30.5,152.12743649930448
81416,104.0,-30.0,157.48049926500826
81417,104.0,-29.5,150.00444217301003
81418,104.0,-29.0,149.97711472826407
81419,104.0,-28.5,148.76074877419637
81420,104.0,-28.0,147.89343780551664
81421,104.0,-27.5,150.9871132663537
81422,104.0,-27.0,148.41322657008126
81423,104.0,-26.5,152.12035718477676
81424,104.0,-26.0,149.09441212770446
81425,104.0,-25.5,154.9326735207791
81426,104.0,-25.0,149.6272059858457
81427,104.0,-24.5,147.9159605000168
81428,104.0,-24.0,152.3913363755897
81429,104.0,-23.5,148.19042957389962
81430,104.0,-23.0,149.47244831650957
81431,104.0,-22.5,148.61325819591042
81432,104.0,-22.0,147.26989491552624
81433,104.0,-21.5,147.15066436018432
81434,104.0,-21.0,148.95058376034734
81435,104.0,-20.5,148.90937494226992
81436,104.0,-20.0,153.94295812447152
81437,104.0,-19.5,150.50088954716455
81438,104.0,-19.0,159.80867975557052
81439,104.0,-18.5,149.8794321688176
81440,104.0,-18.0,149.56240777741831
81441,104.0,-17.5,154.39546612760958
81442,104.0,-16.5,147.70456910747677
81443,104.0,-16.0,148.48498580884475
81444,104.0,-15.5,150.14327772698385
81445,104.0,-14.5,151.7883822667944
81446,104.0,-14.0,150.4690111168242
81447,104.0,-13.5,151.2398942747539
81448,104.0,-13.0,149.29309053422435
81449,104.0,-12.5,161.53244028108608
81450,104.0,-12.0,157.409848306225
81451,104.0,-11.5,153.38106393071618
81452,104.0,-11.0,146.0152186048724
81453,104.0,-10.5,153.79925492068844
81454,104.0,-10.0,148.7876892449158
81455,104.0,-8.5,146.21611780773418
81456,104.0,-8.0,146.20920618287536
81457,104.0,-7.5,160.15844539331877
81458,104.0,-7.0,156.96067501256118
81459,104.0,-6.5,148.63555537752663
81460,104.0,-6.0,152.572773296703
81461,104.0,-5.5,152.18036769912356
81462,104.0,-5.0,151.15821865203847
81463,104.0,-4.5,149.2477009303014
81464,104.0,-4.0,146.10925361878836
81465,104.0,-3.5,144.9517656958662
81466,104.0,-3.0,149.26152306210247
81467,104.0,-2.5,157.57131554707448
81468,104.0,-2.0,150.45364734687848
81469,104.0,-1.5,145.95318751253748
81470,104.0,-1.0,150.09151312957965
81471,104.0,-0.5,152.2768841318075
81472,104.0,0.0,153.81545192906552
81473,104.0,0.5,154.1479944203772
81474,104.0,1.0,154.840828701476
81475,104.0,1.5,150.60262990023367
81476,104.0,2.0,148.54954027880913
81477,104.0,2.5,150.15502597061436
81478,104.0,3.0,149.90804533338908
81479,104.0,3.5,147.56441249402562
81480,104.0,4.0,147.6322588032409
81481,104.0,4.5,150.706626304959
81482,104.0,5.0,148.99051508547635
81483,104.0,5.5,149.255268711322
81484,104.0,6.0,148.53106188710495
81485,104.0,6.5,149.37683423076794
81486,104.0,7.0,151.00280483183943
81487,104.0,7.5,149.91513180341127
81488,104.0,8.0,149.21300888656768
81489,104.0,8.5,148.4363795724657
81490,104.0,9.0,148.88593596559113
81491,104.0,9.5,147.81146104599108
81492,104.0,10.0,155.98043870029457
81493,104.0,10.5,158.995104981812
81494,104.0,11.0,155.05598671202898
81495,104.0,11.5,156.36325561199837
81496,104.0,12.0,149.1207306942247
81497,104.0,12.5,159.90299366637447
81498,104.0,13.5,157.86212680246868
81499,104.0,14.0,174.11798365555103
81500,104.0,14.5,178.98115276396686
81501,104.0,15.0,162.9679461663645
81502,104.0,15.5,162.98999711513844
81503,104.0,16.0,164.07380878204106
81504,104.0,17.0,158.115886715375
81505,104.0,17.5,160.84986730585405
81506,104.0,18.0,156.36640420951534
81507,104.0,18.5,156.20793302434572
81508,104.0,19.0,149.8664481156826
81509,104.0,19.5,148.32370317510666
81510,104.0,20.0,151.09604057413003
81511,104.0,20.5,144.3165987745741
81512,104.0,21.0,149.22096763595815
81513,104.0,21.5,149.7376213638608
81514,104.0,22.0,152.60467038354432
81515,104.0,22.5,154.840972758636
81516,104.0,23.0,146.3052462175489
81517,104.0,23.5,150.7781159580019
81518,104.0,24.0,150.8448227218251
81519,104.0,24.5,152.80991560370342
81520,104.0,25.0,154.46717489803217
81521,104.0,25.5,151.06804495223545
81522,104.0,26.5,148.23517728466877
81523,104.0,27.0,151.34978993802602
81524,104.0,27.5,147.41659558027078
81525,104.0,28.0,146.9867485708014
81526,104.0,28.5,150.52020806563604
81527,104.0,29.0,153.7935527919275
81528,104.0,29.5,157.53276468764528
81529,104.0,30.0,156.46883415325382
81530,104.0,30.5,155.74686048614436
81531,104.0,31.0,155.40210025046588
81532,104.0,31.5,150.54890881069113
81533,104.0,32.0,147.46793159617613
81534,104.0,32.5,149.178762088986
81535,104.0,33.0,147.19762703183576
81536,104.0,33.5,148.87994794409968
81537,104.0,34.0,146.69217436411665
81538,104.0,34.5,148.59063509517708
81539,104.0,35.0,151.97666357903904
81540,104.0,35.5,149.44591337905933
81541,104.0,36.0,148.60137392341622
81542,104.0,36.5,154.59289179717666
81543,104.5,-41.0,160.26518943572495
81544,104.5,-40.5,159.50555889094716
81545,104.5,-40.0,157.23984699372747
81546,104.5,-39.5,156.42139305972472
81547,104.5,-37.0,150.02175424344082
81548,104.5,-36.5,149.53706251671454
81549,104.5,-36.0,148.45078905894226
81550,104.5,-35.5,147.9947913956015
81551,104.5,-35.0,149.62886986176306
81552,104.5,-34.5,151.22030338276318
81553,104.5,-34.0,149.2928590497411
81554,104.5,-33.5,151.6264842299743
81555,104.5,-33.0,149.75948377444467
81556,104.5,-32.5,158.2756374412229
81557,104.5,-32.0,156.74531595855726
81558,104.5,-31.5,153.19744763379867
81559,104.5,-31.0,152.0985218450638
81560,104.5,-30.5,153.83383465913295
81561,104.5,-30.0,155.0419904033168
81562,104.5,-29.5,148.47362021356335
81563,104.5,-29.0,149.374013224966
81564,104.5,-28.5,151.68222889812742
81565,104.5,-28.0,147.3782062923465
81566,104.5,-27.5,150.05441140411514
81567,104.5,-27.0,149.65717586295696
81568,104.5,-26.5,147.0709282815672
81569,104.5,-26.0,154.8604287274934
81570,104.5,-25.5,150.13022954478407
81571,104.5,-24.5,148.97775572518572
81572,104.5,-24.0,150.3680370088229
81573,104.5,-23.5,150.29200839700354
81574,104.5,-23.0,150.76827601042763
81575,104.5,-22.5,147.08731495511455
81576,104.5,-22.0,147.804439308159
81577,104.5,-21.5,147.7339507889203
81578,104.5,-21.0,148.0970846240224
81579,104.5,-20.5,148.81294854303454
81580,104.5,-20.0,149.70841057346445
81581,104.5,-19.5,153.40379601614273
81582,104.5,-19.0,155.580728849501
81583,104.5,-18.5,150.78257972366424
81584,104.5,-17.5,149.74226519375765
81585,104.5,-16.5,150.2209941506899
81586,104.5,-16.0,149.30261816878672
81587,104.5,-15.0,150.29885924119367
81588,104.5,-14.5,150.62887916023166
81589,104.5,-14.0,152.10886341837536
81590,104.5,-13.5,150.9186734996017
81591,104.5,-13.0,150.31337681502728
81592,104.5,-12.5,148.5594338101668
81593,104.5,-12.0,156.32231542780167
81594,104.5,-11.5,146.13006270533918
81595,104.5,-11.0,149.81101718507693
81596,104.5,-10.5,149.06945795214386
81597,104.5,-10.0,156.64118004777518
81598,104.5,-9.5,157.7838517913179
81599,104.5,-9.0,146.30953412623487
81600,104.5,-8.5,146.1012152616259
81601,104.5,-7.0,152.01157165944036
81602,104.5,-6.5,155.62066365040297
81603,104.5,-6.0,151.06003181323373
81604,104.5,-5.5,149.62626285207742
81605,104.5,-5.0,154.36096200681396
81606,104.5,-4.5,153.35338796577452
81607,104.5,-4.0,155.23759360322188
81608,104.5,-3.5,149.05718809594273
81609,104.5,-3.0,156.8221281046827
81610,104.5,-2.5,153.22919520400038
81611,104.5,-1.5,147.97055191800416
81612,104.5,-1.0,159.72611069308445
81613,104.5,-0.5,154.79636326760595
81614,104.5,0.0,154.07913924444648
81615,104.5,0.5,155.20701201097833
81616,104.5,1.0,155.68895387608353
81617,104.5,1.5,149.99185757154157
81618,104.5,2.0,144.61605992966597
81619,104.5,2.5,144.90042096485664
81620,104.5,3.0,149.55713189823638
81621,104.5,3.5,149.34997597889281
81622,104.5,4.0,150.02661109144805
81623,104.5,4.5,150.27161347443098
81624,104.5,5.0,149.07226965383333
81625,104.5,5.5,147.73942909899444
81626,104.5,6.0,151.9294345616479
81627,104.5,6.5,151.122644637967
81628,104.5,7.0,150.5547747584635
81629,104.5,7.5,149.0416042325884
81630,104.5,8.0,148.9257643095562
81631,104.5,8.5,148.85552306213253
81632,104.5,9.0,148.23349897095716
81633,104.5,9.5,151.22480663217883
81634,104.5,10.0,155.43083624651482
81635,104.5,10.5,160.69359093895554
81636,104.5,11.0,161.232927245573
81637,104.5,11.5,160.6841197561085
81638,104.5,12.0,160.06940193474514
81639,104.5,12.5,161.8887149722586
81640,104.5,13.5,163.90800141340654
81641,104.5,14.0,165.16451595575887
81642,104.5,15.0,163.2349037874521
81643,104.5,15.5,164.44014597027143
81644,104.5,16.0,164.88471529835255
81645,104.5,16.5,163.6849951874436
81646,104.5,17.0,158.7609475214268
81647,104.5,17.5,157.6176580976852
81648,104.5,18.0,157.89881118706398
81649,104.5,18.5,156.06094813950048
81650,104.5,19.0,147.2239406138809
81651,104.5,19.5,151.38198141826746
81652,104.5,20.0,150.29312302792832
81653,104.5,20.5,155.50314493822682
81654,104.5,21.0,154.0060470404846
81655,104.5,21.5,148.9871667108502
81656,104.5,22.0,154.37010751223835
81657,104.5,22.5,154.15537040783803
81658,104.5,23.0,151.05860062778683
81659,104.5,23.5,145.7443900542728
81660,104.5,24.0,152.66882244300442
81661,104.5,24.5,148.8953648930308
81662,104.5,25.0,150.44396373599133
81663,104.5,25.5,150.8974215866269
81664,104.5,26.0,147.02719495093046
81665,104.5,26.5,148.43207269212695
81666,104.5,27.0,149.9897920169354
81667,104.5,27.5,145.8219685931481
81668,104.5,28.0,148.79472725607414
81669,104.5,28.5,151.11204768152137
81670,104.5,29.0,156.1738787888699
81671,104.5,29.5,152.37018373438463
81672,104.5,30.0,155.65681561203718
81673,104.5,30.5,154.70032426128523
81674,104.5,31.0,155.5317028005005
81675,104.5,31.5,155.9094156141095
81676,104.5,32.0,149.18234703789244
81677,104.5,32.5,148.39352521294967
81678,104.5,33.0,145.7754521443214
81679,104.5,33.5,149.33008657915366
81680,104.5,34.0,146.20970110829083
81681,104.5,34.5,147.52175554478313
81682,104.5,35.0,151.58174482012552
81683,104.5,35.5,149.56356420642442
81684,104.5,36.0,150.68750898220156
81685,104.5,36.5,154.32066801928238
81686,104.5,37.5,160.1846931295354
81687,105.0,-41.0,160.1790137805349
81688,105.0,-40.5,159.44917971602885
81689,105.0,-40.0,157.3043950782015
81690,105.0,-39.5,156.49867902821114
81691,105.0,-37.0,150.04063656602415
81692,105.0,-36.5,148.88537022199174
81693,105.0,-36.0,150.8164119787964
81694,105.0,-35.5,148.10660768058625
81695,105.0,-35.0,149.80639201063408
81696,105.0,-34.5,148.93535962123042
81697,105.0,-34.0,149.33055432092698
81698,105.0,-33.5,151.01076086059945
81699,105.0,-33.0,151.8093406648474
81700,105.0,-32.5,156.34765659604466
81701,105.0,-32.0,155.33778218816357
81702,105.0,-31.5,153.87604547082927
81703,105.0,-31.0,152.06793359169035
81704,105.0,-30.5,154.8463194350501
81705,105.0,-30.0,153.53199884658744
81706,105.0,-29.5,150.04409408362292
81707,105.0,-29.0,148.4619194314902
81708,105.0,-28.5,149.53572404385488
81709,105.0,-28.0,147.85124622389668
81710,105.0,-27.5,147.34852310146476
81711,105.0,-27.0,150.90377910269711
81712,105.0,-26.5,147.54030640097915
81713,105.0,-26.0,154.14820245915266
81714,105.0,-25.5,150.61727408491822
81715,105.0,-25.0,148.87032183748704
81716,105.0,-24.5,149.41847374591524
81717,105.0,-24.0,149.54219446072204
81718,105.0,-23.5,155.47202100074392
81719,105.0,-23.0,148.0108634773854
81720,105.0,-22.5,148.83932695068955
81721,105.0,-22.0,148.57680263282452
81722,105.0,-21.5,147.6886002276278
81723,105.0,-21.0,147.93225521307315
81724,105.0,-20.5,149.4284797630919
81725,105.0,-19.5,155.79643097483935
81726,105.0,-19.0,152.1003429545963
81727,105.0,-18.5,156.8664062355509
81728,105.0,-17.5,149.7485808693112
81729,105.0,-17.0,150.84310351648475
81730,105.0,-16.5,150.46324959591195
81731,105.0,-16.0,149.64530789327404
81732,105.0,-15.5,148.34943495032257
81733,105.0,-15.0,150.54013767092633
81734,105.0,-14.5,150.92864091180908
81735,105.0,-14.0,151.84700864286592
81736,105.0,-13.5,149.36423249639034
81737,105.0,-13.0,149.98132235983098
81738,105.0,-12.5,151.1309785809982
81739,105.0,-12.0,147.41964069121255
81740,105.0,-11.5,149.6664937303979
81741,105.0,-11.0,147.62746962277674
81742,105.0,-10.5,146.30074151021847
81743,105.0,-10.0,158.83290072372236
81744,105.0,-9.5,156.7763326873853
81745,105.0,-9.0,150.53946779736094
81746,105.0,-7.5,147.9436812636943
81747,105.0,-7.0,153.2178281586744
81748,105.0,-6.5,153.8397138369423
81749,105.0,-6.0,151.2924882794336
81750,105.0,-5.5,151.65285638913946
81751,105.0,-5.0,158.80073635975654
81752,105.0,-4.5,159.00900659483676
81753,105.0,-4.0,150.44413958340922
81754,105.0,-3.5,154.61136444334
81755,105.0,-3.0,153.62405958633462
81756,105.0,-2.5,153.60854999965443
81757,105.0,-2.0,149.3070504053258
81758,105.0,-1.0,154.11854506883344
81759,105.0,-0.5,151.0297807172363
81760,105.0,0.0,150.9247551229672
81761,105.0,0.5,150.28995791221416
81762,105.0,1.0,151.08336438063557
81763,105.0,1.5,152.91808606143988
81764,105.0,2.0,145.27412905451274
81765,105.0,2.5,144.8017783167446
81766,105.0,3.0,146.2726452722696
81767,105.0,3.5,149.4914916979068
81768,105.0,4.0,151.07487171449898
81769,105.0,4.5,149.09222420261844
81770,105.0,5.0,148.95134108085264
81771,105.0,5.5,146.87307030066336
81772,105.0,6.0,151.53452924513817
81773,105.0,6.5,153.90666963085584
81774,105.0,7.0,149.05128818957024
81775,105.0,7.5,149.57575134971296
81776,105.0,8.0,148.41055104701778
81777,105.0,8.5,155.16303920238218
81778,105.0,9.0,162.17885984536238
81779,105.0,9.5,159.2771778512326
81780,105.0,10.0,160.60805130732962
81781,105.0,10.5,163.6556021297185
81782,105.0,11.0,165.09450331583204
81783,105.0,11.5,164.39166832660214
81784,105.0,12.0,165.14640910328066
81785,105.0,12.5,166.05081959140182
81786,105.0,13.0,161.62636871023543
81787,105.0,13.5,177.47263811009262
81788,105.0,14.0,153.20566806161082
81789,105.0,14.5,159.3997552634513
81790,105.0,15.0,162.1767729690653
81791,105.0,15.5,163.13319885764193
81792,105.0,16.0,161.38752762055725
81793,105.0,16.5,162.10305371653743
81794,105.0,17.0,162.47043809634349
81795,105.0,17.5,153.28817040636517
81796,105.0,18.0,158.53746967685638
81797,105.0,19.0,156.91918218287353
81798,105.0,19.5,150.38180620553825
81799,105.0,20.0,150.35031460854617
81800,105.0,20.5,155.36964773170322
81801,105.0,21.0,153.9015837410235
81802,105.0,21.5,155.63981929081734
81803,105.0,22.0,155.45037266663743
81804,105.0,22.5,153.87925278767628
81805,105.0,23.0,150.92093195379812
81806,105.0,23.5,142.4792990195654
81807,105.0,24.0,151.65465960713564
81808,105.0,24.5,148.64727763770918
81809,105.0,25.0,151.8104807836057
81810,105.0,25.5,152.6855234104979
81811,105.0,26.0,150.6963249373039
81812,105.0,26.5,148.92680436171875
81813,105.0,27.0,149.25808766131
81814,105.0,27.5,146.63679208101235
81815,105.0,28.0,148.0080094371474
81816,105.0,28.5,152.8409256410458
81817,105.0,29.0,158.0255971172756
81818,105.0,29.5,156.8868059020817
81819,105.0,30.0,156.62276024911907
81820,105.0,30.5,156.55807865713487
81821,105.0,31.0,153.54978325462483
81822,105.0,31.5,155.50090428764327
81823,105.0,32.0,153.3823567721685
81824,105.0,32.5,149.5549592966866
81825,105.0,33.0,149.11365557608718
81826,105.0,33.5,149.68132239663993
81827,105.0,34.0,146.80078930385787
81828,105.0,34.5,148.12901988614487
81829,105.0,35.0,150.6893823858346
81830,105.0,35.5,149.82269820089292
81831,105.0,36.0,152.3828609145882
81832,105.0,36.5,154.9376904342791
81833,105.0,37.5,160.2226667604589
81834,105.0,38.0,160.39297852740629
81835,105.5,-41.0,159.90213155491352
81836,105.5,-40.5,159.31664726236778
81837,105.5,-40.0,157.17889211324848
81838,105.5,-37.0,148.142658810424
81839,105.5,-36.5,149.70463443297436
81840,105.5,-36.0,150.88527695675387
81841,105.5,-35.5,148.0245608942337
81842,105.5,-35.0,150.623872861157
81843,105.5,-34.5,148.7617731626084
81844,105.5,-34.0,151.22226331596715
81845,105.5,-33.5,149.62324589024635
81846,105.5,-33.0,155.1427566382022
81847,105.5,-32.5,150.76807515816296
81848,105.5,-32.0,156.0999576979266
81849,105.5,-31.5,157.2446240507417
81850,105.5,-31.0,152.9038370249354
81851,105.5,-30.5,156.35610878882804
81852,105.5,-30.0,152.16239350992012
81853,105.5,-29.5,150.2041757187769
81854,105.5,-29.0,146.6330429034563
81855,105.5,-28.5,148.397301584712
81856,105.5,-28.0,148.9194668764383
81857,105.5,-27.5,147.18844498313604
81858,105.5,-27.0,152.02694814559874
81859,105.5,-26.5,151.90628313314812
81860,105.5,-26.0,151.1912390372665
81861,105.5,-25.5,151.82778453339066
81862,105.5,-25.0,149.20311013933036
81863,105.5,-24.5,150.2963982524239
81864,105.5,-24.0,148.01281096738114
81865,105.5,-23.5,152.4728555874965
81866,105.5,-23.0,149.8639671529519
81867,105.5,-22.5,150.03557213855623
81868,105.5,-22.0,149.04324787176955
81869,105.5,-21.5,147.80837720151936
81870,105.5,-21.0,147.46425833999083
81871,105.5,-20.5,149.00755215580344
81872,105.5,-19.5,149.21026957727844
81873,105.5,-19.0,151.55281630173565
81874,105.5,-18.5,155.41005154739142
81875,105.5,-18.0,156.7243956444683
81876,105.5,-17.5,152.820997480452
81877,105.5,-17.0,150.79528487501196
81878,105.5,-16.5,150.5805503043283
81879,105.5,-16.0,150.04356320455648
81880,105.5,-15.5,150.08168835366425
81881,105.5,-15.0,149.34038536568883
81882,105.5,-14.5,151.49552783841062
81883,105.5,-14.0,156.98095423348215
81884,105.5,-13.0,151.1206169281331
81885,105.5,-12.5,150.84409540310716
81886,105.5,-12.0,148.82305551184177
81887,105.5,-11.5,149.40177906653602
81888,105.5,-11.0,151.15455574260022
81889,105.5,-10.0,152.04737182963405
81890,105.5,-9.5,153.3806113603445
81891,105.5,-9.0,159.5071443862889
81892,105.5,-7.5,149.53574208994615
81893,105.5,-7.0,153.42509576894798
81894,105.5,-6.5,150.5736961345311
81895,105.5,-6.0,157.38981159375265
81896,105.5,-5.5,152.03107963782398
81897,105.5,-4.5,159.2181856901536
81898,105.5,-4.0,157.94672990075856
81899,105.5,-3.5,153.85771908037677
81900,105.5,-3.0,150.82306389402564
81901,105.5,-2.5,150.94322261193344
81902,105.5,-2.0,149.13761493163915
81903,105.5,-1.5,158.8377208936813
81904,105.5,-1.0,149.6695265487609
81905,105.5,-0.5,150.94243893843398
81906,105.5,0.0,146.24070380748512
81907,105.5,0.5,148.66309999165298
81908,105.5,1.0,150.9804782218823
81909,105.5,1.5,156.83702943122816
81910,105.5,2.0,152.18284321195904
81911,105.5,2.5,144.75944929911984
81912,105.5,3.0,147.0299246991096
81913,105.5,3.5,150.9842917253688
81914,105.5,4.0,150.97241750870123
81915,105.5,4.5,150.03288469407957
81916,105.5,5.0,146.433380363879
81917,105.5,5.5,151.33841406713867
81918,105.5,6.0,152.51493467687837
81919,105.5,6.5,152.55642192961201
81920,105.5,7.0,154.11966770647078
81921,105.5,7.5,149.23466044521714
81922,105.5,8.0,149.33150110691977
81923,105.5,8.5,150.16936513003003
81924,105.5,9.0,156.82940372274876
81925,105.5,9.5,164.349260762128
81926,105.5,10.0,163.74690249742807
81927,105.5,10.5,163.25281122220957
81928,105.5,11.0,164.79874893911472
81929,105.5,11.5,164.54507527751878
81930,105.5,13.0,158.91990692865423
81931,105.5,13.5,174.29285433067523
81932,105.5,14.0,156.71100431335515
81933,105.5,14.5,154.23047632558334
81934,105.5,15.0,161.2235290545388
81935,105.5,16.0,157.40318622135507
81936,105.5,16.5,155.9997856864111
81937,105.5,17.0,159.13001553201462
81938,105.5,17.5,156.487087391199
81939,105.5,18.0,158.88212621347384
81940,105.5,19.0,157.8569184962725
81941,105.5,19.5,156.6887022690661
81942,105.5,20.0,161.43276959354557
81943,105.5,20.5,154.13541674702316
81944,105.5,21.0,158.41533754341827
81945,105.5,21.5,157.2666616141852
81946,105.5,22.0,151.73917403483358
81947,105.5,22.5,154.1116122283441
81948,105.5,23.0,150.39998491726072
81949,105.5,23.5,154.4393363337819
81950,105.5,24.0,146.90198584226601
81951,105.5,24.5,150.00435372555822
81952,105.5,25.0,148.8062360190505
81953,105.5,25.5,152.4890048374932
81954,105.5,26.0,151.99164895044635
81955,105.5,26.5,150.38730720720955
81956,105.5,27.0,149.58911611717733
81957,105.5,27.5,147.8671322184178
81958,105.5,28.0,148.0103860166729
81959,105.5,28.5,151.77034169443607
81960,105.5,29.0,158.88719634794217
81961,105.5,29.5,158.22731078835915
81962,105.5,30.0,154.769393270642
81963,105.5,30.5,156.5982096480041
81964,105.5,31.0,154.2845338988503
81965,105.5,31.5,153.0181972552379
81966,105.5,32.0,152.5506262774265
81967,105.5,32.5,151.7002848224899
81968,105.5,33.0,150.27344853643277
81969,105.5,33.5,149.67184143502158
81970,105.5,34.0,147.93811252110302
81971,105.5,34.5,148.68465993774927
81972,105.5,35.0,149.96760880990666
81973,105.5,35.5,150.5784973851627
81974,105.5,36.0,152.3245799771874
81975,105.5,36.5,154.21595127389344
81976,105.5,37.0,159.26321717594777
81977,106.0,-41.0,159.89509601668308
81978,106.0,-40.5,159.1630610026818
81979,106.0,-40.0,157.16086096243097
81980,106.0,-37.0,147.31773626437564
81981,106.0,-36.5,149.8402106795512
81982,106.0,-36.0,152.02305768709206
81983,106.0,-35.5,148.16280896385263
81984,106.0,-35.0,149.4894432513224
81985,106.0,-34.5,148.62813624367706
81986,106.0,-34.0,151.62456604389868
81987,106.0,-33.5,151.42757598943604
81988,106.0,-32.5,151.80061350367328
81989,106.0,-32.0,155.97502855115513
81990,106.0,-31.5,155.29930045759536
81991,106.0,-31.0,153.92703011096245
81992,106.0,-30.5,156.3354337790563
81993,106.0,-30.0,152.89160562558743
81994,106.0,-29.5,148.68897512661022
81995,106.0,-29.0,146.00531670433975
81996,106.0,-28.5,147.89604828517628
81997,106.0,-28.0,148.96766913790532
81998,106.0,-27.5,147.45124441034207
81999,106.0,-27.0,147.64140535185985
82000,106.0,-26.5,153.15839348065072
82001,106.0,-26.0,149.99759507377928
82002,106.0,-25.5,149.50264481475705
82003,106.0,-25.0,149.97166156046615
82004,106.0,-24.5,148.87463764718973
82005,106.0,-24.0,148.98340493414793
82006,106.0,-23.5,148.59650049150912
82007,106.0,-23.0,149.86377503734204
82008,106.0,-22.5,149.37316360460088
82009,106.0,-22.0,147.87967911784247
82010,106.0,-21.5,148.1559091573406
82011,106.0,-21.0,147.8060526392117
82012,106.0,-20.5,146.89533812820773
82013,106.0,-19.5,149.3135228522523
82014,106.0,-18.5,151.19368858526263
82015,106.0,-18.0,156.18332990028077
82016,106.0,-17.5,151.53539536071608
82017,106.0,-17.0,150.40998208256053
82018,106.0,-16.5,150.4959814118437
82019,106.0,-16.0,150.44638875124514
82020,106.0,-15.5,150.52463990408907
82021,106.0,-15.0,150.3145176648858
82022,106.0,-14.5,151.2942805342269
82023,106.0,-14.0,151.48722059186343
82024,106.0,-13.5,151.69833642928174
82025,106.0,-13.0,151.83820079194606
82026,106.0,-12.5,148.57103060241684
82027,106.0,-12.0,151.89606908945387
82028,106.0,-11.5,148.29315327724996
82029,106.0,-11.0,154.57612450329748
82030,106.0,-10.5,155.43288735432537
82031,106.0,-10.0,146.27909152722017
82032,106.0,-9.5,153.89289952359024
82033,106.0,-9.0,158.8371083889179
82034,106.0,-8.5,162.14606975749845
82035,106.0,-8.0,148.44225633649646
82036,106.0,-7.5,155.57751983512247
82037,106.0,-7.0,149.70504857731802
82038,106.0,-6.5,150.30782709456435
82039,106.0,-6.0,152.6794247412572
82040,106.0,-5.5,159.05337356967402
82041,106.0,-5.0,149.17568913829456
82042,106.0,-4.5,154.223871073764
82043,106.0,-4.0,158.82461289967253
82044,106.0,-3.5,157.7426350819001
82045,106.0,-3.0,149.32425908547847
82046,106.0,-2.5,150.02372410605122
82047,106.0,-2.0,154.1624278842615
82048,106.0,-1.5,149.9559029182577
82049,106.0,-1.0,151.35896827645342
82050,106.0,-0.5,148.852610536231
82051,106.0,0.0,149.06346719291685
82052,106.0,0.5,147.6953996159159
82053,106.0,1.0,148.75063606295447
82054,106.0,1.5,151.64634847782517
82055,106.0,2.0,156.1215920605615
82056,106.0,2.5,150.2145811343895
82057,106.0,3.0,152.2453773271597
82058,106.0,3.5,149.69847230996726
82059,106.0,4.0,150.65249690854927
82060,106.0,4.5,150.9882333886622
82061,106.0,5.0,150.67890359022488
82062,106.0,5.5,152.92933578389494
82063,106.0,6.0,151.90459923124118
82064,106.0,6.5,147.74973223951693
82065,106.0,7.0,153.35091905902712
82066,106.0,7.5,149.26480857758222
82067,106.0,8.0,150.55100881040863
82068,106.0,8.5,153.32046465354364
82069,106.0,9.0,152.07756957744115
82070,106.0,9.5,161.84938772980453
82071,106.0,10.0,159.37430966801685
82072,106.0,10.5,160.199710092501
82073,106.0,11.0,163.9424964236062
82074,106.0,11.5,165.46658493271485
82075,106.0,12.5,158.3766619960506
82076,106.0,13.0,175.56270584562665
82077,106.0,13.5,155.49003100838368
82078,106.0,14.0,156.21468692748567
82079,106.0,14.5,158.84548910912238
82080,106.0,15.0,153.47059944160745
82081,106.0,15.5,158.48693936110863
82082,106.0,16.0,152.63893352008355
82083,106.0,16.5,150.39363708836154
82084,106.0,17.0,155.4793071486556
82085,106.0,17.5,163.77473988761557
82086,106.0,19.0,149.4815128755505
82087,106.0,19.5,157.96837124412815
82088,106.0,20.0,163.00075885350407
82089,106.0,20.5,159.5310159368752
82090,106.0,21.0,160.39126849284474
82091,106.0,21.5,158.27169841895318
82092,106.0,22.0,152.71767577024812
82093,106.0,22.5,150.08050200655236
82094,106.0,23.0,145.33672710330177
82095,106.0,23.5,154.40253060805904
82096,106.0,24.0,148.7963152435681
82097,106.0,24.5,149.43781371902108
82098,106.0,25.0,149.82359788193122
82099,106.0,25.5,150.69983805347127
82100,106.0,26.0,152.2541551154149
82101,106.0,26.5,154.64182323416676
82102,106.0,27.0,149.61032431550603
82103,106.0,27.5,148.37401732534613
82104,106.0,28.0,147.87888155017154
82105,106.0,28.5,148.4400644819026
82106,106.0,29.0,153.32046009234386
82107,106.0,29.5,157.62921326121364
82108,106.0,30.0,156.18072406374736
82109,106.0,30.5,156.08632252440114
82110,106.0,31.0,155.08090519595362
82111,106.0,31.5,154.3526284105547
82112,106.0,32.0,154.33903299722095
82113,106.0,32.5,151.19922460692376
82114,106.0,33.0,149.65599934459365
82115,106.0,33.5,148.47920954491235
82116,106.0,34.0,149.84753657215558
82117,106.0,34.5,151.11315560219387
82118,106.0,35.0,149.41203093749368
82119,106.0,35.5,151.36262942047367
82120,106.0,36.0,150.5599720128076
82121,106.0,36.5,154.2578158018175
82122,106.0,37.0,159.8022991464263
82123,106.0,38.0,161.64138570533237
82124,106.5,-41.5,159.77013830360852
82125,106.5,-41.0,159.67250854494512
82126,106.5,-40.5,159.12096893519845
82127,106.5,-40.0,157.09858321964836
82128,106.5,-37.0,146.46687527607114
82129,106.5,-36.5,151.9571755124771
82130,106.5,-36.0,151.9906176350285
82131,106.5,-35.5,148.23267604473986
82132,106.5,-35.0,149.76767390879508
82133,106.5,-34.5,148.17447382070637
82134,106.5,-34.0,150.76643417866424
82135,106.5,-33.5,155.00793653167923
82136,106.5,-32.5,152.23571750241558
82137,106.5,-32.0,154.6049619514202
82138,106.5,-31.5,154.74732321191502
82139,106.5,-31.0,154.61140922820755
82140,106.5,-30.5,155.55313960067366
82141,106.5,-30.0,154.85040483286613
82142,106.5,-29.5,147.25424077065742
82143,106.5,-29.0,148.74702087759619
82144,106.5,-28.5,146.82579002833918
82145,106.5,-28.0,149.0225714468225
82146,106.5,-27.5,148.39123150011386
82147,106.5,-27.0,147.0290507781478
82148,106.5,-26.5,153.46195277886125
82149,106.5,-26.0,150.97227865951422
82150,106.5,-25.5,149.30460942617813
82151,106.5,-25.0,150.1270334380288
82152,106.5,-24.5,148.77331020956902
82153,106.5,-23.5,146.99980811895472
82154,106.5,-23.0,152.10476017686327
82155,106.5,-22.5,149.7237836239496
82156,106.5,-22.0,147.90786906074845
82157,106.5,-21.5,147.70569663542065
82158,106.5,-21.0,147.68551834668648
82159,106.5,-20.5,146.9641023755896
82160,106.5,-20.0,148.87279271585155
82161,106.5,-19.5,149.13704467787684
82162,106.5,-18.5,151.1514425113451
82163,106.5,-18.0,151.79828102045286
82164,106.5,-17.5,152.7243596064354
82165,106.5,-17.0,150.43046923766386
82166,106.5,-16.5,150.7489975395895
82167,106.5,-16.0,150.73812685939555
82168,106.5,-15.5,150.92330611705628
82169,106.5,-15.0,153.24630387159505
82170,106.5,-14.5,149.91445682927568
82171,106.5,-14.0,151.98652821531024
82172,106.5,-13.5,157.68615469101118
82173,106.5,-13.0,146.64549606915705
82174,106.5,-12.5,148.4416831587011
82175,106.5,-12.0,149.01277462655366
82176,106.5,-11.5,154.98307571100128
82177,106.5,-11.0,158.8220494636099
82178,106.5,-10.5,153.25704520344078
82179,106.5,-10.0,152.88807960258976
82180,106.5,-9.5,161.70667625788158
82181,106.5,-9.0,156.72256523658726
82182,106.5,-8.5,161.0844767171793
82183,106.5,-8.0,157.25150530499332
82184,106.5,-7.5,153.39207834355767
82185,106.5,-6.5,149.20922340297167
82186,106.5,-6.0,157.20562610570846
82187,106.5,-5.5,162.08417210649193
82188,106.5,-5.0,154.90599754903366
82189,106.5,-4.5,153.75921301986904
82190,106.5,-4.0,156.78027133126295
82191,106.5,-3.5,159.99015153078574
82192,106.5,-3.0,148.45767337839112
82193,106.5,-2.5,153.78576112531366
82194,106.5,-2.0,151.5108989246774
82195,106.5,-1.5,150.70957765506213
82196,106.5,-1.0,150.0699535531083
82197,106.5,0.0,148.57179340464901
82198,106.5,1.0,147.33818285667132
82199,106.5,1.5,148.02941138000523
82200,106.5,2.0,149.4465704905897
82201,106.5,2.5,151.57112364412018
82202,106.5,3.0,151.16939726055722
82203,106.5,3.5,151.42026939853082
82204,106.5,4.0,148.0189004595796
82205,106.5,4.5,152.39260693930026
82206,106.5,5.0,154.11497256753978
82207,106.5,5.5,154.13740428817465
82208,106.5,6.0,149.81836942595152
82209,106.5,6.5,149.13541753407364
82210,106.5,7.0,149.42961736919304
82211,106.5,7.5,154.008396222416
82212,106.5,8.0,150.3494016535923
82213,106.5,8.5,151.50050042602328
82214,106.5,9.0,153.1710288244362
82215,106.5,9.5,161.51058994156924
82216,106.5,10.0,159.85602600844862
82217,106.5,10.5,159.2870369853741
82218,106.5,11.0,157.38234725589922
82219,106.5,11.5,148.62003460808268
82220,106.5,12.0,157.31721267216673
82221,106.5,12.5,170.58692449194993
82222,106.5,13.5,152.20730444471286
82223,106.5,14.0,152.71365942531952
82224,106.5,14.5,159.9174344531417
82225,106.5,15.0,148.55883770991042
82226,106.5,15.5,153.24230128493747
82227,106.5,16.0,158.6599449372691
82228,106.5,16.5,150.630861786222
82229,106.5,17.0,155.72581259937004
82230,106.5,17.5,163.4505406508653
82231,106.5,18.0,162.63891530526897
82232,106.5,18.5,147.91460356155693
82233,106.5,19.0,148.7611564819334
82234,106.5,19.5,157.92071895530088
82235,106.5,20.0,157.82861793020777
82236,106.5,20.5,157.8825686210223
82237,106.5,21.0,159.42547529499583
82238,106.5,21.5,157.27854696672608
82239,106.5,22.0,153.48563455780692
82240,106.5,22.5,150.40543488919698
82241,106.5,23.0,149.99078255138326
82242,106.5,23.5,151.81758961729042
82243,106.5,24.0,150.7848728780308
82244,106.5,24.5,146.46353973479114
82245,106.5,25.0,150.34227955597052
82246,106.5,25.5,150.39468169958326
82247,106.5,26.0,151.89335127369824
82248,106.5,26.5,155.23995946830956
82249,106.5,27.0,149.79407632916963
82250,106.5,27.5,150.2843421972697
82251,106.5,28.0,148.39697018444065
82252,106.5,28.5,147.5852678203604
82253,106.5,29.0,155.0666199754141
82254,106.5,29.5,153.33533627538552
82255,106.5,30.0,154.45439925780659
82256,106.5,30.5,155.27300358651394
82257,106.5,31.0,154.9034889517168
82258,106.5,31.5,153.334555137172
82259,106.5,32.0,152.274786558304
82260,106.5,32.5,148.40056254160066
82261,106.5,33.0,148.58739411936864
82262,106.5,33.5,147.7150215390626
82263,106.5,34.0,151.0451016152695
82264,106.5,34.5,148.92874961664995
82265,106.5,35.0,147.57768037785291
82266,106.5,35.5,148.91236674308362
82267,106.5,36.0,150.50995243975473
82268,106.5,36.5,153.2277865717624
82269,106.5,37.0,163.90168475870152
82270,107.0,-41.5,159.6664642233098
82271,107.0,-40.5,159.15176118249977
82272,107.0,-40.0,157.1912729574732
82273,107.0,-39.5,156.47747625019872
82274,107.0,-37.0,146.06292051158195
82275,107.0,-36.5,151.97758455324504
82276,107.0,-36.0,151.94352823282833
82277,107.0,-35.5,148.5283607736311
82278,107.0,-35.0,149.82354717132938
82279,107.0,-34.5,149.87063371343996
82280,107.0,-34.0,148.33104064235255
82281,107.0,-33.5,155.84383805917113
82282,107.0,-33.0,148.67310574752742
82283,107.0,-32.5,157.57015145667663
82284,107.0,-32.0,153.89990078406782
82285,107.0,-31.5,154.4544978569554
82286,107.0,-31.0,156.30087994630105
82287,107.0,-30.5,154.58266614481826
82288,107.0,-30.0,154.0071630219586
82289,107.0,-29.5,148.42376743021737
82290,107.0,-29.0,148.13475606872225
82291,107.0,-28.5,147.80914963277687
82292,107.0,-28.0,148.0369737495827
82293,107.0,-27.5,149.7391519633748
82294,107.0,-27.0,148.25216906263847
82295,107.0,-26.5,151.85741338383755
82296,107.0,-26.0,152.27916109119232
82297,107.0,-25.5,149.55573221680154
82298,107.0,-25.0,149.69546773585748
82299,107.0,-24.5,147.33780800619007
82300,107.0,-24.0,146.84791887121946
82301,107.0,-23.5,146.9300618357302
82302,107.0,-23.0,147.61042549048625
82303,107.0,-22.5,148.6912364544542
82304,107.0,-22.0,148.684735198655
82305,107.0,-21.5,147.33847588668954
82306,107.0,-21.0,147.18957134484145
82307,107.0,-20.5,147.61298778900743
82308,107.0,-20.0,147.85517392159522
82309,107.0,-18.5,151.64684679298549
82310,107.0,-18.0,151.50722351686264
82311,107.0,-17.5,152.68572305993263
82312,107.0,-16.5,150.69128444894244
82313,107.0,-16.0,151.25395148423314
82314,107.0,-15.5,150.97738588574492
82315,107.0,-15.0,162.8651240256632
82316,107.0,-14.5,155.36785073529222
82317,107.0,-14.0,151.2159953495678
82318,107.0,-13.5,153.9500011817294
82319,107.0,-13.0,150.72909772430455
82320,107.0,-12.5,148.00475318049337
82321,107.0,-12.0,149.78822160595325
82322,107.0,-11.5,154.88348776978088
82323,107.0,-11.0,156.8133682796757
82324,107.0,-10.5,150.92504049101376
82325,107.0,-10.0,146.76428281313142
82326,107.0,-9.5,152.48623164394272
82327,107.0,-9.0,155.7114611023277
82328,107.0,-8.5,156.02437171131314
82329,107.0,-8.0,158.72777857458559
82330,107.0,-7.5,154.57964165275988
82331,107.0,-7.0,156.49233832820303
82332,107.0,-6.5,149.07923352931027
82333,107.0,-6.0,156.33324372383882
82334,107.0,-5.5,155.5816643058017
82335,107.0,-5.0,154.153167718206
82336,107.0,-4.5,151.11224988842667
82337,107.0,-3.5,160.295166406547
82338,107.0,-3.0,160.04112874052964
82339,107.0,-2.5,153.10779109837011
82340,107.0,-2.0,149.86678233415893
82341,107.0,-1.5,150.8412485785964
82342,107.0,-1.0,148.3106156337286
82343,107.0,-0.5,149.10664556120244
82344,107.0,0.0,147.42692479643463
82345,107.0,0.5,147.5565994780327
82346,107.0,1.5,147.47619454208711
82347,107.0,2.0,148.8011118898574
82348,107.0,2.5,150.45070721294908
82349,107.0,3.0,152.74889133353335
82350,107.0,3.5,149.02012810806272
82351,107.0,4.0,148.32834380431004
82352,107.0,4.5,155.30383868069612
82353,107.0,5.0,156.36081270642822
82354,107.0,5.5,155.73606153974595
82355,107.0,6.0,153.91582433339275
82356,107.0,6.5,150.62398695435851
82357,107.0,7.0,149.68450414350644
82358,107.0,7.5,155.68202601090437
82359,107.0,8.0,155.65888897261735
82360,107.0,8.5,151.23800395081275
82361,107.0,9.0,150.5161175252256
82362,107.0,9.5,154.45535831078058
82363,107.0,10.0,155.8275088331247
82364,107.0,10.5,157.80893377011893
82365,107.0,11.0,157.67466586996557
82366,107.0,11.5,147.30772765814382
82367,107.0,12.0,160.64796049738013
82368,107.0,12.5,177.43410894135408
82369,107.0,13.0,152.73517211041772
82370,107.0,13.5,153.33271127295328
82371,107.0,14.0,152.62291441410616
82372,107.0,14.5,143.52840220539326
82373,107.0,15.0,149.0151417752612
82374,107.0,15.5,147.4275772704694
82375,107.0,16.0,148.41150963306768
82376,107.0,16.5,155.2207881611303
82377,107.0,18.0,161.83688930592712
82378,107.0,18.5,147.14469155413065
82379,107.0,19.0,161.76690069612667
82380,107.0,20.0,151.16325051854702
82381,107.0,20.5,151.55631667301913
82382,107.0,21.0,155.71400998374654
82383,107.0,21.5,153.08270888115965
82384,107.0,22.0,149.78897059348907
82385,107.0,22.5,153.1384231223316
82386,107.0,23.0,152.96075802938972
82387,107.0,23.5,150.35206212488873
82388,107.0,24.0,153.49489781558768
82389,107.0,24.5,143.54878284243952
82390,107.0,25.0,151.34915469429808
82391,107.0,25.5,151.73766163068285
82392,107.0,26.0,149.27507078612936
82393,107.0,26.5,151.04520065152232
82394,107.0,27.0,149.42246920215962
82395,107.0,27.5,152.19068042594236
82396,107.0,28.0,147.9734668700149
82397,107.0,28.5,146.54556477757296
82398,107.0,29.0,152.18085723774678
82399,107.0,29.5,152.90049649204937
82400,107.0,30.0,152.418570360861
82401,107.0,30.5,153.76973163706643
82402,107.0,31.0,154.48131155514133
82403,107.0,31.5,151.22407265586972
82404,107.0,32.0,152.74533781256167
82405,107.0,32.5,145.57252355409773
82406,107.0,33.0,155.6866531357886
82407,107.0,33.5,146.67237154731762
82408,107.0,34.0,152.1544560295778
82409,107.0,34.5,150.69734513257947
82410,107.0,35.0,148.41020803741094
82411,107.0,35.5,150.52634192285123
82412,107.0,36.0,150.74924647463664
82413,107.0,36.5,152.5467601340192
82414,107.0,37.0,170.46910880825595
82415,107.0,37.5,160.7041743838946
82416,107.5,-41.5,159.48938785057086
82417,107.5,-41.0,158.95515266549486
82418,107.5,-40.0,157.19138604563258
82419,107.5,-39.5,156.53904450169162
82420,107.5,-37.0,146.3290391348136
82421,107.5,-36.5,150.9937764949691
82422,107.5,-36.0,152.78318318006112
82423,107.5,-35.5,148.7790134900344
82424,107.5,-35.0,149.70265297094136
82425,107.5,-34.5,150.13932331463005
82426,107.5,-34.0,148.34372044753752
82427,107.5,-33.5,162.1361137449409
82428,107.5,-33.0,157.35696019920374
82429,107.5,-32.5,158.50676504580136
82430,107.5,-32.0,154.2258578530554
82431,107.5,-31.5,155.35156093512674
82432,107.5,-31.0,156.42063749441505
82433,107.5,-30.5,153.4832475761162
82434,107.5,-30.0,152.78968890450554
82435,107.5,-29.5,150.7460289033397
82436,107.5,-29.0,147.72512206409942
82437,107.5,-28.5,150.93782376139507
82438,107.5,-28.0,147.4685132875425
82439,107.5,-27.5,148.64101806232796
82440,107.5,-27.0,149.02667951987826
82441,107.5,-26.5,145.1726467151213
82442,107.5,-26.0,153.1558275834106
82443,107.5,-25.5,149.8272675299992
82444,107.5,-25.0,148.51556579206044
82445,107.5,-24.5,148.84487165459487
82446,107.5,-24.0,146.69148800010095
82447,107.5,-23.0,147.42535250111746
82448,107.5,-22.5,148.1048142017759
82449,107.5,-22.0,148.96289075014639
82450,107.5,-21.5,147.16731125330057
82451,107.5,-21.0,146.59795351027464
82452,107.5,-20.5,148.01959010180744
82453,107.5,-20.0,152.0173192358734
82454,107.5,-19.5,147.2867600246309
82455,107.5,-18.5,151.40140119106124
82456,107.5,-18.0,151.07282442552625
82457,107.5,-17.5,151.93209083185
82458,107.5,-17.0,152.6834538086752
82459,107.5,-16.5,150.58681516290832
82460,107.5,-16.0,150.96060095019214
82461,107.5,-15.5,154.63307797057732
82462,107.5,-15.0,151.3672953102933
82463,107.5,-14.5,161.2806549801757
82464,107.5,-14.0,150.93043574644852
82465,107.5,-13.5,147.6905681498617
82466,107.5,-13.0,150.4693711958952
82467,107.5,-12.5,146.78779550371823
82468,107.5,-11.5,152.81245223665312
82469,107.5,-11.0,152.93250188260075
82470,107.5,-10.5,154.32144750344855
82471,107.5,-10.0,146.8531727493956
82472,107.5,-9.5,155.71261265440802
82473,107.5,-9.0,151.79109304343754
82474,107.5,-8.5,156.3626035919637
82475,107.5,-8.0,155.09422320611617
82476,107.5,-7.5,154.91167131398777
82477,107.5,-7.0,155.13597461318426
82478,107.5,-6.5,159.47123528556565
82479,107.5,-5.5,153.7613849088797
82480,107.5,-5.0,155.07665825399522
82481,107.5,-4.5,152.9019148530417
82482,107.5,-4.0,148.67432734797865
82483,107.5,-3.0,158.3975643784601
82484,107.5,-2.5,155.91103992567687
82485,107.5,-2.0,150.41305257459925
82486,107.5,-1.5,150.2515278086683
82487,107.5,-1.0,148.7413972649462
82488,107.5,-0.5,148.5971007196109
82489,107.5,0.5,147.25010248157562
82490,107.5,1.0,147.4676301067963
82491,107.5,1.5,147.5718074820336
82492,107.5,2.0,148.7474956614934
82493,107.5,2.5,149.97049619934705
82494,107.5,3.0,150.16603156846904
82495,107.5,3.5,152.95413300895206
82496,107.5,4.0,156.97120096291084
82497,107.5,4.5,156.0691181814237
82498,107.5,5.0,158.83630875927085
82499,107.5,5.5,157.43207210704102
82500,107.5,6.0,154.123195205673
82501,107.5,6.5,153.46714139406902
82502,107.5,7.0,149.9827515455094
82503,107.5,7.5,150.17825950300931
82504,107.5,8.0,154.00564271496236
82505,107.5,8.5,151.8548630834457
82506,107.5,9.0,151.57982946682733
82507,107.5,9.5,153.61980195231087
82508,107.5,10.0,151.35276811787594
82509,107.5,10.5,152.92781998714506
82510,107.5,11.5,151.5226983691314
82511,107.5,12.0,150.0622949245516
82512,107.5,12.5,146.3697275978514
82513,107.5,13.0,150.47960826821017
82514,107.5,13.5,155.46945393352567
82515,107.5,14.0,182.87800966272184
82516,107.5,14.5,146.1966215630194
82517,107.5,15.0,146.57798523915855
82518,107.5,15.5,148.11357622529346
82519,107.5,16.0,149.39312126849973
82520,107.5,18.0,154.86248424240756
82521,107.5,18.5,152.39595812905287
82522,107.5,19.5,148.91567064741204
82523,107.5,20.0,150.43529610692403
82524,107.5,20.5,158.53360229051717
82525,107.5,21.0,158.30811440995265
82526,107.5,21.5,153.8393460876293
82527,107.5,22.0,151.82821851524574
82528,107.5,22.5,151.67839827385748
82529,107.5,23.0,150.70976880444894
82530,107.5,23.5,150.3101155871714
82531,107.5,24.0,153.34414257948816
82532,107.5,24.5,156.58210641612234
82533,107.5,25.0,150.16331424197577
82534,107.5,25.5,152.72086257408188
82535,107.5,26.0,149.39370555564238
82536,107.5,26.5,149.3481672222831
82537,107.5,27.0,149.82172460577507
82538,107.5,27.5,150.09542561740633
82539,107.5,28.0,149.00640675597623
82540,107.5,28.5,148.6534229095579
82541,107.5,29.0,153.14982873997906
82542,107.5,29.5,153.43227172488145
82543,107.5,30.0,152.19223828665554
82544,107.5,30.5,155.1465260931175
82545,107.5,31.0,154.26591663048885
82546,107.5,31.5,149.43514293151645
82547,107.5,32.0,151.97693491206365
82548,107.5,32.5,146.6209817722571
82549,107.5,33.0,153.91476706431754
82550,107.5,33.5,147.05335885948836
82551,107.5,34.0,153.1505899204758
82552,107.5,34.5,150.17197623038646
82553,107.5,35.0,147.61447027780545
82554,107.5,35.5,150.6862022783377
82555,107.5,36.0,153.9008743304049
82556,107.5,36.5,152.3535147806372
82557,107.5,37.0,173.52968383703967
82558,107.5,37.5,161.16002346593353
82559,107.5,38.5,172.23479863513012
82560,108.0,-41.5,159.43452166304297
82561,108.0,-41.0,158.88478445550388
82562,108.0,-40.0,157.10762007636154
82563,108.0,-39.5,156.56687732949013
82564,108.0,-37.0,146.59489615727256
82565,108.0,-36.5,150.56608940469422
82566,108.0,-36.0,153.03256056474004
82567,108.0,-35.5,148.74223377365965
82568,108.0,-35.0,149.6250213997641
82569,108.0,-34.5,150.31626530991133
82570,108.0,-34.0,147.8213385735368
82571,108.0,-33.0,156.2120279024647
82572,108.0,-32.5,159.37778464055137
82573,108.0,-32.0,152.3770383123118
82574,108.0,-31.5,156.87256916921308
82575,108.0,-31.0,156.33841250652122
82576,108.0,-30.5,154.16559370887228
82577,108.0,-30.0,154.48059237384524
82578,108.0,-29.5,150.55933340763852
82579,108.0,-29.0,147.24031311906728
82580,108.0,-28.5,150.5867222450845
82581,108.0,-28.0,146.59020736517868
82582,108.0,-27.5,148.73336229624303
82583,108.0,-27.0,150.87645196619582
82584,108.0,-26.5,147.1042798296308
82585,108.0,-26.0,151.54512627479278
82586,108.0,-25.5,151.70532392661605
82587,108.0,-25.0,148.61616176952927
82588,108.0,-24.5,150.35130712636513
82589,108.0,-24.0,147.492771117099
82590,108.0,-23.5,147.3937571267103
82591,108.0,-23.0,147.3703981350813
82592,108.0,-22.5,147.82787133265163
82593,108.0,-22.0,148.59904471978066
82594,108.0,-21.5,151.17781271154112
82595,108.0,-21.0,147.2679599855519
82596,108.0,-20.5,158.80834628961853
82597,108.0,-20.0,150.85912481336996
82598,108.0,-19.5,147.17232967051953
82599,108.0,-19.0,151.03403994988628
82600,108.0,-18.5,150.82865537211805
82601,108.0,-18.0,151.2988879934212
82602,108.0,-17.5,160.46687145428734
82603,108.0,-17.0,159.59484406761217
82604,108.0,-16.5,155.47618204739953
82605,108.0,-16.0,152.61211296987497
82606,108.0,-15.5,164.15568020101227
82607,108.0,-15.0,151.90796673394172
82608,108.0,-14.5,156.15918197520193
82609,108.0,-14.0,148.0462660904223
82610,108.0,-13.5,150.000963451393
82611,108.0,-13.0,149.74355081334483
82612,108.0,-11.5,146.3297512447512
82613,108.0,-11.0,152.72761161077912
82614,108.0,-10.5,156.04956730223884
82615,108.0,-10.0,151.02198440861702
82616,108.0,-9.5,148.45451343413654
82617,108.0,-9.0,155.55875794660807
82618,108.0,-8.5,152.016743585846
82619,108.0,-8.0,157.32773987969054
82620,108.0,-7.5,156.58640345167203
82621,108.0,-7.0,157.49876904424085
82622,108.0,-6.5,160.72685465703077
82623,108.0,-6.0,153.01559108428495
82624,108.0,-5.5,154.59920083374658
82625,108.0,-5.0,153.43065806039687
82626,108.0,-4.0,153.0097781524578
82627,108.0,-3.5,153.9763693831368
82628,108.0,-3.0,151.5161197792569
82629,108.0,-2.5,153.68881364102964
82630,108.0,-2.0,154.92551194864998
82631,108.0,-1.5,148.45966338878355
82632,108.0,-1.0,148.43720417721073
82633,108.0,-0.5,148.62787472907894
82634,108.0,0.0,148.33446175566309
82635,108.0,1.0,147.7731487394078
82636,108.0,1.5,149.63467702216698
82637,108.0,2.0,148.85055848689424
82638,108.0,2.5,149.04501727534478
82639,108.0,3.0,149.35988322850847
82640,108.0,3.5,156.81144244544583
82641,108.0,4.0,157.79153291911783
82642,108.0,4.5,160.96116759269268
82643,108.0,5.0,155.09028461475086
82644,108.0,5.5,158.49426514409333
82645,108.0,6.0,156.9017322874662
82646,108.0,6.5,154.04046826867304
82647,108.0,7.0,153.63778742348816
82648,108.0,7.5,150.87818777486564
82649,108.0,8.0,152.6642356758835
82650,108.0,8.5,155.73200130840198
82651,108.0,9.0,154.39379195218834
82652,108.0,9.5,151.12643940445193
82653,108.0,10.0,149.26447643507666
82654,108.0,10.5,157.32267159923464
82655,108.0,11.0,153.35801660604287
82656,108.0,11.5,149.55065580825755
82657,108.0,12.0,147.50108432123372
82658,108.0,12.5,154.33443715831072
82659,108.0,13.0,154.56117123955934
82660,108.0,13.5,158.91777766189637
82661,108.0,14.0,159.17468090701502
82662,108.0,14.5,149.59197033228085
82663,108.0,15.0,145.62730296789792
82664,108.0,15.5,151.470288426181
82665,108.0,16.0,152.8914668070241
82666,108.0,16.5,151.45619057286723
82667,108.0,17.5,159.71509401951144
82668,108.0,18.0,146.32513765776812
82669,108.0,18.5,158.41980098767866
82670,108.0,19.0,146.28139161478504
82671,108.0,19.5,150.1849368592075
82672,108.0,20.0,152.44432823935895
82673,108.0,20.5,156.78342958811174
82674,108.0,21.0,152.11285071334115
82675,108.0,21.5,149.78296263162304
82676,108.0,22.0,150.86360121790324
82677,108.0,22.5,153.83265183417646
82678,108.0,23.0,153.53287888827901
82679,108.0,23.5,152.86598898469973
82680,108.0,24.0,151.00350729183216
82681,108.0,24.5,155.2041572982328
82682,108.0,25.0,149.8139976352109
82683,108.0,25.5,154.56407727017262
82684,108.0,26.0,148.0574562250934
82685,108.0,26.5,149.32583872667072
82686,108.0,27.0,151.04599967804833
82687,108.0,27.5,150.42598928244246
82688,108.0,28.0,148.69769516175694
82689,108.0,28.5,149.01664137958855
82690,108.0,29.0,151.55475468621054
82691,108.0,29.5,155.1909287175974
82692,108.0,30.0,148.97519547024152
82693,108.0,30.5,153.17017493650016
82694,108.0,31.0,150.65657697524296
82695,108.0,31.5,149.49034578164662
82696,108.0,32.0,152.05867793484222
82697,108.0,32.5,145.84866801684908
82698,108.0,33.0,150.8875199199011
82699,108.0,33.5,147.39924944524796
82700,108.0,34.0,152.45644459369154
82701,108.0,34.5,152.21844011178257
82702,108.0,35.0,148.59438160531116
82703,108.0,35.5,151.32974028503156
82704,108.0,36.0,151.82969313947137
82705,108.0,36.5,151.5666407058932
82706,108.0,37.0,173.5420016214211
82707,108.0,37.5,162.08605361592876
82708,108.5,-41.5,159.33791911581815
82709,108.5,-41.0,158.79545211984902
82710,108.5,-40.0,157.19053151182533
82711,108.5,-39.5,156.61605852507313
82712,108.5,-37.0,146.57456897712558
82713,108.5,-36.5,153.00759099645526
82714,108.5,-36.0,152.12086542252453
82715,108.5,-35.5,149.56776794866192
82716,108.5,-35.0,150.22447216637656
82717,108.5,-34.5,149.32363819201265
82718,108.5,-34.0,146.76018362920556
82719,108.5,-33.5,146.60643395695172
82720,108.5,-33.0,154.65422542707356
82721,108.5,-32.5,161.00392721143425
82722,108.5,-32.0,156.35638969407827
82723,108.5,-31.5,155.88294799053836
82724,108.5,-31.0,156.52306151950322
82725,108.5,-30.5,153.88923413057694
82726,108.5,-30.0,155.2470983635987
82727,108.5,-29.5,150.62860974005847
82728,108.5,-29.0,147.16617098994658
82729,108.5,-28.5,150.27724461199412
82730,108.5,-28.0,147.8834383696534
82731,108.5,-27.5,149.05137304885343
82732,108.5,-27.0,149.41733627657834
82733,108.5,-26.5,148.10454910519604
82734,108.5,-26.0,146.8573157720104
82735,108.5,-25.5,152.20851505136903
82736,108.5,-25.0,149.17760656662577
82737,108.5,-24.5,146.40580183072362
82738,108.5,-24.0,148.74407214254862
82739,108.5,-23.5,147.26736294103847
82740,108.5,-23.0,147.67825232082933
82741,108.5,-22.5,151.46932007108185
82742,108.5,-22.0,152.57354052873083
82743,108.5,-21.5,149.755521257389
82744,108.5,-21.0,148.49943189404502
82745,108.5,-20.5,158.16095203603297
82746,108.5,-20.0,147.62606978777833
82747,108.5,-19.5,148.20751177389133
82748,108.5,-19.0,150.58362573050925
82749,108.5,-18.5,150.15315304313395
82750,108.5,-17.5,165.33669185636438
82751,108.5,-17.0,152.97211057196176
82752,108.5,-16.5,152.98583924353264
82753,108.5,-16.0,163.66309335780628
82754,108.5,-15.0,152.21908166568414
82755,108.5,-14.5,150.91209055943736
82756,108.5,-14.0,157.46224549880424
82757,108.5,-13.5,149.08144731483637
82758,108.5,-13.0,146.9334264848133
82759,108.5,-12.0,146.38918777671935
82760,108.5,-11.5,146.4927499611885
82761,108.5,-11.0,153.4485757748502
82762,108.5,-10.5,151.87660722960837
82763,108.5,-10.0,153.85990312223524
82764,108.5,-9.5,153.61990431310866
82765,108.5,-9.0,150.3519888611473
82766,108.5,-8.0,153.87551400979982
82767,108.5,-7.5,159.76702017434673
82768,108.5,-7.0,161.02889035638208
82769,108.5,-6.5,157.6643370468401
82770,108.5,-6.0,154.08034124720763
82771,108.5,-5.5,154.9811033663397
82772,108.5,-5.0,152.61930787429935
82773,108.5,-4.5,152.20180807443487
82774,108.5,-4.0,155.54991085251672
82775,108.5,-3.5,153.26752256921162
82776,108.5,-3.0,149.9152474098827
82777,108.5,-2.5,152.00213349195107
82778,108.5,-2.0,161.10873691454364
82779,108.5,-1.5,150.91109579461448
82780,108.5,-1.0,148.55453945563707
82781,108.5,-0.5,148.49375199249863
82782,108.5,0.0,148.4699285880161
82783,108.5,0.5,148.35357828387433
82784,108.5,1.0,148.6771135613907
82785,108.5,1.5,149.16240671314856
82786,108.5,2.0,150.5423857142999
82787,108.5,2.5,148.61198828928997
82788,108.5,3.0,151.65669830491575
82789,108.5,3.5,159.3929344225221
82790,108.5,4.0,160.18299676911795
82791,108.5,4.5,157.6877756300655
82792,108.5,5.0,155.23047961788507
82793,108.5,5.5,159.3503888798543
82794,108.5,6.0,158.1137630162274
82795,108.5,6.5,157.1105159589512
82796,108.5,7.0,152.48607307578555
82797,108.5,7.5,153.28975662055092
82798,108.5,8.0,149.96212115619335
82799,108.5,8.5,155.70427897225292
82800,108.5,9.0,154.38706752955565
82801,108.5,9.5,151.84326641233994
82802,108.5,10.0,150.87142919991234
82803,108.5,10.5,148.53705094105433
82804,108.5,11.0,152.45106039928612
82805,108.5,11.5,153.2775615327708
82806,108.5,12.0,144.3968743708904
82807,108.5,12.5,151.95602503796061
82808,108.5,13.0,156.82321074633256
82809,108.5,13.5,159.15813502200302
82810,108.5,14.0,149.57193021132932
82811,108.5,14.5,146.4651140851828
82812,108.5,15.0,149.70240120010885
82813,108.5,15.5,154.70997801354923
82814,108.5,16.5,152.61614824512492
82815,108.5,17.0,153.14873835626065
82816,108.5,17.5,150.69884278390552
82817,108.5,18.0,152.8119187918701
82818,108.5,18.5,157.50393124456767
82819,108.5,19.0,152.9069128431688
82820,108.5,19.5,149.73518357471923
82821,108.5,20.0,154.9381134108444
82822,108.5,20.5,151.72258196718062
82823,108.5,21.0,158.3187672706881
82824,108.5,21.5,152.14783870974682
82825,108.5,22.0,157.5016459274623
82826,108.5,22.5,154.97296986857478
82827,108.5,23.0,152.89190997063318
82828,108.5,23.5,150.5683857880801
82829,108.5,24.0,150.1582984137744
82830,108.5,24.5,154.29736937255464
82831,108.5,25.0,149.16486799923126
82832,108.5,25.5,155.70378001369062
82833,108.5,26.0,150.19427918901852
82834,108.5,26.5,149.576545935755
82835,108.5,27.0,150.29372784902202
82836,108.5,27.5,148.69324283658483
82837,108.5,28.0,147.8573186811572
82838,108.5,28.5,151.55209774131
82839,108.5,29.0,150.27571056451924
82840,108.5,29.5,153.0266286525226
82841,108.5,30.0,147.0366190301622
82842,108.5,30.5,151.91622714123068
82843,108.5,31.0,151.3515426302867
82844,108.5,31.5,148.47297819478317
82845,108.5,32.0,152.9772826551575
82846,108.5,32.5,147.8871211649026
82847,108.5,33.0,150.68208420061407
82848,108.5,33.5,145.75538061495115
82849,108.5,34.0,150.95427669229332
82850,108.5,34.5,155.56969840387242
82851,108.5,35.0,148.23072622213994
82852,108.5,35.5,149.25211902367883
82853,108.5,36.0,150.24590190042358
82854,108.5,36.5,151.07691231166845
82855,108.5,37.0,173.49387770609718
82856,108.5,37.5,162.43923045980685
82857,108.5,38.0,162.3476772668112
82858,109.0,-41.5,159.24113147395846
82859,109.0,-39.5,156.6217823151889
82860,109.0,-37.0,146.61754661402642
82861,109.0,-36.5,153.38406181300684
82862,109.0,-36.0,151.10619509820467
82863,109.0,-35.5,152.06421716859748
82864,109.0,-35.0,152.1030550160376
82865,109.0,-34.5,149.82389433775086
82866,109.0,-34.0,147.66862921753759
82867,109.0,-33.5,146.67394303354277
82868,109.0,-33.0,148.20075139545963
82869,109.0,-32.5,161.77181954424685
82870,109.0,-32.0,157.2639733897046
82871,109.0,-31.5,153.57157319660396
82872,109.0,-31.0,155.9383863187619
82873,109.0,-30.5,157.85799077305253
82874,109.0,-30.0,153.45412371373476
82875,109.0,-29.5,151.24996553775767
82876,109.0,-29.0,147.1462328682822
82877,109.0,-28.5,146.90435349585903
82878,109.0,-28.0,151.14674389284795
82879,109.0,-27.5,147.85979380906724
82880,109.0,-27.0,147.63428420580667
82881,109.0,-26.5,150.01626895536646
82882,109.0,-26.0,146.2835355908228
82883,109.0,-25.5,151.41514073537178
82884,109.0,-25.0,151.33328938398807
82885,109.0,-24.5,146.9202952893969
82886,109.0,-24.0,148.6292399328244
82887,109.0,-23.5,147.15309465586998
82888,109.0,-23.0,147.53568190326092
82889,109.0,-22.5,153.96317837991796
82890,109.0,-21.5,148.27205929069407
82891,109.0,-21.0,156.04319359813002
82892,109.0,-20.5,148.9432540461946
82893,109.0,-20.0,147.47290689939626
82894,109.0,-19.5,150.21295467529842
82895,109.0,-19.0,149.0029153922642
82896,109.0,-18.0,167.3838061155132
82897,109.0,-17.0,153.2608944347479
82898,109.0,-16.5,153.96302826954852
82899,109.0,-16.0,165.57140238321932
82900,109.0,-15.5,153.4703190022585
82901,109.0,-15.0,150.76314184645815
82902,109.0,-14.5,149.26311720958884
82903,109.0,-14.0,153.28691468167332
82904,109.0,-13.5,147.1817109164163
82905,109.0,-12.5,146.50420194965355
82906,109.0,-12.0,146.38273278184772
82907,109.0,-11.5,154.95593753987777
82908,109.0,-11.0,148.55805478324336
82909,109.0,-10.5,155.24421098050777
82910,109.0,-10.0,154.1610760506552
82911,109.0,-9.5,152.6280286043446
82912,109.0,-9.0,149.57628641618314
82913,109.0,-8.5,150.36467648526346
82914,109.0,-8.0,150.44861354905677
82915,109.0,-7.5,157.52317931510655
82916,109.0,-7.0,165.40605417861926
82917,109.0,-6.5,156.47317471184172
82918,109.0,-6.0,154.63398499702217
82919,109.0,-4.5,152.59246896837703
82920,109.0,-4.0,153.8156546738561
82921,109.0,-3.5,151.852297034736
82922,109.0,-3.0,151.70563309036282
82923,109.0,-2.5,151.98410181276657
82924,109.0,-2.0,148.47393262066637
82925,109.0,-1.5,162.33050888638408
82926,109.0,-1.0,149.01792026428637
82927,109.0,-0.5,149.62420207235877
82928,109.0,0.0,149.9528118456675
82929,109.0,0.5,149.75362890439968
82930,109.0,1.0,150.90822365723278
82931,109.0,1.5,151.0373964830281
82932,109.0,2.0,149.20422723064235
82933,109.0,2.5,156.82885806372323
82934,109.0,3.0,157.1625673070406
82935,109.0,3.5,158.90130727132268
82936,109.0,4.0,159.96325268116502
82937,109.0,4.5,157.85015134390815
82938,109.0,5.0,160.00078977508886
82939,109.0,5.5,156.80638301565023
82940,109.0,6.0,153.81756708541843
82941,109.0,6.5,156.78609880324294
82942,109.0,7.0,154.13328089823543
82943,109.0,7.5,151.90052888234584
82944,109.0,8.0,153.1124754846441
82945,109.0,8.5,154.55466843234413
82946,109.0,9.0,152.61636288014597
82947,109.0,10.0,151.21526163866773
82948,109.0,10.5,148.31125819180872
82949,109.0,11.0,147.60126187046853
82950,109.0,11.5,155.30385329528954
82951,109.0,12.0,153.01420361461962
82952,109.0,12.5,151.28493946826546
82953,109.0,13.0,157.09155129362944
82954,109.0,13.5,153.89511983250404
82955,109.0,14.0,153.44130880506498
82956,109.0,14.5,156.86499913548636
82957,109.0,15.0,155.59472579861827
82958,109.0,15.5,151.62069782273477
82959,109.0,16.5,152.18196665066563
82960,109.0,17.0,155.1240108068493
82961,109.0,17.5,159.3388190701849
82962,109.0,18.0,159.60779839212165
82963,109.0,18.5,153.53693995115245
82964,109.0,19.0,152.4101305655234
82965,109.0,19.5,156.3681757153584
82966,109.0,20.0,155.17275753320288
82967,109.0,20.5,156.8252955850817
82968,109.0,21.0,153.96378322319143
82969,109.0,21.5,153.44372620256533
82970,109.0,22.0,153.4359112202313
82971,109.0,22.5,155.85644880633134
82972,109.0,23.0,154.15136972821537
82973,109.0,23.5,152.377598774146
82974,109.0,24.0,150.9484238282904
82975,109.0,24.5,152.99348930949583
82976,109.0,25.0,157.038764617472
82977,109.0,25.5,152.88078613250482
82978,109.0,26.0,152.04144922219325
82979,109.0,26.5,150.68566835444338
82980,109.0,27.0,149.7228264020481
82981,109.0,27.5,149.07900578786914
82982,109.0,28.0,149.65832086960935
82983,109.0,28.5,152.83543741668254
82984,109.0,29.0,149.67765950598223
82985,109.0,29.5,152.08669284900662
82986,109.0,30.0,149.79221386717333
82987,109.0,30.5,148.82650528361162
82988,109.0,31.0,148.5308322361954
82989,109.0,31.5,148.6081041913488
82990,109.0,32.0,158.73222505851004
82991,109.0,32.5,146.5735506175245
82992,109.0,33.0,149.0521282941419
82993,109.0,33.5,146.54740048933365
82994,109.0,34.0,151.00897364892452
82995,109.0,34.5,156.27174256065894
82996,109.0,35.0,147.75427242033277
82997,109.0,35.5,149.8013618040023
82998,109.0,36.0,150.0056885837567
82999,109.0,36.5,150.44006294387782
83000,109.0,38.0,162.62894468171027
83001,109.5,-41.5,159.1764498452294
83002,109.5,-39.5,156.6463506556868
83003,109.5,-37.0,146.70638907649538
83004,109.5,-36.5,151.06200445296878
83005,109.5,-36.0,149.47891607543642
83006,109.5,-35.5,152.52304763707156
83007,109.5,-35.0,151.7369144341779
83008,109.5,-34.5,149.54467797923303
83009,109.5,-34.0,147.66865746720669
83010,109.5,-33.5,146.75200530630283
83011,109.5,-33.0,147.95485436860463
83012,109.5,-32.0,157.28677615230785
83013,109.5,-31.5,155.9433574331245
83014,109.5,-31.0,154.98751113128012
83015,109.5,-30.5,160.4203734048049
83016,109.5,-30.0,152.35604289193782
83017,109.5,-29.5,152.31086387096192
83018,109.5,-29.0,147.19663721634453
83019,109.5,-28.5,147.24435021517266
83020,109.5,-28.0,150.13205788646925
83021,109.5,-27.5,147.57280868182
83022,109.5,-27.0,148.6033007027706
83023,109.5,-26.5,149.87627890654855
83024,109.5,-26.0,147.1829664467377
83025,109.5,-25.5,145.19606571781162
83026,109.5,-25.0,151.00046431279955
83027,109.5,-24.5,148.45545725145755
83028,109.5,-24.0,147.2490305933321
83029,109.5,-23.5,148.51689603726547
83030,109.5,-23.0,152.30571963645852
83031,109.5,-22.5,160.66465316802987
83032,109.5,-22.0,153.31768651314377
83033,109.5,-21.5,149.6999777307779
83034,109.5,-21.0,152.74191514720852
83035,109.5,-20.5,147.95889955145688
83036,109.5,-20.0,149.95115676532842
83037,109.5,-19.5,149.50990322409592
83038,109.5,-19.0,149.15344292598166
83039,109.5,-18.5,155.41242561832067
83040,109.5,-18.0,160.5348844369152
83041,109.5,-17.5,155.3606625273474
83042,109.5,-17.0,152.20436464629427
83043,109.5,-16.5,156.0930171266477
83044,109.5,-16.0,152.70302290535113
83045,109.5,-15.5,151.6186140333914
83046,109.5,-15.0,148.79924587667412
83047,109.5,-14.5,148.00809240750212
83048,109.5,-14.0,152.5111927243998
83049,109.5,-13.5,158.82182465468162
83050,109.5,-12.5,146.5532029659474
83051,109.5,-12.0,154.51772883662693
83052,109.5,-11.5,150.01828849911226
83053,109.5,-11.0,148.45842778685054
83054,109.5,-10.5,148.79444596722217
83055,109.5,-10.0,156.0250123052288
83056,109.5,-9.5,150.6248571665879
83057,109.5,-9.0,155.84435964867072
83058,109.5,-8.5,149.93109854461844
83059,109.5,-7.5,156.88521170889572
83060,109.5,-7.0,155.59813283670957
83061,109.5,-6.5,158.02483199067493
83062,109.5,-6.0,157.53399188420119
83063,109.5,-4.5,154.7391690587734
83064,109.5,-4.0,151.49976759515977
83065,109.5,-3.5,150.63201342063775
83066,109.5,-3.0,153.71642664780993
83067,109.5,-2.5,150.43688468473553
83068,109.5,-2.0,148.49935309290024
83069,109.5,-1.0,163.0968883597633
83070,109.5,-0.5,150.3607478374266
83071,109.5,0.0,147.33538847357215
83072,109.5,0.5,147.5291993719302
83073,109.5,1.0,146.29916108051657
83074,109.5,1.5,147.7438956056765
83075,109.5,2.0,148.7567753510425
83076,109.5,2.5,154.95318098592915
83077,109.5,3.0,158.115098547471
83078,109.5,3.5,154.3370874695725
83079,109.5,4.0,149.14926586225906
83080,109.5,4.5,159.91854646004765
83081,109.5,5.0,158.52562973795673
83082,109.5,5.5,160.9421334492558
83083,109.5,6.0,154.67619402078643
83084,109.5,6.5,158.8139220010037
83085,109.5,7.0,158.17898643211885
83086,109.5,7.5,150.7688719644723
83087,109.5,8.0,155.7147937757652
83088,109.5,8.5,150.33076952484345
83089,109.5,9.5,154.1503426178175
83090,109.5,10.0,150.42365452020755
83091,109.5,10.5,150.87459459034147
83092,109.5,11.0,147.48098693832787
83093,109.5,11.5,151.47280195030018
83094,109.5,12.0,153.512619377954
83095,109.5,12.5,161.45778714901527
83096,109.5,13.0,149.49996524039997
83097,109.5,13.5,150.8820480791897
83098,109.5,14.0,153.51706444417496
83099,109.5,14.5,154.12423788104476
83100,109.5,15.0,161.82077256073316
83101,109.5,15.5,150.52870680103604
83102,109.5,16.0,149.91010465487375
83103,109.5,17.0,154.94405218420542
83104,109.5,17.5,155.89342590853283
83105,109.5,18.0,162.56302854164238
83106,109.5,18.5,149.64872539485785
83107,109.5,19.0,154.98111534450987
83108,109.5,19.5,156.22750198726993
83109,109.5,20.0,155.94668192555216
83110,109.5,20.5,156.96512710314195
83111,109.5,21.0,151.2795306619281
83112,109.5,21.5,156.4667658577595
83113,109.5,22.0,152.77055504203184
83114,109.5,22.5,153.66165894200628
83115,109.5,23.0,158.65974718758898
83116,109.5,23.5,153.15154511622532
83117,109.5,24.0,153.54384951378486
83118,109.5,24.5,154.33844979984832
83119,109.5,25.0,153.78048253198304
83120,109.5,25.5,149.75990901022743
83121,109.5,26.0,156.67496879620262
83122,109.5,26.5,151.16196957881402
83123,109.5,27.0,153.31106606555284
83124,109.5,27.5,150.20604504934627
83125,109.5,28.0,151.19593702574065
83126,109.5,28.5,152.9501597413754
83127,109.5,29.0,149.28514000341607
83128,109.5,29.5,152.59615586075645
83129,109.5,30.0,150.40725080814946
83130,109.5,30.5,146.3008774348624
83131,109.5,31.0,148.09094559622082
83132,109.5,31.5,151.23905414639944
83133,109.5,32.0,159.89624768086392
83134,109.5,32.5,149.1355072301104
83135,109.5,33.0,149.19777739679998
83136,109.5,33.5,146.45454433136163
83137,109.5,34.0,146.84140868786255
83138,109.5,34.5,153.70069684827268
83139,109.5,35.0,150.4579864881338
83140,109.5,35.5,150.06742038831882
83141,109.5,36.0,150.48309196475492
83142,109.5,36.5,151.09419227778227
83143,110.0,-39.5,156.67977317312784
83144,110.0,-37.0,146.49290775435085
83145,110.0,-36.5,148.01944860094983
83146,110.0,-36.0,149.15995600032653
83147,110.0,-35.5,153.1170920320641
83148,110.0,-35.0,152.70564268484338
83149,110.0,-34.5,149.14746286382248
83150,110.0,-34.0,147.79641977249338
83151,110.0,-33.5,146.72149384090775
83152,110.0,-33.0,147.87856905530901
83153,110.0,-32.0,157.91148199842073
83154,110.0,-31.5,158.86823365829446
83155,110.0,-31.0,154.42216072248723
83156,110.0,-30.5,155.9449917785175
83157,110.0,-30.0,149.961896002931
83158,110.0,-29.5,151.47684838539107
83159,110.0,-29.0,147.51571235275
83160,110.0,-28.5,147.89354710746554
83161,110.0,-28.0,148.84424916644457
83162,110.0,-27.5,148.88788861790067
83163,110.0,-27.0,146.94937981505018
83164,110.0,-26.5,147.91076838687425
83165,110.0,-26.0,149.83733360682342
83166,110.0,-25.5,145.4411156181073
83167,110.0,-25.0,148.09588871710224
83168,110.0,-24.5,148.8778394876001
83169,110.0,-24.0,154.76079274822797
83170,110.0,-23.5,147.7934519396044
83171,110.0,-23.0,151.50547097450757
83172,110.0,-22.0,153.64730572754502
83173,110.0,-21.5,158.2820143716097
83174,110.0,-21.0,149.1879776955277
83175,110.0,-20.5,155.44178519738784
83176,110.0,-20.0,149.50121544187738
83177,110.0,-19.5,150.1728923533243
83178,110.0,-19.0,149.22231358565475
83179,110.0,-18.5,154.03390486856642
83180,110.0,-17.5,152.57215986270944
83181,110.0,-17.0,156.3520492058457
83182,110.0,-16.5,152.32563124144016
83183,110.0,-16.0,152.13088021754447
83184,110.0,-15.5,149.07859349006597
83185,110.0,-15.0,151.67804560562197
83186,110.0,-14.5,147.79553897230267
83187,110.0,-14.0,156.80212337193794
83188,110.0,-13.5,158.30249984999588
83189,110.0,-13.0,146.48361182450182
83190,110.0,-12.5,146.65461185620188
83191,110.0,-12.0,151.4408386146751
83192,110.0,-11.5,150.20485914875823
83193,110.0,-11.0,151.50552793455157
83194,110.0,-10.5,153.84605299923615
83195,110.0,-10.0,150.61477473556783
83196,110.0,-9.5,155.42257103929578
83197,110.0,-9.0,152.50464326230605
83198,110.0,-8.5,157.74004696460855
83199,110.0,-7.5,152.33648311240475
83200,110.0,-7.0,154.50491594162304
83201,110.0,-6.5,154.9065570153867
83202,110.0,-6.0,159.9619315926714
83203,110.0,-5.5,153.90701794749532
83204,110.0,-5.0,154.40192346123038
83205,110.0,-4.5,154.5381210176812
83206,110.0,-4.0,150.40431834411436
83207,110.0,-3.5,150.06377970189735
83208,110.0,-3.0,153.0761560792352
83209,110.0,-2.5,152.9750204163092
83210,110.0,-2.0,149.88799592774606
83211,110.0,-1.0,163.35059124898729
83212,110.0,-0.5,149.74387219835188
83213,110.0,0.0,148.19968467463298
83214,110.0,0.5,145.94778383802924
83215,110.0,1.0,145.96031079099404
83216,110.0,1.5,147.43257159106616
83217,110.0,2.0,153.01506830491738
83218,110.0,2.5,154.15112281769325
83219,110.0,3.0,155.7610230041243
83220,110.0,3.5,149.98586092750605
83221,110.0,4.0,149.56938783739386
83222,110.0,4.5,158.2020497367574
83223,110.0,5.0,155.17287624065384
83224,110.0,5.5,157.75804852274354
83225,110.0,6.0,152.9936899608215
83226,110.0,6.5,155.87859539525815
83227,110.0,7.0,158.67437701742884
83228,110.0,7.5,159.54947904271754
83229,110.0,8.0,152.53119285477527
83230,110.0,8.5,148.6057430215432
83231,110.0,9.0,147.8753467949006
83232,110.0,9.5,150.72885948923692
83233,110.0,10.0,151.84420756147023
83234,110.0,10.5,152.69641843854862
83235,110.0,11.0,149.19200580213968
83236,110.0,11.5,150.2553077424608
83237,110.0,12.0,155.1031555246501
83238,110.0,12.5,155.37542295393925
83239,110.0,13.0,148.82404115728164
83240,110.0,13.5,149.93090981151423
83241,110.0,14.0,153.4370420459959
83242,110.0,14.5,156.05439634469784
83243,110.0,15.0,160.8138081966799
83244,110.0,16.0,150.66838587560517
83245,110.0,16.5,151.02557424664255
83246,110.0,17.0,154.11195293646855
83247,110.0,17.5,156.68086626242325
83248,110.0,18.0,156.62362991556557
83249,110.0,18.5,155.95786742218695
83250,110.0,19.0,154.50651695592177
83251,110.0,19.5,155.10076600004882
83252,110.0,20.5,155.1124740398622
83253,110.0,21.0,155.18178781523304
83254,110.0,21.5,153.5830019476313
83255,110.0,22.0,152.86504833560917
83256,110.0,22.5,155.61794894834844
83257,110.0,23.0,155.9053089701965
83258,110.0,23.5,151.57657578389598
83259,110.0,24.0,149.5508870212426
83260,110.0,24.5,151.4777696716824
83261,110.0,25.0,150.26103624521693
83262,110.0,25.5,151.63566947785878
83263,110.0,26.0,153.47497993233807
83264,110.0,26.5,151.19161369895997
83265,110.0,27.0,150.37790721857655
83266,110.0,27.5,151.2437914738719
83267,110.0,28.0,151.7488914242419
83268,110.0,28.5,152.76582776713622
83269,110.0,29.0,150.1548773573007
83270,110.0,29.5,152.46324007691774
83271,110.0,30.0,149.50033881509853
83272,110.0,30.5,146.59904732691157
83273,110.0,31.0,146.66348582801672
83274,110.0,31.5,150.26465505406406
83275,110.0,32.0,161.21391415226026
83276,110.0,32.5,149.2848682085444
83277,110.0,33.0,149.88023463930597
83278,110.0,33.5,146.00618094123382
83279,110.0,34.0,148.47393369487347
83280,110.0,34.5,148.3513613266507
83281,110.0,35.0,153.5988911572758
83282,110.0,35.5,150.25299114673845
83283,110.0,36.0,149.18272155399956
83284,110.0,36.5,149.58685361348566
83285,110.0,37.0,151.0244856617747
83286,110.5,-39.5,156.7102762603895
83287,110.5,-37.0,146.44294549075465
83288,110.5,-36.5,148.14889145776135
83289,110.5,-36.0,149.71720619708634
83290,110.5,-35.5,152.7610379958454
83291,110.5,-35.0,151.42921343800631
83292,110.5,-34.5,155.74212597507096
83293,110.5,-34.0,148.01217125725464
83294,110.5,-33.5,147.30082295477112
83295,110.5,-33.0,147.5900321392681
83296,110.5,-32.0,158.37550885002304
83297,110.5,-31.5,158.49767198146884
83298,110.5,-31.0,157.0118761117471
83299,110.5,-30.5,153.38814345987385
83300,110.5,-30.0,148.80701469946956
83301,110.5,-29.5,150.29117902881066
83302,110.5,-29.0,149.29409796382754
83303,110.5,-28.5,148.26573540320788
83304,110.5,-28.0,149.0131242555521
83305,110.5,-27.5,148.48801150261303
83306,110.5,-27.0,147.40592284467817
83307,110.5,-26.5,148.30903535898332
83308,110.5,-26.0,148.32326595945133
83309,110.5,-25.5,146.04823086943784
83310,110.5,-25.0,145.420398691458
83311,110.5,-24.5,154.93129489721355
83312,110.5,-24.0,149.95920346415377
83313,110.5,-23.5,154.3449229439795
83314,110.5,-23.0,152.86179712903444
83315,110.5,-22.5,150.04062384229275
83316,110.5,-22.0,155.84965936871666
83317,110.5,-21.5,154.65755109041197
83318,110.5,-21.0,152.9307731500155
83319,110.5,-20.5,149.1547476500931
83320,110.5,-20.0,149.77829950994118
83321,110.5,-19.0,154.09941253031332
83322,110.5,-18.5,151.15039858048212
83323,110.5,-18.0,152.41602847053346
83324,110.5,-17.5,152.30944334742597
83325,110.5,-17.0,159.69818481520198
83326,110.5,-16.5,152.42837196604603
83327,110.5,-16.0,150.91318166041046
83328,110.5,-15.5,150.56371646127798
83329,110.5,-15.0,147.97173063388362
83330,110.5,-14.5,147.74241216554196
83331,110.5,-14.0,157.7953681542725
83332,110.5,-13.5,156.10394953600337
83333,110.5,-13.0,152.80270815374055
83334,110.5,-12.5,159.72000844172618
83335,110.5,-12.0,147.35093210215098
83336,110.5,-11.5,148.47095516590014
83337,110.5,-11.0,153.80251504682104
83338,110.5,-10.5,149.7768605571929
83339,110.5,-10.0,149.26143988023915
83340,110.5,-9.5,152.37227413579166
83341,110.5,-9.0,153.68573291500547
83342,110.5,-8.5,158.45043911693568
83343,110.5,-8.0,154.1405023261768
83344,110.5,-7.5,151.79414026063884
83345,110.5,-7.0,153.71247129267684
83346,110.5,-6.5,155.89787173250681
83347,110.5,-6.0,152.84108940524925
83348,110.5,-5.5,158.1142041924688
83349,110.5,-5.0,153.81215281867992
83350,110.5,-4.5,151.08082002849343
83351,110.5,-3.5,149.86678306447095
83352,110.5,-3.0,150.15559955277757
83353,110.5,-2.5,148.55232723821575
83354,110.5,-2.0,154.74370537835497
83355,110.5,-1.5,144.392116318473
83356,110.5,-1.0,144.0819587093405
83357,110.5,-0.5,148.04243993919005
83358,110.5,0.0,148.31203769075574
83359,110.5,0.5,146.14794478025163
83360,110.5,1.0,147.3514924874016
83361,110.5,1.5,154.40702742900797
83362,110.5,2.0,153.38875946224704
83363,110.5,2.5,152.76957866966632
83364,110.5,3.0,148.98955551327722
83365,110.5,4.0,152.18495353012275
83366,110.5,4.5,151.02544073140916
83367,110.5,5.5,155.85768822815663
83368,110.5,6.0,160.25122609358385
83369,110.5,6.5,152.80511441385377
83370,110.5,7.0,158.98096388781497
83371,110.5,7.5,158.45039703179168
83372,110.5,8.0,157.3461352627663
83373,110.5,8.5,148.4842556169495
83374,110.5,9.0,147.90463858957762
83375,110.5,9.5,148.1555651484559
83376,110.5,10.0,153.33584994316345
83377,110.5,10.5,149.6555437297359
83378,110.5,11.0,151.28950714650284
83379,110.5,11.5,150.14445388192811
83380,110.5,12.0,152.28065131752047
83381,110.5,12.5,153.98130919564665
83382,110.5,13.0,149.49826071067457
83383,110.5,13.5,152.45028463527922
83384,110.5,14.0,152.37416540327467
83385,110.5,14.5,155.5644602027695
83386,110.5,15.0,162.40719885452123
83387,110.5,15.5,162.6355440855728
83388,110.5,16.5,151.8552168406602
83389,110.5,17.5,156.23926336497186
83390,110.5,18.0,154.35447958700266
83391,110.5,18.5,158.19986948295147
83392,110.5,19.0,154.7473244395579
83393,110.5,19.5,155.3079039506968
83394,110.5,20.0,157.2368123872173
83395,110.5,20.5,153.32273388557869
83396,110.5,21.0,157.72673343052432
83397,110.5,21.5,157.96632188317645
83398,110.5,22.0,154.9451021246328
83399,110.5,22.5,150.362609149303
83400,110.5,23.0,151.63873396366492
83401,110.5,23.5,152.71559450749967
83402,110.5,24.0,148.44303025658704
83403,110.5,24.5,150.5594990234736
83404,110.5,25.0,151.5790039426556
83405,110.5,25.5,157.64141634625042
83406,110.5,26.0,151.0790773147806
83407,110.5,26.5,152.70730825587634
83408,110.5,27.0,151.69546905186795
83409,110.5,27.5,150.67779733127753
83410,110.5,28.0,152.07811591586992
83411,110.5,28.5,154.23972037896542
83412,110.5,29.0,150.6850070570229
83413,110.5,29.5,151.02327664770536
83414,110.5,30.0,147.6620220049924
83415,110.5,30.5,144.56289115368867
83416,110.5,31.0,150.08803190146045
83417,110.5,32.0,162.5710014999845
83418,110.5,32.5,150.9619536234122
83419,110.5,33.0,148.45800302159006
83420,110.5,33.5,145.77917302726098
83421,110.5,34.0,145.67802274545593
83422,110.5,34.5,148.5917741289928
83423,110.5,35.0,152.78746768220435
83424,110.5,35.5,154.1400465770882
83425,110.5,36.0,152.9598749336803
83426,110.5,36.5,149.23951183879527
83427,110.5,37.0,151.22895044913278
83428,111.0,-39.5,156.71893851851996
83429,111.0,-37.0,146.56126124027972
83430,111.0,-36.5,148.65615711134654
83431,111.0,-36.0,150.31553541782034
83432,111.0,-35.5,152.24171511602896
83433,111.0,-35.0,151.1382006943927
83434,111.0,-34.5,156.2624543407561
83435,111.0,-33.5,148.39497567785904
83436,111.0,-33.0,147.32321707412632
83437,111.0,-32.5,158.00652573767223
83438,111.0,-32.0,159.1221910018537
83439,111.0,-31.5,159.89408532685056
83440,111.0,-31.0,156.83829316755592
83441,111.0,-30.5,151.87817161428381
83442,111.0,-30.0,149.43857186472917
83443,111.0,-29.5,150.10981255019885
83444,111.0,-29.0,149.06404865015597
83445,111.0,-28.5,147.6950005416106
83446,111.0,-28.0,149.2561262177038
83447,111.0,-27.5,150.05309544223917
83448,111.0,-27.0,148.49671549601615
83449,111.0,-26.5,148.31119870374303
83450,111.0,-26.0,147.28334490459267
83451,111.0,-25.5,148.80757931591103
83452,111.0,-25.0,146.30486479789656
83453,111.0,-24.5,157.03633146433793
83454,111.0,-24.0,150.06445434050028
83455,111.0,-23.5,155.14124115236905
83456,111.0,-22.5,148.53628678696137
83457,111.0,-22.0,161.4816720959499
83458,111.0,-21.5,149.24551855512263
83459,111.0,-21.0,149.48112441522926
83460,111.0,-20.5,149.45455019218423
83461,111.0,-20.0,150.29165608027094
83462,111.0,-19.5,149.60186228360658
83463,111.0,-19.0,157.23078670813672
83464,111.0,-18.5,150.73928854597546
83465,111.0,-18.0,151.97799615888016
83466,111.0,-17.5,156.49617835634595
83467,111.0,-17.0,152.5216662422988
83468,111.0,-16.5,150.1444869329141
83469,111.0,-16.0,149.53858142800456
83470,111.0,-15.5,152.14822883823015
83471,111.0,-15.0,148.10338541762073
83472,111.0,-13.5,146.77356608246652
83473,111.0,-13.0,157.3807150877597
83474,111.0,-12.5,151.6727485680018
83475,111.0,-12.0,169.8548185426908
83476,111.0,-11.5,150.00751849031263
83477,111.0,-11.0,150.05247858039425
83478,111.0,-10.5,150.72093226883766
83479,111.0,-10.0,158.09031849974463
83480,111.0,-9.5,149.15845923020467
83481,111.0,-9.0,155.8159608036976
83482,111.0,-8.5,158.2020194513017
83483,111.0,-8.0,155.4182219050922
83484,111.0,-7.5,154.5923633285875
83485,111.0,-7.0,149.13945886821682
83486,111.0,-6.0,155.1939213042247
83487,111.0,-5.5,153.9685185204555
83488,111.0,-5.0,154.80016531864615
83489,111.0,-4.5,152.48553232099906
83490,111.0,-3.5,148.41842311202558
83491,111.0,-3.0,148.69178111606664
83492,111.0,-2.0,148.03259834454136
83493,111.0,-1.5,152.6702984270918
83494,111.0,-1.0,145.27163002929046
83495,111.0,-0.5,144.92201268823524
83496,111.0,0.0,150.6713701616099
83497,111.0,0.5,146.70846301829934
83498,111.0,1.0,147.6160628332304
83499,111.0,1.5,150.61098958778203
83500,111.0,2.0,152.84517164114885
83501,111.0,2.5,152.86771550283018
83502,111.0,3.0,148.32761183099407
83503,111.0,3.5,151.86163306892496
83504,111.0,4.0,152.34540639624663
83505,111.0,4.5,149.2986172509042
83506,111.0,5.0,148.45267067470763
83507,111.0,5.5,160.31905642627632
83508,111.0,6.0,157.24630030138334
83509,111.0,6.5,161.94316000087238
83510,111.0,7.0,158.55030674194674
83511,111.0,7.5,157.39519412449133
83512,111.0,8.0,159.19570193623616
83513,111.0,8.5,147.9162128241974
83514,111.0,9.0,149.28434288760698
83515,111.0,9.5,147.39654849815224
83516,111.0,10.0,149.13852076718518
83517,111.0,10.5,151.08712319302796
83518,111.0,11.0,150.7916825717674
83519,111.0,11.5,153.15200022247296
83520,111.0,12.0,150.14243603178235
83521,111.0,12.5,150.81811311422655
83522,111.0,13.0,155.33140872429772
83523,111.0,13.5,151.72374687046425
83524,111.0,14.0,153.519463056119
83525,111.0,14.5,151.66350145074233
83526,111.0,15.5,162.83198000616224
83527,111.0,16.0,153.09918370533038
83528,111.0,16.5,152.6182697510344
83529,111.0,17.0,151.30611786364727
83530,111.0,17.5,150.62163105339476
83531,111.0,18.0,154.39028937763112
83532,111.0,18.5,155.57105373851977
83533,111.0,19.0,155.32356050265795
83534,111.0,19.5,154.19746216778435
83535,111.0,20.0,150.93388553476734
83536,111.0,20.5,147.9135000710123
83537,111.0,21.0,156.54901834098595
83538,111.0,21.5,157.89113663454566
83539,111.0,22.0,151.7872697652326
83540,111.0,22.5,149.96829337311956
83541,111.0,23.0,151.0373475914074
83542,111.0,23.5,152.47494835917
83543,111.0,24.0,149.68930809063065
83544,111.0,24.5,150.43447495345032
83545,111.0,25.0,149.35575295517364
83546,111.0,25.5,149.86011087918888
83547,111.0,26.0,150.3718810061986
83548,111.0,26.5,150.4226371508341
83549,111.0,27.0,155.4146164687561
83550,111.0,27.5,151.12943539038972
83551,111.0,28.0,152.16419793956368
83552,111.0,28.5,149.49445416801433
83553,111.0,29.0,154.50247483752653
83554,111.0,29.5,151.32049474595289
83555,111.0,30.0,147.04267249795865
83556,111.0,30.5,146.21291982943697
83557,111.0,31.0,148.8215843123571
83558,111.0,31.5,141.63388260128468
83559,111.0,32.0,164.23941601625117
83560,111.0,32.5,152.04792443867478
83561,111.0,33.0,149.54076107348774
83562,111.0,33.5,146.72157962123885
83563,111.0,34.0,146.23290274498413
83564,111.0,34.5,150.32797034459873
83565,111.0,35.0,154.02102269561433
83566,111.0,35.5,150.32909754515265
83567,111.0,36.0,150.24233282109304
83568,111.0,36.5,148.5739476885444
83569,111.0,37.0,150.16323113918966
83570,111.5,-40.0,157.16453546019625
83571,111.5,-39.5,156.76934512187088
83572,111.5,-37.0,146.77122880582496
83573,111.5,-36.5,150.02894560894455
83574,111.5,-36.0,152.34041020731237
83575,111.5,-35.5,152.54885348028887
83576,111.5,-35.0,151.10040823253422
83577,111.5,-34.5,155.43077711651202
83578,111.5,-33.5,148.67337564599126
83579,111.5,-33.0,147.25341456455314
83580,111.5,-32.5,159.0472540398125
83581,111.5,-32.0,169.81370375492878
83582,111.5,-31.5,152.45455591141675
83583,111.5,-31.0,156.90195489305583
83584,111.5,-30.5,151.32681258151422
83585,111.5,-30.0,149.8665752523121
83586,111.5,-29.5,148.7599988803791
83587,111.5,-29.0,151.1720441664529
83588,111.5,-28.5,147.90931858735627
83589,111.5,-28.0,150.0568273203727
83590,111.5,-27.5,149.4740683601708
83591,111.5,-27.0,147.255791589978
83592,111.5,-26.5,148.0727036289611
83593,111.5,-26.0,146.462787650399
83594,111.5,-25.5,149.71429649221045
83595,111.5,-25.0,155.62727278014395
83596,111.5,-24.5,151.7694553896454
83597,111.5,-24.0,152.99325263668752
83598,111.5,-23.5,153.73135108531426
83599,111.5,-23.0,148.18066000321585
83600,111.5,-22.5,152.34998431185258
83601,111.5,-22.0,155.73615917543754
83602,111.5,-21.5,148.45645119058258
83603,111.5,-21.0,149.5138827402005
83604,111.5,-20.5,149.93333187303824
83605,111.5,-20.0,149.3660303069935
83606,111.5,-19.5,152.52403698860385
83607,111.5,-19.0,149.58591477911096
83608,111.5,-18.5,152.05512751510017
83609,111.5,-18.0,150.58419612856824
83610,111.5,-17.5,153.95058983037586
83611,111.5,-17.0,150.75366793380329
83612,111.5,-16.5,149.7374132403316
83613,111.5,-16.0,149.75097007998116
83614,111.5,-15.5,148.66602749181365
83615,111.5,-15.0,154.93169455994695
83616,111.5,-14.0,146.99496205237284
83617,111.5,-13.5,153.20507047271624
83618,111.5,-13.0,154.66295939870608
83619,111.5,-12.5,159.99492047996387
83620,111.5,-12.0,156.9616802604749
83621,111.5,-11.5,153.24959572962695
83622,111.5,-11.0,148.34703767872668
83623,111.5,-10.5,152.41438537884628
83624,111.5,-10.0,151.494357679009
83625,111.5,-9.5,156.88454488011845
83626,111.5,-8.5,153.89825681426743
83627,111.5,-8.0,156.5356990157365
83628,111.5,-7.5,162.87316650913073
83629,111.5,-7.0,149.19176562609704
83630,111.5,-6.5,149.8225188602626
83631,111.5,-6.0,153.78897020196482
83632,111.5,-5.5,152.22868585809
83633,111.5,-5.0,152.1139987886387
83634,111.5,-4.5,152.5307326055983
83635,111.5,-4.0,148.20684000165787
83636,111.5,-3.5,148.30173273196692
83637,111.5,-2.5,147.5544605430941
83638,111.5,-2.0,143.19030984003717
83639,111.5,-1.5,146.95502966056293
83640,111.5,-1.0,150.93981669602877
83641,111.5,-0.5,145.04212169783162
83642,111.5,0.0,151.83134955108787
83643,111.5,0.5,153.28529812860216
83644,111.5,1.0,147.91007734267998
83645,111.5,1.5,150.80454952302037
83646,111.5,2.0,147.3753666311419
83647,111.5,2.5,150.54362556541324
83648,111.5,3.0,150.7808322542307
83649,111.5,3.5,150.22609642334055
83650,111.5,4.5,150.1419160397428
83651,111.5,5.0,152.44000186751202
83652,111.5,5.5,157.2800631881682
83653,111.5,6.0,160.24212279796248
83654,111.5,6.5,159.40757748346775
83655,111.5,7.0,158.86017943120729
83656,111.5,8.5,152.43055940102087
83657,111.5,9.0,147.6457832586714
83658,111.5,9.5,147.1673065955809
83659,111.5,10.0,149.11189821720717
83660,111.5,10.5,150.20913787904894
83661,111.5,11.0,154.03754724938756
83662,111.5,12.0,149.5015433010264
83663,111.5,12.5,152.77853907585882
83664,111.5,13.0,153.65817338585842
83665,111.5,13.5,153.80566506850937
83666,111.5,14.0,152.4187703192041
83667,111.5,14.5,152.14430204746893
83668,111.5,15.0,154.23118604597732
83669,111.5,15.5,163.0892108396121
83670,111.5,16.0,154.94522732787604
83671,111.5,17.0,153.50307704382882
83672,111.5,17.5,149.60519136783472
83673,111.5,18.0,155.26100863225847
83674,111.5,18.5,151.46724628276476
83675,111.5,19.0,156.63136858239517
83676,111.5,19.5,154.19836264400055
83677,111.5,20.0,149.10778906278657
83678,111.5,20.5,152.50758003067017
83679,111.5,21.0,153.9616803030659
83680,111.5,21.5,155.5226509671606
83681,111.5,22.0,154.23461952814958
83682,111.5,22.5,150.29450915807632
83683,111.5,23.0,151.6828001160251
83684,111.5,23.5,152.68699260243125
83685,111.5,24.0,151.02797278265416
83686,111.5,24.5,149.8487768185168
83687,111.5,25.0,152.959336455423
83688,111.5,25.5,150.6143998448521
83689,111.5,26.0,152.25328790048715
83690,111.5,26.5,152.6829859166555
83691,111.5,27.0,155.63806647597806
83692,111.5,27.5,152.36780871896647
83693,111.5,28.0,152.16231512425196
83694,111.5,28.5,151.58604465340943
83695,111.5,29.0,157.32940152952534
83696,111.5,29.5,154.0537170240764
83697,111.5,30.0,153.13769888351803
83698,111.5,30.5,155.51413950739797
83699,111.5,31.0,148.55043402672658
83700,111.5,31.5,146.45632518992716
83701,111.5,32.0,155.2247028909988
83702,111.5,32.5,152.81613671804016
83703,111.5,33.0,152.31424726614765
83704,111.5,33.5,146.50792605450425
83705,111.5,34.0,145.18722465831704
83706,111.5,34.5,146.66341472682052
83707,111.5,35.0,147.43021191073484
83708,111.5,35.5,149.78056659222625
83709,111.5,36.0,152.81477516215134
83710,111.5,36.5,149.408604971668
83711,111.5,37.0,150.9962522491833
83712,112.0,-40.5,157.241227777129
83713,112.0,-40.0,157.22619845312383
83714,112.0,-39.5,156.81636226870486
83715,112.0,-37.0,146.72690192161824
83716,112.0,-36.5,149.44529641134005
83717,112.0,-36.0,153.1948794676503
83718,112.0,-35.5,149.58018478489217
83719,112.0,-35.0,152.25535993630487
83720,112.0,-34.5,153.5685197959575
83721,112.0,-34.0,168.66769854337468
83722,112.0,-33.5,150.30223447340748
83723,112.0,-33.0,147.38107411404397
83724,112.0,-32.5,155.61301227353897
83725,112.0,-32.0,172.226816537684
83726,112.0,-31.5,152.60566341552223
83727,112.0,-31.0,151.05011462969142
83728,112.0,-30.5,151.20235862504452
83729,112.0,-30.0,149.9501896291145
83730,112.0,-29.5,148.6657653331015
83731,112.0,-29.0,151.43799244374222
83732,112.0,-28.5,149.2637892120831
83733,112.0,-28.0,149.77505622248066
83734,112.0,-27.5,150.76553521677883
83735,112.0,-27.0,147.73025734141805
83736,112.0,-26.5,147.57448982746666
83737,112.0,-26.0,146.41447151802214
83738,112.0,-25.5,147.68564802722037
83739,112.0,-25.0,154.49046521460602
83740,112.0,-24.5,146.6127896128426
83741,112.0,-24.0,147.09557099454807
83742,112.0,-23.5,146.99794328621056
83743,112.0,-23.0,147.66006928295604
83744,112.0,-22.5,160.29930127048993
83745,112.0,-22.0,150.4619686451381
83746,112.0,-21.5,148.78255707591813
83747,112.0,-21.0,149.52156098391495
83748,112.0,-20.5,150.2926274271076
83749,112.0,-20.0,150.5530970867444
83750,112.0,-19.5,156.15360927577535
83751,112.0,-19.0,150.69364759647814
83752,112.0,-18.5,149.89487201141463
83753,112.0,-18.0,152.81575900326985
83754,112.0,-17.5,152.02444803015658
83755,112.0,-17.0,150.58917021714836
83756,112.0,-16.5,150.58883463272247
83757,112.0,-16.0,148.40350015033167
83758,112.0,-15.5,148.10470134688157
83759,112.0,-15.0,155.38206371603158
83760,112.0,-14.5,149.197199549723
83761,112.0,-14.0,147.15049456851602
83762,112.0,-13.5,151.02421771732338
83763,112.0,-13.0,150.88720444551646
83764,112.0,-12.5,156.4749750127246
83765,112.0,-12.0,154.18729011080057
83766,112.0,-11.5,153.88871650346718
83767,112.0,-11.0,149.12855956429186
83768,112.0,-10.5,149.10840448661764
83769,112.0,-10.0,150.39898335753077
83770,112.0,-9.5,155.14055233672607
83771,112.0,-9.0,152.70860658132588
83772,112.0,-8.5,153.3032496074791
83773,112.0,-8.0,154.73793269583766
83774,112.0,-7.5,164.5213761748649
83775,112.0,-6.5,151.23587950225232
83776,112.0,-6.0,152.1543997318221
83777,112.0,-5.5,150.86194836273626
83778,112.0,-5.0,151.3847327022878
83779,112.0,-4.5,150.79932683203663
83780,112.0,-4.0,151.41084925272878
83781,112.0,-2.5,148.40916291741607
83782,112.0,-2.0,147.01826922881952
83783,112.0,-1.5,145.61575229199948
83784,112.0,-1.0,148.40913492015048
83785,112.0,-0.5,150.44228950007775
83786,112.0,0.0,147.22101223525206
83787,112.0,0.5,149.8910930096963
83788,112.0,1.0,152.77905548988446
83789,112.0,1.5,148.54808817555582
83790,112.0,2.0,147.56727911993
83791,112.0,2.5,148.71685097798434
83792,112.0,3.0,149.06491042831408
83793,112.0,3.5,149.42188734137116
83794,112.0,4.0,148.8653125709601
83795,112.0,4.5,153.6568954295884
83796,112.0,5.0,153.18099791663434
83797,112.0,5.5,148.3179390946066
83798,112.0,6.0,160.28648033839082
83799,112.0,6.5,156.1085657520634
83800,112.0,7.0,158.33399847082117
83801,112.0,7.5,150.27535671668284
83802,112.0,8.0,153.19490233061646
83803,112.0,8.5,154.42726575746948
83804,112.0,9.5,148.87866942304797
83805,112.0,10.0,149.59727177907237
83806,112.0,10.5,151.9352022167718
83807,112.0,11.0,153.52960720918443
83808,112.0,11.5,148.98565338159048
83809,112.0,12.0,148.89553541459497
83810,112.0,12.5,152.3279758942844
83811,112.0,13.0,152.27431464123308
83812,112.0,13.5,154.95445423621265
83813,112.0,14.5,151.55172011475483
83814,112.0,15.0,151.2706288426421
83815,112.0,15.5,151.21895918126756
83816,112.0,16.0,161.82636457991185
83817,112.0,17.0,147.98460353967093
83818,112.0,17.5,152.35157332941753
83819,112.0,18.5,151.40183962472784
83820,112.0,19.0,151.77482508637155
83821,112.0,19.5,150.92358723498361
83822,112.0,20.0,152.2063848797913
83823,112.0,20.5,152.670494562291
83824,112.0,21.0,148.3014610525739
83825,112.0,21.5,155.61028309819932
83826,112.0,22.0,154.57291205822622
83827,112.0,22.5,150.42596981819557
83828,112.0,23.0,151.8052878145239
83829,112.0,23.5,150.71783709589297
83830,112.0,24.0,152.933963393731
83831,112.0,24.5,148.72959443051118
83832,112.0,25.0,148.7185180121514
83833,112.0,25.5,151.6240880718614
83834,112.0,26.0,149.40029920032316
83835,112.0,26.5,153.58467563957137
83836,112.0,27.0,154.2454346512653
83837,112.0,27.5,154.4703547670145
83838,112.0,28.0,152.61370749486397
83839,112.0,28.5,153.50399097488292
83840,112.0,29.0,160.07610695801333
83841,112.0,29.5,158.35353355759156
83842,112.0,30.0,157.30989009236842
83843,112.0,30.5,157.44349143457745
83844,112.0,31.0,155.17011272492303
83845,112.0,31.5,149.90254437958788
83846,112.0,32.0,155.42718571165736
83847,112.0,32.5,151.72674234968125
83848,112.0,33.0,150.43258323093988
83849,112.0,33.5,146.23234404977825
83850,112.0,34.0,145.80622589409404
83851,112.0,34.5,149.00046646937508
83852,112.0,35.0,146.25182894162486
83853,112.0,35.5,147.62904303972974
83854,112.0,36.0,149.27558092031842
83855,112.0,36.5,148.49136042416825
83856,112.0,37.0,152.2867831939713
83857,112.5,-40.5,157.1760504554354
83858,112.5,-37.0,146.84940309082063
83859,112.5,-36.5,149.87211115318516
83860,112.5,-36.0,153.28899172695554
83861,112.5,-35.5,148.47456711866928
83862,112.5,-35.0,151.47219745825893
83863,112.5,-34.5,151.44014955357196
83864,112.5,-34.0,163.24047449079615
83865,112.5,-33.5,155.86375705548676
83866,112.5,-33.0,153.26083087341928
83867,112.5,-32.5,153.66074470231493
83868,112.5,-32.0,152.31395512462325
83869,112.5,-31.5,155.18855615516372
83870,112.5,-31.0,150.37579747326836
83871,112.5,-30.5,149.34773986439237
83872,112.5,-30.0,150.45435825248427
83873,112.5,-29.5,149.0153908540445
83874,112.5,-29.0,150.79496416689813
83875,112.5,-28.5,151.33713607660195
83876,112.5,-28.0,150.0490318189891
83877,112.5,-27.5,151.00284951504187
83878,112.5,-27.0,150.11050952783762
83879,112.5,-26.5,147.77977727408154
83880,112.5,-26.0,147.4543775011623
83881,112.5,-25.5,155.16871316755055
83882,112.5,-25.0,150.772834029217
83883,112.5,-24.5,147.29225585497272
83884,112.5,-24.0,145.8664232218409
83885,112.5,-23.5,148.16329377089326
83886,112.5,-23.0,148.06020119385548
83887,112.5,-22.5,157.9584346437754
83888,112.5,-22.0,149.0536179716776
83889,112.5,-21.5,148.22310435530545
83890,112.5,-21.0,149.41754176130803
83891,112.5,-20.5,150.52937000541638
83892,112.5,-20.0,152.16485007873823
83893,112.5,-19.5,149.99406931160644
83894,112.5,-19.0,150.86878371721417
83895,112.5,-18.5,150.4318759179722
83896,112.5,-18.0,151.4680571364331
83897,112.5,-17.5,149.14926551959562
83898,112.5,-17.0,151.5190443245211
83899,112.5,-16.5,149.1334620338831
83900,112.5,-16.0,148.37807376605787
83901,112.5,-15.0,147.23610377126383
83902,112.5,-14.5,152.1282344793946
83903,112.5,-14.0,151.87498670628548
83904,112.5,-13.5,149.4119650560031
83905,112.5,-13.0,148.6698932925662
83906,112.5,-12.5,156.11059375316967
83907,112.5,-12.0,150.96649513761275
83908,112.5,-11.5,152.9750304289131
83909,112.5,-11.0,163.96811784783978
83910,112.5,-10.5,149.19040104501747
83911,112.5,-9.5,150.9920155404131
83912,112.5,-9.0,153.43015204743196
83913,112.5,-8.5,152.9997901581556
83914,112.5,-8.0,153.55586665584286
83915,112.5,-7.5,158.2878131710821
83916,112.5,-7.0,162.88711722971445
83917,112.5,-6.5,153.06571030590106
83918,112.5,-6.0,150.65792528571464
83919,112.5,-5.5,153.73670603477524
83920,112.5,-5.0,153.3584147015866
83921,112.5,-4.5,149.3097640269287
83922,112.5,-4.0,153.2126463047436
83923,112.5,-3.5,154.97481586794262
83924,112.5,-2.5,147.22824361823933
83925,112.5,-2.0,145.57670969386737
83926,112.5,-1.5,145.18151846770482
83927,112.5,-1.0,144.82254025216616
83928,112.5,-0.5,151.39739278022256
83929,112.5,0.0,148.03494664077328
83930,112.5,0.5,147.95763423115915
83931,112.5,1.0,151.38412796937706
83932,112.5,1.5,152.3859957255657
83933,112.5,2.5,145.08818786871134
83934,112.5,3.0,148.90476377155935
83935,112.5,4.0,148.79926539650256
83936,112.5,4.5,154.1181981265446
83937,112.5,5.0,153.44110719110913
83938,112.5,5.5,152.871635598632
83939,112.5,6.0,154.98699783792355
83940,112.5,6.5,154.94887845452593
83941,112.5,7.0,150.86266971540516
83942,112.5,7.5,160.82881929378007
83943,112.5,8.0,151.1514705441645
83944,112.5,9.0,150.9915177162966
83945,112.5,9.5,150.5031434033504
83946,112.5,10.0,149.28803538993455
83947,112.5,10.5,149.8921029211745
83948,112.5,11.0,149.56816680905288
83949,112.5,11.5,150.8117977269601
83950,112.5,12.0,152.54490339321913
83951,112.5,12.5,151.26960160505868
83952,112.5,13.0,152.68211009618113
83953,112.5,13.5,152.07651881400733
83954,112.5,14.0,152.44518232761658
83955,112.5,14.5,153.61199403185017
83956,112.5,15.0,148.80871260779756
83957,112.5,15.5,149.7134880900379
83958,112.5,16.0,163.8691982815023
83959,112.5,16.5,160.51994997453116
83960,112.5,17.0,151.85755537683085
83961,112.5,17.5,152.04741355890468
83962,112.5,18.0,148.9013670302302
83963,112.5,18.5,152.15458350547019
83964,112.5,19.0,150.9799373009623
83965,112.5,19.5,149.43452055046694
83966,112.5,20.0,151.65888890075198
83967,112.5,20.5,152.41794290237007
83968,112.5,21.0,148.43700181168919
83969,112.5,21.5,156.22094245937902
83970,112.5,22.0,156.52673128593912
83971,112.5,22.5,156.3988298056825
83972,112.5,23.0,156.79921543978426
83973,112.5,23.5,151.2512448189625
83974,112.5,24.0,149.3011959353425
83975,112.5,24.5,151.05723940674267
83976,112.5,25.0,149.26128071658738
83977,112.5,25.5,151.643898736199
83978,112.5,26.0,151.02174939836365
83979,112.5,26.5,153.55989590795156
83980,112.5,27.0,155.18043809444842
83981,112.5,27.5,155.2454598235771
83982,112.5,28.0,154.85669343979518
83983,112.5,28.5,158.5276319925906
83984,112.5,29.0,159.59811572574824
83985,112.5,29.5,157.11162470083985
83986,112.5,30.0,157.57383688063987
83987,112.5,30.5,157.25005739753865
83988,112.5,31.0,158.07162869457977
83989,112.5,31.5,151.72008061118214
83990,112.5,32.0,155.17534732613967
83991,112.5,32.5,153.63963043754325
83992,112.5,33.0,151.1181505366698
83993,112.5,33.5,149.86792738977343
83994,112.5,34.0,146.50218095609435
83995,112.5,34.5,149.989300663412
83996,112.5,35.0,147.25392094990514
83997,112.5,35.5,148.1769000014414
83998,112.5,36.0,148.7271595455818
83999,112.5,36.5,148.19455341187657
84000,112.5,37.0,150.10187678844366
84001,113.0,-40.5,157.24121757437797
84002,113.0,-37.0,146.92674062044924
84003,113.0,-36.5,150.2610737246132
84004,113.0,-36.0,155.50203809009616
84005,113.0,-35.5,149.17101504591184
84006,113.0,-35.0,150.1645729923183
84007,113.0,-34.5,150.39257769236062
84008,113.0,-34.0,160.59287270971618
84009,113.0,-33.5,165.5064694710407
84010,113.0,-33.0,150.64469623558992
84011,113.0,-32.5,153.1925279201754
84012,113.0,-32.0,152.79070452879702
84013,113.0,-31.5,153.7147513585108
84014,113.0,-31.0,150.00818468269827
84015,113.0,-30.5,150.5638779485174
84016,113.0,-30.0,149.56285286939504
84017,113.0,-29.5,147.82293875631865
84018,113.0,-29.0,149.64773519677894
84019,113.0,-28.5,154.70592615503293
84020,113.0,-28.0,150.75281862894153
84021,113.0,-27.5,148.0637431687044
84022,113.0,-27.0,151.50403110111515
84023,113.0,-26.5,147.79262640200636
84024,113.0,-26.0,152.50137482600454
84025,113.0,-25.5,157.96985506294945
84026,113.0,-25.0,146.4247735301814
84027,113.0,-24.5,147.16822062769054
84028,113.0,-24.0,146.59728195509356
84029,113.0,-23.5,147.98124527355927
84030,113.0,-23.0,154.2784050052928
84031,113.0,-22.5,151.30702830166248
84032,113.0,-22.0,149.65386771021122
84033,113.0,-21.5,148.97871340790957
84034,113.0,-21.0,150.85569893854253
84035,113.0,-20.5,151.1760818920547
84036,113.0,-20.0,151.63816512825406
84037,113.0,-19.5,150.96207465755714
84038,113.0,-19.0,149.71093511043495
84039,113.0,-18.5,150.82240380444168
84040,113.0,-18.0,149.73382417713913
84041,113.0,-17.5,149.89738839914406
84042,113.0,-17.0,148.9232906971142
84043,113.0,-16.5,151.11385049430848
84044,113.0,-16.0,147.83471029137687
84045,113.0,-15.0,147.41585041089616
84046,113.0,-14.5,155.04706759147814
84047,113.0,-14.0,151.92393138896767
84048,113.0,-13.5,148.7673018127287
84049,113.0,-13.0,148.91521206499763
84050,113.0,-12.5,151.9722246576062
84051,113.0,-12.0,152.92967492312616
84052,113.0,-11.0,156.4548587642077
84053,113.0,-10.5,149.65171248392926
84054,113.0,-9.5,151.68387912464485
84055,113.0,-9.0,151.98721035644934
84056,113.0,-8.5,154.93129441996075
84057,113.0,-7.5,155.4284302001946
84058,113.0,-7.0,154.98430451046687
84059,113.0,-6.5,151.11906332773322
84060,113.0,-6.0,152.1867589403863
84061,113.0,-5.5,155.93376844843354
84062,113.0,-5.0,150.11808484301073
84063,113.0,-4.5,152.09024412951896
84064,113.0,-4.0,149.08186112886153
84065,113.0,-3.5,154.4479432253447
84066,113.0,-3.0,152.49999582966242
84067,113.0,-2.5,146.99903156051147
84068,113.0,-2.0,145.88750082323725
84069,113.0,-1.5,145.33966535686469
84070,113.0,-1.0,145.00267772521167
84071,113.0,-0.5,146.55716116757893
84072,113.0,0.0,151.40740219082502
84073,113.0,0.5,151.72886194959472
84074,113.0,1.0,148.9184223519794
84075,113.0,1.5,158.29349464150368
84076,113.0,2.0,150.0857557784994
84077,113.0,2.5,145.46152078951783
84078,113.0,3.0,148.36294199231142
84079,113.0,3.5,148.9511649475939
84080,113.0,4.0,151.94223671895818
84081,113.0,4.5,152.90667098940887
84082,113.0,5.0,157.98168826822754
84083,113.0,5.5,155.81565800692232
84084,113.0,6.0,152.78248052182295
84085,113.0,6.5,151.66708231641846
84086,113.0,7.5,153.80146033860913
84087,113.0,8.0,163.5131004714034
84088,113.0,8.5,148.44667633086664
84089,113.0,9.0,152.8904790993879
84090,113.0,9.5,150.79567380126318
84091,113.0,10.0,149.80634965642892
84092,113.0,10.5,147.74971909873764
84093,113.0,11.0,149.21172761760388
84094,113.0,11.5,152.40957218083216
84095,113.0,12.0,152.84876773786084
84096,113.0,12.5,152.77806080562686
84097,113.0,13.0,149.695542795543
84098,113.0,13.5,150.87634112068616
84099,113.0,14.0,151.5527179060174
84100,113.0,14.5,153.45698353986867
84101,113.0,15.0,150.0888842412815
84102,113.0,15.5,149.28411417666413
84103,113.0,16.0,150.87609004349287
84104,113.0,16.5,156.92003538942856
84105,113.0,17.0,153.80834151286248
84106,113.0,17.5,152.3713048723448
84107,113.0,18.0,149.52564202344723
84108,113.0,18.5,148.6705542794759
84109,113.0,19.0,149.41479461367544
84110,113.0,19.5,150.86884736484825
84111,113.0,20.0,152.1290173607462
84112,113.0,20.5,149.7589555987396
84113,113.0,21.0,150.7062518983488
84114,113.0,21.5,149.55872173235065
84115,113.0,22.0,158.3236156424474
84116,113.0,22.5,157.2758097724251
84117,113.0,23.0,157.0214219645234
84118,113.0,23.5,157.39594173397785
84119,113.0,24.0,150.55912821785716
84120,113.0,24.5,148.94464166269464
84121,113.0,25.0,147.15018496543684
84122,113.0,25.5,150.45131677453966
84123,113.0,26.0,152.21572215649817
84124,113.0,26.5,153.60128247129884
84125,113.0,27.0,153.23593072735048
84126,113.0,27.5,155.64975766817534
84127,113.0,28.0,156.58480128199153
84128,113.0,28.5,156.25368518340497
84129,113.0,29.0,158.04204477251335
84130,113.0,29.5,157.41315950008868
84131,113.0,30.0,157.95239140070726
84132,113.0,30.5,158.36070752538546
84133,113.0,31.0,152.4798633672865
84134,113.0,31.5,149.94416071745442
84135,113.0,32.0,153.99367110660802
84136,113.0,32.5,154.98903069749832
84137,113.0,33.0,150.80259456724838
84138,113.0,33.5,150.94398597243008
84139,113.0,34.0,149.41263774726778
84140,113.0,34.5,148.77834903775184
84141,113.0,35.5,149.0758794128259
84142,113.0,36.0,150.47256898326953
84143,113.0,36.5,153.06543211539528
84144,113.0,37.0,149.81957616834757
84145,113.5,-39.5,157.05300383656092
84146,113.5,-37.0,147.64401431538442
84147,113.5,-36.5,150.86751349832824
84148,113.5,-36.0,153.76847744405558
84149,113.5,-35.5,148.53800618915434
84150,113.5,-35.0,150.04286520058903
84151,113.5,-34.5,149.04427062849896
84152,113.5,-34.0,156.12473711066718
84153,113.5,-33.5,165.2130517564763
84154,113.5,-33.0,151.07485887867645
84155,113.5,-32.5,153.2023605667674
84156,113.5,-32.0,153.50293146961752
84157,113.5,-31.5,153.01469767680453
84158,113.5,-31.0,150.4276205793497
84159,113.5,-30.0,148.9041916004385
84160,113.5,-29.5,148.7539942205942
84161,113.5,-29.0,149.25629542996384
84162,113.5,-28.5,154.62585717594865
84163,113.5,-28.0,150.2991958684155
84164,113.5,-27.5,149.36942095615026
84165,113.5,-27.0,152.0751292613757
84166,113.5,-26.5,148.7362261544493
84167,113.5,-26.0,155.37894372718367
84168,113.5,-25.5,155.26305240610338
84169,113.5,-25.0,149.4651535638231
84170,113.5,-24.5,148.07004608108028
84171,113.5,-24.0,158.2181768192228
84172,113.5,-23.5,147.56314745016144
84173,113.5,-23.0,154.43824608789834
84174,113.5,-22.5,148.538283242149
84175,113.5,-22.0,149.8690123295065
84176,113.5,-21.5,149.0675902762952
84177,113.5,-21.0,149.40560639929856
84178,113.5,-20.5,152.08294320850905
84179,113.5,-20.0,151.64293192441284
84180,113.5,-19.5,150.28683671994156
84181,113.5,-19.0,150.39583669677145
84182,113.5,-18.5,150.16080470395718
84183,113.5,-18.0,149.31494872918267
84184,113.5,-17.5,150.8127025006324
84185,113.5,-17.0,149.62012547215133
84186,113.5,-16.5,149.71269070584307
84187,113.5,-16.0,153.38047878159327
84188,113.5,-15.5,147.66379805957757
84189,113.5,-15.0,147.67244021086577
84190,113.5,-14.5,151.60178821218983
84191,113.5,-14.0,155.409219483938
84192,113.5,-13.5,150.89533160232
84193,113.5,-13.0,152.9226984413204
84194,113.5,-12.5,148.47903771693606
84195,113.5,-12.0,158.05040119345068
84196,113.5,-11.5,153.7744911437736
84197,113.5,-11.0,151.48682510381556
84198,113.5,-10.5,162.01325127588638
84199,113.5,-10.0,151.601529074488
84200,113.5,-9.5,152.41079187015873
84201,113.5,-9.0,150.6740396835087
84202,113.5,-8.5,153.43698953638616
84203,113.5,-8.0,155.53936872171838
84204,113.5,-7.5,155.5363771166492
84205,113.5,-7.0,152.3411453464413
84206,113.5,-6.5,150.81538914069074
84207,113.5,-5.5,149.9404861299219
84208,113.5,-5.0,154.06222899573814
84209,113.5,-4.5,151.52263883965628
84210,113.5,-4.0,151.20688908096128
84211,113.5,-3.5,148.3552624681855
84212,113.5,-3.0,151.13314630385847
84213,113.5,-2.5,146.48110112969687
84214,113.5,-2.0,147.07859119543875
84215,113.5,-1.5,147.70201707024714
84216,113.5,-1.0,146.45312114114043
84217,113.5,-0.5,146.3887483641808
84218,113.5,0.0,147.41066775156628
84219,113.5,0.5,150.17672589248005
84220,113.5,1.5,143.31725195404033
84221,113.5,2.0,145.9013219547393
84222,113.5,2.5,151.28259225101814
84223,113.5,3.0,147.57147487780747
84224,113.5,3.5,149.3342990841797
84225,113.5,4.0,151.17618000237545
84226,113.5,4.5,152.70933075499073
84227,113.5,5.0,154.52348198690294
84228,113.5,5.5,155.02285436152977
84229,113.5,6.0,153.60925799924883
84230,113.5,6.5,153.83106569779366
84231,113.5,7.0,156.97969144446944
84232,113.5,7.5,151.0257989310562
84233,113.5,8.0,158.26950673957305
84234,113.5,8.5,155.98235678407428
84235,113.5,9.0,151.36878399323135
84236,113.5,9.5,153.24350914106716
84237,113.5,10.0,146.68972740693013
84238,113.5,10.5,148.71727233038598
84239,113.5,11.0,149.1199552596223
84240,113.5,11.5,152.27047003673505
84241,113.5,12.0,153.4360173366727
84242,113.5,12.5,153.1142631228008
84243,113.5,13.5,150.29409065545946
84244,113.5,14.0,150.034100223824
84245,113.5,14.5,150.85939483013073
84246,113.5,15.0,151.20547630843106
84247,113.5,15.5,149.38722594968434
84248,113.5,16.0,149.13732707475106
84249,113.5,16.5,150.26243938472192
84250,113.5,17.0,162.6117095833847
84251,113.5,17.5,152.07364798901668
84252,113.5,18.0,151.21275132858028
84253,113.5,18.5,150.17110083182772
84254,113.5,19.0,150.52412844419393
84255,113.5,19.5,150.34782513841836
84256,113.5,20.0,150.87627118072672
84257,113.5,20.5,148.55216401487533
84258,113.5,21.0,152.1225100307524
84259,113.5,21.5,148.07982317056224
84260,113.5,22.0,154.05454993644668
84261,113.5,22.5,153.77922979715748
84262,113.5,23.0,156.47333184997794
84263,113.5,23.5,151.8224763217622
84264,113.5,24.0,155.9657914431663
84265,113.5,24.5,151.24448916415358
84266,113.5,25.0,152.66181603749487
84267,113.5,25.5,148.88274970479492
84268,113.5,26.0,149.18972425732287
84269,113.5,26.5,151.74958830861172
84270,113.5,27.0,152.7537919476826
84271,113.5,27.5,153.51680097620311
84272,113.5,28.0,152.84378479699976
84273,113.5,28.5,153.82309486182422
84274,113.5,29.0,151.612630841978
84275,113.5,29.5,148.97311394653656
84276,113.5,30.0,159.21653229216184
84277,113.5,30.5,157.59971989137009
84278,113.5,31.0,155.49156824074598
84279,113.5,31.5,155.8230618028696
84280,113.5,32.0,150.63287625161354
84281,113.5,32.5,148.37780652954794
84282,113.5,33.0,149.86463289752248
84283,113.5,33.5,151.1798807797476
84284,113.5,34.0,151.00572424111158
84285,113.5,34.5,149.5284001850202
84286,113.5,35.5,151.34647757946937
84287,113.5,36.0,147.76548393038271
84288,113.5,36.5,148.3438899961457
84289,113.5,37.0,149.32372549257428
84290,114.0,-39.5,157.0649017300107
84291,114.0,-37.0,148.67295879855553
84292,114.0,-36.5,150.71314683152252
84293,114.0,-36.0,154.20727967035023
84294,114.0,-35.5,147.91201782621462
84295,114.0,-35.0,149.76167705173899
84296,114.0,-34.5,149.22313743602737
84297,114.0,-34.0,153.00728890909375
84298,114.0,-33.5,164.64695883821702
84299,114.0,-33.0,151.69242669044533
84300,114.0,-32.5,152.63754934038656
84301,114.0,-32.0,150.23861351400888
84302,114.0,-31.5,154.68540732645937
84303,114.0,-31.0,150.513213347018
84304,114.0,-30.5,150.72835057230878
84305,114.0,-30.0,148.445122906027
84306,114.0,-29.5,149.30883983821212
84307,114.0,-29.0,149.62819542625542
84308,114.0,-28.5,152.19385447329938
84309,114.0,-28.0,153.07828296123992
84310,114.0,-27.5,153.5714492261996
84311,114.0,-27.0,152.4457872781697
84312,114.0,-26.5,151.60791299898284
84313,114.0,-26.0,158.4257602227329
84314,114.0,-25.5,153.48832310499864
84315,114.0,-25.0,154.4038454354461
84316,114.0,-24.5,149.99551966916476
84317,114.0,-24.0,155.61680806453128
84318,114.0,-23.5,155.4308996661731
84319,114.0,-23.0,152.26143388949748
84320,114.0,-22.5,151.88754680902247
84321,114.0,-22.0,150.48678444363267
84322,114.0,-21.5,151.04046315777504
84323,114.0,-21.0,150.63812489068005
84324,114.0,-20.5,151.4175665180747
84325,114.0,-20.0,151.25873377304285
84326,114.0,-19.5,149.89082485612693
84327,114.0,-19.0,150.56584746117514
84328,114.0,-18.5,147.99099317162276
84329,114.0,-18.0,150.34885602118865
84330,114.0,-17.5,149.49649629356944
84331,114.0,-17.0,149.19536803903216
84332,114.0,-16.5,149.25605235698623
84333,114.0,-16.0,151.98348290114302
84334,114.0,-15.5,150.256799502278
84335,114.0,-15.0,151.06156198264378
84336,114.0,-14.5,151.62137620690217
84337,114.0,-14.0,149.063182224813
84338,114.0,-13.5,154.92386448200054
84339,114.0,-13.0,151.52606678675156
84340,114.0,-12.5,148.56039017763058
84341,114.0,-12.0,157.75646356126248
84342,114.0,-11.5,155.2143076526916
84343,114.0,-10.5,157.29952877485923
84344,114.0,-10.0,153.15038328995996
84345,114.0,-9.5,152.478710395974
84346,114.0,-8.0,152.16068186050907
84347,114.0,-7.5,153.14603142470366
84348,114.0,-7.0,152.42026229704706
84349,114.0,-6.5,152.6320091958083
84350,114.0,-5.5,147.82536266063065
84351,114.0,-5.0,159.30399851893975
84352,114.0,-4.5,154.80094454661184
84353,114.0,-4.0,152.23125686607762
84354,114.0,-3.5,150.06630634512828
84355,114.0,-3.0,150.8992569542488
84356,114.0,-2.5,147.61600115944736
84357,114.0,-2.0,146.63175458608387
84358,114.0,-1.5,147.15598198293316
84359,114.0,-1.0,147.1416177409492
84360,114.0,-0.5,145.380727836061
84361,114.0,0.0,150.52114895825505
84362,114.0,0.5,144.22586452888783
84363,114.0,1.0,145.26625267736037
84364,114.0,1.5,142.94176188687365
84365,114.0,2.0,147.9700815651281
84366,114.0,2.5,154.41231234098197
84367,114.0,3.0,147.18092148941122
84368,114.0,3.5,147.35682645638957
84369,114.0,4.0,148.80390271601448
84370,114.0,4.5,152.96977625214694
84371,114.0,5.0,153.63209744271404
84372,114.0,5.5,149.2996725482796
84373,114.0,6.0,154.84667662679814
84374,114.0,6.5,154.06054762826926
84375,114.0,7.0,156.4412276393753
84376,114.0,8.0,154.94962630444473
84377,114.0,8.5,158.13785530686164
84378,114.0,9.0,153.7822505111225
84379,114.0,9.5,146.16549145906424
84380,114.0,10.0,152.43054622723403
84381,114.0,10.5,149.6809510219466
84382,114.0,11.0,151.55414063178026
84383,114.0,11.5,151.382163090013
84384,114.0,12.0,152.05289226205883
84385,114.0,12.5,152.7968529554499
84386,114.0,13.5,147.76783878476948
84387,114.0,14.0,150.29707152535812
84388,114.0,14.5,149.535643394162
84389,114.0,15.0,151.6697589640501
84390,114.0,15.5,151.9024014858238
84391,114.0,16.0,149.15917290130272
84392,114.0,16.5,149.34153216856333
84393,114.0,17.0,163.04022108561784
84394,114.0,18.0,151.15520196804522
84395,114.0,18.5,147.89152433435507
84396,114.0,19.0,151.876919604515
84397,114.0,19.5,151.78278213806058
84398,114.0,20.0,149.20089358644046
84399,114.0,20.5,151.82097142909987
84400,114.0,21.0,149.47544833809724
84401,114.0,21.5,148.69593189029703
84402,114.0,22.0,149.6968556396932
84403,114.0,22.5,153.9991761286778
84404,114.0,23.0,155.65222635125878
84405,114.0,23.5,150.79525386986728
84406,114.0,24.0,150.2466733565289
84407,114.0,24.5,150.7011111845271
84408,114.0,25.0,148.96385577687906
84409,114.0,25.5,147.86714605976223
84410,114.0,26.0,147.8183247203274
84411,114.0,26.5,149.04703168346654
84412,114.0,27.0,151.05005124815918
84413,114.0,27.5,150.22328586621242
84414,114.0,28.0,153.63395423315302
84415,114.0,28.5,151.01052125842574
84416,114.0,29.0,149.6396814821849
84417,114.0,29.5,148.70302787252572
84418,114.0,30.0,158.18441753634454
84419,114.0,30.5,158.80784976670157
84420,114.0,31.0,154.90827830630911
84421,114.0,31.5,153.46583053138576
84422,114.0,32.0,150.4452854928151
84423,114.0,32.5,149.74964316255412
84424,114.0,33.0,149.68715215122594
84425,114.0,33.5,151.01620395545228
84426,114.0,34.0,150.86967528814748
84427,114.0,34.5,150.94630517874177
84428,114.0,35.5,152.64481006452067
84429,114.0,36.0,150.52790781904451
84430,114.0,36.5,148.22799112254208
84431,114.0,37.0,150.03098065504963
84432,114.5,-37.0,150.11268149906397
84433,114.5,-36.5,149.93273464340294
84434,114.5,-36.0,153.20700010598426
84435,114.5,-35.5,147.9977929867858
84436,114.5,-35.0,148.39894639133297
84437,114.5,-34.5,150.45762508007394
84438,114.5,-34.0,151.18873865184858
84439,114.5,-33.5,161.58067488687428
84440,114.5,-33.0,151.8223789728451
84441,114.5,-32.5,151.07785832302844
84442,114.5,-32.0,150.04858711100454
84443,114.5,-31.5,158.087277614219
84444,114.5,-31.0,165.4695115980512
84445,114.5,-30.5,150.78100861624054
84446,114.5,-30.0,149.82725511351754
84447,114.5,-29.5,150.34557731977273
84448,114.5,-29.0,148.91463654638437
84449,114.5,-28.5,150.24545364529564
84450,114.5,-28.0,152.82334308373757
84451,114.5,-27.5,152.81409101547953
84452,114.5,-27.0,154.5986260381258
84453,114.5,-26.5,156.71246447282488
84454,114.5,-26.0,152.42468123864933
84455,114.5,-25.5,152.85390035297823
84456,114.5,-25.0,156.70323151526878
84457,114.5,-24.5,149.94195040833165
84458,114.5,-24.0,149.6152016805449
84459,114.5,-23.5,153.88278645811033
84460,114.5,-23.0,152.64549331007507
84461,114.5,-22.5,155.40608705354975
84462,114.5,-22.0,152.4623423633063
84463,114.5,-21.5,150.30290095962104
84464,114.5,-21.0,151.712047549118
84465,114.5,-20.5,150.68590175971354
84466,114.5,-20.0,149.45874391149505
84467,114.5,-19.5,150.9028187511448
84468,114.5,-19.0,150.47900261442047
84469,114.5,-18.5,150.29667458673444
84470,114.5,-18.0,149.5491014656135
84471,114.5,-17.5,149.87039057584252
84472,114.5,-17.0,148.17760298979093
84473,114.5,-16.5,150.32014066012692
84474,114.5,-16.0,148.8930546444308
84475,114.5,-15.5,152.492687142047
84476,114.5,-15.0,150.30001702901797
84477,114.5,-14.5,149.1554430927216
84478,114.5,-14.0,149.4119662766752
84479,114.5,-13.5,151.16147087476062
84480,114.5,-13.0,152.3390717584823
84481,114.5,-12.5,156.1440270633825
84482,114.5,-12.0,149.3748983131347
84483,114.5,-11.5,156.95579849915805
84484,114.5,-11.0,157.26184314544193
84485,114.5,-10.5,151.7699203919885
84486,114.5,-10.0,157.3144460028996
84487,114.5,-8.5,153.74589982131735
84488,114.5,-8.0,153.03748171523782
84489,114.5,-7.5,150.88120718344462
84490,114.5,-6.5,152.4239862092759
84491,114.5,-6.0,148.50782726981905
84492,114.5,-5.5,147.9835631320764
84493,114.5,-5.0,157.28165748602237
84494,114.5,-4.5,159.95763157417815
84495,114.5,-4.0,154.02744208698664
84496,114.5,-3.5,155.73855887456057
84497,114.5,-3.0,149.71232900377825
84498,114.5,-2.5,148.17596577685921
84499,114.5,-2.0,149.51844072825958
84500,114.5,-1.5,151.69920821157552
84501,114.5,-1.0,145.0679939936442
84502,114.5,-0.5,148.35307352131332
84503,114.5,0.0,146.48151434466405
84504,114.5,0.5,143.29680274222895
84505,114.5,1.0,143.32563464232422
84506,114.5,1.5,143.58898681279118
84507,114.5,3.0,146.43618527107085
84508,114.5,3.5,146.1523314773578
84509,114.5,4.0,148.84035234695958
84510,114.5,4.5,152.21596616375246
84511,114.5,5.0,152.3314569231501
84512,114.5,5.5,149.55673051018763
84513,114.5,6.0,153.75119931756402
84514,114.5,6.5,154.16108691341967
84515,114.5,7.0,153.58942020005884
84516,114.5,7.5,156.28441638136937
84517,114.5,8.0,159.80639979072112
84518,114.5,8.5,154.26666022032094
84519,114.5,9.0,162.07762306831586
84520,114.5,9.5,146.39638910755372
84521,114.5,10.0,152.61768977888545
84522,114.5,10.5,152.38617216491076
84523,114.5,11.0,150.77917797520846
84524,114.5,11.5,151.5995524772837
84525,114.5,12.0,148.81336387705073
84526,114.5,12.5,152.6742493976379
84527,114.5,13.0,154.0471825196331
84528,114.5,14.0,149.65167737516134
84529,114.5,14.5,149.66911362976566
84530,114.5,15.0,150.60781461428235
84531,114.5,15.5,151.3291381972406
84532,114.5,16.0,150.87097820861445
84533,114.5,16.5,148.07709408453294
84534,114.5,17.0,152.26788535832847
84535,114.5,17.5,163.58126024463425
84536,114.5,18.0,148.77897350003374
84537,114.5,18.5,148.86325047276935
84538,114.5,19.0,150.09119936809876
84539,114.5,19.5,153.37026106958044
84540,114.5,20.0,149.14087752876125
84541,114.5,20.5,151.0561053052689
84542,114.5,21.0,148.16921092139185
84543,114.5,21.5,151.2261688854364
84544,114.5,22.0,147.9379444529692
84545,114.5,22.5,152.9506499467963
84546,114.5,23.0,154.20826121924992
84547,114.5,23.5,155.5773704498691
84548,114.5,24.0,151.37965004916504
84549,114.5,24.5,150.23939048033674
84550,114.5,25.0,150.32858571183343
84551,114.5,25.5,150.70076161416884
84552,114.5,26.0,151.3084350217215
84553,114.5,26.5,151.24928124316293
84554,114.5,27.0,152.50863240750388
84555,114.5,27.5,151.52365992210736
84556,114.5,28.0,153.61063913275527
84557,114.5,28.5,150.70585467794567
84558,114.5,29.0,148.07955172859565
84559,114.5,29.5,147.94935766481152
84560,114.5,30.0,153.73315855379414
84561,114.5,30.5,156.5031910481251
84562,114.5,31.0,154.97831448191204
84563,114.5,31.5,152.00021248631754
84564,114.5,32.0,153.81073255031447
84565,114.5,32.5,149.74716163671457
84566,114.5,33.0,152.37662615138197
84567,114.5,33.5,151.60317246972875
84568,114.5,34.0,150.61619675161137
84569,114.5,34.5,149.71655672626062
84570,114.5,35.0,149.42046050797745
84571,114.5,35.5,152.9986680098461
84572,114.5,36.0,152.19919155799835
84573,114.5,36.5,154.13832305306653
84574,114.5,37.0,152.94704963541886
84575,115.0,-37.0,151.02321096801504
84576,115.0,-36.5,148.70592345997943
84577,115.0,-36.0,153.2087319876484
84578,115.0,-35.5,148.18618559362332
84579,115.0,-35.0,148.25626450641178
84580,115.0,-34.5,152.8668859508935
84581,115.0,-34.0,149.99474308786395
84582,115.0,-33.5,159.96905058546835
84583,115.0,-33.0,151.47294891123562
84584,115.0,-32.5,152.16554382772281
84585,115.0,-32.0,150.33988451678755
84586,115.0,-31.5,162.82417837624396
84587,115.0,-31.0,160.11804237915078
84588,115.0,-30.5,149.2363517176689
84589,115.0,-30.0,151.66175400911095
84590,115.0,-29.5,150.54217154802214
84591,115.0,-29.0,148.26494550617485
84592,115.0,-28.5,149.76562805024824
84593,115.0,-28.0,153.18284265913283
84594,115.0,-27.5,152.03034847219178
84595,115.0,-27.0,156.51613674653993
84596,115.0,-26.5,156.58605507017865
84597,115.0,-26.0,151.11054919342666
84598,115.0,-25.5,152.5489660160689
84599,115.0,-25.0,149.21820705686554
84600,115.0,-24.5,149.2259759476445
84601,115.0,-24.0,151.10046013939998
84602,115.0,-23.5,152.28238704662832
84603,115.0,-23.0,152.52363577684747
84604,115.0,-22.5,152.4586844848139
84605,115.0,-22.0,154.10191510205075
84606,115.0,-21.5,149.954614873915
84607,115.0,-21.0,151.46127032764147
84608,115.0,-20.5,151.26633061936087
84609,115.0,-20.0,149.36538167899997
84610,115.0,-19.5,150.81753899125925
84611,115.0,-19.0,150.8588158991759
84612,115.0,-18.5,150.58133534768294
84613,115.0,-18.0,152.04884076585265
84614,115.0,-17.5,148.31008579755624
84615,115.0,-17.0,148.7776830733674
84616,115.0,-16.5,148.98556900136458
84617,115.0,-16.0,151.0948698002396
84618,115.0,-15.5,151.0018205491246
84619,115.0,-15.0,151.68276361808918
84620,115.0,-14.5,148.90476025229066
84621,115.0,-14.0,150.95524145830956
84622,115.0,-13.5,148.6237576235244
84623,115.0,-13.0,158.99407790645662
84624,115.0,-12.5,155.83698699156537
84625,115.0,-12.0,149.54046376309842
84626,115.0,-11.5,157.1528582520388
84627,115.0,-11.0,155.76437637141703
84628,115.0,-10.5,152.0185708011263
84629,115.0,-10.0,158.77499932429413
84630,115.0,-9.5,158.21858865836637
84631,115.0,-9.0,153.4353968561524
84632,115.0,-8.5,153.89698327917935
84633,115.0,-8.0,152.64453377878226
84634,115.0,-7.5,152.345441411548
84635,115.0,-7.0,152.61695659171227
84636,115.0,-6.5,148.14145878984394
84637,115.0,-6.0,150.1581362642746
84638,115.0,-4.5,152.1858585548622
84639,115.0,-4.0,158.93889256816266
84640,115.0,-3.5,150.72661307315153
84641,115.0,-3.0,151.21302656174547
84642,115.0,-2.5,150.01650995165815
84643,115.0,-2.0,151.18649370706657
84644,115.0,-1.5,147.57269797785287
84645,115.0,-1.0,147.5294472773249
84646,115.0,-0.5,147.7113052030798
84647,115.0,0.0,144.1551924857638
84648,115.0,0.5,143.61889355762722
84649,115.0,1.0,144.94193262335057
84650,115.0,1.5,144.1923451039067
84651,115.0,2.5,146.3756840814484
84652,115.0,3.0,146.98627741642116
84653,115.0,3.5,147.09853862741085
84654,115.0,4.0,147.677858132642
84655,115.0,4.5,149.00638102573848
84656,115.0,5.0,150.17248702135325
84657,115.0,5.5,151.93401358081337
84658,115.0,6.0,151.65508525535802
84659,115.0,6.5,154.28919152383597
84660,115.0,7.0,152.87051176823226
84661,115.0,7.5,157.8403333884917
84662,115.0,8.0,157.90774475944016
84663,115.0,8.5,155.74976096593326
84664,115.0,9.0,148.03461751431382
84665,115.0,9.5,155.24393863235247
84666,115.0,10.0,151.12615112125496
84667,115.0,10.5,153.5369454178417
84668,115.0,11.0,151.76163021654799
84669,115.0,11.5,147.61791835514165
84670,115.0,12.0,149.0053203999558
84671,115.0,12.5,154.7267662302305
84672,115.0,13.0,152.48732658311292
84673,115.0,13.5,151.5805486275031
84674,115.0,14.0,148.8844904484389
84675,115.0,14.5,149.31592756485855
84676,115.0,15.0,148.55169660241137
84677,115.0,15.5,149.42657059313362
84678,115.0,16.0,150.95146443009983
84679,115.0,16.5,147.95198129729252
84680,115.0,17.0,148.47486390346367
84681,115.0,17.5,154.21718269605475
84682,115.0,18.0,147.05190420763435
84683,115.0,18.5,150.91104005519298
84684,115.0,19.0,150.89366500897222
84685,115.0,19.5,149.77420759526672
84686,115.0,20.0,150.20202285148645
84687,115.0,20.5,150.0612744597753
84688,115.0,21.0,151.55682800508123
84689,115.0,21.5,149.17903711724225
84690,115.0,22.0,148.58115961836947
84691,115.0,22.5,151.93713394817956
84692,115.0,23.0,151.91432199244954
84693,115.0,23.5,151.05869639107468
84694,115.0,24.0,149.97237743676925
84695,115.0,24.5,150.87972526187997
84696,115.0,25.0,150.39540859364945
84697,115.0,25.5,150.8075272678792
84698,115.0,26.0,152.45203437125798
84699,115.0,26.5,152.89519987683718
84700,115.0,27.0,155.55232519568986
84701,115.0,27.5,153.72336741556362
84702,115.0,28.0,155.3749108437629
84703,115.0,28.5,155.1798648078828
84704,115.0,29.0,148.09963367656832
84705,115.0,29.5,150.37653763691614
84706,115.0,30.0,155.7199356825762
84707,115.0,30.5,157.90138616313698
84708,115.0,31.5,151.50524804728775
84709,115.0,32.0,155.68532874238437
84710,115.0,32.5,153.63004018058794
84711,115.0,33.0,152.56055059497024
84712,115.0,33.5,152.23923664416424
84713,115.0,34.0,150.63701976134269
84714,115.0,34.5,149.11505264402695
84715,115.0,35.0,150.07229672619363
84716,115.0,35.5,154.54769542307324
84717,115.0,36.0,152.06113903811007
84718,115.0,36.5,151.884087694099
84719,115.0,37.0,151.81238890817804
84720,115.5,-37.0,150.47742633961877
84721,115.5,-36.5,149.20133365767293
84722,115.5,-36.0,154.4397900076022
84723,115.5,-35.5,148.152321157438
84724,115.5,-35.0,148.4639761331214
84725,115.5,-34.5,156.12332125709145
84726,115.5,-34.0,149.8735168608068
84727,115.5,-33.5,157.50904675574563
84728,115.5,-33.0,160.25226472736
84729,115.5,-32.5,153.50978116913873
84730,115.5,-32.0,151.88423820768642
84731,115.5,-31.5,162.37813301088184
84732,115.5,-31.0,153.1511811819664
84733,115.5,-30.5,147.13609774995095
84734,115.5,-30.0,147.931693879139
84735,115.5,-29.5,151.82530032832827
84736,115.5,-29.0,147.90392499514607
84737,115.5,-28.5,151.25961449154138
84738,115.5,-28.0,152.92730971618712
84739,115.5,-27.5,152.30553248313782
84740,115.5,-27.0,157.20778180393663
84741,115.5,-26.5,154.41009980840084
84742,115.5,-26.0,153.80102418338245
84743,115.5,-25.5,153.8772524760988
84744,115.5,-25.0,152.90568646053083
84745,115.5,-24.0,153.08717993981284
84746,115.5,-23.5,150.34178604467846
84747,115.5,-23.0,150.13108735965852
84748,115.5,-22.5,151.4014810553211
84749,115.5,-22.0,153.385039865695
84750,115.5,-21.5,153.6873997016383
84751,115.5,-21.0,151.3410388426245
84752,115.5,-20.5,149.02100880546317
84753,115.5,-20.0,149.89817151880789
84754,115.5,-19.5,149.3289532306845
84755,115.5,-19.0,150.99508605793545
84756,115.5,-18.5,150.76975932232133
84757,115.5,-18.0,150.19293405711733
84758,115.5,-17.5,149.37322406122405
84759,115.5,-17.0,149.11863892329
84760,115.5,-16.5,148.79501315324984
84761,115.5,-16.0,151.07731863665353
84762,115.5,-15.5,150.61074445734386
84763,115.5,-15.0,150.35945262282078
84764,115.5,-14.5,151.08523377901753
84765,115.5,-14.0,149.5831379173668
84766,115.5,-13.5,147.90990517940472
84767,115.5,-12.5,154.1204402333941
84768,115.5,-12.0,155.81065403439072
84769,115.5,-11.5,151.55321516180453
84770,115.5,-11.0,154.85940724447354
84771,115.5,-10.5,158.36937473506597
84772,115.5,-9.5,157.2097671669434
84773,115.5,-9.0,152.67283259843356
84774,115.5,-8.5,151.35859642592956
84775,115.5,-8.0,149.22228198515253
84776,115.5,-7.5,158.12175284708874
84777,115.5,-7.0,154.52388036801221
84778,115.5,-6.5,148.64901131474065
84779,115.5,-6.0,151.8580492068184
84780,115.5,-5.5,151.86284714404314
84781,115.5,-5.0,149.56611096232788
84782,115.5,-4.5,148.49126312698814
84783,115.5,-4.0,151.07070770288234
84784,115.5,-3.5,153.46249191821246
84785,115.5,-3.0,146.47708790328417
84786,115.5,-2.5,149.62073432706993
84787,115.5,-2.0,148.43330289496612
84788,115.5,-1.5,147.9217341121798
84789,115.5,-1.0,147.8791067743932
84790,115.5,0.0,147.505117643987
84791,115.5,0.5,145.5770108212885
84792,115.5,1.0,144.5415324155043
84793,115.5,1.5,143.71308482622476
84794,115.5,2.0,146.99082970703157
84795,115.5,2.5,146.31339111963086
84796,115.5,3.0,144.5159509641277
84797,115.5,3.5,147.3293051880172
84798,115.5,4.0,148.35405099493428
84799,115.5,4.5,148.88249938053437
84800,115.5,5.0,149.77142241549504
84801,115.5,5.5,153.41772717914662
84802,115.5,6.0,151.34897667849094
84803,115.5,6.5,151.90586817862948
84804,115.5,7.0,158.1818263308682
84805,115.5,7.5,155.9080981877339
84806,115.5,8.0,157.65505612988295
84807,115.5,9.0,150.4380372120299
84808,115.5,9.5,154.26036704852245
84809,115.5,10.0,154.763275048578
84810,115.5,10.5,152.51598856513155
84811,115.5,11.0,151.69642238147915
84812,115.5,11.5,147.91260824116014
84813,115.5,12.0,151.82645279557542
84814,115.5,12.5,152.5396425195692
84815,115.5,13.0,153.94708646810756
84816,115.5,13.5,150.389784870646
84817,115.5,15.0,148.5697982013597
84818,115.5,15.5,148.92128028317833
84819,115.5,16.5,150.58323254703453
84820,115.5,17.0,146.6839350946863
84821,115.5,17.5,147.1892385646434
84822,115.5,18.0,148.3659092246925
84823,115.5,18.5,151.09653336751052
84824,115.5,19.0,149.197342540607
84825,115.5,19.5,150.01842120775115
84826,115.5,20.0,151.3229372847665
84827,115.5,20.5,147.65915744945025
84828,115.5,21.0,152.51526117194913
84829,115.5,21.5,147.78093828614604
84830,115.5,22.0,149.6178289809034
84831,115.5,22.5,147.23197554128612
84832,115.5,23.0,153.45924035456383
84833,115.5,23.5,148.52641260258477
84834,115.5,24.0,151.6919714353428
84835,115.5,24.5,150.52368575030525
84836,115.5,25.0,149.180498327895
84837,115.5,25.5,148.04527497088978
84838,115.5,26.0,152.04896975618732
84839,115.5,26.5,150.88969575475886
84840,115.5,27.0,154.17318547475472
84841,115.5,27.5,153.38355678022282
84842,115.5,28.0,154.70198550973666
84843,115.5,28.5,155.68108301918997
84844,115.5,29.0,152.53130620288223
84845,115.5,29.5,149.91572289133524
84846,115.5,30.0,156.6775596383656
84847,115.5,30.5,151.1888587775622
84848,115.5,31.5,151.06114322471458
84849,115.5,32.0,156.9818523436886
84850,115.5,32.5,155.76566823636176
84851,115.5,33.0,154.46333003531646
84852,115.5,33.5,152.24085645177828
84853,115.5,34.0,151.3072655242291
84854,115.5,34.5,150.5962900754761
84855,115.5,35.0,149.25416410240217
84856,115.5,35.5,155.0076703305724
84857,115.5,36.0,151.8826268024345
84858,115.5,36.5,153.55394186932241
84859,115.5,37.0,152.11718968357448
84860,116.0,-37.0,151.34190464093993
84861,116.0,-36.5,152.39025092877182
84862,116.0,-36.0,148.30648895731576
84863,116.0,-35.5,148.20801513345225
84864,116.0,-35.0,148.83744650714365
84865,116.0,-34.5,156.10462725741243
84866,116.0,-34.0,148.2935426502241
84867,116.0,-33.5,150.46408384798198
84868,116.0,-33.0,158.33650455032344
84869,116.0,-32.5,154.00412460429635
84870,116.0,-32.0,151.80558002090092
84871,116.0,-31.5,158.57590701559295
84872,116.0,-31.0,151.42502091309788
84873,116.0,-30.5,151.0375135895716
84874,116.0,-30.0,151.1670347755725
84875,116.0,-29.5,154.4639287975979
84876,116.0,-29.0,151.92222364927457
84877,116.0,-28.5,152.7457551167129
84878,116.0,-28.0,154.33308157191976
84879,116.0,-27.5,154.7777036276396
84880,116.0,-27.0,160.32888382670538
84881,116.0,-26.5,155.01967363019102
84882,116.0,-26.0,154.0073611630136
84883,116.0,-25.5,152.8546914883176
84884,116.0,-25.0,151.30189443894847
84885,116.0,-24.5,153.87873684359266
84886,116.0,-24.0,154.07457953355748
84887,116.0,-23.5,148.0389944101357
84888,116.0,-23.0,148.5675304705102
84889,116.0,-22.5,151.55345481979953
84890,116.0,-22.0,150.46315449658755
84891,116.0,-21.5,152.6493145718813
84892,116.0,-21.0,153.52670223968573
84893,116.0,-20.5,150.20601425020996
84894,116.0,-20.0,147.35471309915096
84895,116.0,-19.5,149.49991017574615
84896,116.0,-19.0,149.91173817781285
84897,116.0,-18.5,152.17768180172985
84898,116.0,-18.0,148.66914065933324
84899,116.0,-17.5,149.7317626487421
84900,116.0,-17.0,149.36819469571316
84901,116.0,-16.5,151.10571443133446
84902,116.0,-16.0,150.58208766881882
84903,116.0,-15.5,150.71459544466677
84904,116.0,-15.0,150.6582778922564
84905,116.0,-14.5,151.42656290237247
84906,116.0,-14.0,149.04347601537563
84907,116.0,-13.5,163.5638064085776
84908,116.0,-13.0,149.51485564397413
84909,116.0,-12.5,149.67114195033633
84910,116.0,-12.0,154.61038132861933
84911,116.0,-11.5,151.7179106473301
84912,116.0,-11.0,155.4718213654627
84913,116.0,-10.5,157.44672240513955
84914,116.0,-9.5,152.52182221472796
84915,116.0,-9.0,154.46289534429133
84916,116.0,-8.5,151.87695668205237
84917,116.0,-7.0,153.60460711499445
84918,116.0,-6.5,150.89790937942408
84919,116.0,-5.5,151.75862946650702
84920,116.0,-5.0,148.86050446334406
84921,116.0,-4.0,150.07992413734146
84922,116.0,-3.5,150.56393627007856
84923,116.0,-3.0,153.14733782561132
84924,116.0,-2.5,149.5678625697483
84925,116.0,-2.0,148.04166357680438
84926,116.0,-1.5,148.1222800674989
84927,116.0,-1.0,149.653253223785
84928,116.0,-0.5,153.67557205151664
84929,116.0,0.0,144.32180787634871
84930,116.0,0.5,144.10389764859409
84931,116.0,1.0,143.09675226057345
84932,116.0,1.5,147.5578268030379
84933,116.0,2.0,146.58331094658766
84934,116.0,2.5,144.25895951556652
84935,116.0,3.0,145.31028595810884
84936,116.0,3.5,148.66940133279127
84937,116.0,4.0,149.36322285555437
84938,116.0,4.5,147.19129892531595
84939,116.0,5.0,148.6147035031062
84940,116.0,5.5,150.21499618541802
84941,116.0,6.5,154.767532352323
84942,116.0,7.0,157.76932504112705
84943,116.0,7.5,157.5390766483156
84944,116.0,8.0,152.19908139848107
84945,116.0,8.5,152.65069889877344
84946,116.0,9.0,153.93583477303716
84947,116.0,9.5,152.14440863284185
84948,116.0,10.0,153.28261308024153
84949,116.0,10.5,148.71432064279276
84950,116.0,11.5,152.8633930753217
84951,116.0,12.0,149.2471487312452
84952,116.0,12.5,151.63161820764824
84953,116.0,13.0,149.03863453728863
84954,116.0,13.5,150.9886264170648
84955,116.0,14.0,152.12211389156548
84956,116.0,14.5,146.58758207378727
84957,116.0,15.0,148.70064222645965
84958,116.0,15.5,148.01243607583447
84959,116.0,16.0,149.18667277647293
84960,116.0,16.5,149.87902461610895
84961,116.0,17.0,148.93547495188082
84962,116.0,17.5,147.9624969805064
84963,116.0,18.0,147.17209760829988
84964,116.0,18.5,150.80193111988842
84965,116.0,19.0,148.05527616779563
84966,116.0,19.5,149.99018967402637
84967,116.0,20.0,150.43807140477784
84968,116.0,20.5,148.66905553675153
84969,116.0,21.0,152.03370485570895
84970,116.0,21.5,149.29050415743967
84971,116.0,22.0,148.18924723943047
84972,116.0,22.5,147.257724590111
84973,116.0,23.0,151.00015687879537
84974,116.0,23.5,151.57420650950542
84975,116.0,24.0,151.06680307256266
84976,116.0,24.5,149.40508046385742
84977,116.0,25.0,149.2771487590264
84978,116.0,25.5,149.5998233646933
84979,116.0,26.0,151.20899002505897
84980,116.0,26.5,151.7760209543178
84981,116.0,27.0,152.1066296856699
84982,116.0,27.5,151.51244527664113
84983,116.0,28.0,155.70947817794607
84984,116.0,28.5,159.27984039561113
84985,116.0,29.0,160.0817348239867
84986,116.0,29.5,157.52910618804412
84987,116.0,30.0,159.40884332469057
84988,116.0,30.5,145.91050054496074
84989,116.0,31.0,147.9925917337481
84990,116.0,31.5,151.39803191092287
84991,116.0,32.0,156.82272672047097
84992,116.0,32.5,156.0600710643078
84993,116.0,33.0,153.279262828119
84994,116.0,33.5,152.19740258239582
84995,116.0,34.0,151.05877233052536
84996,116.0,34.5,151.0040920637197
84997,116.0,35.0,151.7611601150668
84998,116.0,35.5,154.55923881868173
84999,116.0,36.0,154.29990334517603
85000,116.0,36.5,156.0929129893703
85001,116.0,37.0,150.7538148941864
85002,116.5,-37.0,152.29353175689843
85003,116.5,-36.5,151.54996045128559
85004,116.5,-36.0,146.15434237725137
85005,116.5,-35.5,148.067091912185
85006,116.5,-35.0,149.1807449451243
85007,116.5,-34.5,152.0322761698212
85008,116.5,-34.0,151.2043519120892
85009,116.5,-33.5,151.26836264864093
85010,116.5,-33.0,158.75072325890295
85011,116.5,-32.5,150.85908828876876
85012,116.5,-32.0,149.99484340443829
85013,116.5,-31.5,155.58008325223847
85014,116.5,-31.0,157.6290192102651
85015,116.5,-30.5,151.93120685421536
85016,116.5,-30.0,152.23661736076716
85017,116.5,-29.5,155.32010116633774
85018,116.5,-29.0,154.41069702260975
85019,116.5,-28.5,154.81506984589603
85020,116.5,-28.0,154.04910826620096
85021,116.5,-27.5,155.96158923860756
85022,116.5,-27.0,159.5356506906201
85023,116.5,-26.5,155.73405927879966
85024,116.5,-26.0,155.91245196708323
85025,116.5,-25.5,154.2942056595264
85026,116.5,-25.0,152.45051807823225
85027,116.5,-24.5,152.31063623075315
85028,116.5,-24.0,152.36490102452734
85029,116.5,-23.5,147.77446182211608
85030,116.5,-23.0,151.7460469957333
85031,116.5,-22.5,148.42973336906775
85032,116.5,-22.0,149.42612477062167
85033,116.5,-21.5,151.35160476423735
85034,116.5,-21.0,154.1038398300576
85035,116.5,-20.5,151.3978361657432
85036,116.5,-20.0,146.52631055359694
85037,116.5,-19.5,147.08707131678855
85038,116.5,-19.0,151.38212069330743
85039,116.5,-18.5,150.20333181986217
85040,116.5,-18.0,149.18913844740607
85041,116.5,-17.5,149.89079345714111
85042,116.5,-17.0,149.92164604860164
85043,116.5,-16.5,150.97425764463827
85044,116.5,-16.0,150.0337745600482
85045,116.5,-15.5,151.26552163804527
85046,116.5,-15.0,151.3080251746389
85047,116.5,-14.5,149.95437239400547
85048,116.5,-14.0,153.95067664032806
85049,116.5,-13.5,162.64011731687202
85050,116.5,-13.0,149.62706746883052
85051,116.5,-12.0,152.9945501108121
85052,116.5,-11.5,151.81711235324684
85053,116.5,-11.0,152.48160602772796
85054,116.5,-10.5,155.79498784430078
85055,116.5,-10.0,155.366610006018
85056,116.5,-9.5,151.18187081142355
85057,116.5,-9.0,151.72137106519477
85058,116.5,-8.5,151.47265929169762
85059,116.5,-7.5,147.8027011295158
85060,116.5,-7.0,150.93206788941967
85061,116.5,-6.5,152.4973226565637
85062,116.5,-6.0,150.1187279308049
85063,116.5,-5.5,147.33327071608582
85064,116.5,-5.0,151.609725811964
85065,116.5,-4.5,148.30687175198113
85066,116.5,-4.0,150.5861044597465
85067,116.5,-3.5,152.32760063372635
85068,116.5,-3.0,149.3776707431941
85069,116.5,-2.5,149.293075772568
85070,116.5,-2.0,155.19498967144366
85071,116.5,-1.5,150.2681383224306
85072,116.5,-1.0,147.95246164214763
85073,116.5,-0.5,146.95544671679025
85074,116.5,0.0,149.95449822270774
85075,116.5,1.0,149.11248280458935
85076,116.5,1.5,148.28646203627738
85077,116.5,2.0,144.0010792329439
85078,116.5,2.5,146.09924258271988
85079,116.5,3.0,149.1651330168004
85080,116.5,3.5,149.46046706052445
85081,116.5,4.0,149.4984520693261
85082,116.5,4.5,149.24236608390515
85083,116.5,5.0,148.17229445421737
85084,116.5,5.5,148.42353374872465
85085,116.5,6.0,150.7087528780667
85086,116.5,6.5,154.25263841452562
85087,116.5,7.0,156.99598561895422
85088,116.5,7.5,156.3272879103932
85089,116.5,8.0,154.67241793563494
85090,116.5,8.5,155.85665349321397
85091,116.5,9.0,155.28747079377806
85092,116.5,9.5,154.6980521028986
85093,116.5,10.0,150.55140837722632
85094,116.5,10.5,149.07649166858238
85095,116.5,11.0,148.5316056630071
85096,116.5,11.5,152.42577747387946
85097,116.5,12.0,152.46677674197994
85098,116.5,12.5,148.01518142899212
85099,116.5,13.0,148.6895192579804
85100,116.5,14.0,150.815659132664
85101,116.5,14.5,146.16678890838352
85102,116.5,15.5,148.76795834755592
85103,116.5,16.0,147.46480075944132
85104,116.5,16.5,149.719422725075
85105,116.5,17.0,147.98415524654465
85106,116.5,17.5,147.4636058107277
85107,116.5,18.0,148.2728968176541
85108,116.5,18.5,146.22748527552955
85109,116.5,19.0,146.71214370014908
85110,116.5,19.5,148.49410548210304
85111,116.5,20.0,151.5360138868309
85112,116.5,20.5,148.3433377114375
85113,116.5,21.0,148.28177298496888
85114,116.5,21.5,152.74666146512655
85115,116.5,22.0,147.2099243234065
85116,116.5,22.5,150.0604261392639
85117,116.5,23.0,149.6505127743544
85118,116.5,23.5,155.29026453944374
85119,116.5,24.0,147.71402171715366
85120,116.5,24.5,150.1594376728216
85121,116.5,25.0,149.76097169909988
85122,116.5,25.5,150.63074708729073
85123,116.5,26.0,150.58105293131166
85124,116.5,26.5,151.42224585972835
85125,116.5,27.0,151.2280402388003
85126,116.5,27.5,153.77557301450918
85127,116.5,28.0,156.03240505945666
85128,116.5,28.5,157.90344693830625
85129,116.5,29.0,161.02825638087074
85130,116.5,29.5,159.23245475946914
85131,116.5,30.0,157.56309951238543
85132,116.5,30.5,151.3329041559558
85133,116.5,31.0,155.18514653587195
85134,116.5,31.5,154.3687146685781
85135,116.5,32.0,156.8078731569352
85136,116.5,32.5,157.23373047463872
85137,116.5,33.0,156.08493392098376
85138,116.5,33.5,152.73480560121564
85139,116.5,34.0,151.5752494374173
85140,116.5,34.5,151.35166904331479
85141,116.5,35.0,155.5882934435498
85142,116.5,35.5,155.3435839966647
85143,116.5,36.0,152.0567175650644
85144,116.5,36.5,154.75943999118118
85145,116.5,37.0,152.5078804845697
85146,117.0,-37.5,160.52282565215117
85147,117.0,-37.0,152.10786811818298
85148,117.0,-36.5,151.6121516783887
85149,117.0,-35.5,147.4084242912612
85150,117.0,-35.0,149.40379287508574
85151,117.0,-34.5,151.3219790925254
85152,117.0,-34.0,153.2003071080741
85153,117.0,-33.5,152.86818033775555
85154,117.0,-33.0,158.5471222157006
85155,117.0,-32.5,157.84900975273968
85156,117.0,-32.0,150.58303578351672
85157,117.0,-31.5,156.98192502452372
85158,117.0,-31.0,153.54559832797156
85159,117.0,-30.5,151.15522330737332
85160,117.0,-30.0,154.3310273145006
85161,117.0,-29.5,155.1421872312393
85162,117.0,-29.0,153.76202823740414
85163,117.0,-28.5,155.56583374265963
85164,117.0,-28.0,153.6067828497163
85165,117.0,-27.5,156.8830583249659
85166,117.0,-27.0,155.01566787635423
85167,117.0,-26.5,154.59290687197483
85168,117.0,-26.0,155.95760529803405
85169,117.0,-25.5,156.9036302133819
85170,117.0,-25.0,154.39244380864346
85171,117.0,-24.5,153.50727886038672
85172,117.0,-24.0,151.6333039498055
85173,117.0,-23.5,151.75774318305443
85174,117.0,-23.0,148.41369393504218
85175,117.0,-22.5,148.93198625950507
85176,117.0,-22.0,150.9544159699118
85177,117.0,-21.5,151.11457868244784
85178,117.0,-21.0,150.36717159524494
85179,117.0,-20.5,152.11853323511954
85180,117.0,-20.0,147.28967817514112
85181,117.0,-19.5,154.12242889365652
85182,117.0,-19.0,149.42770540378385
85183,117.0,-18.5,149.04309848957988
85184,117.0,-18.0,150.61833402764557
85185,117.0,-17.5,150.132540141538
85186,117.0,-17.0,151.3526539314288
85187,117.0,-16.5,151.26622075148998
85188,117.0,-16.0,150.12209614572365
85189,117.0,-15.5,151.2741168945105
85190,117.0,-15.0,151.31364547963514
85191,117.0,-14.5,149.85006570729442
85192,117.0,-14.0,156.7995127437984
85193,117.0,-13.5,150.40295420620458
85194,117.0,-13.0,149.69140509419577
85195,117.0,-12.5,153.9923763398526
85196,117.0,-12.0,152.32861900326526
85197,117.0,-11.5,155.35272078128318
85198,117.0,-10.5,153.93991349647726
85199,117.0,-10.0,155.27626730268778
85200,117.0,-9.5,150.31698644558537
85201,117.0,-9.0,148.4373935941877
85202,117.0,-8.5,155.65613843303512
85203,117.0,-7.5,148.080975888978
85204,117.0,-6.5,154.27899534403534
85205,117.0,-6.0,149.51273846998143
85206,117.0,-5.5,147.69325649738306
85207,117.0,-5.0,148.31072926662205
85208,117.0,-4.5,149.64719580149023
85209,117.0,-4.0,149.04570585716542
85210,117.0,-3.5,152.26515341753063
85211,117.0,-3.0,149.91432680214055
85212,117.0,-2.5,149.1263557557332
85213,117.0,-2.0,150.71530983934642
85214,117.0,-1.5,151.31632940361973
85215,117.0,-1.0,148.21825752962795
85216,117.0,-0.5,151.12414014633876
85217,117.0,0.0,149.76923883560218
85218,117.0,1.0,147.97292398664916
85219,117.0,1.5,145.37843223506493
85220,117.0,2.0,145.67521792182117
85221,117.0,2.5,146.02344891423166
85222,117.0,3.0,148.6428394394074
85223,117.0,4.0,150.47330668077862
85224,117.0,4.5,149.06195845412722
85225,117.0,5.5,149.08168657690663
85226,117.0,6.0,149.7803035395858
85227,117.0,6.5,150.5130394614266
85228,117.0,7.0,155.13975079401504
85229,117.0,7.5,151.6607221913292
85230,117.0,8.0,160.3224517466782
85231,117.0,8.5,156.583965531274
85232,117.0,9.0,153.8406464343751
85233,117.0,9.5,153.19410628830153
85234,117.0,10.0,147.4403955642413
85235,117.0,10.5,147.40570179579245
85236,117.0,11.0,150.0795798222316
85237,117.0,12.0,152.6630907642717
85238,117.0,12.5,147.4581757352512
85239,117.0,13.0,150.53473127249103
85240,117.0,13.5,150.81250081945367
85241,117.0,14.0,147.25638189901923
85242,117.0,15.5,150.84859584275281
85243,117.0,16.0,148.15945281989463
85244,117.0,16.5,147.90756246778318
85245,117.0,17.0,147.52026883117767
85246,117.0,17.5,149.614147951487
85247,117.0,18.0,147.84938609859603
85248,117.0,18.5,146.5293932123173
85249,117.0,19.0,150.39181437836578
85250,117.0,19.5,147.083642178967
85251,117.0,20.0,150.7008942044629
85252,117.0,20.5,151.97850720754553
85253,117.0,21.0,148.07523015417652
85254,117.0,21.5,152.52273915516395
85255,117.0,22.0,149.98966582926485
85256,117.0,22.5,148.50468634811511
85257,117.0,23.0,148.43653706984364
85258,117.0,23.5,154.87045928597684
85259,117.0,24.0,149.3107991893116
85260,117.0,24.5,147.97794141872993
85261,117.0,25.0,148.725997560795
85262,117.0,25.5,147.88342139110148
85263,117.0,26.0,150.262228774258
85264,117.0,26.5,150.68542552328705
85265,117.0,27.0,151.66278337285476
85266,117.0,27.5,154.36841404774466
85267,117.0,28.0,150.38773245838684
85268,117.0,28.5,155.3636605058488
85269,117.0,29.0,157.3673780882931
85270,117.0,29.5,151.4983282207723
85271,117.0,30.0,157.40003625906698
85272,117.0,30.5,155.32958863019942
85273,117.0,31.0,156.3903937926951
85274,117.0,31.5,156.01004851107862
85275,117.0,32.0,155.54927932165015
85276,117.0,32.5,155.24878699907518
85277,117.0,33.0,155.4535202415828
85278,117.0,33.5,152.84732456157542
85279,117.0,34.0,153.99592475493745
85280,117.0,34.5,155.25883720237027
85281,117.0,35.0,153.11973782906512
85282,117.0,35.5,154.82267129071985
85283,117.0,36.0,152.23598945399436
85284,117.0,36.5,153.29599290687494
85285,117.0,37.0,152.03031661261613
85286,117.5,-37.5,157.87474874229204
85287,117.5,-37.0,151.34526945088436
85288,117.5,-36.5,150.98332305068013
85289,117.5,-35.5,147.49366888312073
85290,117.5,-35.0,149.72207062156897
85291,117.5,-34.5,151.1686287644077
85292,117.5,-34.0,153.91089142237848
85293,117.5,-33.5,158.10001553049722
85294,117.5,-33.0,157.83254407604727
85295,117.5,-32.5,158.89932317672327
85296,117.5,-32.0,153.71716491152668
85297,117.5,-31.5,160.97265405937404
85298,117.5,-31.0,153.40816951899774
85299,117.5,-30.5,154.26077448118667
85300,117.5,-30.0,156.18846651211712
85301,117.5,-29.5,155.27521109745146
85302,117.5,-29.0,155.31370545273677
85303,117.5,-28.5,155.02402266190774
85304,117.5,-28.0,154.6486394926101
85305,117.5,-27.5,157.51617607018264
85306,117.5,-27.0,156.16095630018282
85307,117.5,-26.5,156.5815106020849
85308,117.5,-26.0,156.8426858452771
85309,117.5,-25.5,153.70927141392994
85310,117.5,-25.0,154.32729145906742
85311,117.5,-24.5,153.68541120135473
85312,117.5,-24.0,148.05385273280936
85313,117.5,-23.5,152.88934513087153
85314,117.5,-23.0,147.47919350397066
85315,117.5,-22.5,149.3328751265407
85316,117.5,-22.0,150.00962580430712
85317,117.5,-21.5,148.86426240424512
85318,117.5,-21.0,149.18981631231136
85319,117.5,-20.5,146.74701145529696
85320,117.5,-20.0,148.50108095855262
85321,117.5,-19.5,157.4933175275531
85322,117.5,-19.0,147.28504867555338
85323,117.5,-18.5,148.05488522276227
85324,117.5,-18.0,151.39220133460645
85325,117.5,-17.5,150.08282883016304
85326,117.5,-17.0,151.40537071098782
85327,117.5,-16.5,150.06669650764368
85328,117.5,-16.0,151.8668184933005
85329,117.5,-15.5,151.18653775003645
85330,117.5,-15.0,149.80627149842235
85331,117.5,-14.5,158.09220526675907
85332,117.5,-14.0,151.93808805577373
85333,117.5,-13.5,150.8281032711056
85334,117.5,-13.0,150.93534992522262
85335,117.5,-12.5,152.50671612505798
85336,117.5,-12.0,156.26272679653573
85337,117.5,-11.5,155.15621128443294
85338,117.5,-10.5,153.25758434910801
85339,117.5,-10.0,153.2624020845896
85340,117.5,-9.5,151.67195711984877
85341,117.5,-8.5,153.83855844166567
85342,117.5,-8.0,150.85288958288126
85343,117.5,-6.5,147.55563621912682
85344,117.5,-6.0,151.19721843392836
85345,117.5,-5.5,149.46297822375797
85346,117.5,-5.0,148.16854789462232
85347,117.5,-4.5,148.90517134392206
85348,117.5,-4.0,151.82895488995425
85349,117.5,-3.5,152.29401828116283
85350,117.5,-3.0,150.88578858999833
85351,117.5,-2.5,150.57316730747047
85352,117.5,-2.0,150.08853645835285
85353,117.5,-1.5,149.56465320883322
85354,117.5,-1.0,150.07229804329017
85355,117.5,0.0,150.92029545073646
85356,117.5,0.5,154.2926865291976
85357,117.5,1.0,147.724763688738
85358,117.5,1.5,144.9620290805965
85359,117.5,2.0,147.49436735345472
85360,117.5,2.5,149.20202230805208
85361,117.5,3.0,156.74153615053496
85362,117.5,3.5,157.5738047640927
85363,117.5,4.0,156.86710402361902
85364,117.5,5.0,150.15271709737274
85365,117.5,5.5,152.0085432298566
85366,117.5,6.0,152.1526280889267
85367,117.5,6.5,150.49787864000976
85368,117.5,7.5,158.74909942112046
85369,117.5,8.0,160.46528565671613
85370,117.5,8.5,158.90894639968138
85371,117.5,9.0,153.9110843478042
85372,117.5,9.5,148.43164611101946
85373,117.5,10.5,149.52853008507074
85374,117.5,11.0,151.95520026879169
85375,117.5,11.5,147.50764389089215
85376,117.5,12.0,145.52983041234094
85377,117.5,12.5,146.74672239986126
85378,117.5,13.0,151.35066161742526
85379,117.5,13.5,149.90736872869257
85380,117.5,14.0,145.80045992403637
85381,117.5,16.0,149.17812715067484
85382,117.5,16.5,147.59690077158663
85383,117.5,17.0,148.2435896221706
85384,117.5,17.5,149.80676538531839
85385,117.5,18.0,146.78118923856752
85386,117.5,18.5,148.28410087553578
85387,117.5,19.0,147.19212542829214
85388,117.5,19.5,147.03364049276
85389,117.5,20.0,147.67296344509523
85390,117.5,20.5,153.55643290880911
85391,117.5,21.0,147.51330137208234
85392,117.5,21.5,150.69713401192337
85393,117.5,22.0,151.70752400638054
85394,117.5,22.5,147.4234493828397
85395,117.5,23.0,149.214419707932
85396,117.5,23.5,152.120590624889
85397,117.5,24.0,153.09512068146017
85398,117.5,24.5,149.8746583472412
85399,117.5,25.0,149.28917058163896
85400,117.5,25.5,147.94151033447298
85401,117.5,26.0,149.9750709501396
85402,117.5,26.5,150.55685984618395
85403,117.5,27.0,151.14917670838344
85404,117.5,27.5,153.5716411207996
85405,117.5,28.0,151.93308461639703
85406,117.5,28.5,151.85680891580873
85407,117.5,29.0,155.16172393205613
85408,117.5,29.5,149.43304006505787
85409,117.5,30.0,151.23703846461885
85410,117.5,30.5,150.50565213091977
85411,117.5,31.0,156.64358366291967
85412,117.5,31.5,155.60666950551357
85413,117.5,32.0,155.75574479188313
85414,117.5,32.5,155.59810321644466
85415,117.5,33.0,157.1760599914501
85416,117.5,33.5,152.44497341200216
85417,117.5,34.0,157.2071141070204
85418,117.5,34.5,153.93224629515916
85419,117.5,35.0,151.3746871328862
85420,117.5,35.5,150.84765486608092
85421,117.5,36.0,152.83445320460942
85422,117.5,36.5,153.67697745396146
85423,117.5,37.0,151.57936575135273
85424,118.0,-37.5,157.58475556003674
85425,118.0,-37.0,152.46668920475503
85426,118.0,-36.5,148.9452421929219
85427,118.0,-35.5,147.71530708684529
85428,118.0,-35.0,150.15625686380508
85429,118.0,-34.5,150.1041752026368
85430,118.0,-34.0,153.82232413554442
85431,118.0,-33.5,164.21376835143965
85432,118.0,-33.0,156.2331957219064
85433,118.0,-32.5,159.72402375668412
85434,118.0,-32.0,154.6437531950364
85435,118.0,-31.5,155.36335169219598
85436,118.0,-31.0,152.84580430119345
85437,118.0,-30.5,152.04212905592524
85438,118.0,-30.0,151.61321746365041
85439,118.0,-29.5,156.6762308350474
85440,118.0,-29.0,154.03294974179636
85441,118.0,-28.5,153.93922138536507
85442,118.0,-28.0,156.6201933586554
85443,118.0,-27.5,155.36625993231618
85444,118.0,-27.0,155.21069267818783
85445,118.0,-26.5,157.81548568563687
85446,118.0,-26.0,156.8381813833558
85447,118.0,-25.5,153.710778165078
85448,118.0,-25.0,156.44748012291632
85449,118.0,-24.5,150.45018861752658
85450,118.0,-24.0,148.82452111063927
85451,118.0,-23.5,150.92369793220644
85452,118.0,-23.0,149.6913634901318
85453,118.0,-22.5,149.7366514299929
85454,118.0,-22.0,150.25061602038565
85455,118.0,-21.5,147.9484489659742
85456,118.0,-21.0,150.89301326541414
85457,118.0,-20.5,152.37358016145643
85458,118.0,-20.0,150.62870223652604
85459,118.0,-19.5,148.02846286229922
85460,118.0,-19.0,147.7083793357621
85461,118.0,-18.5,149.01504717153423
85462,118.0,-18.0,151.21907312733651
85463,118.0,-17.5,151.86371279637615
85464,118.0,-17.0,150.64171558735688
85465,118.0,-16.5,151.48350769515815
85466,118.0,-16.0,151.9768771224164
85467,118.0,-15.5,150.30276062894168
85468,118.0,-15.0,152.42889919538482
85469,118.0,-14.5,153.34722613290393
85470,118.0,-14.0,150.51417987265245
85471,118.0,-13.5,152.51713155730775
85472,118.0,-13.0,151.36275253429278
85473,118.0,-12.5,150.36543401427286
85474,118.0,-12.0,156.2533380760921
85475,118.0,-11.5,155.2004603056367
85476,118.0,-11.0,153.4892314756631
85477,118.0,-10.5,150.63498826569202
85478,118.0,-10.0,152.26584521298196
85479,118.0,-9.5,153.35608544590883
85480,118.0,-8.5,148.1879495625912
85481,118.0,-8.0,151.4058792315001
85482,118.0,-7.0,148.16143440153473
85483,118.0,-6.5,148.0705109019409
85484,118.0,-6.0,152.8934165503618
85485,118.0,-5.5,150.60357952700656
85486,118.0,-5.0,148.49242467372505
85487,118.0,-4.5,151.52216005161787
85488,118.0,-4.0,151.63277695062246
85489,118.0,-3.5,150.3729058043986
85490,118.0,-3.0,152.49589400804797
85491,118.0,-2.5,150.68071619643842
85492,118.0,-2.0,148.3835690205654
85493,118.0,-1.5,149.11107710242334
85494,118.0,-1.0,151.92987733790847
85495,118.0,-0.5,150.9322805926244
85496,118.0,0.0,154.17063582355675
85497,118.0,0.5,154.02289030503084
85498,118.0,1.0,147.944477660091
85499,118.0,1.5,147.9531010821122
85500,118.0,2.0,156.43481509426746
85501,118.0,2.5,150.8619296089759
85502,118.0,3.0,149.5899283090653
85503,118.0,3.5,152.06847302181586
85504,118.0,4.0,150.36048823723317
85505,118.0,5.0,151.82173406032658
85506,118.0,5.5,151.7873168020096
85507,118.0,6.0,154.74173298419416
85508,118.0,6.5,153.00270326200882
85509,118.0,7.0,151.67470710586792
85510,118.0,7.5,158.45773627359895
85511,118.0,8.0,157.9847457600285
85512,118.0,8.5,156.87064058582698
85513,118.0,9.0,154.02397413797192
85514,118.0,9.5,151.82960342325745
85515,118.0,10.0,149.258306324064
85516,118.0,10.5,150.32296096004896
85517,118.0,11.0,148.26637729451744
85518,118.0,11.5,146.43174119677732
85519,118.0,12.0,145.92549737915127
85520,118.0,12.5,152.0544245496216
85521,118.0,13.0,151.1528414670613
85522,118.0,13.5,147.96422914151697
85523,118.0,14.0,151.9949364176548
85524,118.0,14.5,152.08928189268454
85525,118.0,16.0,147.07647598458294
85526,118.0,16.5,148.31426251397332
85527,118.0,17.0,148.42717705829102
85528,118.0,17.5,149.46214766391955
85529,118.0,18.0,147.4873024418501
85530,118.0,18.5,151.69526332347988
85531,118.0,19.0,146.68854168550035
85532,118.0,19.5,146.08276126235063
85533,118.0,20.0,146.95935313662426
85534,118.0,20.5,152.99263597671083
85535,118.0,21.0,148.3981538301697
85536,118.0,21.5,146.80053415943325
85537,118.0,22.0,152.1836920043525
85538,118.0,22.5,149.05450433632433
85539,118.0,23.0,147.87745634887307
85540,118.0,23.5,148.18105398587687
85541,118.0,24.0,149.6241574889588
85542,118.0,24.5,155.53484849598402
85543,118.0,25.0,150.17110822712212
85544,118.0,25.5,148.56380985816114
85545,118.0,26.0,149.5343464624525
85546,118.0,26.5,150.60817810899175
85547,118.0,27.0,150.0005486644306
85548,118.0,27.5,151.5719799855106
85549,118.0,28.0,154.56872359083013
85550,118.0,28.5,154.45894398604014
85551,118.0,29.0,153.34972680961803
85552,118.0,29.5,151.42472794971584
85553,118.0,30.0,150.34319315794218
85554,118.0,30.5,151.79938458881492
85555,118.0,31.0,154.64107236189582
85556,118.0,31.5,158.21017426133076
85557,118.0,32.0,155.6676554370364
85558,118.0,32.5,154.71505460482445
85559,118.0,33.0,156.7820231635983
85560,118.0,33.5,154.73736067842356
85561,118.0,34.0,160.86706429483817
85562,118.0,34.5,154.0854344195275
85563,118.0,35.0,151.65017285471276
85564,118.0,35.5,152.10026033607056
85565,118.0,36.0,151.61958728437335
85566,118.0,36.5,150.45722320568544
85567,118.0,37.0,153.280955570289
85568,118.0,37.5,171.34782684030944
85569,118.5,-38.5,167.4852998963891
85570,118.5,-37.5,157.81906115190375
85571,118.5,-37.0,158.53399824076075
85572,118.5,-36.5,148.78103477452765
85573,118.5,-35.5,147.44741799356152
85574,118.5,-35.0,152.88743555453016
85575,118.5,-34.5,149.06353936816564
85576,118.5,-34.0,153.83320936289294
85577,118.5,-33.5,160.8384052897599
85578,118.5,-33.0,157.09503990388137
85579,118.5,-32.5,159.62965599872487
85580,118.5,-32.0,155.6441074537498
85581,118.5,-31.5,152.06436135169443
85582,118.5,-31.0,151.77768469811934
85583,118.5,-30.5,151.62530183679058
85584,118.5,-30.0,154.29282521751676
85585,118.5,-29.5,153.70861421738456
85586,118.5,-29.0,154.0809576091843
85587,118.5,-28.5,155.1692025883891
85588,118.5,-28.0,158.27347182176385
85589,118.5,-27.5,154.07653410341467
85590,118.5,-27.0,153.81080984857263
85591,118.5,-26.5,156.1074634981854
85592,118.5,-26.0,156.20649360385264
85593,118.5,-25.5,155.44730248017376
85594,118.5,-25.0,155.41153433337595
85595,118.5,-24.5,152.76129290278215
85596,118.5,-24.0,149.7263083688268
85597,118.5,-23.5,151.2274443347155
85598,118.5,-23.0,149.83109779380342
85599,118.5,-22.5,152.3618452258319
85600,118.5,-22.0,148.9239841162824
85601,118.5,-21.5,148.53618196487193
85602,118.5,-21.0,150.80383813789166
85603,118.5,-20.5,151.88177578993685
85604,118.5,-20.0,160.1459230944908
85605,118.5,-19.5,147.5022544864037
85606,118.5,-19.0,151.12346943313293
85607,118.5,-18.5,151.2178609455788
85608,118.5,-18.0,148.19309541713565
85609,118.5,-17.5,152.18028136218751
85610,118.5,-17.0,150.86283353757784
85611,118.5,-16.5,152.44694445617216
85612,118.5,-16.0,151.12175671037508
85613,118.5,-15.5,151.16825981281454
85614,118.5,-15.0,158.151373114769
85615,118.5,-14.5,151.15924789112657
85616,118.5,-14.0,152.41007593862352
85617,118.5,-13.5,152.24800865605476
85618,118.5,-13.0,152.07872929478725
85619,118.5,-12.5,150.5833755571187
85620,118.5,-12.0,154.44295012765338
85621,118.5,-11.5,152.29110778816616
85622,118.5,-11.0,153.97866135771562
85623,118.5,-10.5,150.44886835650115
85624,118.5,-10.0,151.16536339284585
85625,118.5,-9.5,154.54441039124436
85626,118.5,-9.0,157.27586689336334
85627,118.5,-8.5,150.93825052049428
85628,118.5,-7.0,152.39772379596462
85629,118.5,-6.5,159.19908443814052
85630,118.5,-6.0,148.72202665929728
85631,118.5,-5.5,148.80231131116537
85632,118.5,-5.0,149.81958492931884
85633,118.5,-4.5,150.67428858284606
85634,118.5,-4.0,148.80773099083999
85635,118.5,-3.5,150.2960682868137
85636,118.5,-3.0,152.67870456386635
85637,118.5,-2.5,152.83869621103895
85638,118.5,-2.0,150.53669542844372
85639,118.5,-1.5,150.4104588091114
85640,118.5,-1.0,151.62607080875702
85641,118.5,-0.5,152.21049129305422
85642,118.5,0.0,155.83181181147808
85643,118.5,0.5,152.38454963933492
85644,118.5,1.0,153.0643437938826
85645,118.5,1.5,160.48904728253729
85646,118.5,2.0,155.481712730869
85647,118.5,2.5,148.95495227381522
85648,118.5,3.0,152.62656382867365
85649,118.5,3.5,151.4477296449223
85650,118.5,4.0,150.8931502285133
85651,118.5,4.5,160.91954147089095
85652,118.5,5.0,157.25687971329393
85653,118.5,5.5,154.14123712411487
85654,118.5,6.0,157.80086329809149
85655,118.5,6.5,152.9746739195983
85656,118.5,7.0,154.68731598802847
85657,118.5,7.5,157.29077392411784
85658,118.5,8.0,153.14974657738432
85659,118.5,8.5,153.38446555248626
85660,118.5,9.0,154.69676218658412
85661,118.5,9.5,152.46734870250296
85662,118.5,10.0,149.94871829911096
85663,118.5,10.5,147.5056599677264
85664,118.5,11.0,148.72794418927
85665,118.5,11.5,147.35511987020527
85666,118.5,12.0,147.5920922135816
85667,118.5,12.5,151.763629423392
85668,118.5,13.0,146.6439140192709
85669,118.5,13.5,150.47063295571476
85670,118.5,14.0,152.38572598216024
85671,118.5,15.5,150.65538948763904
85672,118.5,16.0,147.4186872958825
85673,118.5,16.5,150.16409649917665
85674,118.5,17.0,148.27349437627774
85675,118.5,17.5,147.0760707573073
85676,118.5,18.0,149.81483353697064
85677,118.5,18.5,148.72384429273384
85678,118.5,19.0,148.9041243563233
85679,118.5,19.5,146.42014905559063
85680,118.5,20.0,147.2673239403351
85681,118.5,20.5,149.1303023023924
85682,118.5,21.0,151.1602601104737
85683,118.5,21.5,146.25130065138117
85684,118.5,22.0,150.18715797614055
85685,118.5,22.5,149.81654563937147
85686,118.5,23.0,146.5809807039341
85687,118.5,23.5,147.6796631587957
85688,118.5,24.0,148.3714413215363
85689,118.5,24.5,151.81303902401842
85690,118.5,25.0,153.03976400941218
85691,118.5,25.5,150.51454187320095
85692,118.5,26.0,148.32837394429973
85693,118.5,26.5,150.95450780261356
85694,118.5,27.0,151.01239377993127
85695,118.5,27.5,150.5727728962363
85696,118.5,28.0,157.73395096421285
85697,118.5,28.5,151.11973458181131
85698,118.5,29.0,159.19092478653315
85699,118.5,29.5,150.96255190793312
85700,118.5,30.0,152.58893555027922
85701,118.5,30.5,148.75397935748165
85702,118.5,31.0,156.34276474379624
85703,118.5,31.5,159.89990497039545
85704,118.5,32.0,155.16447424288168
85705,118.5,32.5,154.79080304936366
85706,118.5,33.0,156.0158484844042
85707,118.5,33.5,158.10899909631055
85708,118.5,34.0,155.62618233866533
85709,118.5,34.5,153.97440931171442
85710,118.5,35.0,154.15516864591203
85711,118.5,35.5,152.96360410772272
85712,118.5,36.0,151.71073629341214
85713,118.5,36.5,150.06498281381346
85714,118.5,37.0,153.66670947737484
85715,118.5,37.5,171.41363049846274
85716,119.0,-38.5,168.19236755458317
85717,119.0,-38.0,159.46604168090238
85718,119.0,-37.5,158.04217076314512
85719,119.0,-37.0,157.96316941534656
85720,119.0,-36.5,149.12207815896969
85721,119.0,-36.0,146.84396146891973
85722,119.0,-35.5,147.67301316553485
85723,119.0,-35.0,153.96605771786938
85724,119.0,-34.0,151.3861758162859
85725,119.0,-33.5,159.4573841854004
85726,119.0,-33.0,158.7798601339096
85727,119.0,-32.5,155.73212953944994
85728,119.0,-32.0,155.13348531271967
85729,119.0,-31.5,153.2430490062109
85730,119.0,-31.0,155.48608349418305
85731,119.0,-30.5,152.70895223346815
85732,119.0,-30.0,153.76043782738768
85733,119.0,-29.5,152.53110138020534
85734,119.0,-29.0,156.74137231407394
85735,119.0,-28.5,156.37368550901667
85736,119.0,-28.0,157.6717014230089
85737,119.0,-27.5,153.58114635832294
85738,119.0,-27.0,155.03319831853474
85739,119.0,-26.5,155.1819044452534
85740,119.0,-26.0,155.7054794111486
85741,119.0,-25.5,156.983723098772
85742,119.0,-25.0,155.58147874028998
85743,119.0,-24.5,153.51268458808076
85744,119.0,-24.0,150.97411423700828
85745,119.0,-23.5,152.1395054435545
85746,119.0,-23.0,151.2704683785854
85747,119.0,-22.5,154.767411997955
85748,119.0,-22.0,147.22857616135735
85749,119.0,-21.5,148.158081543165
85750,119.0,-21.0,150.19835994737505
85751,119.0,-20.5,151.125945274381
85752,119.0,-19.5,148.54079251823043
85753,119.0,-19.0,147.11985593375138
85754,119.0,-18.0,149.86952932042448
85755,119.0,-17.5,150.6129180311495
85756,119.0,-17.0,153.37241935024252
85757,119.0,-16.5,151.5964747257797
85758,119.0,-16.0,151.0755673577412
85759,119.0,-15.5,156.0918745472613
85760,119.0,-15.0,156.70318691001552
85761,119.0,-14.5,152.54233635488205
85762,119.0,-14.0,153.08032844831894
85763,119.0,-13.5,152.6833569873414
85764,119.0,-13.0,154.0917963507787
85765,119.0,-12.5,150.35581663648378
85766,119.0,-12.0,151.6933153631133
85767,119.0,-11.5,154.61923445125836
85768,119.0,-11.0,151.85076139041118
85769,119.0,-10.5,151.377461849512
85770,119.0,-10.0,149.02596671924576
85771,119.0,-9.5,154.92809583469474
85772,119.0,-9.0,156.31488808444297
85773,119.0,-8.5,154.27946214940962
85774,119.0,-7.5,148.2532827339155
85775,119.0,-7.0,148.2676904539084
85776,119.0,-6.5,158.7131263326879
85777,119.0,-6.0,148.9014990327336
85778,119.0,-5.5,148.40535891574638
85779,119.0,-5.0,151.65473198232397
85780,119.0,-4.5,152.25755812674885
85781,119.0,-4.0,150.11134552277122
85782,119.0,-3.5,152.05389671884774
85783,119.0,-3.0,150.9996205729486
85784,119.0,-2.5,153.40752148888706
85785,119.0,-2.0,153.52670528652396
85786,119.0,-1.5,152.22261750295098
85787,119.0,-1.0,152.19616667734513
85788,119.0,-0.5,157.7757432770774
85789,119.0,0.0,154.68292206010898
85790,119.0,0.5,152.15741698440166
85791,119.0,1.0,155.76272389775912
85792,119.0,1.5,160.16474066909763
85793,119.0,2.5,153.54076699050066
85794,119.0,3.0,150.52294306097303
85795,119.0,4.0,149.3033232315385
85796,119.0,4.5,155.54357374316643
85797,119.0,5.0,153.78214809310296
85798,119.0,5.5,153.54906258366972
85799,119.0,6.0,152.65595005476152
85800,119.0,6.5,153.2297912016079
85801,119.0,7.0,154.06141556104814
85802,119.0,7.5,153.42354136619707
85803,119.0,8.0,153.23268227792795
85804,119.0,8.5,152.45428382096352
85805,119.0,9.0,152.80516520858356
85806,119.0,9.5,153.47641125275138
85807,119.0,10.0,152.75832260524177
85808,119.0,10.5,147.79903207489585
85809,119.0,11.0,145.4999207070623
85810,119.0,11.5,147.92736449471502
85811,119.0,12.0,150.90208847683516
85812,119.0,12.5,148.62260266671376
85813,119.0,13.0,145.63324229328302
85814,119.0,13.5,151.00817443893717
85815,119.0,14.0,152.23282690675626
85816,119.0,14.5,153.56741713466718
85817,119.0,15.5,147.87535193482182
85818,119.0,16.0,150.0992725802066
85819,119.0,16.5,150.21126135678674
85820,119.0,17.0,148.35950863438143
85821,119.0,17.5,147.5801841982166
85822,119.0,18.0,147.89034535028426
85823,119.0,18.5,147.27754519867224
85824,119.0,19.0,151.3887073710477
85825,119.0,19.5,146.47187805224735
85826,119.0,20.0,146.05516169298312
85827,119.0,20.5,146.16268215349177
85828,119.0,21.0,151.4006369721472
85829,119.0,21.5,147.81589731959843
85830,119.0,22.0,149.12233405740253
85831,119.0,22.5,147.7936305636041
85832,119.0,23.0,149.10496448963767
85833,119.0,23.5,146.79771406504895
85834,119.0,24.0,147.44485186121773
85835,119.0,24.5,147.7755264368814
85836,119.0,25.0,152.56275555949625
85837,119.0,25.5,152.88922479287078
85838,119.0,26.0,149.50917795137335
85839,119.0,26.5,150.91161222470848
85840,119.0,27.0,150.15527205935527
85841,119.0,27.5,150.0134055880973
85842,119.0,28.0,153.60796666111287
85843,119.0,28.5,150.95410939422518
85844,119.0,29.0,157.898567053049
85845,119.0,29.5,155.2869378231422
85846,119.0,30.0,149.2333921674265
85847,119.0,30.5,151.88273577951952
85848,119.0,31.0,156.13854867567449
85849,119.0,31.5,161.884614118685
85850,119.0,32.0,154.0739908289665
85851,119.0,32.5,157.61184354698213
85852,119.0,33.0,158.86131368757944
85853,119.0,33.5,157.50391319335515
85854,119.0,34.0,159.5197653384265
85855,119.0,34.5,157.74796956058861
85856,119.0,35.0,152.35172540189242
85857,119.0,35.5,152.56274569800308
85858,119.0,36.0,153.35843065629984
85859,119.0,36.5,157.0079550798851
85860,119.0,37.0,164.40419476353642
85861,119.0,37.5,172.12996409287854
85862,119.5,-38.5,169.26467740196492
85863,119.5,-38.0,159.34470865935313
85864,119.5,-37.5,157.53820433541574
85865,119.5,-37.0,158.51558116900875
85866,119.5,-36.5,149.9610915448273
85867,119.5,-36.0,146.9421788010149
85868,119.5,-35.5,148.4851023015166
85869,119.5,-35.0,152.8886219445229
85870,119.5,-34.0,150.80854279412338
85871,119.5,-33.5,158.41542772389596
85872,119.5,-33.0,161.3668176406187
85873,119.5,-32.5,153.97367470125735
85874,119.5,-32.0,156.00721414701607
85875,119.5,-31.5,153.13262859148335
85876,119.5,-31.0,157.8421143266735
85877,119.5,-30.5,154.83361963151467
85878,119.5,-30.0,153.02257661043373
85879,119.5,-29.5,161.79548442596817
85880,119.5,-29.0,160.82545554845947
85881,119.5,-28.5,158.96136420134724
85882,119.5,-28.0,156.40276791317024
85883,119.5,-27.5,152.8845237402218
85884,119.5,-27.0,153.61907077853235
85885,119.5,-26.5,151.73051755114565
85886,119.5,-26.0,155.07103680325767
85887,119.5,-25.5,156.54582843327245
85888,119.5,-25.0,156.35721015030748
85889,119.5,-24.5,152.8420108879363
85890,119.5,-24.0,154.70173331087656
85891,119.5,-23.5,151.54239170530425
85892,119.5,-23.0,151.15731641131302
85893,119.5,-22.5,150.58097649525874
85894,119.5,-22.0,148.04506136968132
85895,119.5,-21.5,146.00436037206924
85896,119.5,-21.0,147.67572034517366
85897,119.5,-20.5,151.28743470087596
85898,119.5,-20.0,151.6834083058013
85899,119.5,-19.0,146.449409493554
85900,119.5,-18.5,148.86419934149544
85901,119.5,-18.0,151.60210627223304
85902,119.5,-17.5,146.9742549329335
85903,119.5,-17.0,153.556828361882
85904,119.5,-16.5,151.28290657166357
85905,119.5,-16.0,153.25497499295938
85906,119.5,-15.5,155.59383253284284
85907,119.5,-15.0,153.12409833924144
85908,119.5,-14.5,156.69521897409928
85909,119.5,-14.0,151.99072254656488
85910,119.5,-13.5,153.2445033438709
85911,119.5,-13.0,152.69722431875354
85912,119.5,-12.5,155.3125554954633
85913,119.5,-12.0,152.435273781252
85914,119.5,-11.5,153.03429934052778
85915,119.5,-11.0,150.85076599407358
85916,119.5,-10.5,152.8849006878655
85917,119.5,-9.5,153.47595198007403
85918,119.5,-9.0,154.59120993966422
85919,119.5,-8.5,158.48459049638373
85920,119.5,-8.0,149.72023420269514
85921,119.5,-7.5,148.225843006973
85922,119.5,-7.0,150.73680929075852
85923,119.5,-6.5,150.59047939103257
85924,119.5,-6.0,151.88529242307283
85925,119.5,-5.5,152.30457547035698
85926,119.5,-5.0,156.4414825188841
85927,119.5,-4.5,157.0692053120064
85928,119.5,-4.0,153.73264278816265
85929,119.5,-3.5,154.92893857199905
85930,119.5,-3.0,147.12340793641485
85931,119.5,-2.5,147.7090742359879
85932,119.5,-2.0,153.59341106892896
85933,119.5,-1.5,151.40270841638682
85934,119.5,-1.0,154.11889146646678
85935,119.5,-0.5,155.79293239627603
85936,119.5,0.0,154.52775084941857
85937,119.5,0.5,156.6409695855735
85938,119.5,1.0,155.34255643773716
85939,119.5,1.5,156.31736513988352
85940,119.5,2.5,152.72240993130762
85941,119.5,3.0,149.09232763989738
85942,119.5,3.5,149.65433794569472
85943,119.5,4.0,155.03676734533033
85944,119.5,4.5,154.07928837410304
85945,119.5,5.0,153.57317771042068
85946,119.5,6.0,154.0576190925701
85947,119.5,6.5,152.79362160407265
85948,119.5,7.0,154.53084349618305
85949,119.5,7.5,152.88558680362337
85950,119.5,8.0,150.35403588960125
85951,119.5,8.5,152.3289602766328
85952,119.5,9.0,151.56677096051845
85953,119.5,9.5,151.78240365980008
85954,119.5,10.0,151.6146692606227
85955,119.5,10.5,153.04075912569587
85956,119.5,11.0,151.28143217557164
85957,119.5,11.5,150.806002590596
85958,119.5,12.0,150.15606176560254
85959,119.5,12.5,146.55064417481964
85960,119.5,13.0,151.40304052320687
85961,119.5,14.0,151.91467947382853
85962,119.5,14.5,154.21265709884733
85963,119.5,15.0,148.26715106666043
85964,119.5,15.5,147.53846642586063
85965,119.5,16.0,151.49640671134796
85966,119.5,16.5,152.08193608588743
85967,119.5,17.0,149.8453486024165
85968,119.5,17.5,149.14430872152434
85969,119.5,18.0,147.01070477408172
85970,119.5,18.5,152.98102878350159
85971,119.5,19.0,147.76857281865082
85972,119.5,19.5,149.37516621298172
85973,119.5,20.0,146.20112021659742
85974,119.5,20.5,145.67608189691194
85975,119.5,21.0,146.44010763791218
85976,119.5,21.5,148.14633808136912
85977,119.5,22.0,147.51767214299116
85978,119.5,22.5,146.69542391289656
85979,119.5,23.0,146.99205780824656
85980,119.5,23.5,147.14314970179794
85981,119.5,24.0,147.35209553203075
85982,119.5,24.5,147.89455627021457
85983,119.5,25.0,150.73839865373475
85984,119.5,25.5,156.5585816748328
85985,119.5,26.0,153.50809543909415
85986,119.5,26.5,151.87912868426457
85987,119.5,27.0,151.55793845055328
85988,119.5,27.5,149.5934739366868
85989,119.5,28.0,149.63738173579566
85990,119.5,28.5,153.12251760603777
85991,119.5,29.0,153.64666587660366
85992,119.5,29.5,156.09034790865638
85993,119.5,30.0,151.6443090387948
85994,119.5,30.5,151.10658313208785
85995,119.5,31.0,151.39011924440092
85996,119.5,31.5,157.51782531170517
85997,119.5,32.0,157.11453576878858
85998,119.5,32.5,157.51824242452125
85999,119.5,33.0,161.62528812453846
86000,119.5,33.5,159.86457572426232
86001,119.5,34.0,159.00671852408652
86002,119.5,34.5,159.42125420212918
86003,119.5,35.0,151.34210757895
86004,119.5,35.5,153.3140948940363
86005,119.5,36.0,152.10774644061166
86006,119.5,36.5,156.53715508913905
86007,119.5,37.0,163.51208677865066
86008,119.5,37.5,172.06326176234344
86009,120.0,-38.5,169.7606352074255
86010,120.0,-38.0,161.89125053605534
86011,120.0,-37.5,158.1566970222561
86012,120.0,-37.0,159.9702846879232
86013,120.0,-36.5,150.37890030761636
86014,120.0,-36.0,147.04113159806158
86015,120.0,-35.5,148.91586225504818
86016,120.0,-35.0,152.1985098964613
86017,120.0,-34.5,150.0073843812441
86018,120.0,-34.0,149.50381662158006
86019,120.0,-33.5,156.12713510923308
86020,120.0,-33.0,160.18534325104957
86021,120.0,-32.5,153.18327260498793
86022,120.0,-32.0,157.2849814918693
86023,120.0,-31.5,153.05025601663144
86024,120.0,-31.0,154.27239022764445
86025,120.0,-30.5,153.67094491010562
86026,120.0,-30.0,154.02360118253702
86027,120.0,-29.5,153.23703253105697
86028,120.0,-29.0,158.74373373329271
86029,120.0,-28.5,159.3394864559921
86030,120.0,-28.0,154.2277172271353
86031,120.0,-27.5,155.35839934753747
86032,120.0,-27.0,152.9141865834155
86033,120.0,-26.5,153.51623271621537
86034,120.0,-26.0,155.47918128254062
86035,120.0,-25.5,155.96321044189247
86036,120.0,-25.0,156.30827099505893
86037,120.0,-24.5,153.8594181172911
86038,120.0,-24.0,156.22893805961542
86039,120.0,-23.5,152.62775522727608
86040,120.0,-23.0,155.8796125858275
86041,120.0,-22.5,151.7755236084766
86042,120.0,-22.0,156.07074368419626
86043,120.0,-21.5,147.87555322380442
86044,120.0,-21.0,148.10496796423104
86045,120.0,-20.0,153.76250801471897
86046,120.0,-19.5,152.3402001896369
86047,120.0,-19.0,151.41433419405988
86048,120.0,-18.5,148.96801931202694
86049,120.0,-18.0,152.0608851945572
86050,120.0,-17.5,151.9326085897037
86051,120.0,-17.0,150.86058799905766
86052,120.0,-16.5,153.31412578125733
86053,120.0,-16.0,154.45133444443206
86054,120.0,-15.5,154.22650793611822
86055,120.0,-15.0,151.2838808516039
86056,120.0,-14.5,153.20922668079308
86057,120.0,-14.0,153.07240462486075
86058,120.0,-13.5,155.97606748536657
86059,120.0,-13.0,153.82439565447493
86060,120.0,-12.5,153.58827245821112
86061,120.0,-12.0,151.42089178143797
86062,120.0,-11.5,151.35732115565418
86063,120.0,-11.0,152.65001662248545
86064,120.0,-10.5,154.03075734355767
86065,120.0,-10.0,153.8241329833346
86066,120.0,-9.5,148.70033740278575
86067,120.0,-9.0,154.24030999778364
86068,120.0,-8.5,156.53510924252234
86069,120.0,-8.0,153.04335400816396
86070,120.0,-7.0,150.1002311726012
86071,120.0,-6.5,149.59702766771582
86072,120.0,-6.0,154.92971872689324
86073,120.0,-5.5,152.35698784851868
86074,120.0,-5.0,149.0352620691794
86075,120.0,-4.5,149.5037407263086
86076,120.0,-4.0,154.9212139134231
86077,120.0,-3.5,146.461494046206
86078,120.0,-3.0,148.55139768552024
86079,120.0,-2.5,150.79860427687112
86080,120.0,-2.0,150.6882926698777
86081,120.0,-1.5,150.78080690974008
86082,120.0,-1.0,150.86024150553547
86083,120.0,-0.5,154.02613304955358
86084,120.0,0.0,157.8873152226722
86085,120.0,0.5,158.10626395414118
86086,120.0,1.0,159.79835464647826
86087,120.0,1.5,156.8755222500694
86088,120.0,2.0,155.02042444155296
86089,120.0,2.5,152.67659714007377
86090,120.0,3.5,152.29426687809814
86091,120.0,4.0,154.76590871975853
86092,120.0,4.5,153.45476978881484
86093,120.0,5.0,151.46071213974386
86094,120.0,6.0,153.86301008960703
86095,120.0,6.5,154.88273959531364
86096,120.0,7.0,151.47819307475095
86097,120.0,7.5,153.1381821895177
86098,120.0,8.0,150.91330581296575
86099,120.0,8.5,151.26118893696983
86100,120.0,9.0,152.38366765951974
86101,120.0,10.0,150.71744067402275
86102,120.0,10.5,152.02935076432098
86103,120.0,11.0,148.93436287760596
86104,120.0,11.5,153.0682706629752
86105,120.0,12.0,152.31407379450104
86106,120.0,12.5,151.55697479659636
86107,120.0,13.0,150.6534229978782
86108,120.0,14.0,152.32125419524166
86109,120.0,14.5,152.92883204070873
86110,120.0,15.0,152.69312846749887
86111,120.0,15.5,150.49700371218918
86112,120.0,16.0,155.28299883033708
86113,120.0,16.5,152.4083839791054
86114,120.0,17.0,150.4990470162615
86115,120.0,17.5,149.9324173747228
86116,120.0,18.0,148.17131673215619
86117,120.0,18.5,147.6346405306392
86118,120.0,19.0,150.45967214341619
86119,120.0,19.5,150.51513903123805
86120,120.0,20.0,146.7467731334037
86121,120.0,20.5,145.25115336943907
86122,120.0,21.0,145.55731817634964
86123,120.0,21.5,147.48381302487377
86124,120.0,22.0,147.5428752620208
86125,120.0,22.5,146.48740747547416
86126,120.0,23.0,146.94349986517702
86127,120.0,23.5,151.22174275789126
86128,120.0,24.0,146.70823305328392
86129,120.0,24.5,148.58879558452134
86130,120.0,25.0,148.07614862207052
86131,120.0,25.5,150.3503734233011
86132,120.0,26.0,150.64148981506426
86133,120.0,26.5,152.19099473663567
86134,120.0,27.0,152.23001193792234
86135,120.0,27.5,150.56187700893776
86136,120.0,28.0,148.77358916490522
86137,120.0,28.5,157.6106360570882
86138,120.0,29.0,155.2001798297135
86139,120.0,29.5,158.2098591739078
86140,120.0,30.0,154.21306332913468
86141,120.0,30.5,156.8398270257514
86142,120.0,31.0,155.0855601424544
86143,120.0,31.5,153.739105932408
86144,120.0,32.0,155.941049408402
86145,120.0,32.5,157.9792565691592
86146,120.0,33.0,162.28723030318142
86147,120.0,33.5,159.20045349583197
86148,120.0,34.0,157.2688364428903
86149,120.0,35.0,148.8488615849481
86150,120.0,35.5,151.22651939395402
86151,120.0,36.0,154.56131294944552
86152,120.0,36.5,153.8895893453695
86153,120.0,37.0,152.67064382986294
86154,120.0,37.5,169.05895165770744
86155,120.5,-39.0,161.69168100266194
86156,120.5,-38.5,170.0964243269178
86157,120.5,-38.0,160.8902288951895
86158,120.5,-37.5,157.94852729643463
86159,120.5,-37.0,158.23206572278983
86160,120.5,-36.5,150.43735437990458
86161,120.5,-36.0,147.20456114494453
86162,120.5,-35.5,149.19103568096264
86163,120.5,-35.0,152.46013633138503
86164,120.5,-34.5,156.2772595755536
86165,120.5,-34.0,150.0714705595975
86166,120.5,-33.5,157.4421218357727
86167,120.5,-33.0,158.45637075367694
86168,120.5,-32.5,158.69884494630114
86169,120.5,-32.0,155.63780534830303
86170,120.5,-31.5,154.06996431455082
86171,120.5,-31.0,153.4373244045937
86172,120.5,-30.5,152.52406464382085
86173,120.5,-30.0,153.83287026680944
86174,120.5,-29.5,154.1514213863938
86175,120.5,-29.0,161.75981635488142
86176,120.5,-28.5,154.78445134615956
86177,120.5,-28.0,151.48122318555212
86178,120.5,-27.5,157.21448419279992
86179,120.5,-27.0,154.88173461863522
86180,120.5,-26.5,155.37825440629834
86181,120.5,-26.0,154.40141349948465
86182,120.5,-25.5,157.03504379336712
86183,120.5,-25.0,151.1494628403567
86184,120.5,-24.5,153.24698977124964
86185,120.5,-24.0,150.52566648602303
86186,120.5,-23.5,154.93605353825768
86187,120.5,-23.0,153.77711783597425
86188,120.5,-22.5,152.00277028124654
86189,120.5,-22.0,151.61965919486792
86190,120.5,-21.5,146.10580062021086
86191,120.5,-21.0,148.13124984977924
86192,120.5,-20.5,150.99478222194026
86193,120.5,-20.0,153.8965201419355
86194,120.5,-19.5,153.79634710890855
86195,120.5,-19.0,154.34129022700657
86196,120.5,-18.5,152.39327382533654
86197,120.5,-18.0,145.8956474938336
86198,120.5,-17.5,151.21004687986382
86199,120.5,-17.0,147.4255529235783
86200,120.5,-16.5,153.7519618620306
86201,120.5,-16.0,153.11095274339243
86202,120.5,-15.5,152.65565938390912
86203,120.5,-15.0,152.53637348490176
86204,120.5,-14.5,153.12480802216808
86205,120.5,-14.0,156.93871202780613
86206,120.5,-13.0,156.3390997000098
86207,120.5,-12.5,154.78259261963686
86208,120.5,-12.0,151.03963370287056
86209,120.5,-11.5,151.38573164195228
86210,120.5,-11.0,154.23012327196142
86211,120.5,-10.5,152.0503771107817
86212,120.5,-10.0,151.42841674271764
86213,120.5,-9.5,149.6204025634561
86214,120.5,-9.0,153.80199428229028
86215,120.5,-8.5,151.37252962153536
86216,120.5,-8.0,156.6372927479036
86217,120.5,-7.5,151.92637947263265
86218,120.5,-7.0,151.13100988507253
86219,120.5,-6.5,153.55189397347274
86220,120.5,-6.0,153.24581780140767
86221,120.5,-5.5,152.461219711543
86222,120.5,-5.0,153.21763068733296
86223,120.5,-4.5,153.3788132787064
86224,120.5,-4.0,153.16959921223608
86225,120.5,-3.5,152.46273714890333
86226,120.5,-3.0,149.2654556477422
86227,120.5,-2.0,151.54740536914292
86228,120.5,-1.5,150.93223396806215
86229,120.5,-1.0,154.77705845787835
86230,120.5,-0.5,156.47612784495237
86231,120.5,0.0,155.9850359132152
86232,120.5,0.5,157.71043987604585
86233,120.5,1.0,160.394213850685
86234,120.5,1.5,156.95206516315676
86235,120.5,2.0,156.71813007857114
86236,120.5,2.5,156.23970590140874
86237,120.5,3.0,154.5180674846179
86238,120.5,3.5,155.70386675951238
86239,120.5,4.0,153.59457810263618
86240,120.5,4.5,154.3919088578623
86241,120.5,5.0,152.8749340088245
86242,120.5,5.5,157.33345174478956
86243,120.5,6.0,155.9460584287617
86244,120.5,6.5,152.35976424403364
86245,120.5,7.0,152.13414953564345
86246,120.5,7.5,151.71674914786618
86247,120.5,8.0,151.60608426305632
86248,120.5,8.5,150.41926976755582
86249,120.5,9.5,151.5426260467658
86250,120.5,10.0,146.50279816545748
86251,120.5,10.5,146.02893144054704
86252,120.5,11.0,151.3046100208443
86253,120.5,11.5,146.03212094945033
86254,120.5,12.0,149.54527633761128
86255,120.5,12.5,152.14157629159203
86256,120.5,13.0,150.43474262199973
86257,120.5,13.5,151.2222592842068
86258,120.5,14.5,153.0584569204664
86259,120.5,15.0,154.3674311862447
86260,120.5,15.5,156.50795121425367
86261,120.5,16.0,143.14593591235572
86262,120.5,16.5,150.22043341772564
86263,120.5,17.0,152.34670812639408
86264,120.5,17.5,151.70403220678725
86265,120.5,18.0,153.8444220246343
86266,120.5,18.5,148.1087897617954
86267,120.5,19.0,149.65652400673153
86268,120.5,19.5,147.7409343952319
86269,120.5,20.0,149.98096781483468
86270,120.5,20.5,146.11264716858125
86271,120.5,21.0,146.68588351143734
86272,120.5,21.5,147.0629390049974
86273,120.5,22.0,147.7618830883575
86274,120.5,22.5,150.41006369037524
86275,120.5,23.0,148.7197578042154
86276,120.5,23.5,150.59874893502734
86277,120.5,24.0,151.7030787253847
86278,120.5,24.5,149.14731553495776
86279,120.5,25.0,147.5572213525392
86280,120.5,25.5,148.92813117347825
86281,120.5,26.0,150.79713815732828
86282,120.5,26.5,149.8226502292256
86283,120.5,27.0,151.02622955516026
86284,120.5,27.5,151.30217573150318
86285,120.5,28.0,150.88123853441303
86286,120.5,28.5,153.1715803983298
86287,120.5,29.0,154.96384992709133
86288,120.5,29.5,156.58134636793454
86289,120.5,30.0,156.03157808639693
86290,120.5,30.5,158.8787937848299
86291,120.5,31.0,157.28711597013137
86292,120.5,31.5,156.21786273998097
86293,120.5,32.0,155.48221254426738
86294,120.5,32.5,156.05385856660453
86295,120.5,33.0,157.72384209111746
86296,120.5,33.5,158.2332250909685
86297,120.5,34.0,151.30656201810717
86298,120.5,35.0,149.00664338187215
86299,120.5,35.5,148.93182017050876
86300,120.5,36.0,154.50904010352943
86301,120.5,36.5,152.36371393613175
86302,120.5,37.0,153.27347142763296
86303,120.5,37.5,160.47164846149957
86304,121.0,-39.0,161.4835828770066
86305,121.0,-38.5,168.16752949997593
86306,121.0,-38.0,159.1389317845676
86307,121.0,-37.5,159.26044778110057
86308,121.0,-37.0,155.65293100202425
86309,121.0,-36.5,151.45236025504533
86310,121.0,-36.0,147.68987701791278
86311,121.0,-35.5,149.21717624982065
86312,121.0,-35.0,151.85182165248622
86313,121.0,-34.5,155.93254043822145
86314,121.0,-34.0,155.5844524456715
86315,121.0,-33.5,158.26002978490837
86316,121.0,-33.0,156.91973317263623
86317,121.0,-32.5,156.1348652179993
86318,121.0,-32.0,153.41648183330022
86319,121.0,-31.5,153.51688743378745
86320,121.0,-31.0,154.30433783959907
86321,121.0,-30.5,153.74403668258992
86322,121.0,-30.0,154.11540504714267
86323,121.0,-29.5,153.5590763419865
86324,121.0,-29.0,161.23232626887096
86325,121.0,-28.5,155.50307040136485
86326,121.0,-28.0,154.79086984171155
86327,121.0,-27.5,155.96706747585714
86328,121.0,-27.0,156.39456793181327
86329,121.0,-26.5,155.10808726443173
86330,121.0,-26.0,155.2093238552267
86331,121.0,-25.5,154.37017546948823
86332,121.0,-25.0,152.74742736121547
86333,121.0,-24.5,150.21665704725697
86334,121.0,-24.0,150.95598933675964
86335,121.0,-23.5,154.03831476883718
86336,121.0,-23.0,152.98580726753445
86337,121.0,-22.5,152.57781183010837
86338,121.0,-22.0,150.24888383605273
86339,121.0,-21.5,152.8741850990267
86340,121.0,-21.0,152.10960754306717
86341,121.0,-20.5,149.72678201999304
86342,121.0,-20.0,147.82550501679881
86343,121.0,-19.5,153.86704293872023
86344,121.0,-19.0,154.28765927830662
86345,121.0,-18.5,159.98774060482256
86346,121.0,-18.0,149.91174415732462
86347,121.0,-17.5,149.21504755819845
86348,121.0,-17.0,149.34516954051273
86349,121.0,-16.5,152.78210811469373
86350,121.0,-16.0,155.3285959291333
86351,121.0,-15.5,152.49866276294446
86352,121.0,-15.0,153.836078375989
86353,121.0,-14.5,153.58211665352965
86354,121.0,-14.0,157.06472220210756
86355,121.0,-13.0,155.51458534312698
86356,121.0,-12.5,157.2778209361447
86357,121.0,-12.0,154.996112428945
86358,121.0,-11.5,153.4500209960197
86359,121.0,-11.0,157.49422665564586
86360,121.0,-10.5,155.97318317636493
86361,121.0,-10.0,154.7723519965576
86362,121.0,-9.5,154.07657426813623
86363,121.0,-9.0,154.36659536674162
86364,121.0,-8.5,153.5855078131155
86365,121.0,-8.0,154.94587582250503
86366,121.0,-7.5,151.7831313549373
86367,121.0,-7.0,150.5353807644219
86368,121.0,-6.5,151.4934628904062
86369,121.0,-6.0,149.67076446048662
86370,121.0,-5.5,149.0002143191097
86371,121.0,-5.0,154.63813319784236
86372,121.0,-4.5,151.425524465223
86373,121.0,-4.0,150.87653962625402
86374,121.0,-3.5,151.50550553775892
86375,121.0,-3.0,150.77291266003186
86376,121.0,-2.0,150.35297205949158
86377,121.0,-1.5,151.89656453927338
86378,121.0,-1.0,154.4494955608191
86379,121.0,-0.5,154.4869695283677
86380,121.0,0.0,153.4723083295483
86381,121.0,0.5,152.18277216432935
86382,121.0,1.0,154.060898387678
86383,121.0,1.5,157.25386656890862
86384,121.0,2.0,161.7559570438036
86385,121.0,2.5,154.80296596851397
86386,121.0,3.0,156.17068655948322
86387,121.0,3.5,156.34319466263946
86388,121.0,4.0,153.24878595480192
86389,121.0,4.5,152.84111511229824
86390,121.0,5.0,158.41302403623504
86391,121.0,5.5,155.13954195120436
86392,121.0,6.0,157.0215103323514
86393,121.0,6.5,154.65846936691793
86394,121.0,7.0,157.77328785267466
86395,121.0,7.5,150.81086203156863
86396,121.0,8.0,151.06154224956285
86397,121.0,8.5,150.69002320982082
86398,121.0,9.0,150.48136333822086
86399,121.0,9.5,150.5550310132004
86400,121.0,10.0,146.39367163935717
86401,121.0,10.5,152.09280714066418
86402,121.0,11.0,151.1208495561841
86403,121.0,11.5,149.1479382040589
86404,121.0,12.0,151.91916976882635
86405,121.0,12.5,152.38027467340885
86406,121.0,13.0,152.37546366873045
86407,121.0,13.5,151.6997912146971
86408,121.0,14.0,152.4597878396169
86409,121.0,14.5,150.86540522351706
86410,121.0,15.0,157.2178670887445
86411,121.0,15.5,160.11194710323045
86412,121.0,16.0,145.32603965972856
86413,121.0,16.5,149.5929676150623
86414,121.0,17.0,148.4283340865832
86415,121.0,17.5,147.74456509841443
86416,121.0,18.0,148.21487206875295
86417,121.0,18.5,147.67391441959538
86418,121.0,19.0,147.73793241913702
86419,121.0,19.5,148.4241567315154
86420,121.0,20.0,149.36833770487192
86421,121.0,20.5,146.82327588012902
86422,121.0,21.0,146.71504979959772
86423,121.0,21.5,146.68552339441382
86424,121.0,22.0,147.67753581033625
86425,121.0,22.5,147.85759232108714
86426,121.0,23.0,146.27146304255575
86427,121.0,23.5,144.15966128254115
86428,121.0,24.0,145.33371991115743
86429,121.0,24.5,148.422995331443
86430,121.0,25.0,150.0629979224795
86431,121.0,25.5,147.6639623699312
86432,121.0,26.0,149.99982098110195
86433,121.0,26.5,150.62601874959446
86434,121.0,27.0,149.82284685308468
86435,121.0,27.5,150.494828492409
86436,121.0,28.0,151.97276138856168
86437,121.0,28.5,151.2223903433932
86438,121.0,29.0,159.59894999591202
86439,121.0,29.5,150.38080180432058
86440,121.0,30.0,157.1878524322077
86441,121.0,30.5,154.66987743563115
86442,121.0,31.0,157.46239357126947
86443,121.0,31.5,158.1666100241644
86444,121.0,32.0,156.34318102446483
86445,121.0,32.5,156.83971947955771
86446,121.0,33.0,155.48171675535568
86447,121.0,33.5,150.6364915683461
86448,121.0,34.0,147.54346842089765
86449,121.0,35.0,148.82105229869
86450,121.0,35.5,148.5612184931862
86451,121.0,36.0,151.63772527070577
86452,121.0,36.5,153.26632743371647
86453,121.0,37.0,147.8739342737627
86454,121.0,37.5,156.38701188083954
86455,121.5,-38.5,165.1661476237375
86456,121.5,-38.0,159.4198103719082
86457,121.5,-37.5,159.57922648587765
86458,121.5,-37.0,157.41864445402794
86459,121.5,-36.5,152.02693058741895
86460,121.5,-36.0,148.1760007994329
86461,121.5,-35.5,149.255271936015
86462,121.5,-35.0,152.2776362981067
86463,121.5,-34.5,154.5123849625017
86464,121.5,-34.0,155.9612901783697
86465,121.5,-33.5,159.63056741475086
86466,121.5,-33.0,156.2869305725423
86467,121.5,-32.5,157.25835480350617
86468,121.5,-32.0,153.04546251770526
86469,121.5,-31.5,161.5326484200883
86470,121.5,-31.0,154.33158748797902
86471,121.5,-30.5,155.20470702927042
86472,121.5,-30.0,153.99829665478825
86473,121.5,-29.5,156.00132163468476
86474,121.5,-29.0,165.81050777961022
86475,121.5,-28.5,155.3155586735416
86476,121.5,-28.0,154.90684677446345
86477,121.5,-27.5,156.81968691227686
86478,121.5,-27.0,156.27984491143064
86479,121.5,-26.5,155.53165104559693
86480,121.5,-26.0,154.48336873701587
86481,121.5,-25.5,156.45023868847198
86482,121.5,-25.0,156.32024310281776
86483,121.5,-24.5,149.0289182145455
86484,121.5,-24.0,152.45690466338974
86485,121.5,-23.5,152.21322218029565
86486,121.5,-23.0,150.17010502620258
86487,121.5,-22.5,150.8281151263253
86488,121.5,-22.0,150.63354501842443
86489,121.5,-21.5,159.66003699720054
86490,121.5,-21.0,152.16832826987
86491,121.5,-20.5,149.67089003514792
86492,121.5,-20.0,149.49442561979077
86493,121.5,-19.5,154.75873036403416
86494,121.5,-19.0,157.40575174104634
86495,121.5,-18.5,156.22634954761648
86496,121.5,-18.0,154.4944622121278
86497,121.5,-17.5,148.43021229683478
86498,121.5,-17.0,152.65923133306947
86499,121.5,-16.0,153.36719589105127
86500,121.5,-15.5,152.1427572847278
86501,121.5,-15.0,153.38973475877972
86502,121.5,-14.5,158.08357520873454
86503,121.5,-14.0,158.64843341396482
86504,121.5,-13.5,159.10856626652617
86505,121.5,-13.0,158.82337288201708
86506,121.5,-12.5,153.67513514168726
86507,121.5,-12.0,155.56515404202815
86508,121.5,-11.5,154.33259126755635
86509,121.5,-10.5,157.20782493449727
86510,121.5,-10.0,153.79160696297848
86511,121.5,-9.5,154.3839246863074
86512,121.5,-9.0,156.91742957859375
86513,121.5,-8.5,153.57255339311436
86514,121.5,-8.0,151.76918566348002
86515,121.5,-7.5,151.0299454370533
86516,121.5,-7.0,151.14066891717133
86517,121.5,-6.5,150.15958130839147
86518,121.5,-6.0,148.6177354945783
86519,121.5,-5.5,151.7095036749697
86520,121.5,-5.0,153.03524389831892
86521,121.5,-4.5,152.89098075580864
86522,121.5,-4.0,154.55379734301417
86523,121.5,-3.0,150.34700722592376
86524,121.5,-2.5,151.96480364944162
86525,121.5,-2.0,152.60201883622287
86526,121.5,-1.5,150.38729020240507
86527,121.5,-1.0,154.48733034847558
86528,121.5,-0.5,155.49919957632585
86529,121.5,0.0,151.07835335928095
86530,121.5,0.5,147.83178844957425
86531,121.5,1.0,150.9260695316453
86532,121.5,1.5,155.96644476160535
86533,121.5,2.0,155.11227197015572
86534,121.5,2.5,154.52013380153306
86535,121.5,3.0,155.0467388247927
86536,121.5,3.5,153.1706349431154
86537,121.5,4.5,158.0796706878274
86538,121.5,5.0,156.97365410333003
86539,121.5,5.5,155.40719635588266
86540,121.5,6.0,155.6493598757325
86541,121.5,6.5,151.26754171207887
86542,121.5,7.0,150.38580860900757
86543,121.5,7.5,150.165250512546
86544,121.5,8.0,153.81143936098678
86545,121.5,8.5,152.58774113951628
86546,121.5,9.0,150.86383041866702
86547,121.5,9.5,147.76479734409872
86548,121.5,10.0,151.37704928678772
86549,121.5,10.5,151.28088923400017
86550,121.5,11.0,146.70895505354162
86551,121.5,11.5,151.72529926058414
86552,121.5,12.0,151.42539689759803
86553,121.5,13.0,153.51265369899664
86554,121.5,14.0,150.55606594955287
86555,121.5,14.5,154.23168018171555
86556,121.5,15.0,153.06252037459106
86557,121.5,15.5,153.68374139104864
86558,121.5,16.0,150.62864583588816
86559,121.5,16.5,154.14298447634877
86560,121.5,17.0,152.356195857295
86561,121.5,17.5,155.16814382915973
86562,121.5,18.0,154.24650822428558
86563,121.5,18.5,152.0957830073556
86564,121.5,19.0,147.5983265314619
86565,121.5,19.5,148.30396946401348
86566,121.5,20.0,147.6682802847885
86567,121.5,20.5,149.66465086799732
86568,121.5,21.0,146.71250378981696
86569,121.5,21.5,146.2558233766769
86570,121.5,22.0,146.57097858040652
86571,121.5,22.5,148.35271939431587
86572,121.5,23.0,147.46945735070162
86573,121.5,23.5,146.96685966084164
86574,121.5,24.0,147.91268426366483
86575,121.5,24.5,144.05042279360302
86576,121.5,25.0,149.23450919782874
86577,121.5,25.5,147.4475505913532
86578,121.5,26.0,149.3815889550144
86579,121.5,26.5,151.25352035788617
86580,121.5,27.0,149.54126676310437
86581,121.5,27.5,148.35614447333865
86582,121.5,28.0,148.62455679782067
86583,121.5,28.5,153.35775590182
86584,121.5,29.0,161.5772153787317
86585,121.5,29.5,158.44572144009376
86586,121.5,30.0,155.82871839578766
86587,121.5,30.5,150.0938777182237
86588,121.5,31.0,155.16858369598654
86589,121.5,31.5,156.16660986226393
86590,121.5,32.0,157.77789237304435
86591,121.5,32.5,151.0553129485738
86592,121.5,33.0,149.89135987565885
86593,121.5,33.5,151.61073474743515
86594,121.5,34.0,147.57107204188796
86595,121.5,35.0,149.09299441208145
86596,121.5,35.5,148.3774667350543
86597,121.5,36.0,149.79183517595064
86598,121.5,36.5,150.41801052671855
86599,121.5,37.0,148.24887660758276
86600,121.5,37.5,155.73501464398083
86601,122.0,-38.5,164.4092464503907
86602,122.0,-38.0,159.92543486523957
86603,122.0,-37.5,160.32583317562995
86604,122.0,-37.0,156.8224676534147
86605,122.0,-36.5,152.52623999130688
86606,122.0,-36.0,148.45657656813768
86607,122.0,-35.5,154.09404011977037
86608,122.0,-35.0,154.1832373846419
86609,122.0,-34.5,148.60290519832463
86610,122.0,-34.0,158.5027808433563
86611,122.0,-33.5,160.5611012101922
86612,122.0,-33.0,156.7628817906112
86613,122.0,-32.5,158.07535172295354
86614,122.0,-32.0,157.93878179628962
86615,122.0,-31.5,162.1066966415691
86616,122.0,-31.0,155.7871446912171
86617,122.0,-30.5,155.3641314154673
86618,122.0,-30.0,154.13367028783412
86619,122.0,-29.5,159.9077256421935
86620,122.0,-29.0,156.91025671628253
86621,122.0,-28.5,155.42925054154927
86622,122.0,-28.0,157.0468534815149
86623,122.0,-27.5,154.6566721040471
86624,122.0,-27.0,156.97395933273268
86625,122.0,-26.5,155.84287150257788
86626,122.0,-26.0,155.61352745047083
86627,122.0,-25.5,155.42082790749828
86628,122.0,-25.0,147.90029485004985
86629,122.0,-24.5,151.41645593842523
86630,122.0,-24.0,152.00846385715832
86631,122.0,-23.5,150.87109829154141
86632,122.0,-23.0,151.28737404776584
86633,122.0,-22.5,148.84353404379428
86634,122.0,-22.0,151.650430378419
86635,122.0,-21.5,152.5973859274357
86636,122.0,-21.0,157.5210823797546
86637,122.0,-20.0,149.5961887639323
86638,122.0,-19.5,149.14577931819613
86639,122.0,-19.0,165.45360725216005
86640,122.0,-18.5,153.14777722955466
86641,122.0,-18.0,160.4015150884902
86642,122.0,-17.5,150.9265424380412
86643,122.0,-17.0,150.11359395707515
86644,122.0,-16.0,152.1648822931985
86645,122.0,-15.5,153.96899718005884
86646,122.0,-15.0,155.84630035992956
86647,122.0,-14.5,160.59114608604418
86648,122.0,-14.0,160.15228976294443
86649,122.0,-13.5,161.15587000726947
86650,122.0,-13.0,155.83417358438513
86651,122.0,-12.5,155.72503967377745
86652,122.0,-12.0,160.47403285926305
86653,122.0,-11.5,154.06008963995671
86654,122.0,-11.0,152.42721058098064
86655,122.0,-10.5,154.88629826846676
86656,122.0,-10.0,157.1077685298436
86657,122.0,-9.5,155.0556058496432
86658,122.0,-9.0,156.78804146796497
86659,122.0,-8.5,150.35761478616553
86660,122.0,-8.0,150.20614509372984
86661,122.0,-7.5,152.68770151780802
86662,122.0,-7.0,153.00857774449557
86663,122.0,-6.5,149.0824306943993
86664,122.0,-6.0,150.36284582361026
86665,122.0,-5.5,154.07613568904083
86666,122.0,-5.0,153.3476117256908
86667,122.0,-4.5,151.49696218009916
86668,122.0,-4.0,155.14795198376532
86669,122.0,-3.0,153.42484170421722
86670,122.0,-2.5,152.27875354168452
86671,122.0,-2.0,151.33710126435867
86672,122.0,-1.5,154.2838979935388
86673,122.0,-1.0,155.46233115264803
86674,122.0,-0.5,152.58048071020215
86675,122.0,0.0,151.18903506372652
86676,122.0,0.5,151.8708908337829
86677,122.0,1.0,158.27070011314814
86678,122.0,1.5,157.11818142627044
86679,122.0,2.0,152.22386362816343
86680,122.0,2.5,156.0062934728447
86681,122.0,3.0,152.81663031650862
86682,122.0,3.5,155.40404140853732
86683,122.0,4.0,161.5653432379124
86684,122.0,4.5,156.03763741338102
86685,122.0,5.0,156.69737731355846
86686,122.0,5.5,153.1444903530416
86687,122.0,6.0,154.93321348891868
86688,122.0,6.5,153.61128927930852
86689,122.0,7.0,152.49273334356033
86690,122.0,7.5,153.44003378725878
86691,122.0,8.0,154.77711746210773
86692,122.0,8.5,152.09182433214607
86693,122.0,9.0,149.08063080114323
86694,122.0,9.5,150.8388469490599
86695,122.0,10.0,151.7773572282181
86696,122.0,10.5,149.2826790034189
86697,122.0,11.0,149.89135827381796
86698,122.0,11.5,151.4760500050846
86699,122.0,12.0,152.30485301587112
86700,122.0,13.0,153.63241029048118
86701,122.0,13.5,150.89399268753743
86702,122.0,14.0,152.36513636537194
86703,122.0,14.5,151.4889039910789
86704,122.0,15.5,150.6700520876642
86705,122.0,16.0,151.9320896580944
86706,122.0,16.5,149.83671782439808
86707,122.0,17.0,148.23565877853218
86708,122.0,17.5,151.72478926593152
86709,122.0,18.0,151.18042512187824
86710,122.0,18.5,150.5667437279422
86711,122.0,19.0,147.5696138276524
86712,122.0,19.5,146.8241128849473
86713,122.0,20.0,148.4042277441587
86714,122.0,20.5,148.06606115412671
86715,122.0,21.0,147.32519876095327
86716,122.0,21.5,145.87199444064683
86717,122.0,22.0,146.18571539938455
86718,122.0,22.5,147.39163332205348
86719,122.0,23.0,147.40618231781158
86720,122.0,23.5,147.42433658907353
86721,122.0,24.0,147.1532061881346
86722,122.0,24.5,147.08423773571315
86723,122.0,25.0,147.37560600483457
86724,122.0,25.5,148.300993232294
86725,122.0,26.0,149.92601996791046
86726,122.0,26.5,151.10589461729302
86727,122.0,27.0,149.2573480610118
86728,122.0,27.5,147.74906863184918
86729,122.0,28.0,150.14746478566477
86730,122.0,28.5,147.8624395640923
86731,122.0,29.0,154.54708836326697
86732,122.0,29.5,158.94995548679864
86733,122.0,30.0,153.16263106126985
86734,122.0,30.5,152.23151285480384
86735,122.0,31.0,153.6577051108698
86736,122.0,31.5,151.7111022655594
86737,122.0,32.0,149.75690679671166
86738,122.0,32.5,150.27760366337114
86739,122.0,33.0,148.93563630739945
86740,122.0,34.0,147.7954956593312
86741,122.0,35.0,148.76385513337678
86742,122.0,35.5,148.10121318619568
86743,122.0,36.0,149.45795638053534
86744,122.0,36.5,149.85915527908338
86745,122.0,37.0,153.52027597261014
86746,122.0,37.5,155.69070274753645
86747,122.5,-38.5,163.75962671155182
86748,122.5,-38.0,161.1380946516369
86749,122.5,-37.5,160.08436975901623
86750,122.5,-37.0,156.48927043322368
86751,122.5,-36.5,153.54183571161056
86752,122.5,-36.0,148.71975300957726
86753,122.5,-35.5,154.6137755590832
86754,122.5,-35.0,154.46326342640825
86755,122.5,-34.5,148.63618851745784
86756,122.5,-34.0,159.24515294180426
86757,122.5,-33.5,157.7402698520565
86758,122.5,-33.0,155.39634448440034
86759,122.5,-32.5,155.22063958907742
86760,122.5,-32.0,155.95605307108443
86761,122.5,-31.5,158.34586880439235
86762,122.5,-31.0,153.92135590485313
86763,122.5,-30.5,155.50486432533827
86764,122.5,-30.0,155.5231165496233
86765,122.5,-29.5,159.49296797740035
86766,122.5,-29.0,154.9135011525155
86767,122.5,-28.5,154.97375986458732
86768,122.5,-28.0,153.17604878497195
86769,122.5,-27.5,153.53422097843125
86770,122.5,-27.0,155.69911752399614
86771,122.5,-26.5,155.64728710311
86772,122.5,-26.0,158.57290216734205
86773,122.5,-25.5,156.68354852440805
86774,122.5,-25.0,149.39257862670465
86775,122.5,-24.5,152.5817676486653
86776,122.5,-24.0,149.24227672234858
86777,122.5,-23.5,150.70449455728453
86778,122.5,-23.0,153.3253113172778
86779,122.5,-22.5,150.39644884566317
86780,122.5,-22.0,149.94331693491887
86781,122.5,-21.5,152.42705007171892
86782,122.5,-21.0,159.12335634078386
86783,122.5,-20.5,152.68130456240317
86784,122.5,-20.0,152.61516861410664
86785,122.5,-19.5,154.5202036964514
86786,122.5,-19.0,158.3837549971843
86787,122.5,-18.5,154.48778158197564
86788,122.5,-18.0,153.9855602422817
86789,122.5,-17.5,156.06267179688862
86790,122.5,-17.0,149.7501724781869
86791,122.5,-16.5,153.59524063842662
86792,122.5,-16.0,152.87463567737484
86793,122.5,-15.5,152.41026249722975
86794,122.5,-15.0,152.69686316200594
86795,122.5,-14.5,158.7072005031042
86796,122.5,-14.0,160.00408108241206
86797,122.5,-13.5,153.5816257546016
86798,122.5,-13.0,161.03310545298638
86799,122.5,-12.5,151.62843022211752
86800,122.5,-11.5,158.14626903665274
86801,122.5,-11.0,152.64617149135944
86802,122.5,-10.5,154.21471963861694
86803,122.5,-10.0,154.70220227039974
86804,122.5,-9.5,158.07656912666465
86805,122.5,-9.0,157.81565139471405
86806,122.5,-8.5,153.7454928736652
86807,122.5,-8.0,153.13578288524565
86808,122.5,-7.5,152.43966252310577
86809,122.5,-7.0,151.489754550723
86810,122.5,-6.5,150.69857179156946
86811,122.5,-6.0,151.2221011096201
86812,122.5,-5.5,155.04840590465878
86813,122.5,-5.0,150.56844660636335
86814,122.5,-4.5,153.78504719576895
86815,122.5,-4.0,156.95721011048607
86816,122.5,-3.5,155.82446955521957
86817,122.5,-3.0,156.42155700908077
86818,122.5,-2.5,151.84426297213648
86819,122.5,-2.0,150.69597244440885
86820,122.5,-1.5,153.82042585245173
86821,122.5,-0.5,152.48727835025673
86822,122.5,0.0,154.82730203256375
86823,122.5,0.5,151.76245320633888
86824,122.5,1.0,151.58288773517324
86825,122.5,1.5,162.6576876690228
86826,122.5,2.0,158.3698813986749
86827,122.5,2.5,156.32591423464967
86828,122.5,3.0,156.01900098809836
86829,122.5,3.5,158.18889222110445
86830,122.5,4.0,155.67519048375829
86831,122.5,4.5,155.35349492419283
86832,122.5,5.0,152.68503138649294
86833,122.5,5.5,152.11275616398876
86834,122.5,6.0,150.97593443815663
86835,122.5,6.5,152.88088406232822
86836,122.5,7.0,152.38142893535337
86837,122.5,8.0,153.46822860656894
86838,122.5,8.5,149.83478163057737
86839,122.5,9.0,151.38711164102256
86840,122.5,9.5,149.53881306651502
86841,122.5,10.0,151.70280121016287
86842,122.5,10.5,146.96681121985944
86843,122.5,11.0,153.70531199098204
86844,122.5,11.5,153.8172440119869
86845,122.5,12.0,151.76645552507165
86846,122.5,12.5,151.31099310655918
86847,122.5,13.0,145.68233807244036
86848,122.5,13.5,150.8036900705697
86849,122.5,14.0,152.3278781846991
86850,122.5,14.5,151.36454046486463
86851,122.5,15.0,146.00746061918318
86852,122.5,15.5,152.73784358693152
86853,122.5,16.0,148.3986125807486
86854,122.5,16.5,152.71593112323637
86855,122.5,17.0,149.78180875729566
86856,122.5,17.5,150.51284363864167
86857,122.5,18.0,151.34992986070128
86858,122.5,18.5,148.1847844896722
86859,122.5,19.0,149.73196828773712
86860,122.5,19.5,146.76186896513255
86861,122.5,20.0,147.38939546839535
86862,122.5,20.5,147.7581352879063
86863,122.5,21.0,148.71279818015736
86864,122.5,21.5,145.96358969660574
86865,122.5,22.0,145.84497262799846
86866,122.5,22.5,147.2845473657922
86867,122.5,23.0,147.21901130208659
86868,122.5,23.5,147.73635423352542
86869,122.5,24.0,145.2676469640762
86870,122.5,24.5,145.9508492298931
86871,122.5,25.0,145.1571487138311
86872,122.5,25.5,148.08200405124268
86873,122.5,26.0,151.2552383517922
86874,122.5,26.5,149.47943288695654
86875,122.5,27.0,149.8372932856745
86876,122.5,27.5,147.68859351267096
86877,122.5,28.0,149.25146414115315
86878,122.5,28.5,147.8663328262858
86879,122.5,29.0,149.66414124328875
86880,122.5,29.5,157.26567422084153
86881,122.5,30.0,151.50793079506784
86882,122.5,30.5,151.8914817287566
86883,122.5,31.0,150.6004123691242
86884,122.5,31.5,148.28982230998787
86885,122.5,32.0,147.9212953890389
86886,122.5,32.5,150.9332710824953
86887,122.5,33.0,148.1750806265493
86888,122.5,33.5,152.05909180152622
86889,122.5,34.0,147.65399783506547
86890,122.5,34.5,147.9203268387323
86891,122.5,35.0,148.16595026261123
86892,122.5,35.5,148.38680931026
86893,122.5,36.0,149.13480598955368
86894,122.5,36.5,149.72598862436155
86895,122.5,37.0,157.1013687928482
86896,123.0,-38.5,166.20885999170727
86897,123.0,-38.0,161.44625792569295
86898,123.0,-37.5,161.10210187786328
86899,123.0,-37.0,156.36054575202948
86900,123.0,-36.5,152.9660913809533
86901,123.0,-36.0,149.92840656454334
86902,123.0,-35.5,154.8619425867934
86903,123.0,-35.0,154.38940483318441
86904,123.0,-34.5,148.61352631876923
86905,123.0,-34.0,159.8238208904013
86906,123.0,-33.5,156.79055086529692
86907,123.0,-33.0,155.53894470361854
86908,123.0,-32.5,153.97918721425307
86909,123.0,-32.0,155.05534893515724
86910,123.0,-31.5,153.1612316670335
86911,123.0,-31.0,158.01644422629343
86912,123.0,-30.5,153.39779464582543
86913,123.0,-30.0,152.28852009795202
86914,123.0,-29.5,160.73827606486117
86915,123.0,-29.0,153.35201415042968
86916,123.0,-28.5,153.43229337836425
86917,123.0,-28.0,154.21642397322015
86918,123.0,-27.5,153.69675460589963
86919,123.0,-27.0,154.1453869073444
86920,123.0,-26.5,157.00457636170944
86921,123.0,-26.0,155.91997122026464
86922,123.0,-25.5,156.32346531006144
86923,123.0,-25.0,151.0968985006167
86924,123.0,-24.5,153.60424286883492
86925,123.0,-24.0,150.47215025517207
86926,123.0,-23.5,154.52791484624888
86927,123.0,-23.0,153.45155515161375
86928,123.0,-22.5,154.1088889996928
86929,123.0,-22.0,150.60424123056444
86930,123.0,-21.5,153.8422398929108
86931,123.0,-21.0,150.96844284152922
86932,123.0,-20.5,155.83808801156528
86933,123.0,-20.0,154.45263228997717
86934,123.0,-19.5,155.13932830748504
86935,123.0,-19.0,151.39330409597852
86936,123.0,-18.0,153.25085848778315
86937,123.0,-16.5,155.11814945714593
86938,123.0,-16.0,154.67424409921693
86939,123.0,-15.0,154.05629592629
86940,123.0,-14.5,156.7575274621777
86941,123.0,-14.0,156.24126339341012
86942,123.0,-13.5,158.73151365916195
86943,123.0,-13.0,156.2014941367723
86944,123.0,-12.5,162.67689826996053
86945,123.0,-12.0,161.89056135603133
86946,123.0,-11.5,155.02829513185483
86947,123.0,-11.0,157.23427200256276
86948,123.0,-10.5,151.8134493562138
86949,123.0,-10.0,156.43038970054036
86950,123.0,-9.5,156.9552207152518
86951,123.0,-9.0,154.41652174711984
86952,123.0,-8.5,153.5978890824605
86953,123.0,-8.0,153.1104429078901
86954,123.0,-7.5,151.77681986002665
86955,123.0,-7.0,150.9332991490781
86956,123.0,-6.5,152.38962649518055
86957,123.0,-6.0,149.737618113213
86958,123.0,-5.5,151.07810486382104
86959,123.0,-4.5,149.9188389908772
86960,123.0,-4.0,154.64581079628255
86961,123.0,-3.5,155.76930329582612
86962,123.0,-3.0,153.87579206170503
86963,123.0,-2.5,152.50493889177562
86964,123.0,-2.0,153.96415845735012
86965,123.0,-1.5,151.5433225040935
86966,123.0,-0.5,151.573156618838
86967,123.0,0.0,153.77276841225995
86968,123.0,0.5,152.47142138928518
86969,123.0,1.0,162.34676554678296
86970,123.0,1.5,155.42432372377903
86971,123.0,2.0,157.08700328258172
86972,123.0,2.5,158.21215888777238
86973,123.0,3.0,155.79569658263298
86974,123.0,3.5,157.4190905426372
86975,123.0,4.0,153.2413781667892
86976,123.0,4.5,153.11740250179668
86977,123.0,5.0,152.78186514170216
86978,123.0,5.5,150.24928228573188
86979,123.0,6.0,150.74086720667543
86980,123.0,6.5,151.92420479906502
86981,123.0,7.0,151.48289914459625
86982,123.0,7.5,153.50726397463902
86983,123.0,8.0,149.28531855936978
86984,123.0,8.5,149.4250003787192
86985,123.0,9.0,153.34623218830612
86986,123.0,9.5,151.41461441833138
86987,123.0,10.0,152.0457577259308
86988,123.0,10.5,152.22996206797615
86989,123.0,12.0,152.4053377529453
86990,123.0,12.5,150.5963863409156
86991,123.0,13.0,147.954684644144
86992,123.0,13.5,154.87540646602946
86993,123.0,14.0,155.25565653094952
86994,123.0,14.5,145.54391697060092
86995,123.0,15.0,148.6847122551127
86996,123.0,15.5,145.94840342544657
86997,123.0,16.0,150.92442729844547
86998,123.0,16.5,152.95336095882948
86999,123.0,17.0,149.31167262161347
87000,123.0,17.5,149.41420958690884
87001,123.0,18.0,148.41961668500034
87002,123.0,18.5,149.7263782357033
87003,123.0,19.0,149.29489602160282
87004,123.0,19.5,148.01898938889713
87005,123.0,20.0,147.093653906737
87006,123.0,20.5,147.42991517601092
87007,123.0,21.0,146.91448550010867
87008,123.0,21.5,147.8410433425267
87009,123.0,22.0,146.48943874973395
87010,123.0,22.5,145.21833988318838
87011,123.0,23.0,148.04646283636657
87012,123.0,23.5,147.82391340226454
87013,123.0,24.0,145.79475872240855
87014,123.0,24.5,145.65752030125245
87015,123.0,25.0,146.8261400714423
87016,123.0,25.5,147.47375862498512
87017,123.0,26.0,151.71852432480026
87018,123.0,26.5,149.7070655888827
87019,123.0,27.0,149.39915677621238
87020,123.0,27.5,147.94417393200453
87021,123.0,28.0,148.26041366900395
87022,123.0,28.5,149.72368980658575
87023,123.0,29.0,147.41338244014003
87024,123.0,29.5,155.67723053417512
87025,123.0,30.0,152.0406580208813
87026,123.0,30.5,149.82740067303052
87027,123.0,31.0,151.64005437336135
87028,123.0,31.5,147.4923772625882
87029,123.0,32.0,150.36560210230826
87030,123.0,32.5,150.89752659953345
87031,123.0,33.0,148.8413188572648
87032,123.0,33.5,152.5406784453273
87033,123.0,34.0,147.36494171642852
87034,123.0,34.5,147.96326714499463
87035,123.0,35.0,148.2685212165064
87036,123.0,35.5,148.54277197530195
87037,123.0,36.0,149.19526708564905
87038,123.0,36.5,149.44092554926004
87039,123.0,37.0,154.87911100557997
87040,123.5,-38.5,165.50058235757234
87041,123.5,-38.0,162.31662256777693
87042,123.5,-37.5,159.16468952282943
87043,123.5,-37.0,157.53824651932086
87044,123.5,-36.5,154.21029846905205
87045,123.5,-36.0,150.5218398391143
87046,123.5,-35.5,153.2103744842042
87047,123.5,-35.0,157.3983117075121
87048,123.5,-34.5,149.3593520890316
87049,123.5,-34.0,159.27248363652677
87050,123.5,-33.5,157.09437456339572
87051,123.5,-33.0,156.4742062296609
87052,123.5,-32.5,153.80530677975923
87053,123.5,-32.0,152.38534729609782
87054,123.5,-31.5,152.98686020139039
87055,123.5,-31.0,155.53726703122868
87056,123.5,-30.5,153.31319056868725
87057,123.5,-30.0,152.53056708417762
87058,123.5,-29.5,156.96141048721424
87059,123.5,-29.0,152.76549327413602
87060,123.5,-28.5,153.11252022349873
87061,123.5,-28.0,155.72690008994604
87062,123.5,-27.5,151.97343506996611
87063,123.5,-27.0,152.69081144766508
87064,123.5,-26.5,155.28876318895672
87065,123.5,-26.0,156.48093065778178
87066,123.5,-25.5,152.08852895505564
87067,123.5,-25.0,151.3457496254416
87068,123.5,-24.5,150.17408325120897
87069,123.5,-24.0,150.7609237463342
87070,123.5,-23.5,149.99070960798596
87071,123.5,-23.0,150.6271690999144
87072,123.5,-22.5,158.20479268797703
87073,123.5,-22.0,155.02991438070575
87074,123.5,-21.5,152.82674008255373
87075,123.5,-21.0,154.96923614489833
87076,123.5,-20.5,153.64268245828072
87077,123.5,-20.0,160.52931385926578
87078,123.5,-19.5,153.42958311657276
87079,123.5,-19.0,151.0277492901672
87080,123.5,-18.5,152.79988363343872
87081,123.5,-18.0,153.1210058217583
87082,123.5,-17.0,158.34423267750427
87083,123.5,-16.5,156.8787071858427
87084,123.5,-16.0,151.13906644733783
87085,123.5,-15.0,157.26554304504597
87086,123.5,-14.5,154.53201178470943
87087,123.5,-14.0,155.10510215519656
87088,123.5,-13.5,164.7026592519461
87089,123.5,-13.0,156.85471742181213
87090,123.5,-12.5,163.88701055937776
87091,123.5,-12.0,154.43317744763746
87092,123.5,-11.5,158.3373088691847
87093,123.5,-11.0,160.77094577774358
87094,123.5,-10.5,153.4507755857992
87095,123.5,-10.0,152.44718368937893
87096,123.5,-9.5,157.43777970574723
87097,123.5,-9.0,158.177958311784
87098,123.5,-8.5,155.05836146270843
87099,123.5,-8.0,152.34325133413896
87100,123.5,-7.5,151.74703856080475
87101,123.5,-7.0,151.91074585884542
87102,123.5,-6.5,151.91409067736075
87103,123.5,-6.0,151.08725012265498
87104,123.5,-5.5,150.87868935748685
87105,123.5,-5.0,150.6890284525992
87106,123.5,-4.5,154.6397418901011
87107,123.5,-4.0,152.91771122712143
87108,123.5,-3.5,153.0223488850894
87109,123.5,-3.0,153.21533609941304
87110,123.5,-2.5,154.81898640151238
87111,123.5,-2.0,156.53784436923056
87112,123.5,-1.5,153.38931670937512
87113,123.5,-1.0,151.16031425816348
87114,123.5,-0.5,156.73352153111992
87115,123.5,0.0,151.2418138714433
87116,123.5,0.5,160.9685056506366
87117,123.5,1.0,158.07959598361325
87118,123.5,1.5,154.7835615372018
87119,123.5,2.0,158.0848407840466
87120,123.5,2.5,160.5429303670512
87121,123.5,3.0,153.5871235588099
87122,123.5,3.5,153.11093555659258
87123,123.5,4.0,153.4875447526415
87124,123.5,4.5,152.5632467863245
87125,123.5,5.5,150.27558831177942
87126,123.5,6.0,150.69082985987717
87127,123.5,6.5,154.95824766023875
87128,123.5,7.0,154.0060948808621
87129,123.5,7.5,154.47899902996036
87130,123.5,8.0,150.39532171522157
87131,123.5,8.5,158.62054367918333
87132,123.5,9.0,153.05114523921023
87133,123.5,9.5,151.82936432412424
87134,123.5,10.0,153.6531074294869
87135,123.5,10.5,153.63102904885534
87136,123.5,11.0,152.40650989826207
87137,123.5,12.0,152.37944789873774
87138,123.5,12.5,151.16897826661034
87139,123.5,13.0,149.78749411433776
87140,123.5,13.5,154.47843336217665
87141,123.5,14.0,157.76094756457107
87142,123.5,14.5,148.21894923741863
87143,123.5,15.0,149.6751748511062
87144,123.5,15.5,146.95262448336607
87145,123.5,16.0,157.87816099057693
87146,123.5,16.5,150.89089287283625
87147,123.5,17.0,151.97942415632954
87148,123.5,17.5,148.7255189428609
87149,123.5,18.0,146.50280226836938
87150,123.5,18.5,150.425517930891
87151,123.5,19.0,147.93477926190948
87152,123.5,19.5,148.16569841818315
87153,123.5,20.0,146.90574856127404
87154,123.5,20.5,146.6343689871332
87155,123.5,21.0,147.64809787566472
87156,123.5,21.5,148.0409150906541
87157,123.5,22.0,146.25688420645827
87158,123.5,22.5,145.09545985946767
87159,123.5,23.0,148.96003341413422
87160,123.5,23.5,146.66641194774962
87161,123.5,24.0,146.0749440508424
87162,123.5,24.5,145.4134212434466
87163,123.5,25.0,147.39145487878042
87164,123.5,25.5,147.0075886317721
87165,123.5,26.0,149.62910375911116
87166,123.5,26.5,150.23172409160972
87167,123.5,27.0,148.6968750425201
87168,123.5,27.5,148.64401011420318
87169,123.5,28.0,147.8673039533881
87170,123.5,28.5,150.14262052822122
87171,123.5,29.0,146.65506985571176
87172,123.5,29.5,148.60938383785785
87173,123.5,30.0,157.89079363201273
87174,123.5,30.5,149.0841312446749
87175,123.5,31.0,151.11404918585487
87176,123.5,31.5,149.51434263732818
87177,123.5,32.0,150.25560830011855
87178,123.5,32.5,151.65518585676216
87179,123.5,33.0,149.01957110052268
87180,123.5,33.5,152.9036362113576
87181,123.5,34.0,147.69731159967986
87182,123.5,34.5,147.92764074934246
87183,123.5,35.0,148.19954124879678
87184,123.5,35.5,148.79528669340388
87185,123.5,36.0,148.91119492933143
87186,123.5,36.5,149.4358357326552
87187,123.5,37.0,153.54888220563402
87188,124.0,-38.0,162.65165292499668
87189,124.0,-37.5,158.21900035363097
87190,124.0,-37.0,158.07077250427028
87191,124.0,-36.5,153.62563135404224
87192,124.0,-36.0,154.81848676810748
87193,124.0,-35.5,157.78464633204797
87194,124.0,-35.0,156.58327212702739
87195,124.0,-34.5,149.5427352191498
87196,124.0,-34.0,157.66314680047563
87197,124.0,-33.5,154.4886232520377
87198,124.0,-33.0,157.0513072561507
87199,124.0,-32.5,156.491799449748
87200,124.0,-32.0,155.05288502353406
87201,124.0,-31.5,153.76450529349515
87202,124.0,-31.0,155.28764607407928
87203,124.0,-30.5,154.33838303505462
87204,124.0,-30.0,157.12929703638991
87205,124.0,-29.5,151.0435674524129
87206,124.0,-29.0,151.34123905741802
87207,124.0,-28.5,151.9018059424786
87208,124.0,-28.0,155.05175385812956
87209,124.0,-27.5,153.12030532414659
87210,124.0,-27.0,152.27805297753554
87211,124.0,-26.5,155.49249974428426
87212,124.0,-26.0,155.2618487348645
87213,124.0,-25.5,154.43309379019357
87214,124.0,-25.0,154.54578214981981
87215,124.0,-24.5,151.24796664502642
87216,124.0,-24.0,151.26748337225553
87217,124.0,-23.5,148.4666810666596
87218,124.0,-23.0,150.40929417810298
87219,124.0,-22.5,161.99649126722974
87220,124.0,-22.0,153.54873940740998
87221,124.0,-21.0,154.42287743078268
87222,124.0,-20.5,151.59853427519434
87223,124.0,-20.0,156.20615191461752
87224,124.0,-19.5,152.43686958067215
87225,124.0,-19.0,149.48823984051444
87226,124.0,-18.5,151.28945181220186
87227,124.0,-17.5,154.44201147002664
87228,124.0,-17.0,157.183024474421
87229,124.0,-16.5,152.55495479715017
87230,124.0,-16.0,147.8510492117759
87231,124.0,-15.5,147.90468234827722
87232,124.0,-15.0,153.16174216093117
87233,124.0,-14.5,154.7637939444236
87234,124.0,-14.0,153.08517489754774
87235,124.0,-13.5,157.60784539756577
87236,124.0,-13.0,161.81569415890394
87237,124.0,-12.0,159.1787031713789
87238,124.0,-11.5,159.69042930916427
87239,124.0,-11.0,162.28525122839608
87240,124.0,-10.5,163.40205365221703
87241,124.0,-10.0,149.81643116086406
87242,124.0,-9.5,150.89965639961224
87243,124.0,-9.0,156.89361640479677
87244,124.0,-8.5,156.39747807243361
87245,124.0,-8.0,152.45330527506968
87246,124.0,-7.5,151.69835607405892
87247,124.0,-7.0,151.52368205164385
87248,124.0,-6.5,151.416390276676
87249,124.0,-6.0,153.09017578787072
87250,124.0,-5.5,153.42931945848952
87251,124.0,-5.0,151.80108272791765
87252,124.0,-4.5,151.80734086524927
87253,124.0,-4.0,155.45689303467552
87254,124.0,-3.5,152.2811740175028
87255,124.0,-3.0,152.5234095073873
87256,124.0,-2.5,153.97386308996516
87257,124.0,-1.5,150.796137895458
87258,124.0,-1.0,153.2636785588048
87259,124.0,-0.5,148.31469627845436
87260,124.0,0.0,172.21141490588417
87261,124.0,0.5,155.45685057433658
87262,124.0,1.0,156.73328528989572
87263,124.0,1.5,153.03632849791188
87264,124.0,2.0,154.6770878541875
87265,124.0,2.5,158.09366180156792
87266,124.0,3.0,150.71789045059742
87267,124.0,3.5,152.78579936489263
87268,124.0,4.0,151.8034569254506
87269,124.0,4.5,151.4956565679438
87270,124.0,5.0,151.4362419816815
87271,124.0,5.5,152.2543913719336
87272,124.0,6.0,154.02590469577484
87273,124.0,6.5,156.69964180207992
87274,124.0,7.0,146.71802929975112
87275,124.0,7.5,152.06952071652907
87276,124.0,8.0,151.61581648173404
87277,124.0,8.5,154.25159650571163
87278,124.0,9.0,150.39625915333627
87279,124.0,9.5,149.4980533142009
87280,124.0,10.0,154.23661634831242
87281,124.0,11.0,153.19304497026332
87282,124.0,12.0,146.82272745774722
87283,124.0,12.5,150.3608210213772
87284,124.0,13.0,156.08321236987086
87285,124.0,13.5,153.74524500338586
87286,124.0,14.0,146.98778832976882
87287,124.0,14.5,152.684951075006
87288,124.0,15.0,146.8037043536149
87289,124.0,15.5,148.07421802052482
87290,124.0,16.0,147.15880951333403
87291,124.0,16.5,156.07034639898868
87292,124.0,17.0,157.79484846664047
87293,124.0,17.5,147.85115801167404
87294,124.0,18.0,148.51556753674728
87295,124.0,18.5,146.9186955544825
87296,124.0,19.0,148.97294096406875
87297,124.0,19.5,147.7820537341741
87298,124.0,20.0,146.90789730165096
87299,124.0,20.5,146.41067834587523
87300,124.0,21.0,147.2000855858544
87301,124.0,21.5,146.8578890131012
87302,124.0,22.0,147.6686750293913
87303,124.0,22.5,146.5442577807174
87304,124.0,23.0,146.27677667439062
87305,124.0,23.5,146.13965724264094
87306,124.0,24.0,146.28448473553934
87307,124.0,24.5,147.87524055392979
87308,124.0,25.0,146.28561506145945
87309,124.0,25.5,148.07747118214735
87310,124.0,26.0,148.5473709941812
87311,124.0,26.5,150.58847548588193
87312,124.0,27.0,148.26418276693263
87313,124.0,27.5,149.61557823778801
87314,124.0,28.0,148.75650371606167
87315,124.0,28.5,146.67329631971563
87316,124.0,29.0,147.28047605084
87317,124.0,29.5,148.32080904301185
87318,124.0,30.0,164.4555436615255
87319,124.0,30.5,151.29716155694103
87320,124.0,31.0,151.8832288565225
87321,124.0,31.5,149.249773364212
87322,124.0,32.0,150.56446341714062
87323,124.0,32.5,152.2776430533161
87324,124.0,33.0,150.2949920663523
87325,124.0,34.0,147.20070755580207
87326,124.0,34.5,147.92035080539893
87327,124.0,35.0,148.04361627291206
87328,124.0,35.5,149.15953137408175
87329,124.0,36.0,149.06374974629372
87330,124.0,36.5,149.7040469730147
87331,124.0,37.0,153.15108572420527
87332,124.5,-38.0,163.60252410221253
87333,124.5,-37.5,158.28916210775552
87334,124.5,-37.0,157.32046054656013
87335,124.5,-36.5,153.55095913276986
87336,124.5,-36.0,158.0719772527078
87337,124.5,-35.5,156.7177534999831
87338,124.5,-35.0,153.93471094927958
87339,124.5,-34.5,152.62956118408405
87340,124.5,-34.0,154.88902851338793
87341,124.5,-33.5,152.31492520913915
87342,124.5,-33.0,155.83654302567126
87343,124.5,-32.5,153.72141228216836
87344,124.5,-32.0,156.6164846043756
87345,124.5,-31.5,156.07975270044048
87346,124.5,-31.0,156.95400846541037
87347,124.5,-30.5,155.99594032425242
87348,124.5,-30.0,156.705836082745
87349,124.5,-29.5,151.09326576816662
87350,124.5,-29.0,153.7694235023778
87351,124.5,-28.5,152.5813305042493
87352,124.5,-28.0,158.65288909296692
87353,124.5,-27.5,152.46028467238597
87354,124.5,-27.0,152.9042965935164
87355,124.5,-26.5,152.5788892620637
87356,124.5,-26.0,155.72518770728328
87357,124.5,-25.5,154.83721580414147
87358,124.5,-25.0,154.2693190882951
87359,124.5,-24.5,153.9826649316393
87360,124.5,-24.0,153.39412729219185
87361,124.5,-23.5,151.7302963755669
87362,124.5,-23.0,155.15847077669176
87363,124.5,-22.5,152.90204873442235
87364,124.5,-22.0,154.0910538100313
87365,124.5,-21.5,154.45039493594396
87366,124.5,-21.0,151.72229256211781
87367,124.5,-20.5,156.8482394184956
87368,124.5,-20.0,150.86117788974656
87369,124.5,-19.0,152.3551948199087
87370,124.5,-18.5,153.1034481640988
87371,124.5,-18.0,151.81831178439896
87372,124.5,-17.5,154.24987083028506
87373,124.5,-17.0,153.27403665545728
87374,124.5,-15.5,153.10824270311193
87375,124.5,-15.0,149.9901261772132
87376,124.5,-14.5,151.81785830415723
87377,124.5,-14.0,152.5483996497073
87378,124.5,-13.5,158.04365069598018
87379,124.5,-13.0,162.40638162002364
87380,124.5,-12.5,160.4735865889983
87381,124.5,-12.0,160.83705819935037
87382,124.5,-11.5,161.2558417112354
87383,124.5,-11.0,162.47402445335666
87384,124.5,-10.5,159.22822036116406
87385,124.5,-10.0,151.81848241081886
87386,124.5,-9.5,148.96942295127312
87387,124.5,-9.0,155.53893363182476
87388,124.5,-8.5,157.04815235651037
87389,124.5,-8.0,154.04508838809966
87390,124.5,-7.5,151.010203848974
87391,124.5,-7.0,150.5511717443815
87392,124.5,-6.5,151.91829884662533
87393,124.5,-6.0,152.75906851518084
87394,124.5,-5.5,153.30484236371836
87395,124.5,-5.0,150.63559151316412
87396,124.5,-4.5,154.21547959212242
87397,124.5,-4.0,151.15945617618058
87398,124.5,-3.5,152.28903246952578
87399,124.5,-3.0,153.47608384432786
87400,124.5,-2.5,151.55968802526647
87401,124.5,-2.0,152.42116630738
87402,124.5,-1.5,159.67149292117392
87403,124.5,-1.0,153.86742005778783
87404,124.5,-0.5,157.90129248148543
87405,124.5,0.0,164.9896229425195
87406,124.5,0.5,154.869593588821
87407,124.5,1.0,152.62741156627717
87408,124.5,1.5,154.87370967635871
87409,124.5,2.0,153.07854954061187
87410,124.5,2.5,150.71064014340973
87411,124.5,3.0,151.67727654364177
87412,124.5,3.5,151.9001161517446
87413,124.5,4.0,151.90452078727526
87414,124.5,4.5,150.87619084194992
87415,124.5,5.0,151.622812302225
87416,124.5,5.5,152.73466501543476
87417,124.5,6.0,158.47644499681192
87418,124.5,6.5,153.63169920673454
87419,124.5,7.0,150.89986589057366
87420,124.5,7.5,151.62564701296068
87421,124.5,8.0,149.00918123669757
87422,124.5,8.5,150.96002867013232
87423,124.5,9.0,151.79849264307936
87424,124.5,9.5,153.1712426923751
87425,124.5,10.0,158.37374468338962
87426,124.5,10.5,155.42196646691093
87427,124.5,11.0,154.08391359014104
87428,124.5,11.5,155.36725319407384
87429,124.5,12.0,147.94359982838748
87430,124.5,12.5,151.34881522161328
87431,124.5,13.0,152.03353500133355
87432,124.5,13.5,149.04312251813113
87433,124.5,14.0,150.09732446012606
87434,124.5,15.0,147.15762948016928
87435,124.5,15.5,147.2126635708398
87436,124.5,16.0,148.13056583441013
87437,124.5,16.5,154.6417149382926
87438,124.5,17.0,154.74255881068908
87439,124.5,17.5,150.0155690108012
87440,124.5,18.0,147.06255458895527
87441,124.5,18.5,147.8049348789634
87442,124.5,19.0,148.12073837909193
87443,124.5,19.5,148.23734453579908
87444,124.5,20.0,147.19710107514334
87445,124.5,20.5,147.01949262788028
87446,124.5,21.0,146.59817042673797
87447,124.5,21.5,147.1367471498321
87448,124.5,22.0,148.108781056656
87449,124.5,22.5,147.88428792151765
87450,124.5,23.0,145.11046057850132
87451,124.5,23.5,145.59662897341508
87452,124.5,24.0,146.85785724320405
87453,124.5,24.5,147.3932058877272
87454,124.5,25.0,146.261514631004
87455,124.5,25.5,149.95053036012328
87456,124.5,26.0,147.2530534070243
87457,124.5,26.5,149.84283439267747
87458,124.5,27.0,148.2326072908754
87459,124.5,27.5,150.015682870665
87460,124.5,28.0,148.48604311798476
87461,124.5,28.5,146.1623760904644
87462,124.5,29.0,148.24695306252826
87463,124.5,29.5,148.5397932840641
87464,124.5,30.0,155.37242897850498
87465,124.5,30.5,153.0104088588839
87466,124.5,31.0,149.71332065589155
87467,124.5,31.5,146.75469621792558
87468,124.5,32.0,149.62346583501707
87469,124.5,32.5,152.71510588988696
87470,124.5,33.0,150.83163514334353
87471,124.5,34.0,147.20452506585852
87472,124.5,34.5,147.89930681155764
87473,124.5,35.0,147.95300233582594
87474,124.5,35.5,148.8753620003887
87475,124.5,36.0,148.8461012626953
87476,124.5,36.5,151.94135181832934
87477,124.5,37.0,151.97086291998
87478,125.0,-39.0,159.81528750040803
87479,125.0,-38.0,163.77925853136082
87480,125.0,-37.5,157.91658937384892
87481,125.0,-37.0,156.86395199682457
87482,125.0,-36.5,154.06935628083895
87483,125.0,-36.0,162.20448973799233
87484,125.0,-35.5,155.64871222448846
87485,125.0,-35.0,153.86851231903566
87486,125.0,-34.5,152.53038233833985
87487,125.0,-34.0,153.56502119902282
87488,125.0,-33.5,154.60348679886164
87489,125.0,-33.0,151.76449520934605
87490,125.0,-32.5,152.23231697374095
87491,125.0,-32.0,157.57709389683225
87492,125.0,-31.5,156.48106244115428
87493,125.0,-31.0,157.86657720765712
87494,125.0,-30.5,157.21458393869528
87495,125.0,-30.0,153.37273620969694
87496,125.0,-29.5,153.08784025943427
87497,125.0,-29.0,153.68496720262067
87498,125.0,-28.5,153.06935464310226
87499,125.0,-28.0,150.99718707629222
87500,125.0,-27.5,151.40218051418535
87501,125.0,-27.0,151.33491336451434
87502,125.0,-26.5,154.57819225681004
87503,125.0,-26.0,153.37259593721183
87504,125.0,-25.5,159.13708140676505
87505,125.0,-25.0,155.05220971851946
87506,125.0,-24.5,155.73165861648692
87507,125.0,-24.0,153.96857613640913
87508,125.0,-23.5,155.51960200759325
87509,125.0,-23.0,157.14291613915867
87510,125.0,-22.5,152.98163997365694
87511,125.0,-22.0,158.73151817372252
87512,125.0,-21.5,154.1014015976438
87513,125.0,-21.0,155.88764951652723
87514,125.0,-20.5,154.9357733435683
87515,125.0,-20.0,153.65306474813423
87516,125.0,-19.5,154.64685486193198
87517,125.0,-19.0,153.67657026338358
87518,125.0,-18.5,149.64597039695477
87519,125.0,-18.0,150.4281124333224
87520,125.0,-17.5,152.60453002791624
87521,125.0,-16.0,151.98398710578596
87522,125.0,-15.5,151.62816370491333
87523,125.0,-15.0,153.8038520214588
87524,125.0,-14.0,155.65260657868092
87525,125.0,-13.5,151.69120033770926
87526,125.0,-13.0,162.37295419990997
87527,125.0,-12.5,159.8840993939127
87528,125.0,-12.0,160.3941480161924
87529,125.0,-11.5,164.01792864398496
87530,125.0,-11.0,165.53500128714361
87531,125.0,-10.5,156.0254666234988
87532,125.0,-10.0,155.2086548303069
87533,125.0,-9.5,151.9702246150178
87534,125.0,-9.0,152.98319210430202
87535,125.0,-8.5,156.06077909508315
87536,125.0,-8.0,151.04152660831264
87537,125.0,-7.5,151.93543622946402
87538,125.0,-7.0,149.8126071172817
87539,125.0,-6.5,150.9149239127794
87540,125.0,-6.0,152.22639122877123
87541,125.0,-5.5,151.2093415889857
87542,125.0,-5.0,154.70767521815557
87543,125.0,-4.5,152.5306582753291
87544,125.0,-4.0,148.99809625640248
87545,125.0,-3.5,157.04374873954504
87546,125.0,-3.0,151.42733178857583
87547,125.0,-2.5,149.43867768316514
87548,125.0,-2.0,154.42140968096095
87549,125.0,-1.5,160.53040995765073
87550,125.0,-1.0,172.33839333661516
87551,125.0,-0.5,158.0502293212746
87552,125.0,0.0,150.775313272013
87553,125.0,0.5,151.94320652244033
87554,125.0,1.0,152.45712237803374
87555,125.0,1.5,153.44147874394696
87556,125.0,2.0,151.53687933915924
87557,125.0,2.5,150.27001735411983
87558,125.0,3.0,150.67170889490657
87559,125.0,3.5,150.28235197043452
87560,125.0,4.0,149.90976468664104
87561,125.0,4.5,150.4132951882399
87562,125.0,5.0,152.8391858488018
87563,125.0,5.5,151.79781738588483
87564,125.0,6.0,150.07265412223904
87565,125.0,6.5,150.21058081896825
87566,125.0,7.0,151.34153738960435
87567,125.0,7.5,147.6204874167893
87568,125.0,8.0,147.76731528780843
87569,125.0,8.5,146.74223114941677
87570,125.0,9.0,155.4834849451295
87571,125.0,9.5,155.43127012081257
87572,125.0,10.5,154.5430051195534
87573,125.0,11.5,153.14541087855412
87574,125.0,12.0,152.23132879259794
87575,125.0,12.5,153.89308909717226
87576,125.0,13.5,147.57784368541846
87577,125.0,14.0,149.60000199732968
87578,125.0,14.5,147.29816913458833
87579,125.0,15.0,152.30575989878673
87580,125.0,15.5,147.28099857106275
87581,125.0,16.0,148.47246097365786
87582,125.0,16.5,148.15534978049416
87583,125.0,17.0,152.08699563269923
87584,125.0,17.5,159.31116415086265
87585,125.0,18.0,147.55176874105734
87586,125.0,18.5,147.7550488568745
87587,125.0,19.0,146.88407594712126
87588,125.0,19.5,147.85715344592836
87589,125.0,20.0,147.76647247856747
87590,125.0,20.5,147.15971508075756
87591,125.0,21.0,146.78316049828027
87592,125.0,21.5,146.75518739331054
87593,125.0,22.0,147.7459697686226
87594,125.0,22.5,150.22175724209671
87595,125.0,23.0,145.15309480869686
87596,125.0,23.5,145.39267417009228
87597,125.0,24.0,146.90759949284444
87598,125.0,24.5,147.33907871432825
87599,125.0,25.0,147.73566057983672
87600,125.0,25.5,146.57559363222666
87601,125.0,26.0,148.46338715149352
87602,125.0,26.5,148.81928822323474
87603,125.0,27.0,148.0400656279058
87604,125.0,27.5,149.85810222762316
87605,125.0,28.0,148.95081596564202
87606,125.0,28.5,146.45614032559314
87607,125.0,29.0,147.71058969804056
87608,125.0,29.5,148.48262168237073
87609,125.0,30.0,147.70853742674598
87610,125.0,30.5,155.18558000385758
87611,125.0,31.0,149.6444160123827
87612,125.0,31.5,146.94887804116848
87613,125.0,32.0,149.91408844401468
87614,125.0,32.5,152.5333668152382
87615,125.0,33.0,152.12104497004998
87616,125.0,34.0,147.29079428715215
87617,125.0,34.5,147.95422340362944
87618,125.0,35.0,148.47389646124114
87619,125.0,35.5,149.84230029125004
87620,125.0,36.0,148.97087452146206
87621,125.0,36.5,151.80130679995804
87622,125.0,37.0,151.43388898676167
87623,125.5,-39.0,159.7184516919595
87624,125.5,-38.0,163.136274737734
87625,125.5,-37.5,157.49665016331022
87626,125.5,-37.0,156.13393798081646
87627,125.5,-36.5,155.19440826599063
87628,125.5,-36.0,163.23841150371325
87629,125.5,-35.5,154.5904527304378
87630,125.5,-35.0,153.72233946805704
87631,125.5,-34.5,152.43246498019508
87632,125.5,-34.0,153.29574470395283
87633,125.5,-33.5,153.67715124153054
87634,125.5,-33.0,149.9668737047896
87635,125.5,-32.5,152.4017390068769
87636,125.5,-32.0,157.49443186376513
87637,125.5,-31.5,157.08811623294076
87638,125.5,-31.0,158.22029582619558
87639,125.5,-30.5,157.08874502221755
87640,125.5,-30.0,155.70948121959967
87641,125.5,-29.5,155.19734112728347
87642,125.5,-29.0,153.72617128173508
87643,125.5,-28.5,153.7871594899067
87644,125.5,-28.0,150.27300092437338
87645,125.5,-27.5,153.71396597029212
87646,125.5,-26.5,154.6151160758922
87647,125.5,-26.0,153.29959899226486
87648,125.5,-25.5,156.98087747866862
87649,125.5,-25.0,155.59084850055658
87650,125.5,-24.5,153.2282110368001
87651,125.5,-24.0,153.968739367269
87652,125.5,-23.5,157.59392864482038
87653,125.5,-22.5,153.99081273177657
87654,125.5,-22.0,151.7435998148617
87655,125.5,-21.5,155.58444706691358
87656,125.5,-21.0,156.00245763907495
87657,125.5,-20.5,151.1512708715151
87658,125.5,-20.0,156.68152679548015
87659,125.5,-19.5,153.91924798790546
87660,125.5,-18.0,151.9153567252479
87661,125.5,-17.5,148.6202656664925
87662,125.5,-16.0,151.69431696010736
87663,125.5,-15.5,148.21405155786783
87664,125.5,-15.0,150.7408676882653
87665,125.5,-14.5,154.41348988055623
87666,125.5,-14.0,156.06933047958552
87667,125.5,-13.5,156.64504146219195
87668,125.5,-13.0,155.9327697100008
87669,125.5,-12.5,161.57112880758132
87670,125.5,-12.0,159.0094177556857
87671,125.5,-11.0,159.29043494117062
87672,125.5,-10.5,155.2348857265169
87673,125.5,-10.0,159.64361302979114
87674,125.5,-9.5,154.50602330710248
87675,125.5,-9.0,148.76809095750966
87676,125.5,-8.5,154.4569122834764
87677,125.5,-8.0,150.936008692657
87678,125.5,-7.5,151.39514451091122
87679,125.5,-7.0,149.1066337846906
87680,125.5,-6.5,148.1053535674134
87681,125.5,-6.0,150.65698942582398
87682,125.5,-5.5,150.10453123022802
87683,125.5,-5.0,151.46797191758475
87684,125.5,-4.0,158.0771422392268
87685,125.5,-3.5,151.36185443219495
87686,125.5,-3.0,150.68046359775977
87687,125.5,-2.5,150.48304104040537
87688,125.5,-2.0,155.08472324201566
87689,125.5,-1.5,157.81459477503927
87690,125.5,-1.0,172.39760739274718
87691,125.5,-0.5,151.14322941467472
87692,125.5,0.0,151.1031238464245
87693,125.5,0.5,148.901327375329
87694,125.5,1.5,153.32860086349024
87695,125.5,2.0,150.7749378758681
87696,125.5,2.5,151.868621035007
87697,125.5,3.0,150.05734194017774
87698,125.5,3.5,149.3875362272952
87699,125.5,4.0,148.4190457575374
87700,125.5,4.5,149.77492213501966
87701,125.5,5.0,151.0873388391704
87702,125.5,5.5,151.41274768095846
87703,125.5,6.0,149.5011830529993
87704,125.5,6.5,151.25044356150022
87705,125.5,7.5,147.43790330907805
87706,125.5,8.0,142.64157745181862
87707,125.5,8.5,146.1909464182301
87708,125.5,9.0,150.8050828904028
87709,125.5,9.5,156.34070207195168
87710,125.5,10.0,157.4854790655695
87711,125.5,10.5,154.42902724911556
87712,125.5,11.0,154.29196520913217
87713,125.5,11.5,147.228958766411
87714,125.5,12.0,154.56792626279852
87715,125.5,12.5,154.3837297803219
87716,125.5,13.0,146.74389719893568
87717,125.5,13.5,149.34986903698567
87718,125.5,14.0,147.93613344788287
87719,125.5,14.5,148.02412296329254
87720,125.5,15.0,147.4611830902596
87721,125.5,15.5,148.49850466175357
87722,125.5,16.0,148.5351277920772
87723,125.5,16.5,147.69116213582592
87724,125.5,17.0,159.23805252472164
87725,125.5,17.5,154.34911360390277
87726,125.5,18.0,148.05397873317207
87727,125.5,18.5,147.46933264346552
87728,125.5,19.0,146.8892771618704
87729,125.5,19.5,147.06297125460975
87730,125.5,20.0,148.75895291784437
87731,125.5,20.5,147.26449393959214
87732,125.5,21.0,146.5155010865785
87733,125.5,21.5,146.78451946008838
87734,125.5,22.0,148.32200014188817
87735,125.5,22.5,147.23620485459605
87736,125.5,23.0,145.36996896017595
87737,125.5,23.5,145.1780353194557
87738,125.5,24.0,147.18761407988342
87739,125.5,24.5,147.24428327655806
87740,125.5,25.0,148.04920187607843
87741,125.5,25.5,146.47498943614445
87742,125.5,26.0,150.12966232152985
87743,125.5,26.5,148.4798797006408
87744,125.5,27.0,148.19186056977247
87745,125.5,27.5,149.25715587575735
87746,125.5,28.0,149.91332652859543
87747,125.5,28.5,146.39758815081862
87748,125.5,29.0,146.29490426752452
87749,125.5,29.5,148.12928402036152
87750,125.5,30.0,149.00389726565484
87751,125.5,30.5,154.11293307157015
87752,125.5,31.0,152.1073702446881
87753,125.5,31.5,148.57385470242014
87754,125.5,32.0,150.82957081987252
87755,125.5,32.5,152.39890575043512
87756,125.5,33.0,154.97837794010812
87757,125.5,34.0,147.20376633133122
87758,125.5,34.5,149.35942766459303
87759,125.5,35.0,149.46677538631647
87760,125.5,35.5,150.34609288350887
87761,125.5,36.0,149.12408554973925
87762,125.5,36.5,150.96608408148026
87763,125.5,37.0,150.90036658240086
87764,126.0,-39.0,159.53647081441147
87765,126.0,-38.0,163.44294112901187
87766,126.0,-37.5,157.856350754356
87767,126.0,-37.0,159.08349104252267
87768,126.0,-36.5,158.20099218064817
87769,126.0,-36.0,160.49634161289512
87770,126.0,-35.5,155.76720737773013
87771,126.0,-35.0,152.4932029448328
87772,126.0,-34.5,154.6831830252216
87773,126.0,-34.0,151.75549243475112
87774,126.0,-33.5,153.24718575488015
87775,126.0,-33.0,150.99684003201787
87776,126.0,-32.5,150.98496224936997
87777,126.0,-32.0,156.50761276422136
87778,126.0,-31.5,156.97888686549334
87779,126.0,-31.0,158.1921168344471
87780,126.0,-30.5,158.599130472866
87781,126.0,-30.0,157.48703224976765
87782,126.0,-29.5,155.38845206260203
87783,126.0,-29.0,154.60016899305555
87784,126.0,-28.5,151.58316847802863
87785,126.0,-28.0,151.74951436626523
87786,126.0,-27.5,151.21647967008224
87787,126.0,-27.0,157.34015095632486
87788,126.0,-26.5,151.83750062956983
87789,126.0,-26.0,151.42515819370848
87790,126.0,-25.5,154.91375603186634
87791,126.0,-25.0,154.52991448134412
87792,126.0,-24.5,151.25716912724363
87793,126.0,-24.0,152.55782149610008
87794,126.0,-23.5,158.51303481580956
87795,126.0,-23.0,153.98369422685732
87796,126.0,-22.5,153.22449490557617
87797,126.0,-22.0,153.22090675278628
87798,126.0,-21.5,155.02306944545518
87799,126.0,-21.0,155.34811543209102
87800,126.0,-20.0,154.28437092987568
87801,126.0,-19.5,156.9194125850341
87802,126.0,-19.0,149.05970900729713
87803,126.0,-18.5,154.139777443577
87804,126.0,-18.0,154.03686945398334
87805,126.0,-17.5,146.9456038667544
87806,126.0,-17.0,150.93704950176792
87807,126.0,-16.5,151.96542779186953
87808,126.0,-16.0,149.00279337542364
87809,126.0,-15.5,152.27304159003282
87810,126.0,-14.5,153.9191748959926
87811,126.0,-13.5,161.56633851337097
87812,126.0,-13.0,157.7672537401294
87813,126.0,-12.5,161.070876490977
87814,126.0,-12.0,157.37678679566983
87815,126.0,-11.5,158.99962077451693
87816,126.0,-11.0,158.3838803155804
87817,126.0,-10.5,163.60618756724398
87818,126.0,-10.0,156.48504389974926
87819,126.0,-9.5,154.69883418672055
87820,126.0,-9.0,153.55900771987726
87821,126.0,-8.5,150.92114641768754
87822,126.0,-8.0,153.68529300616308
87823,126.0,-7.5,152.67983037867478
87824,126.0,-7.0,147.46517612405566
87825,126.0,-6.5,149.22587919062667
87826,126.0,-6.0,149.23622691122358
87827,126.0,-5.5,149.9314785554554
87828,126.0,-5.0,152.19446974633223
87829,126.0,-4.5,152.9279539217888
87830,126.0,-4.0,158.89937997896405
87831,126.0,-3.5,148.2421450763898
87832,126.0,-3.0,150.50028025108153
87833,126.0,-2.5,156.79954639726265
87834,126.0,-2.0,156.90436912864078
87835,126.0,-1.5,163.8960031353339
87836,126.0,-1.0,153.67018763733614
87837,126.0,-0.5,151.66494975447682
87838,126.0,0.0,149.18995618740732
87839,126.0,0.5,149.959985383392
87840,126.0,1.0,157.43930629760987
87841,126.0,1.5,151.9455911551928
87842,126.0,2.0,152.16388816879268
87843,126.0,2.5,150.3794858734718
87844,126.0,3.0,150.6637495394419
87845,126.0,3.5,147.36517913297328
87846,126.0,4.0,147.69054472703377
87847,126.0,4.5,149.04000497343935
87848,126.0,5.0,149.52524743070325
87849,126.0,5.5,150.23574073185787
87850,126.0,6.0,148.08788513201978
87851,126.0,6.5,149.96386571998835
87852,126.0,7.0,151.99081564724835
87853,126.0,7.5,149.00234691960233
87854,126.0,8.0,147.21362966062443
87855,126.0,8.5,151.4226169044861
87856,126.0,9.0,148.32844974904071
87857,126.0,9.5,156.08867666041104
87858,126.0,10.0,156.36076556167757
87859,126.0,10.5,145.7155505747526
87860,126.0,11.0,149.08322489946764
87861,126.0,11.5,146.62564963833987
87862,126.0,12.0,153.8388322052699
87863,126.0,12.5,152.466501426457
87864,126.0,13.0,148.50980133437585
87865,126.0,13.5,147.24972406847755
87866,126.0,14.0,148.02475855552223
87867,126.0,14.5,148.58504893554132
87868,126.0,15.0,148.18240104998722
87869,126.0,15.5,148.79278932958943
87870,126.0,16.0,148.29890556605298
87871,126.0,16.5,146.73181505962876
87872,126.0,17.0,147.25074369566082
87873,126.0,17.5,153.12182511199114
87874,126.0,18.0,150.26822255500068
87875,126.0,18.5,147.3730377839368
87876,126.0,19.0,146.6447007077516
87877,126.0,19.5,147.5263885960175
87878,126.0,20.0,147.64224700537284
87879,126.0,20.5,147.86164166356397
87880,126.0,21.0,146.001365173337
87881,126.0,21.5,148.2189982830395
87882,126.0,22.0,147.92530936161904
87883,126.0,22.5,145.80206116184533
87884,126.0,23.0,146.68202440503637
87885,126.0,23.5,145.96503741692823
87886,126.0,24.0,146.62336241056374
87887,126.0,24.5,147.47441041002838
87888,126.0,25.0,146.83427152351723
87889,126.0,25.5,146.7750368340258
87890,126.0,26.0,148.5384004319994
87891,126.0,26.5,148.39510803488344
87892,126.0,27.0,147.87583279864322
87893,126.0,27.5,148.53508118480102
87894,126.0,28.0,150.16630895990122
87895,126.0,28.5,146.4986042582426
87896,126.0,29.0,146.07368066425056
87897,126.0,29.5,147.79485116168468
87898,126.0,30.0,148.97312366530807
87899,126.0,30.5,154.28044027675057
87900,126.0,31.0,153.23404719142877
87901,126.0,31.5,149.43854181554602
87902,126.0,32.0,150.65634995406296
87903,126.0,32.5,152.72295210547938
87904,126.0,33.0,153.94945523745284
87905,126.0,34.0,148.1115350667643
87906,126.0,34.5,154.5184736976098
87907,126.0,35.0,154.41875847917072
87908,126.0,35.5,150.46804216863768
87909,126.0,36.0,150.0338654627152
87910,126.0,36.5,152.0651409548172
87911,126.0,37.0,151.4658351879127
87912,126.5,-39.0,159.480907232589
87913,126.5,-38.5,165.5321992019668
87914,126.5,-38.0,158.95703141931958
87915,126.5,-37.5,158.19702588026928
87916,126.5,-37.0,158.30794370061426
87917,126.5,-36.5,158.34439729571713
87918,126.5,-36.0,159.49495764693663
87919,126.5,-35.5,157.0875054631656
87920,126.5,-35.0,152.04126136442204
87921,126.5,-34.5,155.5125568571644
87922,126.5,-34.0,152.91733094857298
87923,126.5,-33.5,150.57211357566746
87924,126.5,-33.0,151.77199578159977
87925,126.5,-32.5,150.78199247599179
87926,126.5,-32.0,155.69648646462613
87927,126.5,-31.5,156.54543715542542
87928,126.5,-31.0,157.85994262196675
87929,126.5,-30.5,158.62628944490518
87930,126.5,-30.0,158.24073372401392
87931,126.5,-29.5,156.15477876476393
87932,126.5,-29.0,154.4730525746745
87933,126.5,-28.5,152.0539226175023
87934,126.5,-28.0,152.2133089827881
87935,126.5,-27.5,151.95417572547683
87936,126.5,-27.0,153.01675098090033
87937,126.5,-26.5,152.25665753835077
87938,126.5,-26.0,151.13452025712422
87939,126.5,-25.5,152.69479327122275
87940,126.5,-25.0,152.3246669640104
87941,126.5,-24.5,151.97278571861833
87942,126.5,-24.0,152.6562702893203
87943,126.5,-23.0,151.0854174945188
87944,126.5,-22.5,151.93203808027238
87945,126.5,-22.0,151.38400165007337
87946,126.5,-21.5,154.38503872761814
87947,126.5,-21.0,157.51678889783278
87948,126.5,-20.5,160.11139975135674
87949,126.5,-20.0,153.79314916204433
87950,126.5,-19.5,155.77097693382385
87951,126.5,-19.0,149.8517176316239
87952,126.5,-18.5,152.07491963429737
87953,126.5,-18.0,151.86004719475298
87954,126.5,-17.5,149.37812799797814
87955,126.5,-17.0,148.20710465083582
87956,126.5,-16.5,151.3769232640946
87957,126.5,-16.0,152.57683676467528
87958,126.5,-15.0,150.8674630323339
87959,126.5,-14.5,151.00340846238655
87960,126.5,-14.0,152.45739941049803
87961,126.5,-13.5,158.78749796341344
87962,126.5,-13.0,163.82327588952964
87963,126.5,-12.5,155.34115924062584
87964,126.5,-12.0,161.14198787330605
87965,126.5,-11.5,158.60086085534599
87966,126.5,-11.0,159.28447101118792
87967,126.5,-10.5,160.37763480350682
87968,126.5,-10.0,161.44010489672792
87969,126.5,-9.5,155.7358443509681
87970,126.5,-9.0,153.61196155670854
87971,126.5,-8.5,153.1373537451346
87972,126.5,-8.0,151.11913896565122
87973,126.5,-7.5,149.87491667538498
87974,126.5,-7.0,150.50216915401137
87975,126.5,-6.5,150.19843582289224
87976,126.5,-6.0,147.91134730400282
87977,126.5,-5.5,150.8937724959562
87978,126.5,-5.0,151.36101836688638
87979,126.5,-4.5,156.1206470557581
87980,126.5,-4.0,151.06622434789998
87981,126.5,-3.0,159.24154611669047
87982,126.5,-2.5,155.344011854865
87983,126.5,-2.0,162.75889299731259
87984,126.5,-1.5,150.60844941018442
87985,126.5,-1.0,150.490754098702
87986,126.5,-0.5,149.75897580606264
87987,126.5,0.0,150.5647060267513
87988,126.5,0.5,155.5883001160249
87989,126.5,1.0,151.1281846654229
87990,126.5,1.5,151.27484000191376
87991,126.5,2.0,150.55511310186836
87992,126.5,2.5,151.48566183463535
87993,126.5,3.0,148.9694335066251
87994,126.5,3.5,149.67334804297508
87995,126.5,4.0,148.5677844049705
87996,126.5,4.5,149.79486237877586
87997,126.5,5.0,150.20602911147063
87998,126.5,5.5,148.82783405489272
87999,126.5,6.0,146.10848097147536
88000,126.5,6.5,148.71153424229897
88001,126.5,7.0,151.7274850821817
88002,126.5,7.5,147.85840333196177
88003,126.5,8.0,154.06287374858337
88004,126.5,8.5,148.8039517884543
88005,126.5,9.0,152.07491648459248
88006,126.5,9.5,149.54196286088316
88007,126.5,10.0,154.80054628664314
88008,126.5,10.5,149.1041086768417
88009,126.5,11.0,145.45000965922307
88010,126.5,11.5,155.42911107644147
88011,126.5,12.5,151.3287858728865
88012,126.5,13.0,151.9246646126017
88013,126.5,13.5,147.92608766375108
88014,126.5,14.0,148.84646660340482
88015,126.5,14.5,148.24942277525227
88016,126.5,15.0,148.85063445113337
88017,126.5,15.5,148.73101910786212
88018,126.5,16.0,147.34336344692977
88019,126.5,17.0,147.40806926338044
88020,126.5,17.5,148.14749904504427
88021,126.5,18.0,151.2018084083363
88022,126.5,18.5,146.89611980882012
88023,126.5,19.0,147.31744478954263
88024,126.5,19.5,147.40728755654698
88025,126.5,20.0,147.03138882212028
88026,126.5,20.5,146.97111807962168
88027,126.5,21.0,147.24650648329796
88028,126.5,21.5,150.24411638347206
88029,126.5,22.0,145.59327227767363
88030,126.5,22.5,146.45386648594587
88031,126.5,23.0,146.83349581077675
88032,126.5,23.5,147.57765201191475
88033,126.5,24.0,146.50994332597205
88034,126.5,24.5,147.52621194324072
88035,126.5,25.0,146.60060524433428
88036,126.5,25.5,148.73633804134897
88037,126.5,26.0,147.87567478104745
88038,126.5,26.5,148.3312378066834
88039,126.5,27.0,147.87482245433156
88040,126.5,27.5,148.80883304599936
88041,126.5,28.0,149.4901398337573
88042,126.5,28.5,147.41325716322237
88043,126.5,29.0,146.54292056855545
88044,126.5,29.5,146.6379573217802
88045,126.5,30.0,149.6086305769711
88046,126.5,30.5,149.5083795783289
88047,126.5,31.0,154.87759584118646
88048,126.5,31.5,150.58661222820206
88049,126.5,32.0,151.62390294615366
88050,126.5,32.5,151.05049223082526
88051,126.5,33.0,154.19409986890824
88052,126.5,34.0,148.1423600286574
88053,126.5,34.5,156.12490435662204
88054,126.5,35.0,158.0239023370241
88055,126.5,35.5,155.432106384901
88056,126.5,36.0,154.3668617964849
88057,126.5,36.5,155.03715935427755
88058,126.5,37.0,154.53334657361333
88059,127.0,-39.0,159.32854898907766
88060,127.0,-38.5,166.1973144657421
88061,127.0,-38.0,158.74579102439725
88062,127.0,-37.5,158.10783868546156
88063,127.0,-37.0,157.81318778307133
88064,127.0,-36.5,158.7710756617442
88065,127.0,-36.0,159.3190799434278
88066,127.0,-35.5,156.90813111989948
88067,127.0,-35.0,152.7171871973536
88068,127.0,-34.5,155.7405687708701
88069,127.0,-34.0,153.78903849272265
88070,127.0,-33.5,148.4596278097123
88071,127.0,-33.0,151.54458698978272
88072,127.0,-32.5,151.7196987100913
88073,127.0,-32.0,156.38642639294935
88074,127.0,-31.5,156.64497287388784
88075,127.0,-31.0,157.88707369306482
88076,127.0,-30.5,158.47532920555346
88077,127.0,-30.0,158.02589668098696
88078,127.0,-29.5,155.27035631681824
88079,127.0,-29.0,152.33082116702488
88080,127.0,-28.5,151.70022296957276
88081,127.0,-28.0,150.1751154523809
88082,127.0,-27.5,152.1471968319215
88083,127.0,-27.0,149.48649098979413
88084,127.0,-26.5,149.48697133354435
88085,127.0,-26.0,156.3055262822659
88086,127.0,-25.5,152.79924391410572
88087,127.0,-25.0,152.22939474092706
88088,127.0,-24.5,152.22415050761182
88089,127.0,-24.0,150.95261191276714
88090,127.0,-23.5,150.71882976308314
88091,127.0,-23.0,149.57271957825137
88092,127.0,-22.5,150.62633407429152
88093,127.0,-22.0,151.76587768550314
88094,127.0,-21.5,152.79050734774182
88095,127.0,-21.0,152.68634098063598
88096,127.0,-20.5,158.4277861426507
88097,127.0,-20.0,152.40178665386193
88098,127.0,-19.5,155.59214246513824
88099,127.0,-19.0,151.84310514208306
88100,127.0,-18.5,151.8905951934162
88101,127.0,-17.0,149.81591780239904
88102,127.0,-16.5,148.58481279143902
88103,127.0,-16.0,153.7834430302532
88104,127.0,-15.5,155.4331869720274
88105,127.0,-15.0,150.63836217328873
88106,127.0,-14.0,154.08621526275525
88107,127.0,-13.5,153.25363711973716
88108,127.0,-12.5,164.86005209398394
88109,127.0,-12.0,157.09357027508287
88110,127.0,-11.5,155.00519513566022
88111,127.0,-11.0,159.36913052337562
88112,127.0,-10.5,156.73087074372958
88113,127.0,-10.0,169.37408830363245
88114,127.0,-9.5,155.9346370925537
88115,127.0,-9.0,154.36925784331345
88116,127.0,-8.5,154.99683029874615
88117,127.0,-8.0,148.32030428012786
88118,127.0,-7.5,150.7119949221617
88119,127.0,-7.0,149.8248137644826
88120,127.0,-6.5,150.5779616267772
88121,127.0,-6.0,151.6886000222273
88122,127.0,-5.5,148.72298314827685
88123,127.0,-5.0,154.2596150424158
88124,127.0,-4.5,153.76804397237004
88125,127.0,-4.0,151.12691360588136
88126,127.0,-3.5,167.65027270316705
88127,127.0,-3.0,166.17552047229907
88128,127.0,-2.5,160.54259358691033
88129,127.0,-2.0,155.33556853182023
88130,127.0,-1.5,151.0114785358959
88131,127.0,-1.0,150.38530475807536
88132,127.0,-0.5,150.7968638731268
88133,127.0,0.0,155.43417351017288
88134,127.0,0.5,157.2716430767074
88135,127.0,1.0,150.59356228250044
88136,127.0,1.5,149.43625620923115
88137,127.0,2.0,149.8045167168305
88138,127.0,2.5,151.25623418645839
88139,127.0,3.0,150.96987858761892
88140,127.0,3.5,149.0136429775668
88141,127.0,4.0,149.75845382941282
88142,127.0,4.5,147.70591263804369
88143,127.0,5.0,147.55991815732173
88144,127.0,5.5,146.327867568148
88145,127.0,6.0,149.14854940461115
88146,127.0,6.5,149.46472171544798
88147,127.0,7.0,147.65637156019105
88148,127.0,7.5,150.846898365386
88149,127.0,8.5,149.45771406316828
88150,127.0,9.0,147.90145398813536
88151,127.0,9.5,147.08200521078393
88152,127.0,10.0,148.25375493922962
88153,127.0,10.5,151.2485662513471
88154,127.0,11.5,156.1474278689387
88155,127.0,12.0,149.4277452185717
88156,127.0,12.5,151.41545432992342
88157,127.0,13.0,151.67116254848767
88158,127.0,13.5,148.32529801280972
88159,127.0,14.0,148.2188402540358
88160,127.0,14.5,148.9081428278548
88161,127.0,15.0,148.82553415733855
88162,127.0,15.5,148.50097893494814
88163,127.0,16.0,146.44945596375862
88164,127.0,16.5,146.37641087563767
88165,127.0,17.0,148.43621878541032
88166,127.0,17.5,147.54414455025346
88167,127.0,18.0,152.06839368961278
88168,127.0,18.5,146.05802753562813
88169,127.0,19.0,148.13624401757593
88170,127.0,19.5,147.1343693824266
88171,127.0,20.0,146.57514221801014
88172,127.0,20.5,147.01471631143738
88173,127.0,21.0,149.20323165112347
88174,127.0,21.5,148.4923694005291
88175,127.0,22.0,145.60239470092137
88176,127.0,22.5,146.21755885067364
88177,127.0,23.0,147.26318807253597
88178,127.0,23.5,147.92297841846022
88179,127.0,24.0,147.04343975374613
88180,127.0,24.5,146.97648711696516
88181,127.0,25.0,146.37124051411672
88182,127.0,25.5,147.9118827911819
88183,127.0,26.0,148.53908689523368
88184,127.0,26.5,148.48177992075088
88185,127.0,27.0,146.7076895841384
88186,127.0,27.5,147.95742793187725
88187,127.0,28.0,149.43630421982596
88188,127.0,28.5,148.28887423116453
88189,127.0,29.0,146.4179375518282
88190,127.0,29.5,146.0308551639692
88191,127.0,30.0,149.1962555340822
88192,127.0,30.5,149.1822490151548
88193,127.0,31.0,155.08810846002146
88194,127.0,31.5,153.6682741591517
88195,127.0,32.0,151.49758232577136
88196,127.0,32.5,150.43888114383017
88197,127.0,33.0,154.72743504914206
88198,127.0,33.5,149.81926675714223
88199,127.0,34.0,147.14460766753007
88200,127.0,34.5,153.34535374651796
88201,127.0,35.0,153.2417157207816
88202,127.0,36.0,155.11055493831276
88203,127.0,36.5,152.2994497503879
88204,127.0,37.0,153.7709718270617
88205,127.5,-39.0,159.2891189992349
88206,127.5,-38.5,166.58174365109852
88207,127.5,-38.0,158.38246131621986
88208,127.5,-37.5,157.9946724782902
88209,127.5,-37.0,157.02597586486704
88210,127.5,-36.5,156.85770250326635
88211,127.5,-36.0,159.22453919009837
88212,127.5,-35.5,156.524497951387
88213,127.5,-35.0,153.93516432021974
88214,127.5,-34.5,155.1144638932879
88215,127.5,-34.0,153.41926035245595
88216,127.5,-33.5,150.12646384531942
88217,127.5,-33.0,150.43350333838043
88218,127.5,-32.5,151.0881320188475
88219,127.5,-32.0,154.53888010748616
88220,127.5,-31.5,155.40802012370045
88221,127.5,-31.0,158.20567860352892
88222,127.5,-30.5,159.74050459036167
88223,127.5,-30.0,157.42183838151328
88224,127.5,-29.5,153.32164426795126
88225,127.5,-29.0,151.6892590768638
88226,127.5,-28.5,150.59636887466917
88227,127.5,-28.0,149.43443702939174
88228,127.5,-27.5,150.91912006044305
88229,127.5,-27.0,148.736326754644
88230,127.5,-26.5,149.2941384385492
88231,127.5,-26.0,155.52619324319974
88232,127.5,-25.5,151.19545195063634
88233,127.5,-25.0,148.6835604514247
88234,127.5,-24.5,153.29904302299562
88235,127.5,-24.0,151.25786333072702
88236,127.5,-23.5,150.16125103791114
88237,127.5,-23.0,152.2987211998557
88238,127.5,-22.5,150.67320504102423
88239,127.5,-22.0,153.67871593319103
88240,127.5,-21.5,152.09064456932467
88241,127.5,-21.0,153.04184989729518
88242,127.5,-20.5,156.18546269962823
88243,127.5,-20.0,172.48764751831283
88244,127.5,-19.5,157.28154260194827
88245,127.5,-19.0,153.908427003817
88246,127.5,-18.5,152.8079827514193
88247,127.5,-18.0,148.11176230519067
88248,127.5,-17.5,151.86184780791575
88249,127.5,-17.0,146.46621606647835
88250,127.5,-16.5,149.6828971145569
88251,127.5,-16.0,145.91727101421145
88252,127.5,-15.5,151.71123983412056
88253,127.5,-15.0,152.62377722641938
88254,127.5,-14.0,157.6673242249811
88255,127.5,-13.5,147.89382454002987
88256,127.5,-13.0,150.8826348711423
88257,127.5,-12.5,153.6002293345851
88258,127.5,-12.0,158.6748798249015
88259,127.5,-11.5,158.34633559737054
88260,127.5,-11.0,158.82294776577683
88261,127.5,-10.5,158.38264499264466
88262,127.5,-10.0,159.35330931164248
88263,127.5,-9.5,158.9040487136933
88264,127.5,-9.0,155.14496656610086
88265,127.5,-7.5,151.06705255771888
88266,127.5,-7.0,149.99219681399157
88267,127.5,-6.5,152.54042715764064
88268,127.5,-6.0,154.86505928379935
88269,127.5,-5.5,164.70178699554802
88270,127.5,-5.0,156.5534294543701
88271,127.5,-4.5,152.2030946785903
88272,127.5,-4.0,153.6675185648314
88273,127.5,-3.5,162.89048593922075
88274,127.5,-2.5,172.67244273574966
88275,127.5,-2.0,153.75960157419763
88276,127.5,-1.5,154.8659016787857
88277,127.5,-1.0,156.28630727496508
88278,127.5,-0.5,152.68520615546873
88279,127.5,0.0,161.80773906615659
88280,127.5,0.5,152.93440532516996
88281,127.5,1.0,153.5751990620306
88282,127.5,1.5,150.6251419070252
88283,127.5,2.0,149.0369525305258
88284,127.5,2.5,147.33078519727647
88285,127.5,3.0,150.7378640851048
88286,127.5,3.5,151.85017619312933
88287,127.5,4.0,151.40306006227783
88288,127.5,4.5,150.03198325997695
88289,127.5,5.0,147.1766414541086
88290,127.5,5.5,147.6760802354393
88291,127.5,6.0,149.4216226558239
88292,127.5,6.5,148.13210522917808
88293,127.5,7.0,148.45632416942678
88294,127.5,7.5,148.942567903567
88295,127.5,8.0,150.10997153111458
88296,127.5,8.5,150.2971482680282
88297,127.5,9.0,146.7553746789703
88298,127.5,9.5,146.5574808789641
88299,127.5,10.0,147.45389584095162
88300,127.5,10.5,152.3321109480099
88301,127.5,11.0,157.19767184026188
88302,127.5,11.5,146.20146670996607
88303,127.5,12.0,153.12276566989
88304,127.5,12.5,148.17810855341648
88305,127.5,13.0,151.99736024164937
88306,127.5,13.5,152.53661761405004
88307,127.5,14.0,148.6665240545508
88308,127.5,14.5,149.4863615096612
88309,127.5,15.0,148.74333360505642
88310,127.5,15.5,149.4307911975656
88311,127.5,16.0,157.83728281506737
88312,127.5,16.5,148.11998159264738
88313,127.5,17.0,148.14405878643575
88314,127.5,17.5,147.4083850853996
88315,127.5,18.0,151.27121428360783
88316,127.5,18.5,149.8575023558932
88317,127.5,19.0,147.86999034927862
88318,127.5,19.5,147.02045609834957
88319,127.5,20.0,145.94304419432655
88320,127.5,20.5,146.77606538936087
88321,127.5,21.0,150.518825040187
88322,127.5,21.5,147.7810279258582
88323,127.5,22.0,145.51476819634928
88324,127.5,22.5,144.97028090640669
88325,127.5,23.0,147.96251667240443
88326,127.5,23.5,147.9250111980764
88327,127.5,24.0,147.01173693801684
88328,127.5,24.5,146.3221898931953
88329,127.5,25.0,146.98527646385574
88330,127.5,25.5,147.71330588565849
88331,127.5,26.0,149.41455817259526
88332,127.5,26.5,149.0669117538457
88333,127.5,27.0,146.29095264819819
88334,127.5,27.5,147.5102288505919
88335,127.5,28.0,149.88310179661326
88336,127.5,28.5,150.25792496223545
88337,127.5,29.0,146.49207384523754
88338,127.5,29.5,146.4406174187001
88339,127.5,30.0,147.60304378227556
88340,127.5,30.5,149.33206854266845
88341,127.5,31.0,155.77270113789544
88342,127.5,31.5,157.26343956958863
88343,127.5,32.0,151.60450736700267
88344,127.5,32.5,148.27798217059183
88345,127.5,33.0,153.13421110387713
88346,127.5,33.5,151.62384700833496
88347,127.5,34.0,147.0264553354258
88348,127.5,34.5,150.66912401722755
88349,127.5,35.0,152.05959711494916
88350,127.5,36.0,152.88784814548345
88351,127.5,36.5,152.43365969390547
88352,127.5,37.0,152.2103759642916
88353,128.0,-39.0,159.19074993435214
88354,128.0,-38.5,166.73924341146636
88355,128.0,-38.0,158.1308299273973
88356,128.0,-37.5,157.54192348301362
88357,128.0,-37.0,157.53819856838624
88358,128.0,-36.5,157.40464769659238
88359,128.0,-36.0,159.17280414913228
88360,128.0,-35.5,157.08030902404482
88361,128.0,-35.0,154.2325662611322
88362,128.0,-34.5,155.6647094867656
88363,128.0,-34.0,152.44066128566368
88364,128.0,-33.5,150.06050518601674
88365,128.0,-33.0,148.45366122468138
88366,128.0,-32.5,151.01518983034563
88367,128.0,-32.0,152.6104566156444
88368,128.0,-31.5,156.3497038518453
88369,128.0,-31.0,157.6997318778741
88370,128.0,-30.5,158.46542813647233
88371,128.0,-30.0,156.88636562344823
88372,128.0,-29.5,151.44423558571916
88373,128.0,-29.0,151.45327336264162
88374,128.0,-28.5,148.1465980312457
88375,128.0,-28.0,149.59784933827945
88376,128.0,-27.5,149.75639510311203
88377,128.0,-27.0,148.5446467820036
88378,128.0,-26.5,151.92479957403208
88379,128.0,-26.0,155.85480127613414
88380,128.0,-25.5,152.28156496124586
88381,128.0,-25.0,151.54901100823412
88382,128.0,-24.5,153.36293443486815
88383,128.0,-24.0,154.46594422668156
88384,128.0,-23.5,149.36781061517516
88385,128.0,-23.0,151.98595401934693
88386,128.0,-22.5,155.4011677790669
88387,128.0,-22.0,153.2116863433235
88388,128.0,-21.5,151.7640309870329
88389,128.0,-21.0,154.15240447714012
88390,128.0,-20.5,151.99211617256873
88391,128.0,-20.0,154.83957740797206
88392,128.0,-19.5,154.34683692801764
88393,128.0,-19.0,156.99829204501162
88394,128.0,-18.5,153.4685742396325
88395,128.0,-18.0,146.4249457700696
88396,128.0,-17.5,148.28764458125482
88397,128.0,-17.0,151.8876588985392
88398,128.0,-16.5,144.45445792910934
88399,128.0,-16.0,144.87440944493912
88400,128.0,-15.5,151.53001193964622
88401,128.0,-14.5,156.32256040379895
88402,128.0,-14.0,157.69673209686027
88403,128.0,-13.0,154.38297425810788
88404,128.0,-12.5,152.01078216492297
88405,128.0,-12.0,168.49778948444285
88406,128.0,-11.5,159.5812388473546
88407,128.0,-11.0,157.62176530290708
88408,128.0,-10.5,160.34949082914207
88409,128.0,-10.0,157.3459832723323
88410,128.0,-9.5,155.2669194075801
88411,128.0,-9.0,165.65683305128073
88412,128.0,-8.0,150.97284495512258
88413,128.0,-7.5,151.04706275368935
88414,128.0,-7.0,151.4177674446259
88415,128.0,-6.5,151.58476894438525
88416,128.0,-6.0,164.9046605149791
88417,128.0,-5.5,160.55894306646564
88418,128.0,-5.0,148.67753459805405
88419,128.0,-4.5,148.8838188917342
88420,128.0,-4.0,165.78510727518164
88421,128.0,-3.5,152.11480337592204
88422,128.0,-3.0,151.2870886429097
88423,128.0,-2.5,150.67322046619577
88424,128.0,-2.0,151.3573428173062
88425,128.0,-1.5,155.85229283691123
88426,128.0,-1.0,158.64848679294758
88427,128.0,-0.5,153.49159827657806
88428,128.0,0.0,152.6310227125798
88429,128.0,0.5,151.27033827858205
88430,128.0,1.0,153.67012259989295
88431,128.0,1.5,152.3878108168073
88432,128.0,2.0,153.5785907128664
88433,128.0,2.5,153.11286525709244
88434,128.0,3.0,149.0563811919409
88435,128.0,3.5,153.16252445300805
88436,128.0,4.0,153.87990291865162
88437,128.0,4.5,150.7555949897255
88438,128.0,5.0,148.75848813789
88439,128.0,5.5,149.01478040532822
88440,128.0,6.0,147.13735339366724
88441,128.0,6.5,148.96890029369325
88442,128.0,7.0,149.4753744664024
88443,128.0,7.5,149.3184148653094
88444,128.0,8.0,149.5067330341597
88445,128.0,9.5,146.47412653199996
88446,128.0,10.0,145.81111102907386
88447,128.0,10.5,149.9941851197443
88448,128.0,11.0,157.65672073577744
88449,128.0,11.5,148.00672437711546
88450,128.0,12.0,156.36458301526045
88451,128.0,12.5,149.75223954558712
88452,128.0,13.0,155.76309758822904
88453,128.0,13.5,152.84209771839255
88454,128.0,14.0,150.84936932457097
88455,128.0,14.5,149.71514461539658
88456,128.0,15.0,148.27090739531872
88457,128.0,15.5,148.33929972659598
88458,128.0,16.0,151.83865277865084
88459,128.0,16.5,148.95135364025745
88460,128.0,17.0,147.77011417144456
88461,128.0,17.5,147.5691855774842
88462,128.0,18.0,146.85466794912142
88463,128.0,18.5,155.66529724267943
88464,128.0,19.0,146.92995332455547
88465,128.0,19.5,146.6946671135385
88466,128.0,20.0,146.52333103580798
88467,128.0,20.5,149.50870277444946
88468,128.0,21.0,147.72810891703068
88469,128.0,21.5,146.17907912811245
88470,128.0,22.0,146.79818120238338
88471,128.0,22.5,147.24476814588235
88472,128.0,23.0,147.56415239720224
88473,128.0,23.5,147.60887862581112
88474,128.0,24.0,147.41938295729912
88475,128.0,24.5,146.22853043801143
88476,128.0,25.0,146.9892213461148
88477,128.0,25.5,148.12942508105087
88478,128.0,26.0,149.75119831602242
88479,128.0,26.5,148.83769954439884
88480,128.0,27.0,146.4323629718015
88481,128.0,27.5,147.6795345122562
88482,128.0,28.0,149.90115804776624
88483,128.0,28.5,147.32394671108756
88484,128.0,29.0,147.78264456303424
88485,128.0,29.5,146.42743767894532
88486,128.0,30.0,146.25839149143505
88487,128.0,30.5,153.17327924086268
88488,128.0,31.0,152.38087009250526
88489,128.0,31.5,160.29058522358724
88490,128.0,32.0,150.3795289326057
88491,128.0,32.5,150.62369556290943
88492,128.0,33.0,150.8302151896518
88493,128.0,33.5,150.33159000789902
88494,128.0,34.0,147.09996155377502
88495,128.0,34.5,148.31799403227674
88496,128.0,35.0,152.2905703940419
88497,128.0,35.5,152.42414889801347
88498,128.0,36.0,153.1552074566603
88499,128.0,36.5,150.60047163101092
88500,128.0,37.0,150.84407764362345
88501,128.5,-39.0,159.30085325697675
88502,128.5,-38.5,163.30050072731981
88503,128.5,-38.0,158.08060768739176
88504,128.5,-37.5,157.06305004800257
88505,128.5,-37.0,158.56208385896159
88506,128.5,-36.5,157.02270129563504
88507,128.5,-36.0,157.8263647847353
88508,128.5,-35.5,156.34010544230796
88509,128.5,-35.0,154.3936841442664
88510,128.5,-34.5,155.15893683254245
88511,128.5,-34.0,152.7530132158937
88512,128.5,-33.5,151.2081868955078
88513,128.5,-33.0,149.4513557002003
88514,128.5,-32.5,149.79159502028156
88515,128.5,-32.0,151.5582597613209
88516,128.5,-31.5,156.50431570265658
88517,128.5,-31.0,157.5596767582955
88518,128.5,-30.5,158.22272780034316
88519,128.5,-30.0,154.5828357587388
88520,128.5,-29.5,151.84614323258833
88521,128.5,-29.0,149.92588363807852
88522,128.5,-28.5,149.26417201193917
88523,128.5,-28.0,148.09467848159483
88524,128.5,-27.5,149.92545441188665
88525,128.5,-27.0,149.40940961783613
88526,128.5,-26.5,153.08937512862505
88527,128.5,-26.0,155.05878146019518
88528,128.5,-25.5,152.2046036578085
88529,128.5,-25.0,154.9981506429476
88530,128.5,-24.5,149.7912579737363
88531,128.5,-24.0,156.42976034560658
88532,128.5,-23.5,152.3511532483518
88533,128.5,-23.0,154.0191055410486
88534,128.5,-22.5,158.6846382143246
88535,128.5,-22.0,155.67924077239087
88536,128.5,-21.5,155.2324729983552
88537,128.5,-21.0,151.75913084706016
88538,128.5,-20.0,153.46541717043436
88539,128.5,-19.5,154.35949664728463
88540,128.5,-19.0,154.1907484599485
88541,128.5,-18.5,155.30254260238243
88542,128.5,-18.0,153.05180642831445
88543,128.5,-17.5,150.6719307632221
88544,128.5,-17.0,154.39747081771836
88545,128.5,-16.0,156.3641462885392
88546,128.5,-15.5,149.06385639785174
88547,128.5,-14.5,155.42341449663883
88548,128.5,-13.5,153.19071587422462
88549,128.5,-13.0,151.4020406078672
88550,128.5,-12.5,155.26763086041683
88551,128.5,-12.0,159.3767530270734
88552,128.5,-11.5,162.55104930604145
88553,128.5,-11.0,156.79287497272216
88554,128.5,-10.5,154.6345999133206
88555,128.5,-10.0,154.49229135640235
88556,128.5,-9.5,151.2047554428122
88557,128.5,-9.0,166.61451913452552
88558,128.5,-8.5,156.9700832306729
88559,128.5,-8.0,152.27802589661732
88560,128.5,-7.5,151.9361727495123
88561,128.5,-7.0,153.0331570316582
88562,128.5,-6.5,159.3079379512342
88563,128.5,-6.0,166.79323103174602
88564,128.5,-5.5,151.9328161625208
88565,128.5,-5.0,146.8684399585513
88566,128.5,-4.5,155.81648005988302
88567,128.5,-4.0,157.90572885067593
88568,128.5,-3.5,160.1428687298972
88569,128.5,-3.0,151.23906301578833
88570,128.5,-2.5,152.22399923679842
88571,128.5,-2.0,148.00922789701798
88572,128.5,-1.5,149.02260660666371
88573,128.5,-1.0,149.7954199226309
88574,128.5,-0.5,150.40708311235338
88575,128.5,0.0,153.49089354538106
88576,128.5,0.5,154.3137327934912
88577,128.5,1.0,153.96191953663472
88578,128.5,1.5,152.5228583142141
88579,128.5,2.0,152.09398315206155
88580,128.5,2.5,153.35942530916188
88581,128.5,3.0,156.14510653009975
88582,128.5,3.5,156.13549426457038
88583,128.5,4.0,154.64194787751114
88584,128.5,4.5,151.30911363994474
88585,128.5,5.0,151.96084426728348
88586,128.5,5.5,149.4230582905684
88587,128.5,6.0,147.43900593970497
88588,128.5,6.5,151.54986976963536
88589,128.5,7.0,148.85160024924065
88590,128.5,7.5,149.59895564072266
88591,128.5,8.0,148.80817411890428
88592,128.5,9.0,146.45450477946935
88593,128.5,9.5,146.00994912400782
88594,128.5,10.0,147.13852773646337
88595,128.5,10.5,147.2867298174739
88596,128.5,11.0,148.27187414728084
88597,128.5,11.5,154.80796282458243
88598,128.5,12.0,149.27081483019384
88599,128.5,12.5,153.78435950619544
88600,128.5,13.0,149.11296443470584
88601,128.5,13.5,154.20223633419394
88602,128.5,14.0,154.4039541502593
88603,128.5,14.5,149.20444171540376
88604,128.5,15.0,147.48089302536204
88605,128.5,15.5,147.78184320871108
88606,128.5,16.0,149.90605712929425
88607,128.5,16.5,152.07311347488726
88608,128.5,17.0,147.9849099156155
88609,128.5,17.5,146.5897546097324
88610,128.5,18.0,149.35909352537536
88611,128.5,18.5,150.18751351618164
88612,128.5,19.0,147.39018608271002
88613,128.5,19.5,145.97317238493739
88614,128.5,20.0,147.44572180568795
88615,128.5,20.5,149.90917049286168
88616,128.5,21.0,144.233746677431
88617,128.5,21.5,145.93455249588052
88618,128.5,22.0,146.8751749220122
88619,128.5,22.5,148.06482881427863
88620,128.5,23.0,148.34544882054206
88621,128.5,23.5,147.28488678110926
88622,128.5,24.0,147.14761838278542
88623,128.5,24.5,145.81552097341947
88624,128.5,25.0,146.57537402848985
88625,128.5,25.5,149.89755993397625
88626,128.5,26.0,148.7026024060293
88627,128.5,26.5,147.2381101912594
88628,128.5,27.0,145.5530975655391
88629,128.5,27.5,147.7430448697847
88630,128.5,28.0,149.8058435584914
88631,128.5,28.5,147.89799071720586
88632,128.5,29.0,147.6734255538072
88633,128.5,29.5,146.79513796703264
88634,128.5,30.0,146.0754163348533
88635,128.5,30.5,158.2159527187615
88636,128.5,31.0,152.47953420519875
88637,128.5,31.5,161.67958532892587
88638,128.5,32.0,150.79411178122965
88639,128.5,32.5,147.86474894868513
88640,128.5,33.0,150.87309654002627
88641,128.5,33.5,150.32101943646546
88642,128.5,34.0,147.0618535897974
88643,128.5,34.5,148.51049772255476
88644,128.5,35.0,153.21701680018498
88645,128.5,35.5,157.70826530791913
88646,128.5,36.0,153.13114146711231
88647,128.5,36.5,152.40946105643735
88648,128.5,37.0,149.38157409155215
88649,129.0,-39.0,159.93741665824484
88650,129.0,-38.5,162.2390662740451
88651,129.0,-38.0,158.09786020375958
88652,129.0,-37.5,156.62880312180502
88653,129.0,-37.0,158.121057464147
88654,129.0,-36.5,156.16620417520758
88655,129.0,-36.0,156.89685956791317
88656,129.0,-35.5,155.39023218712438
88657,129.0,-35.0,156.6848958761768
88658,129.0,-34.5,154.25851037227116
88659,129.0,-34.0,151.1201671260495
88660,129.0,-33.5,151.48714256555934
88661,129.0,-33.0,150.28734880880464
88662,129.0,-32.5,149.24619946913324
88663,129.0,-32.0,149.38164502313992
88664,129.0,-31.5,156.67589284816222
88665,129.0,-31.0,157.58575577944876
88666,129.0,-30.5,157.78088477237014
88667,129.0,-30.0,155.8962721049177
88668,129.0,-29.5,154.04149631088592
88669,129.0,-29.0,150.2348921376467
88670,129.0,-28.5,150.75499021764702
88671,129.0,-28.0,149.86052233830927
88672,129.0,-27.5,152.58706269808027
88673,129.0,-27.0,152.0899376962171
88674,129.0,-26.5,153.0655187442825
88675,129.0,-26.0,151.22088945570067
88676,129.0,-25.5,154.4650623553732
88677,129.0,-25.0,154.04549420930704
88678,129.0,-24.5,152.85367231842105
88679,129.0,-24.0,153.32242804223088
88680,129.0,-23.5,155.50718638473873
88681,129.0,-23.0,153.90377033905656
88682,129.0,-22.5,161.09596646515377
88683,129.0,-21.5,154.1705252610337
88684,129.0,-21.0,150.4105421942803
88685,129.0,-20.0,155.21203852928903
88686,129.0,-19.5,153.5757851278605
88687,129.0,-19.0,154.23741098997525
88688,129.0,-18.5,156.0478741842917
88689,129.0,-18.0,153.2547918478084
88690,129.0,-17.5,153.9924688665336
88691,129.0,-17.0,149.99439707441147
88692,129.0,-16.5,162.90537895662226
88693,129.0,-16.0,156.3692486770225
88694,129.0,-15.5,148.54260653657516
88695,129.0,-15.0,156.55537367926178
88696,129.0,-14.5,153.81780083701275
88697,129.0,-13.5,150.53190091408797
88698,129.0,-13.0,150.03237038878288
88699,129.0,-12.5,157.82709367384908
88700,129.0,-12.0,158.96802695621489
88701,129.0,-11.5,165.03801699124622
88702,129.0,-11.0,153.30458890696855
88703,129.0,-10.5,153.10692815128607
88704,129.0,-10.0,150.9595630233565
88705,129.0,-9.5,167.12501731149234
88706,129.0,-9.0,151.93958856558132
88707,129.0,-8.5,154.53345275143386
88708,129.0,-8.0,151.76061354838424
88709,129.0,-7.5,155.62465425282596
88710,129.0,-7.0,169.36040144076713
88711,129.0,-6.5,162.38003832311838
88712,129.0,-6.0,154.21508017011178
88713,129.0,-5.5,151.7668084022381
88714,129.0,-5.0,150.0006714114051
88715,129.0,-4.5,172.78852754353187
88716,129.0,-4.0,157.5498606846365
88717,129.0,-3.5,150.41878296486433
88718,129.0,-3.0,153.87000600279
88719,129.0,-2.5,150.94053625555532
88720,129.0,-2.0,148.22170195818165
88721,129.0,-1.0,147.8827032159941
88722,129.0,-0.5,148.4145976314412
88723,129.0,0.0,151.35588111380923
88724,129.0,0.5,152.87929998026212
88725,129.0,1.0,148.70868513499255
88726,129.0,1.5,150.17571054507297
88727,129.0,2.0,150.64546531560865
88728,129.0,2.5,155.39564646256144
88729,129.0,3.0,156.16644491863877
88730,129.0,3.5,155.54373911967653
88731,129.0,4.0,154.82003201065902
88732,129.0,4.5,155.9315407374119
88733,129.0,5.0,155.2320174084001
88734,129.0,5.5,150.05138598864235
88735,129.0,6.0,150.35373464998216
88736,129.0,6.5,148.06636687514253
88737,129.0,7.0,149.90294223468595
88738,129.0,7.5,149.37289585791416
88739,129.0,8.0,151.47619055357964
88740,129.0,8.5,148.45906384783575
88741,129.0,9.0,146.50605543344665
88742,129.0,10.0,146.72614464238663
88743,129.0,10.5,146.9257352689627
88744,129.0,11.0,148.9383869029774
88745,129.0,11.5,154.87061882142942
88746,129.0,12.0,149.68621975469006
88747,129.0,12.5,154.99784037763865
88748,129.0,13.0,149.57609350112563
88749,129.0,13.5,153.07972461487228
88750,129.0,14.0,154.6609277414554
88751,129.0,14.5,151.12607529582553
88752,129.0,15.0,147.6193990210428
88753,129.0,15.5,148.50087237790785
88754,129.0,16.0,148.40471508013917
88755,129.0,16.5,148.2372715957899
88756,129.0,17.0,147.93528567457062
88757,129.0,17.5,148.8526774326633
88758,129.0,18.0,149.42395737277656
88759,129.0,18.5,151.76368572971376
88760,129.0,19.0,147.06214530369027
88761,129.0,19.5,146.79820445886062
88762,129.0,20.0,151.36279215230152
88763,129.0,20.5,146.78815797189864
88764,129.0,21.0,145.25090541955026
88765,129.0,21.5,145.55816501542125
88766,129.0,22.0,148.2199047581196
88767,129.0,22.5,147.77305481927849
88768,129.0,23.0,148.570697810427
88769,129.0,23.5,146.73262917223397
88770,129.0,24.0,147.01937796591034
88771,129.0,24.5,147.02797571517002
88772,129.0,25.0,146.83198068289832
88773,129.0,25.5,150.11698965655106
88774,129.0,26.0,148.31365729544996
88775,129.0,26.5,146.8989161683555
88776,129.0,27.0,147.48142265089714
88777,129.0,27.5,146.22513459977904
88778,129.0,28.0,148.38734187761995
88779,129.0,28.5,150.1907198195511
88780,129.0,29.0,148.17690265098352
88781,129.0,29.5,147.14168729170163
88782,129.0,30.0,146.41243180242535
88783,129.0,30.5,148.3928788186001
88784,129.0,31.0,153.1283352076598
88785,129.0,31.5,161.7143703380092
88786,129.0,32.0,153.17288479579173
88787,129.0,32.5,149.07897219637718
88788,129.0,33.0,150.46769166492874
88789,129.0,33.5,150.44529519957223
88790,129.0,34.0,147.62156633248765
88791,129.0,34.5,148.07613979780763
88792,129.0,35.0,149.05176414489227
88793,129.0,35.5,151.40172628680529
88794,129.0,36.0,153.74262295746837
88795,129.0,36.5,149.91763239564153
88796,129.0,37.0,148.24127506760178
88797,129.5,-39.0,159.83638004164348
88798,129.5,-38.5,162.5182362509285
88799,129.5,-38.0,158.6063926306101
88800,129.5,-37.5,156.3884784424838
88801,129.5,-37.0,157.19969498593224
88802,129.5,-36.5,156.0506609458422
88803,129.5,-36.0,155.33917933840866
88804,129.5,-35.5,154.88721551005574
88805,129.5,-35.0,156.26166226488166
88806,129.5,-34.5,154.29939886437464
88807,129.5,-34.0,150.89146513752783
88808,129.5,-33.5,152.00521438587282
88809,129.5,-33.0,150.34718553037752
88810,129.5,-32.5,149.21040374837202
88811,129.5,-32.0,148.6868484498282
88812,129.5,-31.5,156.28969581086793
88813,129.5,-31.0,157.1616454618181
88814,129.5,-30.5,156.92720337491826
88815,129.5,-30.0,156.86118811933065
88816,129.5,-29.5,151.51357719321837
88817,129.5,-29.0,149.39541400021707
88818,129.5,-28.5,147.69960595344537
88819,129.5,-28.0,151.56507828878426
88820,129.5,-27.5,154.40462501875697
88821,129.5,-27.0,152.27368752484733
88822,129.5,-26.5,153.57447385039472
88823,129.5,-26.0,149.4466720151226
88824,129.5,-25.5,155.1561678896372
88825,129.5,-25.0,154.23772283202035
88826,129.5,-24.0,151.04238016626144
88827,129.5,-23.5,156.16659304718186
88828,129.5,-23.0,154.3464055982057
88829,129.5,-22.5,156.24346977326869
88830,129.5,-22.0,154.68324141636927
88831,129.5,-21.5,155.68308719101952
88832,129.5,-21.0,152.80669548231361
88833,129.5,-20.5,155.09255797211955
88834,129.5,-20.0,155.5602585274408
88835,129.5,-19.5,155.3427828011472
88836,129.5,-19.0,156.5880480019711
88837,129.5,-18.5,154.1790862503806
88838,129.5,-18.0,155.24543225026696
88839,129.5,-17.5,153.66692714488997
88840,129.5,-17.0,146.66016485519629
88841,129.5,-16.5,156.58584938672507
88842,129.5,-15.5,149.6226499795337
88843,129.5,-15.0,158.29177514468284
88844,129.5,-14.5,159.5054411481329
88845,129.5,-14.0,151.54219531419153
88846,129.5,-13.5,150.3493116590294
88847,129.5,-12.5,158.81783413309893
88848,129.5,-12.0,154.86200899821992
88849,129.5,-11.5,167.44605830231444
88850,129.5,-11.0,154.98821274059844
88851,129.5,-10.5,150.80472184223112
88852,129.5,-10.0,153.89956566741768
88853,129.5,-9.5,168.45515110901832
88854,129.5,-9.0,155.43390150652604
88855,129.5,-8.5,154.00558390627899
88856,129.5,-8.0,159.83042294866814
88857,129.5,-7.5,169.3901930016628
88858,129.5,-7.0,173.81917169601996
88859,129.5,-6.5,174.65671952331348
88860,129.5,-6.0,152.36103825224538
88861,129.5,-5.5,149.65936722788237
88862,129.5,-5.0,152.4725997335954
88863,129.5,-4.5,159.30690821138788
88864,129.5,-4.0,150.08400512097128
88865,129.5,-3.5,149.8917177985409
88866,129.5,-3.0,150.51777484874674
88867,129.5,-2.5,149.65810934630463
88868,129.5,-2.0,149.94868103314073
88869,129.5,-1.5,151.68160832944977
88870,129.5,-1.0,149.10186393800757
88871,129.5,-0.5,150.82627106959518
88872,129.5,0.0,151.3097808536216
88873,129.5,0.5,150.77083235642732
88874,129.5,1.0,147.34002668026545
88875,129.5,1.5,149.02368877589782
88876,129.5,2.0,150.3567677478809
88877,129.5,2.5,155.143241026354
88878,129.5,3.0,153.48740590949157
88879,129.5,3.5,153.36811177316335
88880,129.5,4.0,153.1436482224257
88881,129.5,4.5,156.08524294095
88882,129.5,5.0,153.44609719111943
88883,129.5,5.5,153.11713915313535
88884,129.5,6.0,150.48190251128295
88885,129.5,6.5,149.21742721627356
88886,129.5,7.0,149.48761905890296
88887,129.5,7.5,150.01351161995441
88888,129.5,8.0,150.29143002321874
88889,129.5,8.5,148.0149723232048
88890,129.5,9.0,146.75022667965357
88891,129.5,10.0,148.52958048618612
88892,129.5,10.5,148.39457146030028
88893,129.5,11.0,148.72480095651756
88894,129.5,11.5,149.563616758845
88895,129.5,12.0,158.09429661368515
88896,129.5,12.5,149.92533371163475
88897,129.5,13.0,150.60469668417568
88898,129.5,13.5,150.97433285698256
88899,129.5,14.0,152.69703256068252
88900,129.5,14.5,155.77096576898222
88901,129.5,15.0,148.45933339967723
88902,129.5,15.5,149.32383773017136
88903,129.5,16.0,148.32093910589077
88904,129.5,16.5,148.53466726328082
88905,129.5,17.0,148.27099714365778
88906,129.5,17.5,151.22913793126034
88907,129.5,18.0,148.04827421780402
88908,129.5,18.5,147.03174938197773
88909,129.5,19.0,153.8440745689704
88910,129.5,19.5,150.2305287263764
88911,129.5,20.0,155.81190524778248
88912,129.5,20.5,148.59673343224017
88913,129.5,21.0,146.91019000961776
88914,129.5,21.5,144.28829992215478
88915,129.5,22.0,149.14942101399674
88916,129.5,22.5,147.8671681135523
88917,129.5,23.0,147.31412632524444
88918,129.5,23.5,147.17263793129703
88919,129.5,24.0,146.90406181444527
88920,129.5,24.5,147.01334042398514
88921,129.5,25.0,149.86556009652767
88922,129.5,25.5,148.71917633389776
88923,129.5,26.0,148.33774751575942
88924,129.5,26.5,147.019053387981
88925,129.5,27.0,147.18485710531755
88926,129.5,27.5,145.94758468871197
88927,129.5,28.0,146.7044673104623
88928,129.5,28.5,150.5966949015122
88929,129.5,29.0,146.96144222091095
88930,129.5,29.5,147.91493984542467
88931,129.5,30.0,146.77649812264903
88932,129.5,30.5,145.54668330356353
88933,129.5,31.0,155.1604010946385
88934,129.5,31.5,158.67963172953984
88935,129.5,32.0,155.9241163353888
88936,129.5,32.5,148.15737444304565
88937,129.5,33.0,151.74571915071337
88938,129.5,33.5,151.87642968105305
88939,129.5,34.0,148.55493463045576
88940,129.5,34.5,148.65612432414125
88941,129.5,35.0,147.67645203043767
88942,129.5,35.5,150.4868456769731
88943,129.5,36.0,152.93722045316719
88944,129.5,36.5,149.59595938332288
88945,129.5,37.0,149.65082676191147
88946,130.0,-39.0,159.7631845559428
88947,130.0,-38.5,159.1029238495413
88948,130.0,-38.0,158.4126050354548
88949,130.0,-37.5,155.87277973279518
88950,130.0,-37.0,156.25547312479938
88951,130.0,-36.5,155.82360998930986
88952,130.0,-36.0,154.96082546806403
88953,130.0,-35.5,154.39519506018274
88954,130.0,-35.0,156.2237406014888
88955,130.0,-34.5,153.7266871719908
88956,130.0,-34.0,150.8110475717965
88957,130.0,-33.5,152.31741759839136
88958,130.0,-33.0,151.07318124890884
88959,130.0,-32.5,148.72258439681212
88960,130.0,-32.0,148.90748280477743
88961,130.0,-31.5,154.7524675273101
88962,130.0,-31.0,156.07147032780367
88963,130.0,-30.5,156.7092869958622
88964,130.0,-30.0,155.27794046721814
88965,130.0,-29.5,151.613031512767
88966,130.0,-29.0,149.59032015288395
88967,130.0,-28.5,147.2261344362738
88968,130.0,-28.0,151.7519909933718
88969,130.0,-27.5,153.37600215757433
88970,130.0,-27.0,151.8628149205647
88971,130.0,-26.5,151.92603365544392
88972,130.0,-26.0,150.14421858790843
88973,130.0,-25.5,152.0934056476316
88974,130.0,-25.0,153.5483815798842
88975,130.0,-24.5,155.92280677689877
88976,130.0,-24.0,150.41963640474677
88977,130.0,-23.5,156.71178976956813
88978,130.0,-23.0,153.69882017470337
88979,130.0,-22.5,155.2455023096596
88980,130.0,-22.0,155.35079105041217
88981,130.0,-21.5,154.13002180709788
88982,130.0,-21.0,155.04937828357683
88983,130.0,-20.5,155.40724546178555
88984,130.0,-20.0,157.07310277905964
88985,130.0,-19.5,153.84359094743942
88986,130.0,-19.0,153.6758761405744
88987,130.0,-18.5,155.6872921986034
88988,130.0,-18.0,157.38956714979534
88989,130.0,-17.5,153.60418485325755
88990,130.0,-17.0,157.3326825345048
88991,130.0,-16.5,153.14519366660426
88992,130.0,-15.0,148.6319555973474
88993,130.0,-14.5,150.20796325824696
88994,130.0,-14.0,150.0037616978672
88995,130.0,-13.0,157.77701268265378
88996,130.0,-12.5,156.33314282430763
88997,130.0,-12.0,152.69271559558518
88998,130.0,-11.5,153.94876093679284
88999,130.0,-11.0,154.47666111331597
89000,130.0,-10.5,161.44401607889682
89001,130.0,-10.0,149.954680621423
89002,130.0,-9.5,152.87969098702177
89003,130.0,-9.0,156.06609709596577
89004,130.0,-8.5,155.70766063896707
89005,130.0,-8.0,168.30078372447426
89006,130.0,-7.5,170.25173965337902
89007,130.0,-7.0,177.27986175636732
89008,130.0,-6.0,153.8219573601673
89009,130.0,-5.5,159.399323062412
89010,130.0,-5.0,156.93276172248915
89011,130.0,-4.5,156.8909884216557
89012,130.0,-4.0,147.20797995905767
89013,130.0,-3.5,150.3335982994044
89014,130.0,-3.0,150.28328103865033
89015,130.0,-2.5,151.42770406412998
89016,130.0,-2.0,150.29503315364775
89017,130.0,-1.5,148.53954686612357
89018,130.0,-1.0,151.9467700561676
89019,130.0,-0.5,150.77036714417977
89020,130.0,0.0,149.6289369588526
89021,130.0,0.5,148.010250392928
89022,130.0,1.0,148.88803356103108
89023,130.0,1.5,149.1193187528352
89024,130.0,2.0,152.02601600933409
89025,130.0,2.5,153.1851697748741
89026,130.0,3.0,151.24516209108688
89027,130.0,3.5,154.1909082092955
89028,130.0,4.0,153.95738422680085
89029,130.0,4.5,150.2162832960703
89030,130.0,5.0,153.60027478193595
89031,130.0,5.5,152.640941252721
89032,130.0,6.0,152.92621941406742
89033,130.0,6.5,150.23831872365315
89034,130.0,7.0,150.52001850677368
89035,130.0,8.0,149.11778311593716
89036,130.0,8.5,150.2646648442593
89037,130.0,9.0,147.33691873338145
89038,130.0,9.5,147.13751185185976
89039,130.0,10.0,149.5363098127317
89040,130.0,10.5,151.068746794016
89041,130.0,11.0,149.55748117471163
89042,130.0,11.5,150.7059901140358
89043,130.0,12.0,150.89731125873385
89044,130.0,12.5,151.3235904001315
89045,130.0,13.0,150.98439380511817
89046,130.0,13.5,150.82157123634772
89047,130.0,14.0,148.47232204629353
89048,130.0,14.5,153.66350826402672
89049,130.0,15.0,149.19306669919217
89050,130.0,15.5,148.91147723580912
89051,130.0,16.0,148.91112586654518
89052,130.0,16.5,149.78148682140056
89053,130.0,17.0,152.27550906687765
89054,130.0,17.5,148.66189229185838
89055,130.0,18.0,147.24865739195872
89056,130.0,18.5,146.73362216256248
89057,130.0,19.0,150.59433708687442
89058,130.0,19.5,150.2902197743705
89059,130.0,20.5,145.44926004348304
89060,130.0,21.0,149.12127748488268
89061,130.0,21.5,147.09787154479343
89062,130.0,22.0,147.6386328598456
89063,130.0,22.5,149.31067922382928
89064,130.0,23.0,147.53274182015437
89065,130.0,23.5,147.14937693102414
89066,130.0,24.0,146.83141912028017
89067,130.0,24.5,147.42233622077313
89068,130.0,25.0,148.58074279602965
89069,130.0,25.5,149.21182251160818
89070,130.0,26.0,148.39111335699945
89071,130.0,26.5,146.14223695094358
89072,130.0,27.0,147.3716371052687
89073,130.0,27.5,146.00089621205387
89074,130.0,28.0,146.597586799703
89075,130.0,28.5,150.0383554072243
89076,130.0,29.0,147.48288798657654
89077,130.0,29.5,147.54991164833893
89078,130.0,30.0,146.63867807673188
89079,130.0,30.5,145.32337781379567
89080,130.0,31.0,153.72844083500985
89081,130.0,31.5,158.2485645768059
89082,130.0,32.0,157.19410512039485
89083,130.0,32.5,152.8220756591632
89084,130.0,33.0,151.68121924024527
89085,130.0,33.5,151.836998678133
89086,130.0,34.0,149.6222137573105
89087,130.0,34.5,147.75910084317368
89088,130.0,35.0,147.7191644825716
89089,130.0,35.5,149.09088655037172
89090,130.0,36.0,154.31722353872107
89091,130.0,36.5,149.1350344689298
89092,130.0,37.0,149.1758907103766
89093,130.5,-39.0,159.6603371520762
89094,130.5,-38.5,158.71187513248248
89095,130.5,-38.0,158.42337661639144
89096,130.5,-37.5,154.863884110577
89097,130.5,-37.0,155.7556332064865
89098,130.5,-36.5,155.83685266398626
89099,130.5,-36.0,154.89041557732634
89100,130.5,-35.5,153.8115531881618
89101,130.5,-35.0,155.5361316910858
89102,130.5,-34.5,154.12321477122802
89103,130.5,-34.0,150.8370394674372
89104,130.5,-33.5,152.53270770651986
89105,130.5,-33.0,150.00452729536065
89106,130.5,-32.5,148.5980922915312
89107,130.5,-32.0,149.5206161174558
89108,130.5,-31.5,157.41271169181414
89109,130.5,-31.0,155.4248306169033
89110,130.5,-30.5,156.8101719366253
89111,130.5,-30.0,155.2180883116312
89112,130.5,-29.5,155.3810913268334
89113,130.5,-29.0,150.8894830019927
89114,130.5,-28.5,149.2765478861497
89115,130.5,-28.0,151.20542728204842
89116,130.5,-27.5,154.3183960004888
89117,130.5,-27.0,153.3910920928005
89118,130.5,-26.5,151.30908858127722
89119,130.5,-26.0,152.27079297636024
89120,130.5,-25.5,151.22479400653967
89121,130.5,-25.0,150.15927184038446
89122,130.5,-24.5,151.5890746343044
89123,130.5,-24.0,150.22734470982837
89124,130.5,-23.5,152.3592615763055
89125,130.5,-23.0,158.3264420660515
89126,130.5,-22.5,155.16295748283733
89127,130.5,-22.0,156.08637799092037
89128,130.5,-21.5,154.70914035889405
89129,130.5,-21.0,155.23441314704874
89130,130.5,-20.5,154.3689486252036
89131,130.5,-20.0,156.11266528553102
89132,130.5,-19.5,155.9529196699221
89133,130.5,-19.0,154.23518488035737
89134,130.5,-18.5,157.55488459212233
89135,130.5,-17.0,153.98569059333943
89136,130.5,-16.5,148.49647779267187
89137,130.5,-16.0,148.7980876133582
89138,130.5,-15.0,152.42113680634995
89139,130.5,-14.5,148.96567968479994
89140,130.5,-14.0,149.60743677405455
89141,130.5,-13.5,158.68459631020215
89142,130.5,-13.0,154.03621622694448
89143,130.5,-12.5,155.99533520103301
89144,130.5,-12.0,152.61518181345247
89145,130.5,-11.5,153.00389987703844
89146,130.5,-11.0,148.6463801410022
89147,130.5,-10.5,161.1299117299311
89148,130.5,-10.0,150.3008663387383
89149,130.5,-9.5,151.0160999310873
89150,130.5,-9.0,149.92547136191587
89151,130.5,-8.5,160.010090814868
89152,130.5,-8.0,161.52562667745255
89153,130.5,-7.5,172.0020363725116
89154,130.5,-6.0,168.54072599953554
89155,130.5,-5.5,156.6171575323452
89156,130.5,-5.0,149.47811728020864
89157,130.5,-4.5,150.59080814168334
89158,130.5,-4.0,149.38990777883154
89159,130.5,-3.5,148.76693573878424
89160,130.5,-3.0,149.8290446745432
89161,130.5,-2.5,148.40128145085205
89162,130.5,-2.0,150.21564184855052
89163,130.5,-1.5,150.08660016804083
89164,130.5,-1.0,153.8225681718338
89165,130.5,-0.5,154.97238179328536
89166,130.5,0.0,149.13167530568117
89167,130.5,0.5,149.53805610631147
89168,130.5,1.0,149.13205159286386
89169,130.5,1.5,149.88270284672055
89170,130.5,2.0,151.32294676685368
89171,130.5,2.5,149.21158060871687
89172,130.5,3.0,152.72083897959791
89173,130.5,3.5,154.047322495221
89174,130.5,4.0,152.37077860551585
89175,130.5,4.5,149.14065054407666
89176,130.5,5.0,153.27191491333159
89177,130.5,5.5,153.24394937326457
89178,130.5,6.0,151.05973490621875
89179,130.5,6.5,152.82695342107735
89180,130.5,7.0,152.02129691230684
89181,130.5,7.5,149.5651455930915
89182,130.5,8.0,147.57672950390858
89183,130.5,8.5,150.8050004464768
89184,130.5,9.0,151.92353436442608
89185,130.5,9.5,147.49266096944163
89186,130.5,10.0,150.90464628153603
89187,130.5,10.5,150.85054198234002
89188,130.5,11.0,150.67820739757843
89189,130.5,11.5,147.40643365696272
89190,130.5,12.0,151.21144444623744
89191,130.5,12.5,150.41776687459603
89192,130.5,13.0,151.9775276540383
89193,130.5,13.5,149.68727970610067
89194,130.5,14.0,148.87634505547507
89195,130.5,14.5,151.23249768714555
89196,130.5,15.0,149.3092823482752
89197,130.5,15.5,149.3224577673364
89198,130.5,16.0,150.4192667072708
89199,130.5,16.5,149.23801018293136
89200,130.5,17.0,149.5423903405516
89201,130.5,17.5,148.1008175102387
89202,130.5,18.0,146.87917758095296
89203,130.5,18.5,147.24517358212782
89204,130.5,19.0,151.55863219776586
89205,130.5,19.5,149.06116657942815
89206,130.5,20.0,145.59648273383837
89207,130.5,20.5,145.10436169755252
89208,130.5,21.0,146.5876736174263
89209,130.5,21.5,150.72602385334758
89210,130.5,22.0,147.27140542664205
89211,130.5,22.5,147.69221496602145
89212,130.5,23.0,147.52595833401674
89213,130.5,23.5,147.07686258315218
89214,130.5,24.0,146.77267892906474
89215,130.5,24.5,147.06100164290805
89216,130.5,25.0,148.8739323028157
89217,130.5,25.5,149.38888261254488
89218,130.5,26.0,148.0411441584377
89219,130.5,26.5,146.1574428352244
89220,130.5,27.0,147.5387187652392
89221,130.5,27.5,146.1769979300792
89222,130.5,28.0,146.35356344434038
89223,130.5,28.5,150.7002864074807
89224,130.5,29.0,147.1752787271315
89225,130.5,29.5,148.1934757558571
89226,130.5,30.0,146.6849657085573
89227,130.5,30.5,145.69151047048828
89228,130.5,31.0,153.55571092057681
89229,130.5,31.5,159.91592007062286
89230,130.5,32.0,154.46835682268522
89231,130.5,32.5,154.89397780991325
89232,130.5,33.0,153.45714624533775
89233,130.5,33.5,153.2330355705378
89234,130.5,34.0,151.29537968568908
89235,130.5,34.5,147.99958512840553
89236,130.5,35.0,152.1757180624957
89237,130.5,35.5,151.08592661583347
89238,130.5,36.0,153.81694592107104
89239,130.5,36.5,148.83555174576966
89240,130.5,37.0,148.61770880930106
89241,131.0,-39.0,159.52672334800886
89242,131.0,-38.5,158.52840465326491
89243,131.0,-38.0,158.40395382087817
89244,131.0,-37.5,154.4282426922927
89245,131.0,-37.0,155.28545563099695
89246,131.0,-36.5,156.35396628311491
89247,131.0,-36.0,154.1211984673713
89248,131.0,-35.5,153.7171044642861
89249,131.0,-35.0,153.55695440539878
89250,131.0,-34.5,154.17343832404396
89251,131.0,-34.0,151.66029781605718
89252,131.0,-33.5,152.4394730965893
89253,131.0,-33.0,149.73260665923198
89254,131.0,-32.5,148.83074608667525
89255,131.0,-32.0,150.20389975091115
89256,131.0,-31.5,158.7575256094013
89257,131.0,-31.0,155.74668506700107
89258,131.0,-30.5,156.65658592771774
89259,131.0,-30.0,158.64830459897286
89260,131.0,-29.5,156.00073402628118
89261,131.0,-29.0,151.83773317942132
89262,131.0,-28.5,150.40709025957736
89263,131.0,-28.0,150.96232108880722
89264,131.0,-27.5,153.1662325921429
89265,131.0,-27.0,152.48649129578413
89266,131.0,-26.5,150.21530179820115
89267,131.0,-26.0,151.46308833441645
89268,131.0,-25.5,152.2285202908359
89269,131.0,-25.0,153.28720009569898
89270,131.0,-24.5,151.02507233877174
89271,131.0,-24.0,150.5914644026688
89272,131.0,-23.5,152.4324979565472
89273,131.0,-23.0,158.10620739150374
89274,131.0,-22.5,154.59654127900092
89275,131.0,-22.0,154.67256201757672
89276,131.0,-21.5,157.69342176125951
89277,131.0,-21.0,154.19581393782175
89278,131.0,-20.0,153.68127915085503
89279,131.0,-19.5,154.51005445083536
89280,131.0,-19.0,155.79099641002307
89281,131.0,-18.5,155.46538862532202
89282,131.0,-17.5,157.54216313459423
89283,131.0,-17.0,152.47723682280838
89284,131.0,-16.5,154.04339512000533
89285,131.0,-16.0,150.674171913692
89286,131.0,-15.0,149.87040296496468
89287,131.0,-14.5,150.77214014419067
89288,131.0,-14.0,151.47529410014982
89289,131.0,-13.5,153.7434945542817
89290,131.0,-13.0,151.5063043131706
89291,131.0,-12.5,155.6886447010378
89292,131.0,-12.0,154.50428166734252
89293,131.0,-11.5,150.56201999583877
89294,131.0,-11.0,147.55582359417494
89295,131.0,-10.5,155.6936384035875
89296,131.0,-10.0,152.41803836002308
89297,131.0,-9.5,149.20195348916715
89298,131.0,-9.0,148.93714137545942
89299,131.0,-8.5,151.54905948185822
89300,131.0,-8.0,167.92743839427033
89301,131.0,-7.5,171.01342704063123
89302,131.0,-6.0,168.75926509348892
89303,131.0,-5.5,152.6813019475352
89304,131.0,-5.0,150.41289332661682
89305,131.0,-4.5,148.8919884243278
89306,131.0,-4.0,152.7480224906583
89307,131.0,-3.5,150.70701151841803
89308,131.0,-3.0,148.0749778590153
89309,131.0,-2.5,147.94062906393617
89310,131.0,-2.0,148.29309042001216
89311,131.0,-1.5,151.55663370688623
89312,131.0,-1.0,158.63827410139308
89313,131.0,-0.5,148.7319227762839
89314,131.0,0.0,149.2352721810814
89315,131.0,0.5,153.21627909630206
89316,131.0,1.0,150.75455221439753
89317,131.0,1.5,151.72463549130737
89318,131.0,2.0,151.5291347149644
89319,131.0,2.5,151.05751511110302
89320,131.0,3.0,152.51033408894978
89321,131.0,3.5,155.35571709935132
89322,131.0,4.0,151.66320818931456
89323,131.0,4.5,151.98820322317334
89324,131.0,5.0,152.90743774493438
89325,131.0,5.5,152.87275566270543
89326,131.0,6.0,152.73151248051383
89327,131.0,6.5,153.7958792886159
89328,131.0,7.0,151.5920374164289
89329,131.0,7.5,149.46603387043413
89330,131.0,8.0,152.30317466004024
89331,131.0,8.5,152.02968389465792
89332,131.0,9.0,150.4127181124255
89333,131.0,9.5,150.54833428774106
89334,131.0,10.0,149.40066751426747
89335,131.0,10.5,151.81587782106547
89336,131.0,11.0,150.39841070145008
89337,131.0,11.5,147.82373644602424
89338,131.0,12.0,150.2005623703264
89339,131.0,12.5,149.3969429083398
89340,131.0,13.0,150.85823880144844
89341,131.0,13.5,149.6342723864812
89342,131.0,14.0,149.64810995088314
89343,131.0,14.5,152.36960939452624
89344,131.0,15.0,151.56849287434974
89345,131.0,15.5,150.03029798922756
89346,131.0,16.0,147.3819846387178
89347,131.0,16.5,152.7051088138553
89348,131.0,17.0,148.80121485943204
89349,131.0,17.5,147.84590861239906
89350,131.0,18.0,147.39122576472423
89351,131.0,18.5,147.19946585166264
89352,131.0,19.0,157.7678207151088
89353,131.0,20.0,145.6363914391157
89354,131.0,20.5,144.22841178514565
89355,131.0,21.0,152.44442323354855
89356,131.0,21.5,150.22391434880382
89357,131.0,22.0,148.99207799677868
89358,131.0,22.5,146.7209551154194
89359,131.0,23.0,148.24169752658992
89360,131.0,23.5,146.9155950620824
89361,131.0,24.0,145.84958223077442
89362,131.0,24.5,149.05643572662345
89363,131.0,25.0,149.0996993306785
89364,131.0,25.5,148.27964689413193
89365,131.0,26.0,148.67475282216307
89366,131.0,26.5,145.94117396014565
89367,131.0,27.0,147.88809483035638
89368,131.0,27.5,146.64805867102163
89369,131.0,28.0,145.12496958193057
89370,131.0,28.5,150.0631436764573
89371,131.0,29.0,148.0529158558462
89372,131.0,29.5,148.36499970335797
89373,131.0,30.0,147.4238930701564
89374,131.0,30.5,146.19327096715523
89375,131.0,31.0,152.0355335245544
89376,131.0,31.5,162.64337107660077
89377,131.0,32.0,153.5904546125911
89378,131.0,32.5,154.55875593283503
89379,131.0,33.0,151.87021238036093
89380,131.0,33.5,150.98379517578803
89381,131.0,34.0,152.37599949238668
89382,131.0,34.5,149.24942283171748
89383,131.0,35.0,158.68795932051034
89384,131.0,35.5,150.8327214089065
89385,131.0,36.0,152.2283140206151
89386,131.0,36.5,149.21398223612414
89387,131.0,37.0,148.72553614802473
89388,131.5,-39.0,159.4114393504354
89389,131.5,-38.5,158.69204471320964
89390,131.5,-38.0,159.0805488958043
89391,131.5,-37.5,155.79166132231055
89392,131.5,-37.0,153.97393943864765
89393,131.5,-36.5,156.1509452869419
89394,131.5,-36.0,153.61931426679936
89395,131.5,-35.5,152.5578269573883
89396,131.5,-35.0,153.49633241861866
89397,131.5,-34.5,153.40393713193714
89398,131.5,-34.0,151.79559441202528
89399,131.5,-33.5,152.71365599928183
89400,131.5,-33.0,150.07728482525164
89401,131.5,-32.5,149.4089459253239
89402,131.5,-32.0,149.519035365572
89403,131.5,-31.5,157.07959473065196
89404,131.5,-31.0,157.8008242864552
89405,131.5,-30.5,157.16373072350285
89406,131.5,-30.0,161.72216494088522
89407,131.5,-29.5,153.5657102264143
89408,131.5,-29.0,153.3746696936795
89409,131.5,-28.5,150.78457170999334
89410,131.5,-28.0,148.7501636338011
89411,131.5,-27.5,151.97358980847295
89412,131.5,-27.0,152.87806272403193
89413,131.5,-26.5,151.05854910390576
89414,131.5,-26.0,150.5945593462513
89415,131.5,-25.5,153.03290561035038
89416,131.5,-25.0,150.99194761482235
89417,131.5,-24.5,149.27770126370532
89418,131.5,-24.0,150.73928986007894
89419,131.5,-23.5,149.7307791728558
89420,131.5,-23.0,153.99556206262932
89421,131.5,-22.5,158.5554794970755
89422,131.5,-22.0,154.02396980436856
89423,131.5,-21.5,156.3034141389421
89424,131.5,-21.0,156.58352350840465
89425,131.5,-20.5,155.29108728221468
89426,131.5,-20.0,153.74308665956707
89427,131.5,-19.5,152.10924181613558
89428,131.5,-19.0,157.05628041558455
89429,131.5,-18.5,153.05877598835085
89430,131.5,-18.0,156.9960920438182
89431,131.5,-17.5,155.39901386759502
89432,131.5,-17.0,151.6737311563359
89433,131.5,-16.5,153.4028478508969
89434,131.5,-16.0,152.29350491804777
89435,131.5,-15.5,150.73047918660623
89436,131.5,-15.0,149.00719019951325
89437,131.5,-14.5,155.21041287268224
89438,131.5,-14.0,154.57337508810545
89439,131.5,-13.5,150.12850547384681
89440,131.5,-13.0,152.94686709031626
89441,131.5,-12.5,152.3747298049094
89442,131.5,-12.0,151.59866122685722
89443,131.5,-10.5,150.24391329619579
89444,131.5,-10.0,153.96626885970863
89445,131.5,-9.5,147.5686343935123
89446,131.5,-9.0,149.27445777968333
89447,131.5,-8.5,164.2551170773503
89448,131.5,-8.0,167.51854641281287
89449,131.5,-6.5,169.3319322296895
89450,131.5,-6.0,173.00080155354996
89451,131.5,-5.0,152.12649937299577
89452,131.5,-4.5,150.01224841544774
89453,131.5,-4.0,151.10080972678927
89454,131.5,-3.5,151.50676312601368
89455,131.5,-3.0,146.6316720335155
89456,131.5,-2.5,149.32052631424963
89457,131.5,-2.0,148.436895684738
89458,131.5,-1.5,151.81158200368077
89459,131.5,-1.0,148.9578830097832
89460,131.5,-0.5,147.49681679363047
89461,131.5,0.0,148.32010238333416
89462,131.5,0.5,149.17128318555118
89463,131.5,1.0,151.32836929617073
89464,131.5,1.5,150.78900210792492
89465,131.5,2.0,149.7117078107608
89466,131.5,2.5,151.7837757144299
89467,131.5,3.0,154.3894316905645
89468,131.5,3.5,151.28528693429905
89469,131.5,4.0,152.0213442976513
89470,131.5,4.5,153.20978331988803
89471,131.5,5.0,151.1554328646932
89472,131.5,5.5,150.70953471649466
89473,131.5,6.0,155.31177146078753
89474,131.5,6.5,153.5509969324273
89475,131.5,7.0,150.64973676914698
89476,131.5,7.5,153.95377253128996
89477,131.5,8.0,154.24449112765635
89478,131.5,8.5,153.39080548187576
89479,131.5,9.0,151.17181808909098
89480,131.5,9.5,152.3672921662737
89481,131.5,10.0,151.77919672425642
89482,131.5,10.5,150.95677853800424
89483,131.5,11.0,150.36627551906673
89484,131.5,11.5,150.8658847716685
89485,131.5,12.0,147.72019051629886
89486,131.5,12.5,152.4687117162514
89487,131.5,13.0,149.3501566650069
89488,131.5,13.5,150.40978202854816
89489,131.5,14.0,150.46983904010804
89490,131.5,14.5,150.25809058207798
89491,131.5,15.0,152.62381678384398
89492,131.5,15.5,148.990800275752
89493,131.5,16.0,151.47692002440263
89494,131.5,16.5,150.83610028417124
89495,131.5,17.0,150.14131041190262
89496,131.5,17.5,147.76393081848747
89497,131.5,18.0,147.71147033137922
89498,131.5,18.5,148.16043885902187
89499,131.5,19.0,158.1782146809495
89500,131.5,19.5,145.72599179293846
89501,131.5,20.0,145.34369757434146
89502,131.5,20.5,144.74880559347002
89503,131.5,21.0,155.2908893633974
89504,131.5,21.5,148.1340206506774
89505,131.5,22.0,149.1882525143685
89506,131.5,22.5,146.98978538534152
89507,131.5,23.0,146.91074278794994
89508,131.5,23.5,146.10345035492276
89509,131.5,24.0,147.8686978056814
89510,131.5,24.5,147.66861084792353
89511,131.5,25.0,148.76778774850305
89512,131.5,25.5,147.9736729730525
89513,131.5,26.0,149.90820695163345
89514,131.5,26.5,145.78917487118372
89515,131.5,27.0,148.1533515806993
89516,131.5,27.5,146.91895931138407
89517,131.5,28.0,145.76422327005136
89518,131.5,28.5,151.34265681892947
89519,131.5,29.0,148.82084559321711
89520,131.5,29.5,146.60967170553116
89521,131.5,30.0,147.64060417547975
89522,131.5,30.5,145.96702378049773
89523,131.5,31.0,155.48234705729453
89524,131.5,31.5,152.975471284026
89525,131.5,32.0,152.37778150689118
89526,131.5,32.5,156.287136348479
89527,131.5,33.0,151.4623382990851
89528,131.5,33.5,152.05657305387683
89529,131.5,34.0,151.21728632055826
89530,131.5,34.5,153.34405575881215
89531,131.5,35.5,152.86214646090068
89532,131.5,36.0,149.64792947300788
89533,131.5,36.5,150.08963402293918
89534,131.5,37.0,148.83337912597784
89535,132.0,-38.0,158.73130042144368
89536,132.0,-37.5,157.00659228098058
89537,132.0,-37.0,153.58636683352893
89538,132.0,-36.5,156.43787698659628
89539,132.0,-36.0,153.13076266237377
89540,132.0,-35.5,152.57437081794336
89541,132.0,-35.0,153.2777191124961
89542,132.0,-34.5,153.1700810547831
89543,132.0,-34.0,151.59426310765787
89544,132.0,-33.5,152.34555728416103
89545,132.0,-33.0,150.2286108747519
89546,132.0,-32.5,150.2542785924799
89547,132.0,-32.0,149.44039187556046
89548,132.0,-31.5,159.49692470976098
89549,132.0,-31.0,157.5187379456972
89550,132.0,-30.5,158.13225032605834
89551,132.0,-30.0,154.03942716790357
89552,132.0,-29.5,154.13332300409513
89553,132.0,-29.0,153.55051183255443
89554,132.0,-28.5,150.97704146971338
89555,132.0,-28.0,148.392586648599
89556,132.0,-27.5,150.4032740481034
89557,132.0,-27.0,151.6845556735015
89558,132.0,-26.5,151.7050212599768
89559,132.0,-26.0,151.419254439229
89560,132.0,-25.5,154.50704573642616
89561,132.0,-25.0,151.3238372781056
89562,132.0,-24.5,150.17131481804955
89563,132.0,-24.0,148.888883439507
89564,132.0,-23.5,152.75896331654636
89565,132.0,-23.0,154.14023527003715
89566,132.0,-22.5,156.6089189535037
89567,132.0,-22.0,156.07619289695492
89568,132.0,-21.5,156.444688420694
89569,132.0,-21.0,158.6160985591166
89570,132.0,-20.5,153.91009915338955
89571,132.0,-20.0,152.89647296757434
89572,132.0,-19.5,154.13780235144722
89573,132.0,-19.0,156.90582694280715
89574,132.0,-18.5,154.07550079779443
89575,132.0,-18.0,154.99064681054202
89576,132.0,-17.5,152.9100629199864
89577,132.0,-16.5,157.12645306115147
89578,132.0,-16.0,154.08719091857978
89579,132.0,-15.5,152.98311854231707
89580,132.0,-15.0,153.055005086875
89581,132.0,-14.5,162.57593412258464
89582,132.0,-14.0,154.70546406430947
89583,132.0,-13.5,148.20602461541137
89584,132.0,-13.0,151.69379438644677
89585,132.0,-12.5,150.18109107587213
89586,132.0,-12.0,151.41044078879736
89587,132.0,-11.0,151.84326636623717
89588,132.0,-10.5,150.38858529047033
89589,132.0,-10.0,147.17848807390203
89590,132.0,-9.5,157.95720949314557
89591,132.0,-9.0,156.41890115314845
89592,132.0,-8.5,156.73058341065916
89593,132.0,-7.0,169.48697461504187
89594,132.0,-6.5,172.26611287947748
89595,132.0,-5.0,151.86400341278286
89596,132.0,-4.5,151.93884297143376
89597,132.0,-4.0,151.0972313567231
89598,132.0,-3.5,150.1889176333189
89599,132.0,-3.0,151.6582375093189
89600,132.0,-2.5,148.4394091236443
89601,132.0,-2.0,151.06302096262536
89602,132.0,-1.5,150.0086566203739
89603,132.0,-1.0,145.92431761558848
89604,132.0,-0.5,153.74158108586775
89605,132.0,0.0,148.3385578674873
89606,132.0,0.5,150.50314563331403
89607,132.0,1.0,150.8511361258742
89608,132.0,1.5,148.49227823358413
89609,132.0,2.0,151.90731296559494
89610,132.0,2.5,151.86956818190438
89611,132.0,3.0,155.29962671357427
89612,132.0,3.5,151.8450221747898
89613,132.0,4.0,153.6265703073026
89614,132.0,4.5,152.17757994004984
89615,132.0,5.0,152.98765815377683
89616,132.0,5.5,154.5535670518916
89617,132.0,6.5,155.96853876931422
89618,132.0,7.0,153.3387825709757
89619,132.0,7.5,155.2683951892181
89620,132.0,8.0,154.20134211334087
89621,132.0,8.5,153.1227958294345
89622,132.0,9.0,153.9282565147841
89623,132.0,9.5,153.45174155847866
89624,132.0,10.0,153.55476684889666
89625,132.0,10.5,149.29130840528717
89626,132.0,11.0,150.0094898199562
89627,132.0,11.5,150.24236077297974
89628,132.0,12.0,153.31125984374853
89629,132.0,12.5,150.62067937768103
89630,132.0,13.0,149.02256222981737
89631,132.0,13.5,151.20426150632179
89632,132.0,14.0,150.97961234965854
89633,132.0,14.5,150.65438821208107
89634,132.0,15.0,151.09113431188774
89635,132.0,15.5,148.03502442611526
89636,132.0,16.0,151.90740283040947
89637,132.0,16.5,149.66514233698436
89638,132.0,17.0,148.9302113304166
89639,132.0,17.5,148.48475044199952
89640,132.0,18.0,147.82551524300771
89641,132.0,18.5,147.67304351262823
89642,132.0,19.0,146.81997020298792
89643,132.0,19.5,145.43884926953467
89644,132.0,20.0,144.460691764613
89645,132.0,20.5,148.78974535159975
89646,132.0,21.0,148.99396286563604
89647,132.0,21.5,151.54213534520014
89648,132.0,22.0,148.6242439685482
89649,132.0,22.5,146.5127839028051
89650,132.0,23.0,145.8715019310905
89651,132.0,23.5,145.85897752187978
89652,132.0,24.0,147.31073346681555
89653,132.0,24.5,152.31792567549866
89654,132.0,25.0,149.54294328429475
89655,132.0,25.5,148.0262089649683
89656,132.0,26.0,148.79490479337824
89657,132.0,26.5,146.16836737121088
89658,132.0,27.0,147.4174966990122
89659,132.0,27.5,146.69025169813858
89660,132.0,28.0,145.6828386782488
89661,132.0,28.5,152.63903746089318
89662,132.0,29.0,147.47643148586883
89663,132.0,29.5,147.64739698529542
89664,132.0,30.0,147.63481536843864
89665,132.0,30.5,146.45315369655876
89666,132.0,31.0,154.22284144874683
89667,132.0,31.5,154.83742060853297
89668,132.0,32.0,151.38583706872632
89669,132.0,32.5,151.06814706283942
89670,132.0,33.0,155.73858416324418
89671,132.0,33.5,149.46198431622238
89672,132.0,34.0,152.52351566858633
89673,132.0,34.5,152.0861302471497
89674,132.0,35.5,152.92917741371272
89675,132.0,36.0,150.10012277564886
89676,132.0,36.5,150.03224826336393
89677,132.0,37.0,148.65969496543363
89678,132.5,-38.0,158.19290480433287
89679,132.5,-37.5,157.85555250746162
89680,132.5,-37.0,154.03080822428961
89681,132.5,-36.5,153.987816402346
89682,132.5,-36.0,154.6034938018362
89683,132.5,-35.5,152.51601383447564
89684,132.5,-35.0,152.4732524401854
89685,132.5,-34.5,152.84680524656864
89686,132.5,-34.0,154.66447600524677
89687,132.5,-33.5,151.08717637713826
89688,132.5,-33.0,151.98611238464366
89689,132.5,-32.5,150.7652370322501
89690,132.5,-32.0,151.74352409056686
89691,132.5,-31.5,159.4137409948078
89692,132.5,-31.0,150.3097010304587
89693,132.5,-30.5,150.80557324518176
89694,132.5,-30.0,152.32206488647486
89695,132.5,-29.5,155.28824692743862
89696,132.5,-29.0,155.58223639107297
89697,132.5,-28.5,153.5790968741065
89698,132.5,-28.0,149.74065987794552
89699,132.5,-27.5,150.7118558736376
89700,132.5,-27.0,153.34298326506084
89701,132.5,-26.5,152.35885289056213
89702,132.5,-26.0,152.19267980834567
89703,132.5,-25.5,152.7719834454199
89704,132.5,-25.0,151.7594713795502
89705,132.5,-24.5,150.17649131576894
89706,132.5,-24.0,147.8355018266859
89707,132.5,-23.5,148.04907430655456
89708,132.5,-23.0,155.32418198102604
89709,132.5,-22.5,157.05483816163007
89710,132.5,-22.0,156.23348408524376
89711,132.5,-21.5,155.55988710963155
89712,132.5,-21.0,155.8951172594819
89713,132.5,-20.5,155.3750260147641
89714,132.5,-20.0,150.36557428017915
89715,132.5,-19.5,155.08174311729434
89716,132.5,-19.0,152.70102652758308
89717,132.5,-18.5,157.06214313268006
89718,132.5,-18.0,155.72351540890205
89719,132.5,-17.5,160.00484617007518
89720,132.5,-17.0,157.53820129336037
89721,132.5,-16.5,157.11719825328817
89722,132.5,-16.0,153.0208358777853
89723,132.5,-15.5,152.66801718989024
89724,132.5,-15.0,152.48091751878079
89725,132.5,-14.5,159.08038589522093
89726,132.5,-14.0,150.59368484732212
89727,132.5,-13.5,153.09195007272282
89728,132.5,-13.0,149.84259842633654
89729,132.5,-12.5,150.65620332470286
89730,132.5,-11.5,155.3665941670799
89731,132.5,-11.0,153.0186670724778
89732,132.5,-10.5,147.9706275659995
89733,132.5,-10.0,146.81413740288363
89734,132.5,-9.5,154.14970608877042
89735,132.5,-9.0,164.3053006120392
89736,132.5,-8.5,154.00307347597555
89737,132.5,-8.0,147.81376657746404
89738,132.5,-7.5,169.79431546132164
89739,132.5,-7.0,171.6576609240534
89740,132.5,-6.5,173.04556588722735
89741,132.5,-5.0,152.3826336520104
89742,132.5,-4.5,152.5899391340316
89743,132.5,-4.0,150.64805326055503
89744,132.5,-3.5,152.7279304257605
89745,132.5,-3.0,152.23962551171408
89746,132.5,-2.5,151.63769932065148
89747,132.5,-2.0,148.77946064506764
89748,132.5,-1.5,145.43195162665685
89749,132.5,-1.0,145.48130192861274
89750,132.5,-0.5,148.76661800346417
89751,132.5,0.0,150.7686187996234
89752,132.5,0.5,150.87802694259187
89753,132.5,1.0,149.21610585442156
89754,132.5,1.5,150.11880034015186
89755,132.5,2.0,151.2038108280421
89756,132.5,2.5,153.1446253455459
89757,132.5,3.0,153.87958772763764
89758,132.5,3.5,156.36279881007007
89759,132.5,4.0,153.4364642732148
89760,132.5,4.5,151.45932182292333
89761,132.5,5.0,153.9737568924261
89762,132.5,5.5,154.63232045028147
89763,132.5,6.0,153.19030070371588
89764,132.5,6.5,156.31573421973104
89765,132.5,7.0,156.39168637690614
89766,132.5,7.5,155.7080493138644
89767,132.5,8.0,156.659168624303
89768,132.5,8.5,155.51379804945614
89769,132.5,9.0,156.1693979552287
89770,132.5,9.5,156.09781364642095
89771,132.5,10.0,153.2008368159737
89772,132.5,10.5,154.00831171704067
89773,132.5,11.0,150.57227340346896
89774,132.5,12.0,152.43730936481876
89775,132.5,12.5,148.71806315991668
89776,132.5,13.0,151.23261116315783
89777,132.5,13.5,151.2943304151883
89778,132.5,14.0,151.47604610880776
89779,132.5,14.5,151.83185443455588
89780,132.5,15.0,149.39842129218192
89781,132.5,16.0,148.77296563189864
89782,132.5,16.5,148.42841726119437
89783,132.5,17.0,148.0590052646418
89784,132.5,17.5,149.64844932138868
89785,132.5,18.0,147.75582308108474
89786,132.5,18.5,147.75716224112637
89787,132.5,19.0,146.7850076770608
89788,132.5,19.5,144.71215661640792
89789,132.5,20.0,144.4779660931803
89790,132.5,20.5,154.0569652309881
89791,132.5,21.0,147.571885465498
89792,132.5,21.5,148.3245361985242
89793,132.5,22.0,147.57345928978773
89794,132.5,22.5,151.5582160676886
89795,132.5,23.0,145.1917990109516
89796,132.5,23.5,145.93413334765398
89797,132.5,24.0,147.03365159041127
89798,132.5,24.5,149.17171163955942
89799,132.5,25.0,149.05200574076994
89800,132.5,25.5,148.1214077893369
89801,132.5,26.0,148.87895282671508
89802,132.5,26.5,148.62780448332435
89803,132.5,27.0,147.68557719188482
89804,132.5,27.5,146.90555051876544
89805,132.5,28.0,146.41563541879643
89806,132.5,28.5,150.6879090434995
89807,132.5,29.0,146.87987273587325
89808,132.5,29.5,148.45621486657578
89809,132.5,30.0,147.6291953347097
89810,132.5,30.5,147.20473293818034
89811,132.5,31.0,150.18197175324383
89812,132.5,31.5,154.38002286281713
89813,132.5,32.0,153.2055807869971
89814,132.5,32.5,152.24813032070838
89815,132.5,33.0,157.19891763243143
89816,132.5,33.5,151.25414960207107
89817,132.5,34.0,152.83168054181417
89818,132.5,34.5,153.55464440655652
89819,132.5,35.0,152.26218775544965
89820,132.5,35.5,154.3804855572476
89821,132.5,36.0,149.8372986387381
89822,132.5,36.5,150.37157259706646
89823,132.5,37.0,148.38309195556226
89824,133.0,-38.0,160.98265424630398
89825,133.0,-37.5,158.93401194330193
89826,133.0,-37.0,154.50801820486228
89827,133.0,-36.5,151.48015868053932
89828,133.0,-36.0,153.13749074636124
89829,133.0,-35.5,152.2049552003823
89830,133.0,-35.0,152.36566779721204
89831,133.0,-34.5,152.75965523013272
89832,133.0,-34.0,153.36587823702152
89833,133.0,-33.5,151.56182997675387
89834,133.0,-33.0,152.24871327555582
89835,133.0,-32.5,150.58560632731997
89836,133.0,-32.0,153.60039101659018
89837,133.0,-31.5,151.61407247725137
89838,133.0,-31.0,150.8982285994162
89839,133.0,-30.5,151.45532913288216
89840,133.0,-30.0,153.5445391152484
89841,133.0,-29.5,154.92570154300483
89842,133.0,-29.0,156.6010816379757
89843,133.0,-28.5,156.10606489449657
89844,133.0,-28.0,151.76631441053107
89845,133.0,-27.5,151.33109677593882
89846,133.0,-27.0,152.65718091545963
89847,133.0,-26.5,153.32324760688738
89848,133.0,-26.0,155.3969185156899
89849,133.0,-25.5,152.6657127827583
89850,133.0,-25.0,151.21839716246478
89851,133.0,-24.5,151.47242728730544
89852,133.0,-24.0,147.97742802018817
89853,133.0,-23.5,147.4768886467582
89854,133.0,-23.0,157.2288676770164
89855,133.0,-22.5,154.71197768251096
89856,133.0,-22.0,155.59600111964346
89857,133.0,-21.5,155.07141494996733
89858,133.0,-21.0,158.16353991259666
89859,133.0,-20.5,153.4138048142705
89860,133.0,-20.0,155.85855365236264
89861,133.0,-19.5,155.87930138259492
89862,133.0,-19.0,154.21561220931738
89863,133.0,-18.5,156.3834227401835
89864,133.0,-18.0,154.28214655507284
89865,133.0,-17.5,155.2777213863813
89866,133.0,-17.0,156.8986971638432
89867,133.0,-16.5,153.77643630536605
89868,133.0,-16.0,151.9046486876253
89869,133.0,-15.5,152.62405772924632
89870,133.0,-15.0,156.62947117208736
89871,133.0,-14.5,151.1508305728168
89872,133.0,-14.0,154.34621672544475
89873,133.0,-13.5,149.7678284188816
89874,133.0,-13.0,146.29210926069464
89875,133.0,-12.5,149.5463469960196
89876,133.0,-12.0,151.68283037080786
89877,133.0,-11.5,151.36196624152518
89878,133.0,-11.0,149.53023128369608
89879,133.0,-10.5,147.3648812536804
89880,133.0,-10.0,150.49166305065177
89881,133.0,-9.5,160.1909480204059
89882,133.0,-9.0,160.35049518771487
89883,133.0,-8.5,159.07030149040963
89884,133.0,-8.0,150.20413660931672
89885,133.0,-7.5,164.82677574602633
89886,133.0,-7.0,173.11414097846895
89887,133.0,-5.5,156.63348231651636
89888,133.0,-5.0,152.6658157973786
89889,133.0,-4.0,152.454213632508
89890,133.0,-3.5,150.8654059502976
89891,133.0,-3.0,149.5748355206951
89892,133.0,-2.5,152.56056231223664
89893,133.0,-2.0,146.69791071182112
89894,133.0,-1.5,147.11140062798745
89895,133.0,-1.0,145.3421034418915
89896,133.0,-0.5,150.79073263706678
89897,133.0,0.0,150.8292064299652
89898,133.0,0.5,151.02038300968135
89899,133.0,1.0,149.3342433476204
89900,133.0,1.5,152.37665802706368
89901,133.0,2.0,153.3148651761179
89902,133.0,2.5,153.0655870576872
89903,133.0,3.0,157.0153912419138
89904,133.0,3.5,159.2801917184032
89905,133.0,4.0,154.26568330593588
89906,133.0,4.5,153.94124901150315
89907,133.0,5.0,154.43040158914937
89908,133.0,5.5,154.04868403861153
89909,133.0,6.0,154.28893538634566
89910,133.0,7.0,157.63441873036058
89911,133.0,7.5,156.93329794024658
89912,133.0,8.0,157.10307859146428
89913,133.0,8.5,156.85383533123522
89914,133.0,9.0,156.9596169826716
89915,133.0,9.5,154.7120787957103
89916,133.0,10.0,153.2425130302316
89917,133.0,10.5,153.88128594803624
89918,133.0,11.0,152.33212619426212
89919,133.0,11.5,152.12450640451468
89920,133.0,12.0,152.21081912051264
89921,133.0,12.5,152.25586261510696
89922,133.0,13.0,152.09993034111432
89923,133.0,13.5,152.3480216086255
89924,133.0,14.0,150.98140166949798
89925,133.0,14.5,151.79894200935422
89926,133.0,15.0,149.4153904814129
89927,133.0,15.5,149.68193055445767
89928,133.0,16.0,149.3268905810958
89929,133.0,16.5,148.85471039746577
89930,133.0,17.0,148.7344543458379
89931,133.0,17.5,148.45162426526133
89932,133.0,18.0,150.06292946354003
89933,133.0,18.5,147.73790148598556
89934,133.0,19.0,146.40720095917166
89935,133.0,19.5,145.23907000262002
89936,133.0,20.0,157.04390207082113
89937,133.0,20.5,149.11831722512164
89938,133.0,21.0,147.27321675526784
89939,133.0,21.5,146.92037741036543
89940,133.0,22.0,147.24103462169037
89941,133.0,22.5,151.936765250112
89942,133.0,23.0,145.9529573626147
89943,133.0,23.5,146.25246014992769
89944,133.0,24.0,149.4613358396406
89945,133.0,24.5,148.2083775927381
89946,133.0,25.0,147.90280082799848
89947,133.0,25.5,148.5510781644229
89948,133.0,26.0,148.93100074434446
89949,133.0,26.5,148.4934430440022
89950,133.0,27.0,148.32944210934895
89951,133.0,27.5,146.560052171888
89952,133.0,28.0,147.56352395837825
89953,133.0,28.5,147.1863933182919
89954,133.0,29.5,148.24730857165602
89955,133.0,30.0,147.10301941308188
89956,133.0,30.5,149.18365080435922
89957,133.0,31.0,147.23025130436994
89958,133.0,31.5,151.87451428352887
89959,133.0,32.0,147.607583843122
89960,133.0,32.5,152.0387112958958
89961,133.0,33.0,155.64344147502337
89962,133.0,33.5,147.38735021490228
89963,133.0,34.0,152.2957386205721
89964,133.0,34.5,154.86925254358945
89965,133.0,35.0,150.67926048908475
89966,133.0,35.5,153.81234868567125
89967,133.0,36.0,148.6278503792523
89968,133.0,36.5,153.4784280045443
89969,133.0,37.0,148.30080525352977
89970,133.5,-37.5,161.19888928280716
89971,133.5,-37.0,154.19378175029723
89972,133.5,-36.5,151.3225154563082
89973,133.5,-36.0,152.85660925530954
89974,133.5,-35.5,152.25542490639475
89975,133.5,-35.0,153.38450694104097
89976,133.5,-34.5,152.77602380153135
89977,133.5,-34.0,153.29009245558632
89978,133.5,-33.5,151.03953222578687
89979,133.5,-33.0,152.529413631494
89980,133.5,-32.5,150.61560496877834
89981,133.5,-32.0,158.32967722756447
89982,133.5,-31.5,151.30459788680247
89983,133.5,-31.0,151.0460802006866
89984,133.5,-30.5,154.67659159048435
89985,133.5,-30.0,155.263026468874
89986,133.5,-29.5,156.41234577125235
89987,133.5,-29.0,156.58142445623136
89988,133.5,-28.5,157.2278071701008
89989,133.5,-28.0,154.06801344679616
89990,133.5,-27.5,152.9340337501768
89991,133.5,-27.0,151.83886637159563
89992,133.5,-26.5,152.2564667095498
89993,133.5,-26.0,154.0339208826158
89994,133.5,-25.5,152.58903375124984
89995,133.5,-25.0,151.52658591684633
89996,133.5,-24.5,152.79311291224766
89997,133.5,-24.0,150.13167258932245
89998,133.5,-23.5,155.482469415996
89999,133.5,-23.0,156.11455749876617
90000,133.5,-22.5,156.68966768502418
90001,133.5,-21.5,150.22812945827806
90002,133.5,-21.0,156.291650603297
90003,133.5,-20.5,154.66021729163802
90004,133.5,-20.0,158.8676362672916
90005,133.5,-19.5,155.0666168741627
90006,133.5,-19.0,154.29406370079744
90007,133.5,-18.5,153.81230280977363
90008,133.5,-17.5,153.8357708161775
90009,133.5,-17.0,154.5721114601569
90010,133.5,-16.5,151.79738302038444
90011,133.5,-16.0,154.17127719826695
90012,133.5,-15.5,158.14050736563217
90013,133.5,-15.0,157.14880845749073
90014,133.5,-14.5,149.63500456159505
90015,133.5,-14.0,147.8684232591885
90016,133.5,-13.5,148.03300402338897
90017,133.5,-12.5,146.27719171499538
90018,133.5,-12.0,150.32208382880327
90019,133.5,-11.5,151.0623267320561
90020,133.5,-11.0,147.32808461869374
90021,133.5,-10.5,150.73884128189962
90022,133.5,-10.0,162.22456239931603
90023,133.5,-9.5,161.57780090438467
90024,133.5,-9.0,146.97109283668308
90025,133.5,-8.5,159.0805151841525
90026,133.5,-8.0,172.04033239952977
90027,133.5,-7.5,157.8408501439177
90028,133.5,-7.0,146.81088920286302
90029,133.5,-5.5,151.1088609954394
90030,133.5,-5.0,150.9772170029496
90031,133.5,-4.0,154.1312427656225
90032,133.5,-3.5,154.02875263190404
90033,133.5,-3.0,147.91887720690718
90034,133.5,-2.5,153.9983901676085
90035,133.5,-2.0,150.41379931809666
90036,133.5,-1.5,145.3057438232449
90037,133.5,-1.0,147.0173894680109
90038,133.5,-0.5,154.23150455402896
90039,133.5,0.0,152.7226529306399
90040,133.5,0.5,152.00459105718994
90041,133.5,1.0,152.36270920502685
90042,133.5,1.5,155.42213186376648
90043,133.5,2.0,151.4033419716967
90044,133.5,2.5,157.17149597516266
90045,133.5,3.0,156.06477637814032
90046,133.5,3.5,157.04362779074697
90047,133.5,4.0,155.73457247432782
90048,133.5,4.5,155.75817664775437
90049,133.5,5.0,155.3342319597302
90050,133.5,5.5,152.9665308766783
90051,133.5,6.0,155.45052767045834
90052,133.5,6.5,152.40465980242413
90053,133.5,7.0,155.97823375408993
90054,133.5,7.5,155.33669434812097
90055,133.5,8.0,156.62109229793518
90056,133.5,8.5,158.91560422908546
90057,133.5,9.0,156.41927383695887
90058,133.5,9.5,153.67309604792223
90059,133.5,10.0,158.17149340255523
90060,133.5,10.5,156.77023052206593
90061,133.5,11.0,153.8747902092883
90062,133.5,11.5,155.4498501243267
90063,133.5,12.0,151.46498487622557
90064,133.5,12.5,154.3094665834382
90065,133.5,13.0,152.74341948874516
90066,133.5,13.5,151.63207156058564
90067,133.5,14.0,152.62450281765405
90068,133.5,14.5,150.5721921091112
90069,133.5,15.5,149.98011804285917
90070,133.5,16.0,149.9412163609468
90071,133.5,16.5,149.20264680669277
90072,133.5,17.0,148.85466310566198
90073,133.5,17.5,147.64882799227834
90074,133.5,18.0,148.91017131832956
90075,133.5,18.5,146.6390443194656
90076,133.5,19.0,147.34351356705199
90077,133.5,19.5,146.22415018405198
90078,133.5,20.0,158.6343275392363
90079,133.5,20.5,144.42305140610867
90080,133.5,21.0,148.10277563787466
90081,133.5,21.5,147.02630024872983
90082,133.5,22.0,146.5791712108923
90083,133.5,22.5,146.64990932112562
90084,133.5,23.0,152.24240340522968
90085,133.5,23.5,146.71947324693198
90086,133.5,24.0,149.58068304718748
90087,133.5,24.5,147.78118637110506
90088,133.5,25.0,148.5374583458992
90089,133.5,25.5,148.23801127449923
90090,133.5,26.0,148.9384748871009
90091,133.5,26.5,148.3400331673879
90092,133.5,27.0,149.54006879680048
90093,133.5,27.5,146.63974217021917
90094,133.5,28.0,147.45546506822865
90095,133.5,28.5,147.092251132221
90096,133.5,29.0,147.05102224774063
90097,133.5,29.5,147.69928443268773
90098,133.5,30.0,148.52567007931364
90099,133.5,30.5,149.59864991674473
90100,133.5,31.0,145.9004287704212
90101,133.5,32.0,146.8541850327393
90102,133.5,32.5,151.52538418515857
90103,133.5,33.0,156.68316513353176
90104,133.5,33.5,151.81563898377132
90105,133.5,34.0,151.6378624125241
90106,133.5,34.5,153.48903221641706
90107,133.5,35.0,150.95724332681803
90108,133.5,35.5,151.14937115559732
90109,133.5,36.0,148.3092260347204
90110,133.5,36.5,153.5193425883788
90111,133.5,37.0,148.3031216853052
90112,134.0,-37.5,161.01482086785074
90113,134.0,-37.0,153.74593174878984
90114,134.0,-36.5,151.02784171622665
90115,134.0,-36.0,151.95200283304808
90116,134.0,-35.5,152.2579472778635
90117,134.0,-35.0,152.6604444641119
90118,134.0,-34.0,152.9429952271092
90119,134.0,-33.5,151.38015122714233
90120,134.0,-33.0,152.1735751322038
90121,134.0,-32.5,154.18577589312534
90122,134.0,-32.0,161.8060885568863
90123,134.0,-31.5,152.1827665951606
90124,134.0,-31.0,150.0244958245264
90125,134.0,-30.5,157.30999238109632
90126,134.0,-30.0,157.7683425614668
90127,134.0,-29.5,156.2442726268586
90128,134.0,-29.0,156.87780288786064
90129,134.0,-28.5,157.07588562873883
90130,134.0,-28.0,154.6892899111728
90131,134.0,-27.5,151.79808605851193
90132,134.0,-27.0,149.90292172719123
90133,134.0,-26.5,152.9111655653107
90134,134.0,-26.0,152.45185400069107
90135,134.0,-25.5,150.43275922597115
90136,134.0,-25.0,150.8511452180709
90137,134.0,-24.5,151.24305237952623
90138,134.0,-24.0,151.71190887957528
90139,134.0,-23.5,145.96962772783687
90140,134.0,-23.0,153.80200746313352
90141,134.0,-22.5,156.78562611529796
90142,134.0,-22.0,155.1159394027856
90143,134.0,-21.5,155.27621132838794
90144,134.0,-21.0,154.02318356467603
90145,134.0,-20.5,159.1310623164211
90146,134.0,-20.0,156.67022689580241
90147,134.0,-19.5,151.08169858468324
90148,134.0,-19.0,152.7705014636272
90149,134.0,-18.5,151.9729472647782
90150,134.0,-17.5,155.0791277598189
90151,134.0,-17.0,152.98895974318665
90152,134.0,-16.5,154.96100872513114
90153,134.0,-16.0,153.00615023318198
90154,134.0,-15.5,165.94528336552588
90155,134.0,-15.0,150.11139812976973
90156,134.0,-14.5,147.4692161631247
90157,134.0,-14.0,149.73753947822547
90158,134.0,-13.5,149.14358667859975
90159,134.0,-12.5,149.17821688906454
90160,134.0,-12.0,150.85630800924275
90161,134.0,-11.5,150.92663847583006
90162,134.0,-11.0,157.32271751480292
90163,134.0,-10.5,162.39476716626498
90164,134.0,-10.0,158.09238697503693
90165,134.0,-9.5,160.99678207887627
90166,134.0,-9.0,147.00429809470742
90167,134.0,-8.5,149.342783388029
90168,134.0,-8.0,167.06625432601967
90169,134.0,-7.5,153.43652787372417
90170,134.0,-7.0,149.69414170240125
90171,134.0,-6.0,153.8506569635507
90172,134.0,-5.5,152.0922971170936
90173,134.0,-4.5,150.54162500100185
90174,134.0,-4.0,151.74205844648708
90175,134.0,-3.5,149.43608403111696
90176,134.0,-3.0,148.35678034407175
90177,134.0,-2.5,148.9706299197864
90178,134.0,-2.0,152.47872618431686
90179,134.0,-1.5,147.62153972016912
90180,134.0,-1.0,150.14178487767322
90181,134.0,-0.5,151.98793527337395
90182,134.0,0.0,152.6007429657238
90183,134.0,0.5,152.66849307580605
90184,134.0,1.0,153.91539827268846
90185,134.0,1.5,151.97326861525897
90186,134.0,2.0,150.96099631211936
90187,134.0,2.5,155.3566102567628
90188,134.0,3.0,152.90691259989995
90189,134.0,3.5,156.01426967021283
90190,134.0,4.5,154.02924878591867
90191,134.0,5.0,153.45926955505203
90192,134.0,5.5,155.48895418134018
90193,134.0,6.0,155.14702522615502
90194,134.0,6.5,155.91186425727486
90195,134.0,7.0,152.70928224908118
90196,134.0,7.5,160.93869048640104
90197,134.0,8.0,156.5877368590802
90198,134.0,8.5,153.0939250888576
90199,134.0,9.0,156.60410367103532
90200,134.0,9.5,154.66312397241808
90201,134.0,10.0,157.25809692621553
90202,134.0,11.0,156.23146727174841
90203,134.0,11.5,154.23289613466366
90204,134.0,12.0,154.09932294343045
90205,134.0,12.5,155.41626124011904
90206,134.0,13.0,152.70992554030985
90207,134.0,13.5,154.0377073633352
90208,134.0,14.0,152.82695673966015
90209,134.0,14.5,151.58236583920194
90210,134.0,15.0,152.4926323004003
90211,134.0,15.5,150.85272453284125
90212,134.0,16.0,150.93597108991645
90213,134.0,16.5,150.46775455579598
90214,134.0,17.0,149.01881075075892
90215,134.0,18.0,147.8837774443287
90216,134.0,18.5,147.3895844141669
90217,134.0,19.0,146.35673015969704
90218,134.0,19.5,148.70451287023081
90219,134.0,20.0,146.39403486746647
90220,134.0,20.5,148.44353277010913
90221,134.0,21.0,145.08028798277346
90222,134.0,21.5,147.25290648628794
90223,134.0,22.0,145.65210139445477
90224,134.0,22.5,145.31504515027413
90225,134.0,23.0,153.65183845542586
90226,134.0,23.5,148.9668303848091
90227,134.0,24.0,149.16663737720728
90228,134.0,24.5,147.8282638235364
90229,134.0,25.0,147.8926948967622
90230,134.0,25.5,149.10084902107215
90231,134.0,26.0,148.83073208098727
90232,134.0,26.5,147.91212714614312
90233,134.0,27.0,149.67932691528043
90234,134.0,27.5,147.49583208731622
90235,134.0,28.0,146.51525950781746
90236,134.0,28.5,147.17396242748939
90237,134.0,29.0,146.93176449955266
90238,134.0,29.5,147.82781454912475
90239,134.0,30.0,148.93355512203286
90240,134.0,30.5,148.99887350154648
90241,134.0,31.0,145.94777653088943
90242,134.0,31.5,145.94508235935803
90243,134.0,32.0,147.18536573048837
90244,134.0,32.5,150.4054029941298
90245,134.0,33.0,153.94634401669347
90246,134.0,33.5,155.20180542898564
90247,134.0,34.0,150.38891416877937
90248,134.0,34.5,156.68399364197654
90249,134.0,35.0,152.15656672941984
90250,134.0,35.5,152.24033730164766
90251,134.0,36.0,148.5300860363145
90252,134.0,36.5,153.63800527642317
90253,134.0,37.0,148.23115598646237
90254,134.5,-37.5,158.99804307536957
90255,134.5,-37.0,154.5870670960516
90256,134.5,-36.5,151.98784349615454
90257,134.5,-36.0,151.85950527954827
90258,134.5,-35.5,152.29154004163192
90259,134.5,-35.0,152.28173126593504
90260,134.5,-34.5,151.19578744657323
90261,134.5,-34.0,152.04443031622873
90262,134.5,-33.5,152.64300038118495
90263,134.5,-33.0,155.46504278647836
90264,134.5,-32.5,156.33804450063562
90265,134.5,-32.0,161.00482020828926
90266,134.5,-31.5,153.69954796499798
90267,134.5,-31.0,154.29990233642656
90268,134.5,-30.5,157.62721491496714
90269,134.5,-30.0,156.85146753762322
90270,134.5,-29.5,158.2580293928545
90271,134.5,-29.0,155.30912067326503
90272,134.5,-28.5,154.91192376032075
90273,134.5,-28.0,152.4519889900503
90274,134.5,-27.5,151.21855841288692
90275,134.5,-27.0,152.82988448899204
90276,134.5,-26.5,151.1489498450535
90277,134.5,-26.0,152.43998383495997
90278,134.5,-25.5,151.78171078840106
90279,134.5,-25.0,149.78519358068027
90280,134.5,-24.5,148.44994010626397
90281,134.5,-24.0,152.00666954767144
90282,134.5,-23.5,147.85904495692316
90283,134.5,-23.0,154.99180145465823
90284,134.5,-22.0,150.03587598320408
90285,134.5,-21.5,153.09444903368401
90286,134.5,-21.0,157.87786929149536
90287,134.5,-20.5,153.3273967231337
90288,134.5,-20.0,152.37801972884574
90289,134.5,-19.5,156.8142208444066
90290,134.5,-19.0,153.60391779252836
90291,134.5,-18.5,151.46682158779032
90292,134.5,-18.0,153.05538105327977
90293,134.5,-17.5,153.11825994693166
90294,134.5,-17.0,153.26422323620056
90295,134.5,-16.5,154.0032336224922
90296,134.5,-16.0,164.07721185749756
90297,134.5,-15.5,157.58619637863654
90298,134.5,-15.0,150.40375042269196
90299,134.5,-14.5,147.5357992253457
90300,134.5,-14.0,146.7020294580132
90301,134.5,-13.5,150.09517539231203
90302,134.5,-13.0,150.5115203277182
90303,134.5,-12.5,148.359054039233
90304,134.5,-12.0,149.75261990518348
90305,134.5,-11.5,152.13047404209647
90306,134.5,-11.0,151.07806152132378
90307,134.5,-10.5,160.1669194871001
90308,134.5,-8.5,160.44197235892472
90309,134.5,-8.0,154.60918386258655
90310,134.5,-7.5,159.49113598315515
90311,134.5,-7.0,156.122692814043
90312,134.5,-6.5,153.038938871568
90313,134.5,-6.0,151.32346152690093
90314,134.5,-5.0,151.99782586233584
90315,134.5,-4.5,151.47221028736183
90316,134.5,-4.0,150.5332310457711
90317,134.5,-3.5,149.31267009632086
90318,134.5,-3.0,150.11220695666086
90319,134.5,-2.5,149.9525090211994
90320,134.5,-2.0,150.0977176487978
90321,134.5,-1.5,150.13418520317566
90322,134.5,-1.0,150.25107309554187
90323,134.5,-0.5,151.39713765070448
90324,134.5,0.0,152.72581505285578
90325,134.5,0.5,151.47093855967293
90326,134.5,1.0,153.74418373526677
90327,134.5,1.5,152.53276467515272
90328,134.5,2.0,154.9078137524249
90329,134.5,2.5,154.23918298711743
90330,134.5,3.0,152.53099358473477
90331,134.5,3.5,157.6545737459353
90332,134.5,4.0,156.76872590750463
90333,134.5,4.5,153.44225779241077
90334,134.5,5.0,151.1997651012455
90335,134.5,5.5,154.68916583473236
90336,134.5,6.0,153.96210593315752
90337,134.5,6.5,157.51009621438436
90338,134.5,7.0,159.0731361188622
90339,134.5,7.5,162.9099742004061
90340,134.5,8.0,157.44766302538886
90341,134.5,8.5,153.08667676007124
90342,134.5,9.0,151.321795579221
90343,134.5,9.5,157.75756532862263
90344,134.5,10.0,155.12744800978467
90345,134.5,10.5,155.9659094389442
90346,134.5,11.0,159.84192629174652
90347,134.5,11.5,154.82866858715673
90348,134.5,12.0,156.0909167621726
90349,134.5,12.5,154.42305009906232
90350,134.5,13.0,155.34672282291
90351,134.5,13.5,153.90729579623726
90352,134.5,14.0,152.93886380859803
90353,134.5,14.5,154.10816542434458
90354,134.5,15.0,153.12461555656472
90355,134.5,15.5,151.92800130326538
90356,134.5,16.0,151.4759687596209
90357,134.5,16.5,151.89278918825653
90358,134.5,17.0,149.50036631477738
90359,134.5,17.5,149.01076127034898
90360,134.5,18.0,147.1169368092124
90361,134.5,18.5,147.87074956313822
90362,134.5,19.0,146.44066782491524
90363,134.5,19.5,156.62663872421135
90364,134.5,20.0,146.6156085883144
90365,134.5,20.5,147.84098518541956
90366,134.5,21.0,147.13257544497208
90367,134.5,21.5,147.5980331139101
90368,134.5,22.0,145.66031834581963
90369,134.5,22.5,148.63876905399778
90370,134.5,23.0,148.1275630033243
90371,134.5,23.5,152.34671050382187
90372,134.5,24.0,147.29545570313135
90373,134.5,24.5,147.9670805321883
90374,134.5,25.0,148.56478578559143
90375,134.5,25.5,149.5510485341902
90376,134.5,26.0,149.17065336809816
90377,134.5,26.5,147.9887359833481
90378,134.5,27.0,150.10918351263922
90379,134.5,27.5,148.19668255053583
90380,134.5,28.0,146.34834835856933
90381,134.5,28.5,146.87892127325776
90382,134.5,29.0,148.24303580057625
90383,134.5,30.0,149.00086734728785
90384,134.5,30.5,148.9893793217673
90385,134.5,31.0,147.69339511749266
90386,134.5,31.5,145.85338868835206
90387,134.5,32.0,149.71281158553649
90388,134.5,32.5,149.25070309849738
90389,134.5,33.0,153.65701716538365
90390,134.5,33.5,155.64591064329974
90391,134.5,34.0,154.4595267035676
90392,134.5,34.5,154.9037201689786
90393,134.5,35.0,154.42072648104318
90394,134.5,35.5,149.8426926317504
90395,134.5,36.0,148.78865274371023
90396,134.5,36.5,152.7228603881264
90397,134.5,37.0,148.54540593113273
90398,135.0,-37.5,155.79042751721857
90399,135.0,-37.0,156.38216925712206
90400,135.0,-36.5,152.48333180260212
90401,135.0,-36.0,151.0700190804317
90402,135.0,-35.5,151.7310848589604
90403,135.0,-35.0,152.42294176029048
90404,135.0,-34.5,150.9527864203139
90405,135.0,-34.0,151.935044230705
90406,135.0,-33.5,154.9785532643663
90407,135.0,-33.0,155.39066823889652
90408,135.0,-32.5,157.37623058744143
90409,135.0,-32.0,164.70272142136088
90410,135.0,-31.5,158.50858584135224
90411,135.0,-31.0,159.52430677643676
90412,135.0,-30.5,167.81713205101192
90413,135.0,-30.0,157.220272225521
90414,135.0,-29.5,156.72329783861895
90415,135.0,-29.0,154.34233040862551
90416,135.0,-28.5,152.44150751915862
90417,135.0,-28.0,152.18096277281788
90418,135.0,-27.5,152.55373407567572
90419,135.0,-27.0,153.27930974116893
90420,135.0,-26.5,151.62484901038303
90421,135.0,-26.0,153.78568095606033
90422,135.0,-25.5,152.69983878071483
90423,135.0,-25.0,148.57528553418612
90424,135.0,-24.5,149.7525985830316
90425,135.0,-24.0,150.0467817620414
90426,135.0,-23.5,151.2955522995108
90427,135.0,-23.0,147.99828331224924
90428,135.0,-22.5,152.3212515490821
90429,135.0,-22.0,155.02266900056492
90430,135.0,-21.5,153.95892900162417
90431,135.0,-21.0,160.20937312910408
90432,135.0,-20.5,154.32289973307462
90433,135.0,-20.0,158.73557417312463
90434,135.0,-19.5,155.99949653852042
90435,135.0,-19.0,152.08721211748227
90436,135.0,-18.5,149.86188146403876
90437,135.0,-18.0,153.75444928164387
90438,135.0,-17.5,154.21458826176655
90439,135.0,-17.0,154.47784560397815
90440,135.0,-16.5,154.33967502774286
90441,135.0,-16.0,163.0556675648971
90442,135.0,-15.5,150.21388615319344
90443,135.0,-15.0,151.78043321325578
90444,135.0,-14.5,148.58595955456715
90445,135.0,-14.0,149.30347437061775
90446,135.0,-13.5,152.0034902639137
90447,135.0,-13.0,150.28650660557224
90448,135.0,-12.5,150.01857934042744
90449,135.0,-12.0,158.44573196660357
90450,135.0,-11.5,150.26909295117696
90451,135.0,-11.0,155.4063231410564
90452,135.0,-10.5,149.6517361114259
90453,135.0,-9.0,172.80913094085128
90454,135.0,-8.5,172.82317717592557
90455,135.0,-8.0,147.14192978991267
90456,135.0,-7.5,159.30425755932802
90457,135.0,-7.0,152.03167538450074
90458,135.0,-6.5,152.90760856283907
90459,135.0,-6.0,150.3506413716588
90460,135.0,-5.0,151.33154526299325
90461,135.0,-4.0,149.8688474158506
90462,135.0,-3.5,149.69075687357213
90463,135.0,-3.0,150.08100635157183
90464,135.0,-2.5,151.6218323072394
90465,135.0,-2.0,149.3670314442107
90466,135.0,-1.5,150.90376049008188
90467,135.0,-1.0,150.69330041978003
90468,135.0,-0.5,150.1229985195085
90469,135.0,0.0,150.64412487339254
90470,135.0,0.5,151.3053280838517
90471,135.0,1.0,152.5355258633599
90472,135.0,1.5,153.97701752539942
90473,135.0,2.0,154.99446071717614
90474,135.0,2.5,152.34852097371316
90475,135.0,4.0,157.60264006859586
90476,135.0,4.5,156.41899568035944
90477,135.0,5.0,154.5256012300483
90478,135.0,5.5,153.79275826784556
90479,135.0,6.0,153.1639335935871
90480,135.0,6.5,157.30208368028298
90481,135.0,7.0,157.20462410282084
90482,135.0,7.5,155.57794469353865
90483,135.0,8.5,153.0323395002397
90484,135.0,9.0,151.9860914874516
90485,135.0,9.5,158.40060635382335
90486,135.0,10.0,152.80543288441655
90487,135.0,10.5,156.38609772396086
90488,135.0,11.0,153.1491569521846
90489,135.0,11.5,157.18771210113417
90490,135.0,12.0,154.19186413517036
90491,135.0,12.5,154.46764879177306
90492,135.0,13.0,155.0716666717666
90493,135.0,13.5,152.88795776670452
90494,135.0,14.0,151.39415213965003
90495,135.0,14.5,154.35878295258016
90496,135.0,15.0,154.17526435128607
90497,135.0,15.5,153.47399930841047
90498,135.0,16.0,154.56979021766122
90499,135.0,16.5,150.74485907253842
90500,135.0,17.5,149.6529311139693
90501,135.0,18.0,149.62054931010334
90502,135.0,18.5,146.9548224215876
90503,135.0,19.0,148.62109166458856
90504,135.0,19.5,155.33632810949535
90505,135.0,20.0,151.27505151470498
90506,135.0,20.5,146.72669580967022
90507,135.0,21.0,148.11391806437962
90508,135.0,21.5,146.03741898704118
90509,135.0,22.0,145.75908557689596
90510,135.0,22.5,150.53085083256192
90511,135.0,23.0,146.30785120115408
90512,135.0,23.5,151.64091600447057
90513,135.0,24.0,147.93872157449817
90514,135.0,24.5,148.20928079452014
90515,135.0,25.0,149.46600438818714
90516,135.0,25.5,146.58001234595218
90517,135.0,26.0,149.9172825969498
90518,135.0,26.5,148.4096255787371
90519,135.0,27.0,149.06520877093644
90520,135.0,27.5,147.91739843221413
90521,135.0,28.0,145.59828217757797
90522,135.0,28.5,147.38130911591566
90523,135.0,29.0,147.96173303372808
90524,135.0,29.5,148.05878319864513
90525,135.0,30.0,148.2201562363656
90526,135.0,30.5,150.01770591001258
90527,135.0,31.0,147.76680267824514
90528,135.0,31.5,146.01475748203615
90529,135.0,32.0,150.08432091121978
90530,135.0,32.5,149.32279581918428
90531,135.0,33.0,155.37538870818753
90532,135.0,33.5,157.4729359666957
90533,135.0,34.0,150.79383241242766
90534,135.0,34.5,154.8048730613175
90535,135.0,35.0,156.14946821299583
90536,135.0,35.5,149.53088728483888
90537,135.0,36.0,148.87988315865218
90538,135.0,36.5,154.5349939502111
90539,135.0,37.0,148.65560584760968
90540,135.5,-37.5,155.82326218274915
90541,135.5,-37.0,157.18962995065175
90542,135.5,-36.5,152.76688550996383
90543,135.5,-36.0,150.83292338228622
90544,135.5,-35.5,151.00147025703833
90545,135.5,-35.0,152.37423783413894
90546,135.5,-34.5,153.32297616496177
90547,135.5,-34.0,155.28839295748867
90548,135.5,-33.5,156.0414817874931
90549,135.5,-33.0,156.3956424806474
90550,135.5,-32.5,155.8342360699165
90551,135.5,-32.0,163.59849167366497
90552,135.5,-31.5,157.83818743700982
90553,135.5,-31.0,158.5767250671535
90554,135.5,-30.5,164.43166209343434
90555,135.5,-30.0,161.73268684419205
90556,135.5,-29.5,155.26284462707628
90557,135.5,-29.0,154.3694893153262
90558,135.5,-28.5,153.53555254250594
90559,135.5,-28.0,153.26263212463869
90560,135.5,-27.5,150.25592893224896
90561,135.5,-27.0,151.5795328941544
90562,135.5,-26.5,150.7337477499717
90563,135.5,-26.0,150.56492138622443
90564,135.5,-25.5,154.49901818388506
90565,135.5,-25.0,151.7552699428105
90566,135.5,-24.5,149.56397102938126
90567,135.5,-24.0,149.91677453266934
90568,135.5,-23.5,155.45638511273913
90569,135.5,-23.0,152.53481429730374
90570,135.5,-22.5,149.05819702031084
90571,135.5,-22.0,155.80035195948693
90572,135.5,-21.5,155.63366019959102
90573,135.5,-21.0,153.7350068575811
90574,135.5,-20.5,153.9223316350168
90575,135.5,-20.0,154.23685280892795
90576,135.5,-19.5,154.91960688888724
90577,135.5,-19.0,152.57390838260852
90578,135.5,-18.5,153.3860633455305
90579,135.5,-18.0,152.55123051144798
90580,135.5,-17.5,153.74090777928336
90581,135.5,-17.0,152.19118908909294
90582,135.5,-16.5,162.67217797470454
90583,135.5,-16.0,152.08343844667706
90584,135.5,-15.5,150.61124436117044
90585,135.5,-15.0,149.99241730017096
90586,135.5,-14.5,156.2338567162559
90587,135.5,-14.0,150.71643684294352
90588,135.5,-13.5,150.09220800915358
90589,135.5,-13.0,150.35585125121656
90590,135.5,-12.5,149.33242583128197
90591,135.5,-12.0,156.50413774458903
90592,135.5,-11.5,162.4113850234158
90593,135.5,-11.0,149.76191435677418
90594,135.5,-10.5,149.74517244970872
90595,135.5,-9.0,172.619011530113
90596,135.5,-7.5,147.3905616685661
90597,135.5,-7.0,159.89744904545583
90598,135.5,-6.5,150.15259020264546
90599,135.5,-6.0,151.2759073388525
90600,135.5,-5.5,150.96708709580537
90601,135.5,-5.0,152.3721530766695
90602,135.5,-4.5,152.4663953085195
90603,135.5,-4.0,149.4837677067414
90604,135.5,-3.5,149.6506970208562
90605,135.5,-3.0,151.7725020126227
90606,135.5,-2.5,151.92569931834618
90607,135.5,-2.0,151.79754287124646
90608,135.5,-1.5,150.27470279466635
90609,135.5,-1.0,152.21414879574797
90610,135.5,-0.5,151.84915445518484
90611,135.5,0.0,149.43844034898532
90612,135.5,0.5,149.88530822197777
90613,135.5,1.0,152.68950802616442
90614,135.5,1.5,153.66399253772107
90615,135.5,2.0,153.80353325635284
90616,135.5,2.5,150.58693837221966
90617,135.5,4.5,156.58173958029926
90618,135.5,5.0,153.85243941620047
90619,135.5,5.5,153.50082014034453
90620,135.5,6.0,154.02462281818794
90621,135.5,6.5,157.0394224718532
90622,135.5,7.0,151.52778637215562
90623,135.5,7.5,154.64657205197028
90624,135.5,8.0,154.8338766441183
90625,135.5,8.5,161.40123015566772
90626,135.5,9.0,151.26374338992102
90627,135.5,9.5,149.51354086314868
90628,135.5,10.0,156.6828058946292
90629,135.5,10.5,150.60751341567874
90630,135.5,11.0,155.19978034411238
90631,135.5,11.5,158.29389685466234
90632,135.5,12.0,154.70752917650947
90633,135.5,12.5,154.1212396672954
90634,135.5,13.0,153.86772862034732
90635,135.5,13.5,155.31981144835078
90636,135.5,14.0,153.50783683027313
90637,135.5,14.5,154.39510366461116
90638,135.5,15.0,154.46087732388827
90639,135.5,15.5,154.8737857565706
90640,135.5,16.0,155.35605995882574
90641,135.5,16.5,150.9906885402622
90642,135.5,17.0,151.58284841966457
90643,135.5,17.5,148.52841492994946
90644,135.5,18.0,149.31051689544333
90645,135.5,18.5,159.07534679518494
90646,135.5,19.0,148.49616466422376
90647,135.5,19.5,148.26127667178872
90648,135.5,20.0,155.04024473099525
90649,135.5,20.5,148.0267052032898
90650,135.5,21.0,149.12311750518185
90651,135.5,21.5,146.36657918463146
90652,135.5,22.0,146.94601313368298
90653,135.5,22.5,148.03677423312365
90654,135.5,23.0,149.02477086857132
90655,135.5,23.5,149.24787722525994
90656,135.5,24.0,151.56315765981208
90657,135.5,24.5,148.09733566832077
90658,135.5,25.0,148.09522937751208
90659,135.5,25.5,148.4561871606874
90660,135.5,26.0,150.71728460275997
90661,135.5,26.5,148.43462829760009
90662,135.5,27.0,149.32451445441674
90663,135.5,27.5,148.61019882571892
90664,135.5,28.0,146.58253061402874
90665,135.5,28.5,147.3119084387717
90666,135.5,29.0,147.8252925875696
90667,135.5,29.5,148.92983503730605
90668,135.5,30.0,147.97459876437958
90669,135.5,30.5,150.3577849112367
90670,135.5,31.0,147.4243811129102
90671,135.5,31.5,146.0176768764959
90672,135.5,32.0,148.49933061327025
90673,135.5,32.5,149.97843884284782
90674,135.5,33.0,155.27680097844592
90675,135.5,33.5,157.23605205228117
90676,135.5,34.0,147.83778187400353
90677,135.5,34.5,154.58502690031932
90678,135.5,35.0,154.23227745398856
90679,135.5,35.5,146.80762811171735
90680,135.5,36.0,154.564152017204
90681,135.5,36.5,154.5632299556206
90682,135.5,37.0,148.99504950590924
90683,135.5,37.5,175.8495037503131
90684,136.0,-37.5,155.55654308178762
90685,136.0,-37.0,154.33516256435902
90686,136.0,-36.5,154.6906170426982
90687,136.0,-36.0,150.99916400922532
90688,136.0,-35.5,150.97448511319175
90689,136.0,-35.0,153.72346321003062
90690,136.0,-34.5,155.20774992408147
90691,136.0,-34.0,153.38066628160644
90692,136.0,-33.5,156.21108630426275
90693,136.0,-33.0,155.77292196514662
90694,136.0,-32.5,157.24889372575402
90695,136.0,-32.0,167.32664752605058
90696,136.0,-31.5,162.8881333535296
90697,136.0,-31.0,163.75638118167393
90698,136.0,-30.5,156.2155009264226
90699,136.0,-30.0,161.4610690486427
90700,136.0,-29.5,151.18056794690727
90701,136.0,-29.0,152.09224499695242
90702,136.0,-28.5,150.6128512257196
90703,136.0,-28.0,151.44474797157542
90704,136.0,-27.5,148.6293633892868
90705,136.0,-27.0,152.003769321024
90706,136.0,-26.5,148.92987147626914
90707,136.0,-26.0,147.40884060353812
90708,136.0,-25.5,145.12320040838418
90709,136.0,-25.0,148.0569787368435
90710,136.0,-24.5,148.4942271809559
90711,136.0,-24.0,153.2272242908173
90712,136.0,-23.5,151.2904779647652
90713,136.0,-23.0,154.10228465516877
90714,136.0,-22.5,153.4121546665039
90715,136.0,-22.0,153.2186039088794
90716,136.0,-21.5,158.19061884676972
90717,136.0,-21.0,153.69760261161477
90718,136.0,-20.0,154.36228177986166
90719,136.0,-19.5,156.81148743108724
90720,136.0,-19.0,153.0634481193266
90721,136.0,-18.5,153.46218766073204
90722,136.0,-18.0,152.0361105660965
90723,136.0,-17.5,153.24842712157206
90724,136.0,-17.0,152.25984923481244
90725,136.0,-16.5,157.0085306411818
90726,136.0,-16.0,150.29260707551066
90727,136.0,-15.5,151.33916357207227
90728,136.0,-15.0,150.54428818072114
90729,136.0,-14.5,154.31563014281
90730,136.0,-14.0,152.78342579777603
90731,136.0,-13.5,154.24514912817062
90732,136.0,-13.0,150.09307118430215
90733,136.0,-12.5,154.52903184362663
90734,136.0,-12.0,160.31615741384408
90735,136.0,-11.5,157.88839935831953
90736,136.0,-11.0,147.68737772706177
90737,136.0,-10.5,149.19952017336612
90738,136.0,-10.0,149.54812735019178
90739,136.0,-8.0,146.97924305702222
90740,136.0,-7.5,147.28180983803932
90741,136.0,-7.0,150.80069349536188
90742,136.0,-6.0,152.0208234362042
90743,136.0,-5.5,150.1665842985021
90744,136.0,-5.0,153.74405474626536
90745,136.0,-4.5,153.16508522864362
90746,136.0,-4.0,146.01250556734067
90747,136.0,-3.5,143.59360597375678
90748,136.0,-3.0,151.3849962572774
90749,136.0,-2.0,153.37848669183538
90750,136.0,-1.5,150.41527395754113
90751,136.0,-1.0,150.87458329361516
90752,136.0,-0.5,151.94574462379992
90753,136.0,0.0,150.2407607617547
90754,136.0,0.5,152.12336316909395
90755,136.0,1.0,151.48475503218208
90756,136.0,1.5,155.12049224587267
90757,136.0,2.0,153.42250064409927
90758,136.0,2.5,155.52056790820228
90759,136.0,5.0,151.72536330957084
90760,136.0,6.0,155.87355169724236
90761,136.0,6.5,153.455536224376
90762,136.0,7.0,150.29002535287214
90763,136.0,7.5,151.61921760145896
90764,136.0,8.0,152.55612096644484
90765,136.0,8.5,152.86727791166865
90766,136.0,9.0,151.6392991221242
90767,136.0,9.5,151.73639703787038
90768,136.0,10.0,150.50984583127655
90769,136.0,10.5,149.97344774519067
90770,136.0,11.0,153.4966433497193
90771,136.0,11.5,153.28811523378008
90772,136.0,12.0,155.69233496624594
90773,136.0,12.5,152.1891408712646
90774,136.0,13.0,151.6297417339612
90775,136.0,13.5,151.92142144622966
90776,136.0,14.0,154.02793243194955
90777,136.0,14.5,152.61840875978862
90778,136.0,15.0,152.97049990446646
90779,136.0,15.5,153.41825566240482
90780,136.0,16.0,155.1841008268051
90781,136.0,17.0,150.7402204856171
90782,136.0,17.5,148.19742697896345
90783,136.0,18.0,147.90837951762302
90784,136.0,18.5,152.96032131812197
90785,136.0,19.0,155.8345621772538
90786,136.0,19.5,149.25391272127126
90787,136.0,20.0,152.20442632929533
90788,136.0,20.5,151.6766444325383
90789,136.0,21.0,147.23458279975517
90790,136.0,21.5,146.13680718186447
90791,136.0,22.0,153.8389098000415
90792,136.0,22.5,146.34413432139743
90793,136.0,23.0,148.81761203099325
90794,136.0,23.5,149.3222940454701
90795,136.0,24.0,150.98608855761793
90796,136.0,24.5,149.3929880859038
90797,136.0,25.0,149.73423348645358
90798,136.0,25.5,150.07190311301315
90799,136.0,26.0,149.29496911241623
90800,136.0,26.5,148.96290013004867
90801,136.0,27.0,150.16037197167267
90802,136.0,27.5,148.1420110861782
90803,136.0,28.0,148.1283515313159
90804,136.0,28.5,147.72575271035302
90805,136.0,29.0,146.98751869227965
90806,136.0,29.5,149.16578155633385
90807,136.0,30.0,148.20270713888684
90808,136.0,30.5,150.38441934205048
90809,136.0,31.0,147.6160763741666
90810,136.0,31.5,146.20523593297042
90811,136.0,32.0,148.53588738931467
90812,136.0,32.5,150.80283191817412
90813,136.0,33.0,152.29931073228113
90814,136.0,33.5,153.00141176462932
90815,136.0,34.0,157.64874612734457
90816,136.0,34.5,152.1117447660468
90817,136.0,35.0,154.13906699021297
90818,136.0,35.5,146.6653025249292
90819,136.0,36.0,159.8571027908386
90820,136.0,36.5,154.144961534722
90821,136.0,37.0,149.14089297455664
90822,136.5,-37.0,153.7068670593939
90823,136.5,-36.5,154.6026609982163
90824,136.5,-36.0,152.2765187629831
90825,136.5,-35.5,150.57301003649184
90826,136.5,-35.0,152.73668403615258
90827,136.5,-34.5,154.95473549824015
90828,136.5,-34.0,155.8069676093138
90829,136.5,-33.5,154.73590008713572
90830,136.5,-33.0,156.02323556973667
90831,136.5,-32.5,159.05441622175073
90832,136.5,-32.0,162.38828655230037
90833,136.5,-31.5,159.2416464518185
90834,136.5,-31.0,167.07391124469478
90835,136.5,-30.5,154.03644992231895
90836,136.5,-30.0,160.80191159630323
90837,136.5,-29.5,150.8985885625153
90838,136.5,-29.0,153.45185089833726
90839,136.5,-28.5,153.66762453386698
90840,136.5,-28.0,151.9799546060318
90841,136.5,-27.5,151.88284824205013
90842,136.5,-27.0,151.2504519537092
90843,136.5,-26.5,147.95825942467175
90844,136.5,-26.0,147.31331136629834
90845,136.5,-25.5,143.98269864492084
90846,136.5,-24.5,148.10767782545662
90847,136.5,-24.0,153.27190533631426
90848,136.5,-23.5,149.4736149618554
90849,136.5,-23.0,154.93672769208595
90850,136.5,-22.5,154.00233047423004
90851,136.5,-22.0,151.63798069775828
90852,136.5,-21.5,154.39523070736894
90853,136.5,-21.0,152.73263939519808
90854,136.5,-20.5,153.7267832410251
90855,136.5,-20.0,154.02546430569197
90856,136.5,-19.5,152.7745877584922
90857,136.5,-19.0,154.66081664448228
90858,136.5,-18.5,153.53576173934655
90859,136.5,-18.0,152.520619956397
90860,136.5,-17.5,151.8843616182108
90861,136.5,-17.0,155.35301621164427
90862,136.5,-16.5,151.35034311672763
90863,136.5,-16.0,153.96980546917172
90864,136.5,-15.5,151.37473616515754
90865,136.5,-15.0,153.56337273617444
90866,136.5,-14.5,153.13321584446405
90867,136.5,-14.0,153.82907291171304
90868,136.5,-13.5,153.09926911134195
90869,136.5,-13.0,153.85455040354583
90870,136.5,-12.5,153.24575246209406
90871,136.5,-12.0,157.1571196154228
90872,136.5,-11.5,156.06476660771548
90873,136.5,-11.0,161.65034258668393
90874,136.5,-10.5,148.23024045063846
90875,136.5,-10.0,149.24482596724835
90876,136.5,-8.0,147.1302977327038
90877,136.5,-7.5,149.89997535579022
90878,136.5,-7.0,149.46467838968601
90879,136.5,-6.5,149.69229254275285
90880,136.5,-6.0,152.13001577321916
90881,136.5,-5.5,153.46995773022184
90882,136.5,-5.0,151.9233732275447
90883,136.5,-4.5,149.51546229203382
90884,136.5,-4.0,145.56210672361445
90885,136.5,-3.5,145.76862132716542
90886,136.5,-2.5,149.53963896753177
90887,136.5,-2.0,155.9315115310102
90888,136.5,-1.5,152.2658092367446
90889,136.5,-1.0,151.71634240412257
90890,136.5,-0.5,153.34712996924938
90891,136.5,0.0,152.0089269953268
90892,136.5,0.5,150.96906703671007
90893,136.5,1.0,149.85789748647824
90894,136.5,1.5,151.11273211267192
90895,136.5,2.0,154.4991455985791
90896,136.5,2.5,155.31610346291242
90897,136.5,3.0,153.89884839605395
90898,136.5,4.5,150.54160529903166
90899,136.5,5.0,151.38416449734592
90900,136.5,5.5,153.36813174758237
90901,136.5,6.0,156.0542359382618
90902,136.5,6.5,152.2294048603009
90903,136.5,7.0,151.05438713903786
90904,136.5,7.5,149.79850581545193
90905,136.5,8.0,149.46263425379817
90906,136.5,8.5,153.06104394255195
90907,136.5,9.0,157.7245272339869
90908,136.5,9.5,153.7440530878519
90909,136.5,10.0,149.06688030598835
90910,136.5,10.5,152.882373972765
90911,136.5,11.0,151.49946023177466
90912,136.5,11.5,152.37944880295964
90913,136.5,12.0,151.25243370562714
90914,136.5,12.5,150.2234927895657
90915,136.5,13.0,149.3907156310609
90916,136.5,13.5,150.68793938714796
90917,136.5,14.0,150.20597193989283
90918,136.5,14.5,151.00013142374286
90919,136.5,15.0,150.85058986220184
90920,136.5,15.5,151.5582844643044
90921,136.5,16.0,155.09188958329565
90922,136.5,16.5,151.3879881865728
90923,136.5,17.0,148.2168782789755
90924,136.5,17.5,150.91812564241116
90925,136.5,18.0,146.3817457282835
90926,136.5,18.5,151.31949515353864
90927,136.5,19.0,153.67417855906862
90928,136.5,19.5,149.20227388129769
90929,136.5,20.0,148.6122658626284
90930,136.5,20.5,157.01985964058787
90931,136.5,21.0,149.36570547738415
90932,136.5,21.5,149.72594851823612
90933,136.5,22.0,150.20116127300892
90934,136.5,22.5,148.82636835998443
90935,136.5,23.0,151.1537716392618
90936,136.5,23.5,150.06882190653144
90937,136.5,24.0,148.32451538992456
90938,136.5,24.5,152.96446834003248
90939,136.5,25.0,150.0728261799625
90940,136.5,25.5,147.72474952243107
90941,136.5,26.0,150.2172708849196
90942,136.5,26.5,150.37541314635976
90943,136.5,27.0,150.14787355927444
90944,136.5,27.5,148.76877027642496
90945,136.5,28.0,147.85946258539573
90946,136.5,28.5,149.64918656346538
90947,136.5,29.0,147.5022978530647
90948,136.5,29.5,149.8512212397093
90949,136.5,30.0,149.63389443502973
90950,136.5,30.5,151.27094648399955
90951,136.5,31.0,148.36416325211476
90952,136.5,31.5,146.869360592072
90953,136.5,32.0,148.2331847875912
90954,136.5,32.5,151.3317647311567
90955,136.5,33.0,148.60513972276544
90956,136.5,33.5,154.89284467096135
90957,136.5,34.0,159.89506982246877
90958,136.5,34.5,151.84882625452414
90959,136.5,35.0,154.35024124098413
90960,136.5,36.0,157.84610052325604
90961,136.5,36.5,154.28710643856934
90962,136.5,37.0,151.61705973608028
90963,137.0,-37.0,155.61050124850564
90964,137.0,-36.5,154.17474817235484
90965,137.0,-36.0,152.9460119646648
90966,137.0,-35.5,150.58672500428878
90967,137.0,-35.0,153.3992443126577
90968,137.0,-34.5,153.6745006738604
90969,137.0,-34.0,153.413311483796
90970,137.0,-33.5,155.58087755314278
90971,137.0,-33.0,157.44652270301958
90972,137.0,-32.5,159.60183656527244
90973,137.0,-32.0,162.16708175035882
90974,137.0,-31.5,158.20649770972602
90975,137.0,-31.0,163.98544915523885
90976,137.0,-30.5,159.11328445393335
90977,137.0,-30.0,152.76037092798566
90978,137.0,-29.5,153.8689834499453
90979,137.0,-29.0,157.43634933050546
90980,137.0,-28.5,161.45190637502222
90981,137.0,-28.0,158.48859693007702
90982,137.0,-27.5,152.98800562309225
90983,137.0,-27.0,151.420780497032
90984,137.0,-26.5,151.57227883989432
90985,137.0,-26.0,146.28841189944342
90986,137.0,-25.5,143.63913081451523
90987,137.0,-25.0,143.82522572025402
90988,137.0,-24.5,153.50465833030648
90989,137.0,-24.0,150.38040258276246
90990,137.0,-23.5,149.95583774642026
90991,137.0,-23.0,153.27626030276235
90992,137.0,-22.5,153.28293850123998
90993,137.0,-22.0,152.05915254971083
90994,137.0,-21.5,155.5441347733444
90995,137.0,-21.0,152.3979323193535
90996,137.0,-20.5,153.81697801165734
90997,137.0,-20.0,154.59117769317444
90998,137.0,-19.5,152.7564750066793
90999,137.0,-19.0,154.63197095581094
91000,137.0,-18.5,154.54587472867584
91001,137.0,-18.0,152.3954450884532
91002,137.0,-17.5,154.68497574214987
91003,137.0,-17.0,150.31661068709488
91004,137.0,-16.5,148.92612333889087
91005,137.0,-16.0,154.66379582535373
91006,137.0,-15.5,149.38594055182188
91007,137.0,-15.0,154.37679362525432
91008,137.0,-14.5,153.39232786716195
91009,137.0,-14.0,151.81979376908586
91010,137.0,-13.5,150.440966938209
91011,137.0,-13.0,153.48029923644756
91012,137.0,-12.5,159.47732842646465
91013,137.0,-12.0,151.8045645336872
91014,137.0,-11.5,150.5257064157884
91015,137.0,-11.0,159.8887291763023
91016,137.0,-10.0,148.72153782789104
91017,137.0,-9.5,149.75382030787168
91018,137.0,-8.5,147.62704349244126
91019,137.0,-7.5,149.8312582405476
91020,137.0,-6.5,149.13571806157694
91021,137.0,-6.0,155.55641394331195
91022,137.0,-5.5,154.89119304565907
91023,137.0,-5.0,154.65639578101036
91024,137.0,-4.5,149.75531514129784
91025,137.0,-4.0,148.5194225081527
91026,137.0,-3.5,148.55974048733484
91027,137.0,-3.0,146.94405256514395
91028,137.0,-2.5,147.27151355541994
91029,137.0,-2.0,149.9978517671947
91030,137.0,-1.5,152.72872286627117
91031,137.0,-1.0,152.1280611793728
91032,137.0,-0.5,151.6226454188228
91033,137.0,0.0,154.52293142363916
91034,137.0,0.5,150.4344123086161
91035,137.0,1.0,148.37848364959913
91036,137.0,1.5,151.54825873470384
91037,137.0,2.0,153.96466496213358
91038,137.0,2.5,153.56748463820662
91039,137.0,3.0,154.2316205944198
91040,137.0,4.0,150.0331526806894
91041,137.0,4.5,150.09036326561426
91042,137.0,5.0,151.8532280727343
91043,137.0,5.5,153.70113368462896
91044,137.0,6.0,149.76361852309515
91045,137.0,6.5,151.47281047107597
91046,137.0,7.0,152.9478201543561
91047,137.0,7.5,152.71157993079947
91048,137.0,8.0,149.00358390951496
91049,137.0,8.5,149.6372826652576
91050,137.0,9.0,153.68037292422864
91051,137.0,10.0,149.83680798390554
91052,137.0,10.5,150.15202314618497
91053,137.0,11.0,154.50374646766426
91054,137.0,11.5,152.24208704132417
91055,137.0,12.0,150.1284890545856
91056,137.0,12.5,149.02411216745665
91057,137.0,13.0,148.26239661604333
91058,137.0,13.5,149.7544881750021
91059,137.0,14.0,150.12581791712498
91060,137.0,14.5,149.37145727962582
91061,137.0,15.0,149.63959931461864
91062,137.0,15.5,151.1564211912549
91063,137.0,16.0,150.62700625070062
91064,137.0,16.5,150.4177842676469
91065,137.0,17.0,151.10502017503615
91066,137.0,17.5,148.2342838617143
91067,137.0,18.0,152.7366892276853
91068,137.0,18.5,145.277374051425
91069,137.0,19.0,151.11949872723696
91070,137.0,19.5,152.48036432649548
91071,137.0,20.0,149.20775659185466
91072,137.0,20.5,151.5664613921692
91073,137.0,21.0,152.81536191783695
91074,137.0,21.5,150.10739644978267
91075,137.0,22.0,146.73429620893006
91076,137.0,22.5,150.15904805436344
91077,137.0,23.0,149.60409403884472
91078,137.0,23.5,152.5406090931894
91079,137.0,24.0,149.1912858862775
91080,137.0,24.5,152.81064965165783
91081,137.0,25.0,149.54425049477658
91082,137.0,25.5,149.0059159740057
91083,137.0,26.0,152.38283481795045
91084,137.0,26.5,149.84590800848505
91085,137.0,27.0,151.14063162263943
91086,137.0,27.5,149.51028294392574
91087,137.0,28.0,148.40159423229258
91088,137.0,28.5,148.76499715294622
91089,137.0,29.0,149.65325551567895
91090,137.0,29.5,149.49171616815826
91091,137.0,30.0,151.14833310162905
91092,137.0,30.5,150.57867360779335
91093,137.0,31.0,149.25427411999362
91094,137.0,31.5,147.97764637351176
91095,137.0,32.0,148.34812314554307
91096,137.0,32.5,152.21449713178257
91097,137.0,33.0,148.5778692025446
91098,137.0,33.5,154.78093014302834
91099,137.0,34.0,158.15914369725297
91100,137.0,34.5,152.71291075453772
91101,137.0,35.0,157.42294488500139
91102,137.0,35.5,155.65515882137484
91103,137.0,36.0,156.32024997192408
91104,137.0,36.5,153.18588789362326
91105,137.0,37.0,152.9608565875656
91106,137.5,-37.0,155.77723252482133
91107,137.5,-36.5,152.96137114368491
91108,137.5,-36.0,154.61023554539858
91109,137.5,-35.5,150.6081256900093
91110,137.5,-35.0,155.14842384810777
91111,137.5,-34.5,154.06161361863215
91112,137.5,-34.0,154.70829766647165
91113,137.5,-33.5,155.35248354830685
91114,137.5,-32.5,159.83690305915778
91115,137.5,-32.0,159.98062127643922
91116,137.5,-31.5,154.360467641194
91117,137.5,-31.0,161.21841369488664
91118,137.5,-30.5,162.148165584168
91119,137.5,-30.0,152.5518711378573
91120,137.5,-29.5,153.29586723277023
91121,137.5,-29.0,158.14072729955163
91122,137.5,-28.5,161.52881173404433
91123,137.5,-28.0,157.0904624207067
91124,137.5,-27.5,155.20198326052738
91125,137.5,-27.0,153.51410482237503
91126,137.5,-26.5,155.32354583666714
91127,137.5,-26.0,147.19661652619308
91128,137.5,-25.5,144.2840753790921
91129,137.5,-25.0,142.8263033159299
91130,137.5,-24.5,154.738757005526
91131,137.5,-24.0,147.83196190876163
91132,137.5,-23.5,151.86791488182442
91133,137.5,-23.0,153.54921705847673
91134,137.5,-22.5,165.49099494249103
91135,137.5,-22.0,155.23193373466626
91136,137.5,-21.5,152.3693079717498
91137,137.5,-21.0,153.73707291839585
91138,137.5,-20.5,152.06338451043666
91139,137.5,-20.0,154.98022461681032
91140,137.5,-19.5,152.93836712727907
91141,137.5,-19.0,151.6955182098779
91142,137.5,-18.5,154.2037870648362
91143,137.5,-18.0,152.06920039103542
91144,137.5,-17.5,154.6618129307051
91145,137.5,-17.0,148.57956288020176
91146,137.5,-16.5,148.9480682107867
91147,137.5,-16.0,153.4115002852559
91148,137.5,-15.5,156.58235157045652
91149,137.5,-15.0,152.341017845487
91150,137.5,-14.5,151.37387517225594
91151,137.5,-14.0,152.1254600464665
91152,137.5,-13.5,154.00830063643176
91153,137.5,-13.0,154.23571555634416
91154,137.5,-12.5,152.3757627560109
91155,137.5,-12.0,152.20491000856455
91156,137.5,-11.5,151.33199991707713
91157,137.5,-11.0,152.1489003471956
91158,137.5,-10.5,158.23106480674107
91159,137.5,-10.0,156.39947017638303
91160,137.5,-9.5,148.9867064817238
91161,137.5,-9.0,148.97347636987797
91162,137.5,-8.5,147.74003047340298
91163,137.5,-8.0,151.00824787092003
91164,137.5,-7.5,149.96629691168337
91165,137.5,-7.0,147.47524799157378
91166,137.5,-6.5,147.59928839931774
91167,137.5,-6.0,150.60557523808149
91168,137.5,-5.5,152.14333053678774
91169,137.5,-5.0,155.07057219614765
91170,137.5,-4.5,149.91916774817875
91171,137.5,-4.0,145.85173229612448
91172,137.5,-3.5,154.40303197773073
91173,137.5,-3.0,148.84321673294417
91174,137.5,-2.5,147.80808488623163
91175,137.5,-2.0,148.28158658506317
91176,137.5,-1.5,152.89827260285455
91177,137.5,-1.0,153.43334334257025
91178,137.5,-0.5,151.55013776273236
91179,137.5,0.0,151.81239591077733
91180,137.5,0.5,151.2143095103835
91181,137.5,1.0,149.5143290301859
91182,137.5,1.5,154.3961482473727
91183,137.5,2.0,150.96158607914242
91184,137.5,2.5,153.83069314802324
91185,137.5,3.0,153.97647943397294
91186,137.5,3.5,151.7956004784762
91187,137.5,4.0,150.56311384299838
91188,137.5,5.0,154.31346907762165
91189,137.5,5.5,151.9124304770194
91190,137.5,6.0,149.75449522868774
91191,137.5,6.5,150.02666507719795
91192,137.5,7.0,155.77993886555814
91193,137.5,7.5,150.26408631222753
91194,137.5,8.0,152.25922584257827
91195,137.5,8.5,149.47125499291693
91196,137.5,9.0,151.9748295164971
91197,137.5,9.5,154.28427339888972
91198,137.5,10.0,153.51633317258558
91199,137.5,10.5,150.57649178321282
91200,137.5,11.0,152.28724070413205
91201,137.5,11.5,155.42570175388602
91202,137.5,12.0,148.45709777205764
91203,137.5,12.5,147.25751804904726
91204,137.5,13.0,149.58091964122707
91205,137.5,13.5,149.99327399612145
91206,137.5,14.0,149.92266680144044
91207,137.5,14.5,148.82823663158266
91208,137.5,15.5,149.12547763617596
91209,137.5,16.0,150.10150798461788
91210,137.5,16.5,147.1229691149288
91211,137.5,17.0,150.5665159834424
91212,137.5,17.5,145.72313310105986
91213,137.5,18.0,151.97739476908401
91214,137.5,18.5,147.7397951427289
91215,137.5,19.0,148.04649742539883
91216,137.5,19.5,150.43671706673473
91217,137.5,20.0,151.10438265538298
91218,137.5,20.5,148.7728220168245
91219,137.5,21.0,156.76311333776826
91220,137.5,21.5,149.31230834933254
91221,137.5,22.0,149.16748324750122
91222,137.5,22.5,150.7715967053482
91223,137.5,23.0,149.80203763547175
91224,137.5,23.5,152.06839852275812
91225,137.5,24.0,149.84440782779856
91226,137.5,24.5,151.61818564358333
91227,137.5,25.0,155.88359614234557
91228,137.5,25.5,149.25987953555114
91229,137.5,26.0,150.35263182136617
91230,137.5,26.5,150.24790911860305
91231,137.5,27.0,152.70175064358745
91232,137.5,27.5,150.15999040415582
91233,137.5,28.0,149.61439684012095
91234,137.5,28.5,149.24130058036366
91235,137.5,29.0,150.0289354713111
91236,137.5,29.5,149.14009264383583
91237,137.5,30.0,150.13666503896198
91238,137.5,30.5,150.96761274824075
91239,137.5,31.0,149.5214545989448
91240,137.5,31.5,149.09892562007445
91241,137.5,32.0,147.98094318817584
91242,137.5,32.5,152.23985811553857
91243,137.5,33.0,149.28333907173004
91244,137.5,33.5,147.28098813181427
91245,137.5,34.0,158.66428799670223
91246,137.5,34.5,151.4427535873003
91247,137.5,35.0,150.41526560550344
91248,137.5,35.5,156.11115849265843
91249,137.5,36.0,155.9097011243534
91250,137.5,36.5,151.0384802169765
91251,137.5,37.0,152.98316991100248
91252,138.0,-37.0,155.70828601823726
91253,138.0,-36.5,151.49795337668056
91254,138.0,-36.0,151.82120311733087
91255,138.0,-35.5,152.84381006248873
91256,138.0,-35.0,155.84195105065172
91257,138.0,-34.5,162.15280497758803
91258,138.0,-34.0,154.80461368370518
91259,138.0,-33.5,155.2637136248232
91260,138.0,-33.0,154.13989591990983
91261,138.0,-32.5,160.9651688647221
91262,138.0,-32.0,153.46337215307486
91263,138.0,-31.5,162.4400320361893
91264,138.0,-31.0,167.32304877974818
91265,138.0,-30.5,162.7853973795876
91266,138.0,-30.0,152.10085121369548
91267,138.0,-29.5,153.56169062537134
91268,138.0,-29.0,154.6328580332138
91269,138.0,-28.5,151.58297871304512
91270,138.0,-28.0,152.4621170397132
91271,138.0,-27.5,153.79275026353244
91272,138.0,-27.0,156.92869582401318
91273,138.0,-26.5,155.70212281524203
91274,138.0,-26.0,152.71891847196545
91275,138.0,-25.5,146.41056767293253
91276,138.0,-25.0,149.5032840309446
91277,138.0,-24.5,150.18518733870968
91278,138.0,-24.0,147.23232961361194
91279,138.0,-23.5,153.3785290435742
91280,138.0,-23.0,155.18022415890195
91281,138.0,-22.5,158.667400041118
91282,138.0,-22.0,155.1353878732633
91283,138.0,-21.5,152.23272007264956
91284,138.0,-21.0,153.82442604310125
91285,138.0,-20.5,150.5670008956183
91286,138.0,-20.0,154.48538510051654
91287,138.0,-19.5,150.17406303818876
91288,138.0,-19.0,149.79647286435412
91289,138.0,-18.5,152.07177969659315
91290,138.0,-18.0,157.05199722322914
91291,138.0,-17.5,147.98619616161895
91292,138.0,-17.0,147.30409396478558
91293,138.0,-16.5,152.55043933235902
91294,138.0,-16.0,152.0556796181728
91295,138.0,-15.5,159.03168966118335
91296,138.0,-15.0,155.1756554682591
91297,138.0,-14.5,150.29457978504922
91298,138.0,-14.0,156.51905571410475
91299,138.0,-13.5,154.05803463569805
91300,138.0,-13.0,150.62619640871216
91301,138.0,-12.5,152.11379923911332
91302,138.0,-12.0,153.6971655037456
91303,138.0,-11.5,151.0101139556115
91304,138.0,-11.0,150.58502327783597
91305,138.0,-10.5,154.50830116201993
91306,138.0,-10.0,157.98397230889938
91307,138.0,-9.5,148.1102062374538
91308,138.0,-9.0,149.08165141962624
91309,138.0,-8.5,153.46765004423642
91310,138.0,-8.0,152.38266191543502
91311,138.0,-7.0,147.7176198796959
91312,138.0,-6.0,151.03560374524062
91313,138.0,-5.5,153.35860704291835
91314,138.0,-5.0,155.35696264917476
91315,138.0,-4.5,150.9270957458624
91316,138.0,-4.0,148.4117916949708
91317,138.0,-3.5,147.77524952922255
91318,138.0,-3.0,152.05726418906258
91319,138.0,-2.5,145.6579037720624
91320,138.0,-2.0,149.31115455376542
91321,138.0,-1.5,153.9874497126392
91322,138.0,-1.0,155.9201723202539
91323,138.0,-0.5,153.3752824869811
91324,138.0,0.0,150.56696364779174
91325,138.0,0.5,152.1309889979449
91326,138.0,1.0,152.62852291780231
91327,138.0,1.5,153.54921286161783
91328,138.0,2.0,152.13095669896165
91329,138.0,2.5,153.20168021289604
91330,138.0,3.0,152.83332918849055
91331,138.0,3.5,150.34493962830112
91332,138.0,4.0,151.44596934725183
91333,138.0,4.5,153.77945741033193
91334,138.0,5.0,155.02934168078806
91335,138.0,6.0,151.55216594809835
91336,138.0,6.5,153.0410712490446
91337,138.0,7.0,156.54806799559324
91338,138.0,7.5,152.81247375950878
91339,138.0,8.0,149.46503295213088
91340,138.0,8.5,149.6547189216084
91341,138.0,9.0,150.6490539694739
91342,138.0,9.5,155.2525515526513
91343,138.0,10.0,153.8766900161075
91344,138.0,10.5,149.86043022438622
91345,138.0,11.0,150.9526593180381
91346,138.0,11.5,150.10258869896654
91347,138.0,12.0,148.2333224472462
91348,138.0,12.5,149.43955469466178
91349,138.0,13.0,148.989985385424
91350,138.0,13.5,150.44810023194478
91351,138.0,14.0,149.42688303682021
91352,138.0,14.5,148.3999040656327
91353,138.0,15.0,147.86165611037836
91354,138.0,15.5,149.34414702791506
91355,138.0,16.0,147.50076269104974
91356,138.0,16.5,151.24730896610595
91357,138.0,17.0,148.36768337958966
91358,138.0,17.5,157.3464127560508
91359,138.0,18.0,146.03485037853764
91360,138.0,18.5,150.36528878154638
91361,138.0,19.0,146.55776528763207
91362,138.0,19.5,148.73120739584107
91363,138.0,20.0,150.87737270444282
91364,138.0,20.5,147.23309139743242
91365,138.0,21.0,148.77179776132812
91366,138.0,21.5,154.99108601212905
91367,138.0,22.0,149.7552861578943
91368,138.0,22.5,148.06169260429166
91369,138.0,23.0,150.30041130958264
91370,138.0,23.5,149.1847715282651
91371,138.0,24.0,154.67406164350507
91372,138.0,24.5,152.52711301558108
91373,138.0,25.0,156.06684645463358
91374,138.0,25.5,148.0729190584509
91375,138.0,26.0,150.66698581188717
91376,138.0,26.5,151.5575169332234
91377,138.0,27.0,152.80388803023644
91378,138.0,27.5,151.26329386705615
91379,138.0,28.0,150.50633329989844
91380,138.0,28.5,149.1914037266654
91381,138.0,29.0,149.76327190481493
91382,138.0,29.5,148.98058671891008
91383,138.0,30.0,151.21579761102583
91384,138.0,30.5,149.08986415082057
91385,138.0,31.0,149.29999133675207
91386,138.0,31.5,149.9420541780028
91387,138.0,32.0,148.4555013971818
91388,138.0,32.5,152.43008315340944
91389,138.0,33.0,149.48057810577282
91390,138.0,33.5,147.10515700111262
91391,138.0,34.0,154.74125831533863
91392,138.0,34.5,154.77408743335337
91393,138.0,35.0,152.57799398403395
91394,138.0,35.5,156.48611799460693
91395,138.0,36.0,157.58118075718482
91396,138.0,36.5,150.64156711351774
91397,138.0,37.0,148.61813938939804
91398,138.0,38.0,171.7025725630562
91399,138.0,38.5,161.46775350585702
91400,138.5,-36.5,151.51915605517166
91401,138.5,-36.0,151.06702371423896
91402,138.5,-35.5,152.69000895106157
91403,138.5,-35.0,156.36296425811005
91404,138.5,-34.5,157.82045376338465
91405,138.5,-34.0,153.31946942904625
91406,138.5,-33.5,151.59606173669036
91407,138.5,-33.0,151.07212372669915
91408,138.5,-32.5,164.18266584545796
91409,138.5,-32.0,151.63682886400585
91410,138.5,-31.5,154.2289482200725
91411,138.5,-31.0,161.89488012314217
91412,138.5,-30.5,160.61833349727647
91413,138.5,-30.0,153.97744951094865
91414,138.5,-29.5,152.83826265739756
91415,138.5,-29.0,155.0166906807892
91416,138.5,-28.5,150.84450834712655
91417,138.5,-28.0,153.50298655145986
91418,138.5,-27.5,154.0490094211818
91419,138.5,-27.0,155.14610229741018
91420,138.5,-26.5,151.13086872406964
91421,138.5,-26.0,149.89014499189764
91422,138.5,-25.5,150.87512692381145
91423,138.5,-25.0,154.6814144121785
91424,138.5,-24.5,148.2712249836496
91425,138.5,-24.0,155.45680645833815
91426,138.5,-23.5,152.69951798144393
91427,138.5,-23.0,157.3498345107506
91428,138.5,-22.5,154.14788197061378
91429,138.5,-22.0,156.6074303741808
91430,138.5,-21.5,155.1205439479692
91431,138.5,-21.0,152.59035582632978
91432,138.5,-20.5,155.82561855805886
91433,138.5,-20.0,154.66446632665335
91434,138.5,-19.5,150.39288988719227
91435,138.5,-19.0,149.42717762241384
91436,138.5,-18.5,148.85327810962423
91437,138.5,-18.0,155.8645777867192
91438,138.5,-17.5,150.25399775440746
91439,138.5,-17.0,150.884292561254
91440,138.5,-16.5,153.9834740995468
91441,138.5,-16.0,154.8927335738011
91442,138.5,-15.5,163.58170095431407
91443,138.5,-15.0,154.36412234428045
91444,138.5,-14.5,154.4728090120996
91445,138.5,-14.0,156.61988697971813
91446,138.5,-13.5,153.55854241542667
91447,138.5,-13.0,149.33396779491184
91448,138.5,-11.5,154.33492209185312
91449,138.5,-11.0,151.8430196407508
91450,138.5,-10.5,150.8112909897089
91451,138.5,-10.0,154.14763573834284
91452,138.5,-9.5,148.03169424285858
91453,138.5,-9.0,149.01746023704922
91454,138.5,-8.5,151.20695552562245
91455,138.5,-8.0,154.9813063389474
91456,138.5,-7.5,150.917298202791
91457,138.5,-7.0,148.08334585915466
91458,138.5,-6.5,149.70682755062018
91459,138.5,-6.0,151.28444214754867
91460,138.5,-5.5,150.13203124763103
91461,138.5,-5.0,149.91667139815257
91462,138.5,-4.5,154.53159797766645
91463,138.5,-4.0,153.58660876001875
91464,138.5,-3.5,148.34187046800616
91465,138.5,-3.0,149.36691048828726
91466,138.5,-2.5,151.55895401037398
91467,138.5,-2.0,149.3168837678226
91468,138.5,-1.5,151.7601921991592
91469,138.5,-1.0,150.76070111548202
91470,138.5,-0.5,154.81495729024718
91471,138.5,0.0,149.43123876593398
91472,138.5,0.5,151.65046254379283
91473,138.5,1.0,153.71965373098962
91474,138.5,1.5,151.04947908128113
91475,138.5,2.0,153.60051934162053
91476,138.5,2.5,150.22456818066365
91477,138.5,3.0,150.58484785175142
91478,138.5,3.5,150.83524833048156
91479,138.5,4.0,150.80680007859283
91480,138.5,4.5,154.1127329849934
91481,138.5,6.0,153.45002551901752
91482,138.5,6.5,153.4742707982197
91483,138.5,7.0,151.53276983735316
91484,138.5,7.5,151.5692061201546
91485,138.5,8.0,147.81697270324705
91486,138.5,8.5,149.44587481874424
91487,138.5,9.0,154.26325471319547
91488,138.5,9.5,148.94451553066787
91489,138.5,10.0,155.1629417764561
91490,138.5,10.5,152.08321680701565
91491,138.5,11.0,149.8274158180588
91492,138.5,11.5,148.64312096725305
91493,138.5,12.0,150.565341080163
91494,138.5,12.5,149.15628124228346
91495,138.5,13.0,150.1505249673594
91496,138.5,13.5,149.07309517915772
91497,138.5,14.0,149.78825729382694
91498,138.5,14.5,148.975129178872
91499,138.5,15.0,149.07254909197815
91500,138.5,15.5,148.40062345978336
91501,138.5,16.0,147.7032212769436
91502,138.5,16.5,146.62248213269862
91503,138.5,17.0,152.88197234791605
91504,138.5,17.5,144.2876409215965
91505,138.5,18.0,147.99808635980924
91506,138.5,18.5,146.58133325219617
91507,138.5,19.0,147.80149803730686
91508,138.5,19.5,148.0319370654158
91509,138.5,20.0,149.22955191447576
91510,138.5,20.5,155.20575730223226
91511,138.5,21.0,147.94029017982152
91512,138.5,21.5,155.35985877625134
91513,138.5,22.0,149.6516430136588
91514,138.5,22.5,150.5928937055126
91515,138.5,23.0,149.83785539616474
91516,138.5,23.5,149.33854010538693
91517,138.5,24.0,155.70215456227288
91518,138.5,24.5,151.194972911988
91519,138.5,25.0,155.78934049144075
91520,138.5,25.5,156.36365881672472
91521,138.5,26.0,151.727328165226
91522,138.5,26.5,150.98007889167434
91523,138.5,27.0,152.72509891934078
91524,138.5,27.5,152.28010609159378
91525,138.5,28.0,151.07063099756567
91526,138.5,28.5,149.30951241891722
91527,138.5,29.0,148.83672500465937
91528,138.5,29.5,150.02995530759736
91529,138.5,30.0,152.52279803492007
91530,138.5,30.5,148.43701118058829
91531,138.5,31.0,147.82003407669183
91532,138.5,31.5,149.9425331191924
91533,138.5,32.0,148.75519617882995
91534,138.5,32.5,152.26570138319215
91535,138.5,33.0,149.94172081326897
91536,138.5,33.5,146.8731279501197
91537,138.5,34.0,154.1396265943679
91538,138.5,34.5,153.76565276087126
91539,138.5,35.0,153.99143097235805
91540,138.5,35.5,160.04254600446072
91541,138.5,36.0,150.7223388142081
91542,138.5,36.5,149.17782027716996
91543,138.5,37.0,148.01865808974472
91544,138.5,38.5,161.4013992741051
91545,139.0,-37.5,151.84627591854579
91546,139.0,-36.5,152.3602811449994
91547,139.0,-36.0,154.01401165474334
91548,139.0,-35.5,155.33067261252071
91549,139.0,-35.0,152.23336373790033
91550,139.0,-34.5,153.2130381708092
91551,139.0,-34.0,151.825916982451
91552,139.0,-33.5,153.70961986800708
91553,139.0,-33.0,149.2687369968242
91554,139.0,-32.5,162.93895651821379
91555,139.0,-32.0,152.79082930659982
91556,139.0,-31.5,153.16349697630332
91557,139.0,-31.0,164.61872538196846
91558,139.0,-30.5,160.20781823962398
91559,139.0,-30.0,150.44364922070997
91560,139.0,-29.5,155.49213080446344
91561,139.0,-29.0,154.5828049706346
91562,139.0,-28.5,150.41540698696224
91563,139.0,-28.0,151.93527544052122
91564,139.0,-27.5,156.2798203120209
91565,139.0,-27.0,153.50699524762322
91566,139.0,-26.5,152.73185941834475
91567,139.0,-26.0,152.81342483917575
91568,139.0,-25.5,154.71898355570113
91569,139.0,-25.0,155.49595677070576
91570,139.0,-24.5,152.49701067594876
91571,139.0,-24.0,157.0643052640146
91572,139.0,-23.5,161.33391403429977
91573,139.0,-23.0,159.43023339337043
91574,139.0,-22.5,154.40266241380615
91575,139.0,-22.0,153.2757842057854
91576,139.0,-21.5,154.50813471942575
91577,139.0,-21.0,154.64038336548867
91578,139.0,-20.5,153.4394333082414
91579,139.0,-20.0,149.86183099522333
91580,139.0,-19.5,148.8909014383031
91581,139.0,-19.0,150.23904534334193
91582,139.0,-18.5,154.1552001459824
91583,139.0,-18.0,152.83218444495324
91584,139.0,-17.5,151.26807046264105
91585,139.0,-17.0,149.52681045418734
91586,139.0,-16.5,155.4155304333622
91587,139.0,-16.0,158.6292672843587
91588,139.0,-15.5,153.0525497007478
91589,139.0,-15.0,155.6360481421362
91590,139.0,-14.5,156.30886450022743
91591,139.0,-14.0,150.71432850180406
91592,139.0,-13.5,152.93429678310864
91593,139.0,-13.0,152.61344196442013
91594,139.0,-11.5,154.72222755190907
91595,139.0,-11.0,154.8715464560444
91596,139.0,-10.5,150.26192066552628
91597,139.0,-10.0,147.94482599612942
91598,139.0,-9.5,156.27032348200208
91599,139.0,-9.0,151.19358095455718
91600,139.0,-8.5,149.9234983079306
91601,139.0,-8.0,150.32248595364402
91602,139.0,-7.5,152.47133906052082
91603,139.0,-7.0,150.93589363772026
91604,139.0,-6.5,150.2610891691474
91605,139.0,-6.0,147.42895462864112
91606,139.0,-5.5,147.2918702773308
91607,139.0,-5.0,150.71702682426437
91608,139.0,-4.5,151.63194402281528
91609,139.0,-4.0,152.97543824849106
91610,139.0,-3.5,153.33511680212482
91611,139.0,-3.0,148.58932615482098
91612,139.0,-2.5,150.24086590462903
91613,139.0,-2.0,152.49483588076467
91614,139.0,-1.0,150.9710373348267
91615,139.0,-0.5,149.3015294388333
91616,139.0,0.0,157.82651242422557
91617,139.0,0.5,152.39053021955505
91618,139.0,1.0,151.74635543369084
91619,139.0,1.5,153.70134121959157
91620,139.0,2.0,152.6169527302475
91621,139.0,2.5,149.59167009384066
91622,139.0,3.0,149.7595441130414
91623,139.0,3.5,150.24229304148176
91624,139.0,4.0,150.53093056564327
91625,139.0,4.5,149.17410916122205
91626,139.0,5.5,152.96263771953502
91627,139.0,6.0,153.36979156180013
91628,139.0,6.5,150.74544494117814
91629,139.0,7.0,150.465174775551
91630,139.0,7.5,147.88693146171127
91631,139.0,8.0,148.01068366845962
91632,139.0,8.5,152.63909771000186
91633,139.0,9.0,149.29239999696824
91634,139.0,9.5,148.6753194371771
91635,139.0,10.0,151.31073911476918
91636,139.0,10.5,153.69999009641919
91637,139.0,11.0,151.2435641986726
91638,139.0,11.5,148.76591548616693
91639,139.0,12.0,149.59301327194788
91640,139.0,12.5,151.19959562426197
91641,139.0,13.0,149.89766807896825
91642,139.0,13.5,148.41099428263516
91643,139.0,14.0,147.57352143619443
91644,139.0,14.5,149.0908767654763
91645,139.0,15.0,149.19271808778086
91646,139.0,15.5,146.89569059385758
91647,139.0,16.0,145.96779854452396
91648,139.0,16.5,147.4122696809298
91649,139.0,17.0,153.45144743345963
91650,139.0,17.5,147.86242360978244
91651,139.0,18.0,151.36543757381338
91652,139.0,18.5,147.2986365154766
91653,139.0,19.0,147.73080035642406
91654,139.0,19.5,147.52217005827234
91655,139.0,20.0,146.9599841536661
91656,139.0,20.5,152.1955814591696
91657,139.0,21.0,146.9075967206043
91658,139.0,21.5,148.65496575326014
91659,139.0,22.0,153.27946629688014
91660,139.0,22.5,151.2327521073458
91661,139.0,23.0,149.11196501153435
91662,139.0,23.5,150.0023437085243
91663,139.0,24.0,153.71681809305804
91664,139.0,24.5,154.63898386679142
91665,139.0,25.5,158.1900500465106
91666,139.0,26.0,151.6945693863097
91667,139.0,26.5,151.40293872988423
91668,139.0,27.0,152.72112104473433
91669,139.0,27.5,151.78807495374795
91670,139.0,28.0,150.74776231840775
91671,139.0,28.5,149.04400399567967
91672,139.0,29.0,148.01954717818123
91673,139.0,29.5,149.66231107425153
91674,139.0,30.0,153.05850143626654
91675,139.0,30.5,148.5499571929541
91676,139.0,31.0,147.58121257498235
91677,139.0,31.5,150.85314833889976
91678,139.0,32.0,149.7722024066185
91679,139.0,32.5,152.12850512645312
91680,139.0,33.0,149.59338778369053
91681,139.0,33.5,147.02277808966593
91682,139.0,34.0,156.82854783138134
91683,139.0,34.5,155.91844325158698
91684,139.0,35.0,154.10442319018213
91685,139.0,35.5,158.94616809613998
91686,139.0,36.0,143.86436349564949
91687,139.0,36.5,150.67603566834435
91688,139.0,37.0,147.7575207486951
91689,139.0,38.0,160.7596483150738
91690,139.0,38.5,161.16797456975428
91691,139.0,39.0,174.40676144078415
91692,139.5,-37.5,153.50857907898404
91693,139.5,-37.0,155.0367623489036
91694,139.5,-36.5,156.35918320029054
91695,139.5,-36.0,155.6956976284254
91696,139.5,-35.5,155.48445553174798
91697,139.5,-35.0,153.44353410340693
91698,139.5,-34.5,155.13041070289154
91699,139.5,-34.0,159.02551787321292
91700,139.5,-33.5,154.49608931433949
91701,139.5,-33.0,151.69286043589824
91702,139.5,-32.5,161.3530166943747
91703,139.5,-32.0,157.44610493331496
91704,139.5,-31.5,156.8299193474159
91705,139.5,-31.0,165.17826599081593
91706,139.5,-30.5,159.05019950399088
91707,139.5,-30.0,147.82791413703606
91708,139.5,-29.5,159.34913708330785
91709,139.5,-29.0,152.68231991677015
91710,139.5,-28.5,151.89754406405677
91711,139.5,-28.0,150.56242962532409
91712,139.5,-27.5,154.7839877629441
91713,139.5,-27.0,153.94614662065052
91714,139.5,-26.5,155.35992660729403
91715,139.5,-26.0,153.48136287907735
91716,139.5,-25.5,157.26040328578185
91717,139.5,-25.0,154.37711710981574
91718,139.5,-24.5,151.34853260062206
91719,139.5,-24.0,153.56814979468368
91720,139.5,-23.5,166.3120575298053
91721,139.5,-23.0,157.34799439822365
91722,139.5,-22.5,153.68423946332499
91723,139.5,-22.0,152.4672957883556
91724,139.5,-21.5,151.85718337292008
91725,139.5,-21.0,149.54644328968303
91726,139.5,-20.5,149.88118589911866
91727,139.5,-20.0,147.52333915946267
91728,139.5,-19.5,149.1098965567885
91729,139.5,-19.0,155.55901167936773
91730,139.5,-18.5,151.51559534633083
91731,139.5,-18.0,148.10721469146608
91732,139.5,-17.5,157.40115628594202
91733,139.5,-17.0,155.40471232716087
91734,139.5,-16.5,158.23593284175166
91735,139.5,-16.0,153.4285034790316
91736,139.5,-15.5,149.42229085630828
91737,139.5,-15.0,154.72157650151422
91738,139.5,-14.5,156.58936469144274
91739,139.5,-14.0,153.2841068766378
91740,139.5,-13.5,150.22819999740085
91741,139.5,-13.0,152.4477725631278
91742,139.5,-12.5,152.4502081177844
91743,139.5,-11.5,154.4096818434455
91744,139.5,-10.5,147.8169056681413
91745,139.5,-10.0,150.38550716039387
91746,139.5,-9.5,154.24332346346952
91747,139.5,-9.0,152.46759033273435
91748,139.5,-8.5,148.4454335312235
91749,139.5,-8.0,150.36513061826696
91750,139.5,-7.5,155.11180465882825
91751,139.5,-7.0,150.78520485511828
91752,139.5,-6.5,149.53283639584782
91753,139.5,-6.0,146.3770293775712
91754,139.5,-5.5,148.97663174173022
91755,139.5,-4.5,149.12476867020956
91756,139.5,-4.0,149.56845617292234
91757,139.5,-3.5,153.78236181397438
91758,139.5,-3.0,150.91201656608658
91759,139.5,-2.5,151.12887862657269
91760,139.5,-2.0,155.46133614683464
91761,139.5,-1.5,152.0690160811408
91762,139.5,-1.0,149.98179080982487
91763,139.5,-0.5,151.46085297202612
91764,139.5,0.0,153.76078920027274
91765,139.5,0.5,155.5617615705943
91766,139.5,1.0,152.51849513706188
91767,139.5,1.5,154.49482340817497
91768,139.5,2.0,153.9104985280226
91769,139.5,2.5,150.24832849164156
91770,139.5,3.0,151.83312898251427
91771,139.5,3.5,151.4056319418456
91772,139.5,4.0,149.19472789788028
91773,139.5,4.5,149.3229416444027
91774,139.5,5.0,149.71399223742898
91775,139.5,5.5,152.64876409199104
91776,139.5,6.5,151.23084545519933
91777,139.5,7.0,148.15330961023602
91778,139.5,7.5,147.92020471125377
91779,139.5,8.0,151.68313835382952
91780,139.5,8.5,149.29821368022493
91781,139.5,9.0,149.0205161886948
91782,139.5,9.5,150.92110193528626
91783,139.5,10.0,151.0664521271896
91784,139.5,10.5,153.12045885119122
91785,139.5,11.0,156.3785661228044
91786,139.5,11.5,151.2017376982804
91787,139.5,12.0,149.67038545595778
91788,139.5,12.5,150.58044372153608
91789,139.5,13.0,150.38119910557126
91790,139.5,13.5,148.98750138372648
91791,139.5,14.0,147.00491492555352
91792,139.5,14.5,149.18263376887222
91793,139.5,15.0,148.3246487430821
91794,139.5,15.5,148.65367641244913
91795,139.5,16.0,146.93890410995277
91796,139.5,16.5,148.43656926113962
91797,139.5,17.0,146.7326304362689
91798,139.5,17.5,150.95798380016703
91799,139.5,18.0,147.52221040393994
91800,139.5,18.5,147.25969164774864
91801,139.5,19.0,147.76440208571137
91802,139.5,19.5,147.15648051804968
91803,139.5,20.0,145.87746542887007
91804,139.5,20.5,149.17437143823582
91805,139.5,21.0,151.79128596823733
91806,139.5,21.5,148.17984951430898
91807,139.5,22.0,152.15398216808933
91808,139.5,22.5,150.0441841187924
91809,139.5,23.0,149.09734047945773
91810,139.5,23.5,153.53779006836754
91811,139.5,24.0,150.66580337629406
91812,139.5,24.5,155.53260654390024
91813,139.5,25.0,155.53749280328555
91814,139.5,25.5,155.56520068515368
91815,139.5,26.0,153.98313966570632
91816,139.5,26.5,153.04925502483133
91817,139.5,27.0,151.45156111857278
91818,139.5,27.5,150.3299202162498
91819,139.5,28.0,150.53970479362135
91820,139.5,28.5,149.88207861955587
91821,139.5,29.0,147.17676772310938
91822,139.5,29.5,148.60321606793974
91823,139.5,30.0,151.2262717382704
91824,139.5,30.5,151.3291176776746
91825,139.5,31.0,147.2357031544068
91826,139.5,31.5,150.92295463133655
91827,139.5,32.0,149.64555184255798
91828,139.5,32.5,151.75431601335563
91829,139.5,33.0,148.7733575474554
91830,139.5,33.5,147.6719699746164
91831,139.5,34.0,155.46142968034906
91832,139.5,34.5,155.92419230913842
91833,139.5,35.0,155.4871357327114
91834,139.5,35.5,159.0772125588766
91835,139.5,36.5,150.50950646158702
91836,139.5,37.0,147.79726744341633
91837,139.5,38.0,160.40270908619678
91838,140.0,-40.0,160.05700369451134
91839,140.0,-37.5,158.95964302675986
91840,140.0,-37.0,159.1539872393626
91841,140.0,-36.5,156.8819941608886
91842,140.0,-36.0,153.4012490556465
91843,140.0,-35.5,151.18021529257334
91844,140.0,-35.0,152.28714427365136
91845,140.0,-34.5,153.2375610387293
91846,140.0,-34.0,155.15710854069442
91847,140.0,-33.0,154.54622024637442
91848,140.0,-32.5,162.0186434663366
91849,140.0,-32.0,154.89061594994624
91850,140.0,-31.5,155.99286160444953
91851,140.0,-31.0,162.47005866978117
91852,140.0,-30.5,162.808956381824
91853,140.0,-30.0,156.84780777787356
91854,140.0,-29.5,163.91386831687208
91855,140.0,-29.0,149.8761728031012
91856,140.0,-28.5,152.80125212660852
91857,140.0,-28.0,152.85381368685282
91858,140.0,-27.5,153.19648456599992
91859,140.0,-27.0,153.66701155150378
91860,140.0,-26.5,154.70457835388103
91861,140.0,-26.0,154.58728257851786
91862,140.0,-25.5,155.5089400385674
91863,140.0,-25.0,156.37396858738595
91864,140.0,-24.5,157.35183071555846
91865,140.0,-24.0,154.69971111476434
91866,140.0,-23.5,160.44098859689157
91867,140.0,-23.0,157.05300038128104
91868,140.0,-22.5,153.81835382252362
91869,140.0,-22.0,153.698369991534
91870,140.0,-21.5,151.388650543192
91871,140.0,-21.0,148.89165923192266
91872,140.0,-20.5,146.5683529135663
91873,140.0,-20.0,150.40686153836063
91874,140.0,-19.5,153.57404140417833
91875,140.0,-19.0,152.06427893977042
91876,140.0,-18.5,149.56388029442027
91877,140.0,-18.0,153.46851697367885
91878,140.0,-17.5,155.73388832038032
91879,140.0,-17.0,157.07714454907253
91880,140.0,-16.5,158.17144281141105
91881,140.0,-16.0,147.7393181575294
91882,140.0,-15.5,153.34196263260634
91883,140.0,-15.0,154.4846327572012
91884,140.0,-14.5,153.33504099393022
91885,140.0,-14.0,154.3570332095495
91886,140.0,-13.5,151.32331742093615
91887,140.0,-12.5,152.50209151089356
91888,140.0,-12.0,153.5871328949388
91889,140.0,-11.5,154.19124271861924
91890,140.0,-11.0,147.29790202705684
91891,140.0,-10.5,147.17955032709526
91892,140.0,-10.0,150.03085185967643
91893,140.0,-9.5,150.69045674882963
91894,140.0,-9.0,150.3987480916418
91895,140.0,-8.5,151.99207033150586
91896,140.0,-8.0,152.033678176304
91897,140.0,-7.5,149.32913091474893
91898,140.0,-7.0,150.8411944327151
91899,140.0,-6.5,149.00262654709266
91900,140.0,-6.0,146.7393390340786
91901,140.0,-5.5,148.18412127891193
91902,140.0,-5.0,147.8977290591984
91903,140.0,-4.5,148.45561940847037
91904,140.0,-4.0,148.17548869013217
91905,140.0,-3.5,152.06559855577794
91906,140.0,-3.0,150.49917644503373
91907,140.0,-2.5,156.46874583727845
91908,140.0,-2.0,161.62728915799246
91909,140.0,-1.5,153.0602583182693
91910,140.0,-1.0,149.48928010110876
91911,140.0,-0.5,151.96088813388488
91912,140.0,0.0,151.9672079681807
91913,140.0,0.5,153.49797459423667
91914,140.0,1.0,154.20731751904427
91915,140.0,1.5,153.90976899983457
91916,140.0,2.0,152.24377874163528
91917,140.0,2.5,150.04788834321172
91918,140.0,3.0,151.52794802426135
91919,140.0,3.5,151.55329603678112
91920,140.0,4.0,151.3879453098237
91921,140.0,4.5,149.39665880137622
91922,140.0,5.0,151.44372812256975
91923,140.0,5.5,152.51755838507617
91924,140.0,6.0,150.78738617234274
91925,140.0,6.5,151.048723293863
91926,140.0,7.0,147.88085172578056
91927,140.0,7.5,148.9244352692596
91928,140.0,8.0,149.81130243824043
91929,140.0,8.5,147.20327223783303
91930,140.0,9.0,148.11084789786474
91931,140.0,9.5,150.63016274522
91932,140.0,10.0,151.78475460297346
91933,140.0,10.5,148.51648249896954
91934,140.0,11.0,155.2546740120583
91935,140.0,11.5,150.8906267111272
91936,140.0,12.0,151.66361894639002
91937,140.0,12.5,149.2743439904748
91938,140.0,13.0,150.19107136755696
91939,140.0,13.5,149.46385919967202
91940,140.0,14.0,149.31239176212353
91941,140.0,14.5,148.2042240704888
91942,140.0,15.0,147.34155745416143
91943,140.0,15.5,148.6357764286612
91944,140.0,16.0,148.1383164008952
91945,140.0,16.5,149.31704564491693
91946,140.0,17.0,148.48381345521747
91947,140.0,17.5,154.04724316895275
91948,140.0,18.0,148.99532035297017
91949,140.0,18.5,146.15676930797443
91950,140.0,19.0,147.42048083751362
91951,140.0,19.5,146.90101609321033
91952,140.0,20.0,148.08295312916968
91953,140.0,20.5,146.93957838517935
91954,140.0,21.0,150.55238793197015
91955,140.0,21.5,148.55080055856084
91956,140.0,22.0,149.25761932766545
91957,140.0,22.5,150.38263225368289
91958,140.0,23.0,149.19307943110073
91959,140.0,23.5,151.3259915111652
91960,140.0,24.0,151.6438572714399
91961,140.0,24.5,161.9940266403201
91962,140.0,25.0,154.63562569325407
91963,140.0,25.5,152.87253482033094
91964,140.0,26.0,156.0300376717218
91965,140.0,26.5,152.05170527009346
91966,140.0,27.0,150.66494402438445
91967,140.0,27.5,148.77085854107983
91968,140.0,28.0,150.68747988448752
91969,140.0,28.5,149.91824637115914
91970,140.0,29.0,147.16658249566404
91971,140.0,29.5,146.403159756435
91972,140.0,30.0,153.6050263003324
91973,140.0,30.5,149.67239635555742
91974,140.0,31.0,150.66038154265925
91975,140.0,31.5,153.1850694149789
91976,140.0,32.0,150.02314307165963
91977,140.0,32.5,151.80757492202383
91978,140.0,33.0,148.29009085838882
91979,140.0,33.5,147.8948456763476
91980,140.0,34.0,152.96863981883067
91981,140.0,34.5,159.88395384147125
91982,140.0,35.0,151.43831962197206
91983,140.0,35.5,158.08227031944463
91984,140.0,36.5,154.50650323500207
91985,140.0,37.0,152.74869949115444
91986,140.0,38.0,159.71634240084214
91987,140.5,-37.5,158.21182237598012
91988,140.5,-37.0,156.5778011389941
91989,140.5,-36.5,154.26346913866445
91990,140.5,-36.0,152.40011317098464
91991,140.5,-35.5,149.91869869210768
91992,140.5,-35.0,151.74092154565508
91993,140.5,-34.5,154.70261694125264
91994,140.5,-34.0,149.68211674981296
91995,140.5,-33.0,155.98507951792607
91996,140.5,-32.5,164.06249131171435
91997,140.5,-32.0,155.33630873645654
91998,140.5,-31.5,156.84360322143453
91999,140.5,-31.0,159.04287763213395
92000,140.5,-30.5,158.98714265449925
92001,140.5,-30.0,158.01589910420668
92002,140.5,-29.5,166.37917900114394
92003,140.5,-29.0,151.4171337321352
92004,140.5,-28.5,153.26022305652955
92005,140.5,-28.0,155.7532337380343
92006,140.5,-27.5,152.47965313201405
92007,140.5,-27.0,153.59368655896782
92008,140.5,-26.5,152.16113708113284
92009,140.5,-26.0,156.5111525154912
92010,140.5,-25.5,154.3864824797559
92011,140.5,-25.0,155.38238632238009
92012,140.5,-24.5,155.16769008886547
92013,140.5,-24.0,160.2631672986309
92014,140.5,-23.5,155.06777645871162
92015,140.5,-23.0,154.87996643959463
92016,140.5,-22.5,150.90860911362623
92017,140.5,-22.0,152.46899640787203
92018,140.5,-21.5,149.70788496463982
92019,140.5,-21.0,146.45884861028526
92020,140.5,-20.5,152.2397977193656
92021,140.5,-20.0,153.1364831526892
92022,140.5,-19.5,152.96961493523688
92023,140.5,-19.0,151.23373919785843
92024,140.5,-18.5,150.2063374859295
92025,140.5,-18.0,154.1518551278158
92026,140.5,-17.5,154.953301968598
92027,140.5,-17.0,159.12788111906968
92028,140.5,-16.5,149.30367275856602
92029,140.5,-16.0,151.69491205654347
92030,140.5,-15.5,156.08922489996246
92031,140.5,-15.0,152.22723912132372
92032,140.5,-14.5,152.06496312891676
92033,140.5,-13.5,153.71426348134992
92034,140.5,-13.0,153.94389374906422
92035,140.5,-12.5,153.60119220322142
92036,140.5,-12.0,153.34833346891946
92037,140.5,-11.5,147.6611440083425
92038,140.5,-11.0,147.02318011933838
92039,140.5,-10.0,151.40291986308807
92040,140.5,-9.5,150.2489201311214
92041,140.5,-9.0,149.95405274753358
92042,140.5,-8.5,152.46154669235744
92043,140.5,-8.0,154.08881295032262
92044,140.5,-7.5,150.23102021260365
92045,140.5,-7.0,149.24639190260248
92046,140.5,-6.5,151.84215551688877
92047,140.5,-6.0,147.54953961770434
92048,140.5,-5.0,148.02756516073302
92049,140.5,-4.5,146.38924396431742
92050,140.5,-4.0,151.00361410138086
92051,140.5,-3.5,150.1616887443017
92052,140.5,-3.0,153.17831672656897
92053,140.5,-2.5,156.07939346963627
92054,140.5,-2.0,156.7778587570183
92055,140.5,-1.5,151.84879054173982
92056,140.5,-1.0,154.55699006607955
92057,140.5,-0.5,152.13430449207996
92058,140.5,0.5,152.1805935746695
92059,140.5,1.0,155.90093286831157
92060,140.5,1.5,148.85248092489365
92061,140.5,2.0,151.83538357164323
92062,140.5,2.5,151.9657925700159
92063,140.5,3.0,150.62268700084962
92064,140.5,3.5,152.24102510501694
92065,140.5,4.0,150.01927178813503
92066,140.5,4.5,150.55552986602171
92067,140.5,5.0,151.15129402702712
92068,140.5,5.5,150.37477262589525
92069,140.5,6.0,150.50033287343973
92070,140.5,7.5,148.3472981892094
92071,140.5,8.0,147.72323900958895
92072,140.5,8.5,148.04731714281607
92073,140.5,9.0,150.16571619757232
92074,140.5,9.5,150.51599942481565
92075,140.5,10.0,158.3024117007825
92076,140.5,10.5,150.08954211485363
92077,140.5,11.0,150.65608481883805
92078,140.5,11.5,154.6033509840547
92079,140.5,12.0,151.1095851050027
92080,140.5,12.5,149.61880605502324
92081,140.5,13.0,148.4286788261482
92082,140.5,13.5,150.1847651506104
92083,140.5,14.0,149.82068482471104
92084,140.5,14.5,146.88172097820552
92085,140.5,15.0,147.25698859569226
92086,140.5,15.5,148.11034025863677
92087,140.5,16.0,149.20785714324518
92088,140.5,16.5,148.66564973067122
92089,140.5,17.0,148.86364795454074
92090,140.5,17.5,147.76453428950512
92091,140.5,18.0,151.92262405649328
92092,140.5,18.5,149.1537244808341
92093,140.5,19.0,146.7297985410019
92094,140.5,19.5,146.0049350155271
92095,140.5,20.0,148.36976249735991
92096,140.5,20.5,150.18526546472705
92097,140.5,21.0,148.7031383144032
92098,140.5,21.5,151.16383445941835
92099,140.5,22.0,146.83481719701263
92100,140.5,22.5,149.97425255759956
92101,140.5,23.0,152.2377843207201
92102,140.5,23.5,149.7623891039589
92103,140.5,24.0,151.15220359865222
92104,140.5,25.0,153.47009701311694
92105,140.5,25.5,151.43718643667816
92106,140.5,26.0,156.18475167247112
92107,140.5,26.5,151.75598056616167
92108,140.5,27.0,150.93514890424086
92109,140.5,27.5,149.6651915827065
92110,140.5,28.0,150.0235309432198
92111,140.5,28.5,150.0432675016886
92112,140.5,29.0,148.16528904003835
92113,140.5,29.5,146.94228947977413
92114,140.5,30.0,152.94488063711546
92115,140.5,30.5,147.3883389109016
92116,140.5,31.0,151.29143327592246
92117,140.5,31.5,152.0000996875026
92118,140.5,32.0,150.59807718225537
92119,140.5,32.5,152.17668367681745
92120,140.5,33.0,147.67235371857012
92121,140.5,33.5,153.1391091978189
92122,140.5,34.0,150.69311989827935
92123,140.5,34.5,163.11094170105025
92124,140.5,35.0,155.2848376123999
92125,140.5,35.5,156.38397348400554
92126,140.5,36.0,152.5336661419967
92127,140.5,36.5,153.3314514081062
92128,140.5,37.0,150.10716184458542
92129,140.5,37.5,159.33286262573222
92130,140.5,38.0,159.49066965576804
92131,141.0,-39.0,159.52828738593456
92132,141.0,-38.0,158.20458444110676
92133,141.0,-37.5,157.88172965004216
92134,141.0,-37.0,157.52216543299855
92135,141.0,-36.5,152.591775344651
92136,141.0,-36.0,152.5546267227959
92137,141.0,-35.5,149.07930699210422
92138,141.0,-35.0,151.88967586742757
92139,141.0,-34.5,152.4771945494757
92140,141.0,-34.0,152.38128746394304
92141,141.0,-33.0,152.85301920933762
92142,141.0,-32.5,162.09964356772917
92143,141.0,-32.0,154.63789000086535
92144,141.0,-31.5,157.28480354348363
92145,141.0,-31.0,158.6845305314141
92146,141.0,-30.5,155.7097619084156
92147,141.0,-30.0,161.93510656719513
92148,141.0,-29.5,164.9173400752737
92149,141.0,-29.0,152.95975509831098
92150,141.0,-28.5,152.9290196423446
92151,141.0,-28.0,155.24602662005177
92152,141.0,-27.5,149.91778953786968
92153,141.0,-27.0,153.77201714914463
92154,141.0,-26.0,153.94009443743732
92155,141.0,-25.5,153.135505422178
92156,141.0,-25.0,155.81399678147804
92157,141.0,-24.5,156.6033011118273
92158,141.0,-24.0,158.18580462555977
92159,141.0,-23.5,154.75124203088404
92160,141.0,-23.0,152.82023294517006
92161,141.0,-22.5,151.99990030732002
92162,141.0,-22.0,152.477715623188
92163,141.0,-21.5,151.27491856469692
92164,141.0,-21.0,151.06308168717888
92165,141.0,-20.5,153.60351237816053
92166,141.0,-20.0,153.11821107172912
92167,141.0,-19.5,150.83168692583882
92168,141.0,-19.0,148.67116061623366
92169,141.0,-18.5,150.77350296989314
92170,141.0,-18.0,156.9870479779332
92171,141.0,-17.5,158.2096207761099
92172,141.0,-17.0,153.95990962827526
92173,141.0,-16.5,153.72008250529404
92174,141.0,-16.0,156.13334057801242
92175,141.0,-15.5,157.9761672489782
92176,141.0,-15.0,152.2792769443287
92177,141.0,-14.5,149.46544440110526
92178,141.0,-14.0,149.59546611601013
92179,141.0,-13.5,152.64444008031828
92180,141.0,-13.0,153.0690807645579
92181,141.0,-12.5,152.73553637057313
92182,141.0,-12.0,147.2800197586356
92183,141.0,-11.5,149.4208119751002
92184,141.0,-10.5,152.0912213057448
92185,141.0,-10.0,151.18650311987977
92186,141.0,-9.0,152.19785894350431
92187,141.0,-8.5,150.49804714069057
92188,141.0,-8.0,150.96077638444038
92189,141.0,-7.5,149.96314546387146
92190,141.0,-7.0,152.16126276054058
92191,141.0,-6.5,150.8239041419786
92192,141.0,-6.0,152.23002254669723
92193,141.0,-5.5,148.35238665185406
92194,141.0,-5.0,148.22302221221756
92195,141.0,-4.5,152.33370825690594
92196,141.0,-4.0,153.3385401964092
92197,141.0,-3.5,149.9273107604752
92198,141.0,-2.5,156.26028400068424
92199,141.0,-2.0,152.6626580040155
92200,141.0,-1.5,157.399037702458
92201,141.0,-1.0,152.91038715093572
92202,141.0,-0.5,154.1746782873093
92203,141.0,0.0,151.61353157803848
92204,141.0,0.5,157.58921041972116
92205,141.0,1.0,150.05641102910408
92206,141.0,1.5,150.89106412567438
92207,141.0,2.0,151.31439226201016
92208,141.0,2.5,151.53709501002672
92209,141.0,3.0,151.49517916531659
92210,141.0,3.5,151.0913914983028
92211,141.0,4.0,151.0812845367526
92212,141.0,4.5,152.54751439114688
92213,141.0,5.0,150.86309455025005
92214,141.0,5.5,150.72481230160636
92215,141.0,6.0,148.86687603763494
92216,141.0,6.5,155.68229312356638
92217,141.0,7.0,152.98649133455538
92218,141.0,7.5,151.44354333565863
92219,141.0,8.0,148.14452817308148
92220,141.0,8.5,151.3160634608125
92221,141.0,9.0,149.09942679997167
92222,141.0,9.5,156.7487730546419
92223,141.0,10.0,169.16458551497948
92224,141.0,10.5,151.17988174871203
92225,141.0,11.0,151.70961330574787
92226,141.0,11.5,153.33071057344824
92227,141.0,12.0,152.2825419011149
92228,141.0,13.0,148.6788890578549
92229,141.0,13.5,149.99053408666322
92230,141.0,14.0,148.36058246734723
92231,141.0,14.5,149.41076070134557
92232,141.0,15.0,146.91090372928278
92233,141.0,15.5,147.5523204793659
92234,141.0,16.0,150.44055740781062
92235,141.0,16.5,148.8874020448464
92236,141.0,17.0,148.9993425455152
92237,141.0,17.5,147.87965368378747
92238,141.0,18.0,146.72507332197503
92239,141.0,18.5,151.15135361142575
92240,141.0,19.0,146.18349373555955
92241,141.0,19.5,147.14780412785515
92242,141.0,20.0,147.11786506556035
92243,141.0,20.5,149.95396117103118
92244,141.0,21.0,150.79484821686145
92245,141.0,21.5,150.94673131965058
92246,141.0,22.0,148.84656226565053
92247,141.0,22.5,149.11799403474134
92248,141.0,23.0,154.47927529636556
92249,141.0,23.5,150.30980567520194
92250,141.0,24.0,149.4400504314697
92251,141.0,24.5,151.53379757328295
92252,141.0,25.0,154.85139217538406
92253,141.0,25.5,150.80162165473448
92254,141.0,26.0,149.13629016576195
92255,141.0,26.5,153.26658677586894
92256,141.0,27.0,150.2352575167666
92257,141.0,27.5,150.05061258364597
92258,141.0,28.0,148.87236618165446
92259,141.0,28.5,150.77398165845835
92260,141.0,29.0,148.68085965246877
92261,141.0,29.5,147.3275597324035
92262,141.0,30.0,150.67083243978817
92263,141.0,30.5,147.67122083671444
92264,141.0,31.0,151.19949360848165
92265,141.0,31.5,154.66409021148561
92266,141.0,32.0,151.57696292201544
92267,141.0,32.5,150.29978979296513
92268,141.0,33.0,147.8180676324176
92269,141.0,33.5,163.83212695352847
92270,141.0,34.0,150.69333469974515
92271,141.0,34.5,156.07632969116142
92272,141.0,35.0,157.64851283918802
92273,141.0,35.5,153.38457461594538
92274,141.0,36.0,155.8328869954015
92275,141.0,36.5,154.56626352011483
92276,141.0,37.0,154.97035329921115
92277,141.0,37.5,159.20582250944764
92278,141.5,-37.5,158.07881008750203
92279,141.5,-37.0,157.23606412949093
92280,141.5,-36.5,153.8482759376684
92281,141.5,-36.0,151.522263791753
92282,141.5,-35.5,148.80620187914542
92283,141.5,-35.0,153.4979702959004
92284,141.5,-34.5,152.17318623041558
92285,141.5,-34.0,153.7604386287214
92286,141.5,-33.0,158.0953626653771
92287,141.5,-32.5,158.24017212214702
92288,141.5,-32.0,156.28478052818488
92289,141.5,-31.5,156.02455726724486
92290,141.5,-31.0,158.26573839331562
92291,141.5,-30.5,157.61805384913677
92292,141.5,-30.0,161.49785666307943
92293,141.5,-29.5,159.69863709568617
92294,141.5,-29.0,154.4632127415046
92295,141.5,-28.5,155.889768790477
92296,141.5,-28.0,154.3649825726767
92297,141.5,-27.5,151.4298753060689
92298,141.5,-27.0,152.88542306522464
92299,141.5,-26.0,153.2391402868232
92300,141.5,-25.5,153.93662336454298
92301,141.5,-25.0,154.79789293147152
92302,141.5,-24.5,158.38636593965128
92303,141.5,-24.0,155.8447250068423
92304,141.5,-23.5,154.010112164083
92305,141.5,-23.0,152.9123294340249
92306,141.5,-22.5,153.87305131399282
92307,141.5,-22.0,151.53847363745098
92308,141.5,-21.5,151.25530868986925
92309,141.5,-21.0,152.54951748532892
92310,141.5,-20.5,152.31730441188878
92311,141.5,-20.0,152.99171471856909
92312,141.5,-19.5,152.01224667569278
92313,141.5,-19.0,153.33212607476068
92314,141.5,-18.5,155.34769381590016
92315,141.5,-18.0,158.31793631735593
92316,141.5,-17.5,156.49538519777113
92317,141.5,-17.0,152.06196076792025
92318,141.5,-16.5,156.86832160145747
92319,141.5,-16.0,159.39440040195856
92320,141.5,-15.5,153.48584698189742
92321,141.5,-15.0,154.04228799618795
92322,141.5,-14.0,151.17122521055222
92323,141.5,-13.0,153.23480095831067
92324,141.5,-12.5,151.50752946735747
92325,141.5,-12.0,150.54171691189893
92326,141.5,-11.5,150.6965422355632
92327,141.5,-11.0,149.3268315962533
92328,141.5,-10.5,151.7152982007727
92329,141.5,-10.0,150.64865911687593
92330,141.5,-9.5,148.1570289082267
92331,141.5,-9.0,148.24878587309877
92332,141.5,-8.5,151.30960027927298
92333,141.5,-8.0,152.3579404352596
92334,141.5,-7.5,154.14149269824696
92335,141.5,-7.0,153.54005494869006
92336,141.5,-6.5,151.3489675382654
92337,141.5,-6.0,151.82858260410026
92338,141.5,-5.5,150.38698743196522
92339,141.5,-5.0,147.2226990539921
92340,141.5,-4.5,157.06310243805936
92341,141.5,-4.0,147.77955055128885
92342,141.5,-3.0,155.53512189159207
92343,141.5,-2.5,155.935757384187
92344,141.5,-2.0,155.18199525024386
92345,141.5,-1.5,153.9091054615243
92346,141.5,-1.0,155.64340388970737
92347,141.5,-0.5,152.96653684930894
92348,141.5,0.0,156.57999107003488
92349,141.5,0.5,157.28296345901902
92350,141.5,1.0,148.21867096642612
92351,141.5,1.5,151.68581431395202
92352,141.5,2.0,150.50019563233764
92353,141.5,2.5,151.32054310838052
92354,141.5,3.0,151.17878452927292
92355,141.5,3.5,151.04276217223133
92356,141.5,4.0,152.58789513825528
92357,141.5,4.5,151.81578793726484
92358,141.5,5.0,150.15190274021458
92359,141.5,5.5,150.67054858242642
92360,141.5,6.0,150.16312237001264
92361,141.5,6.5,153.0808142841405
92362,141.5,7.0,153.1588680790226
92363,141.5,7.5,153.86264214938356
92364,141.5,8.0,153.16076499852312
92365,141.5,8.5,150.0256472388662
92366,141.5,9.0,152.23428906642093
92367,141.5,9.5,166.65920239682626
92368,141.5,10.0,149.9152421540276
92369,141.5,10.5,150.96952196828565
92370,141.5,11.0,153.7534272261346
92371,141.5,11.5,150.29535130785612
92372,141.5,12.0,152.42952544311217
92373,141.5,13.0,150.2368900442996
92374,141.5,13.5,149.35791599946575
92375,141.5,14.0,147.49326963644782
92376,141.5,14.5,148.35257847672847
92377,141.5,15.0,148.78656236900602
92378,141.5,15.5,147.3912945545896
92379,141.5,16.0,149.22020804906631
92380,141.5,16.5,150.05081783858495
92381,141.5,17.0,148.65189420766185
92382,141.5,17.5,146.80987423319408
92383,141.5,18.0,148.08871478979293
92384,141.5,18.5,148.2860070121762
92385,141.5,19.0,160.65902867387692
92386,141.5,19.5,147.44403081549729
92387,141.5,20.0,150.66579806504942
92388,141.5,20.5,152.35887821789177
92389,141.5,21.0,152.00532119317435
92390,141.5,21.5,146.37759087897385
92391,141.5,22.0,149.97167874887748
92392,141.5,22.5,150.55282172126545
92393,141.5,23.0,150.18187701675672
92394,141.5,23.5,151.60300258241696
92395,141.5,24.0,148.98970156311768
92396,141.5,24.5,151.97475303602323
92397,141.5,25.5,151.98205966022115
92398,141.5,26.0,148.7779029826505
92399,141.5,26.5,149.96166612281033
92400,141.5,27.0,149.8524861228065
92401,141.5,27.5,150.27589430294884
92402,141.5,28.0,147.48126443218428
92403,141.5,28.5,150.42657001727537
92404,141.5,29.0,147.96835530013007
92405,141.5,29.5,150.4489078082724
92406,141.5,30.0,147.89131551370866
92407,141.5,30.5,153.256271703947
92408,141.5,31.0,149.93527562522195
92409,141.5,31.5,151.50195041603138
92410,141.5,32.0,152.80126576656522
92411,141.5,32.5,149.32039391751394
92412,141.5,33.0,147.26471386611846
92413,141.5,33.5,154.58544967308092
92414,141.5,34.0,152.59208953201414
92415,141.5,34.5,153.65238294409014
92416,141.5,35.0,160.56354961621108
92417,141.5,35.5,148.03232453133944
92418,141.5,36.0,153.5464803179885
92419,141.5,36.5,154.44749556879336
92420,141.5,37.0,156.91332847118272
92421,141.5,37.5,159.0846471727996
92422,142.0,-39.5,159.70518902396333
92423,142.0,-37.5,158.3372331047786
92424,142.0,-37.0,155.27322583960031
92425,142.0,-36.5,155.10787861302498
92426,142.0,-36.0,152.51872022226132
92427,142.0,-35.5,150.88183138296415
92428,142.0,-35.0,151.92682647812836
92429,142.0,-34.5,153.56993671944306
92430,142.0,-34.0,152.87531070699393
92431,142.0,-33.0,162.03298712059456
92432,142.0,-32.5,156.25674096746658
92433,142.0,-32.0,158.68922246958164
92434,142.0,-31.5,157.50656492981062
92435,142.0,-31.0,158.92317478176483
92436,142.0,-30.5,157.71597011648402
92437,142.0,-30.0,165.31213094157334
92438,142.0,-29.5,157.74919281525536
92439,142.0,-29.0,156.9677613853885
92440,142.0,-28.5,151.93193193316975
92441,142.0,-28.0,153.36678302557758
92442,142.0,-27.5,152.271697981067
92443,142.0,-27.0,152.4578634284289
92444,142.0,-26.0,152.55681542698582
92445,142.0,-25.5,154.63866667991448
92446,142.0,-25.0,153.58361377278263
92447,142.0,-24.5,155.51295030635137
92448,142.0,-24.0,156.10891674267634
92449,142.0,-23.5,154.29005338463537
92450,142.0,-23.0,153.43170640953437
92451,142.0,-22.5,151.82707196764247
92452,142.0,-22.0,150.57740189578786
92453,142.0,-21.5,153.2050435097429
92454,142.0,-21.0,151.74213355811807
92455,142.0,-20.5,152.82465632073146
92456,142.0,-20.0,150.99243729627298
92457,142.0,-19.5,151.1477618973056
92458,142.0,-19.0,152.49030786619036
92459,142.0,-18.5,158.75105981224755
92460,142.0,-18.0,155.4125113133118
92461,142.0,-17.5,154.12867436435664
92462,142.0,-17.0,153.59296542114043
92463,142.0,-16.5,154.84855061180278
92464,142.0,-16.0,157.46996354769087
92465,142.0,-15.5,152.78815901233463
92466,142.0,-14.0,149.3385273199005
92467,142.0,-13.5,149.42749129986078
92468,142.0,-13.0,151.86109318870416
92469,142.0,-12.5,148.32593676794136
92470,142.0,-12.0,151.384446354771
92471,142.0,-11.5,154.0577153135916
92472,142.0,-11.0,151.41884749292748
92473,142.0,-10.5,151.7507949083215
92474,142.0,-10.0,149.29691685503542
92475,142.0,-9.5,148.503974241456
92476,142.0,-9.0,150.1106013626898
92477,142.0,-8.5,151.3012453716128
92478,142.0,-8.0,152.15546220289116
92479,142.0,-7.5,147.91135510923345
92480,142.0,-7.0,150.1618398289438
92481,142.0,-6.5,149.53412795813506
92482,142.0,-6.0,152.4411104789502
92483,142.0,-5.5,148.06591565454227
92484,142.0,-5.0,155.12685429676995
92485,142.0,-4.5,151.3499267131633
92486,142.0,-4.0,150.2742877395748
92487,142.0,-3.0,157.92187230612208
92488,142.0,-2.5,156.50280985887198
92489,142.0,-2.0,152.79959239884226
92490,142.0,-1.5,154.1663235684266
92491,142.0,-1.0,155.46347771340479
92492,142.0,-0.5,151.51548415770398
92493,142.0,0.0,157.73244689158122
92494,142.0,0.5,148.95372355044265
92495,142.0,1.5,149.95335511221256
92496,142.0,2.0,151.24402344121407
92497,142.0,2.5,151.1058315356299
92498,142.0,3.5,151.88378226572064
92499,142.0,4.0,152.05822119106665
92500,142.0,4.5,151.53959025289075
92501,142.0,5.0,150.63528488950686
92502,142.0,5.5,151.20264580788958
92503,142.0,6.0,152.76799017340383
92504,142.0,6.5,150.800455330655
92505,142.0,7.0,148.84015957651255
92506,142.0,7.5,154.41519577972863
92507,142.0,8.0,152.70581037045787
92508,142.0,8.5,151.7998248855118
92509,142.0,9.0,160.1420729494352
92510,142.0,9.5,149.4299150514385
92511,142.0,10.0,150.98249650245563
92512,142.0,10.5,154.01862181250263
92513,142.0,11.0,150.5011493511513
92514,142.0,11.5,153.43621765487472
92515,142.0,12.0,148.4709837418475
92516,142.0,12.5,151.82026374061337
92517,142.0,13.0,151.52682509831828
92518,142.0,13.5,149.62054461641623
92519,142.0,14.0,148.59377996572482
92520,142.0,14.5,146.3875362417146
92521,142.0,15.0,151.65602409872153
92522,142.0,15.5,148.27260001003614
92523,142.0,16.0,148.78467574697905
92524,142.0,16.5,150.01047293941508
92525,142.0,17.0,148.94359246664257
92526,142.0,17.5,149.18466101846442
92527,142.0,18.0,147.96805946389884
92528,142.0,18.5,147.57725627857437
92529,142.0,19.0,155.63518625221351
92530,142.0,19.5,152.3792149330341
92531,142.0,20.0,149.60638214912456
92532,142.0,20.5,152.1431555028775
92533,142.0,21.0,150.14599212503975
92534,142.0,21.5,146.33720476814054
92535,142.0,22.0,150.92179025031558
92536,142.0,22.5,152.02075756485584
92537,142.0,23.0,150.6438033549168
92538,142.0,23.5,150.78732770022887
92539,142.0,24.0,150.43513562165157
92540,142.0,24.5,150.77119347282166
92541,142.0,25.5,152.4398578895145
92542,142.0,26.0,148.7926707512352
92543,142.0,26.5,151.49806027908338
92544,142.0,27.0,150.44699416180865
92545,142.0,27.5,149.06416078195448
92546,142.0,28.0,148.1030616263047
92547,142.0,28.5,149.76682545501654
92548,142.0,29.0,148.54232114969727
92549,142.0,29.5,151.2625229670425
92550,142.0,30.0,148.94773623636848
92551,142.0,30.5,154.50636458695072
92552,142.0,31.0,148.83009131840288
92553,142.0,31.5,149.8412029533205
92554,142.0,32.0,153.11509939066488
92555,142.0,32.5,149.83775132826997
92556,142.0,33.0,148.82913952312035
92557,142.0,33.5,152.15656703421254
92558,142.0,34.0,152.28539144719693
92559,142.0,34.5,153.71306278931957
92560,142.0,35.0,157.8465291194832
92561,142.0,35.5,147.8247908339641
92562,142.0,36.0,154.7533718214442
92563,142.0,36.5,150.35369686433202
92564,142.0,37.0,151.585918574705
92565,142.0,37.5,162.31800895340308
92566,142.5,-37.5,156.61642607923756
92567,142.5,-37.0,158.5849732832757
92568,142.5,-36.5,155.8088535688946
92569,142.5,-36.0,153.3032817138582
92570,142.5,-35.5,151.52447958509788
92571,142.5,-35.0,151.72009208797755
92572,142.5,-34.5,154.8706822986092
92573,142.5,-34.0,152.2529878257311
92574,142.5,-33.0,159.76729802107695
92575,142.5,-32.5,153.3028379412122
92576,142.5,-32.0,157.91856189245092
92577,142.5,-31.5,153.5167587365709
92578,142.5,-31.0,156.74209605589428
92579,142.5,-30.5,158.64111607862904
92580,142.5,-30.0,164.6324500556758
92581,142.5,-29.5,156.21135809367954
92582,142.5,-29.0,160.5445407057449
92583,142.5,-28.5,152.56118280705786
92584,142.5,-28.0,153.79128629018933
92585,142.5,-27.5,157.77678501982743
92586,142.5,-27.0,155.1091983845989
92587,142.5,-26.5,153.5233419723591
92588,142.5,-26.0,151.44935588667997
92589,142.5,-25.5,153.20053130260544
92590,142.5,-25.0,160.3899072335675
92591,142.5,-24.5,153.4424497140518
92592,142.5,-24.0,154.96990869797116
92593,142.5,-23.5,155.19222613580385
92594,142.5,-23.0,153.65644359685288
92595,142.5,-22.5,151.78010856469209
92596,142.5,-22.0,152.49293917360222
92597,142.5,-21.5,152.21191658446585
92598,142.5,-21.0,151.39414970041423
92599,142.5,-20.5,151.9790385442608
92600,142.5,-20.0,151.7046167810195
92601,142.5,-19.5,152.84212795226594
92602,142.5,-19.0,151.2925162031573
92603,142.5,-18.5,153.0654990238361
92604,142.5,-18.0,153.87688705229425
92605,142.5,-17.5,153.4090468169252
92606,142.5,-16.5,156.1892196100871
92607,142.5,-16.0,153.97486407500273
92608,142.5,-15.5,154.1348266957955
92609,142.5,-14.5,157.05841730022365
92610,142.5,-13.5,150.1815867640508
92611,142.5,-13.0,148.65006508377238
92612,142.5,-12.5,147.70846335610005
92613,142.5,-12.0,146.58070785248762
92614,142.5,-11.5,149.7310750837111
92615,142.5,-11.0,152.57997408897995
92616,142.5,-10.5,150.1986510924178
92617,142.5,-10.0,149.6400169597739
92618,142.5,-9.0,150.33261876873058
92619,142.5,-8.5,151.8941746395202
92620,142.5,-8.0,152.72137763102555
92621,142.5,-7.5,147.98761071171805
92622,142.5,-7.0,148.81721750354944
92623,142.5,-6.5,149.49525977711986
92624,142.5,-6.0,150.30059772441243
92625,142.5,-5.5,152.5227647061047
92626,142.5,-5.0,149.65211019122387
92627,142.5,-4.5,149.71187124368439
92628,142.5,-3.5,154.19711064003246
92629,142.5,-3.0,155.91612055486334
92630,142.5,-2.5,156.17653051825317
92631,142.5,-2.0,154.43233745367013
92632,142.5,-1.5,153.13576771295104
92633,142.5,-1.0,151.3408772149699
92634,142.5,-0.5,157.6509548085664
92635,142.5,0.0,152.58090558520902
92636,142.5,0.5,154.72450070961915
92637,142.5,1.0,150.0427424654173
92638,142.5,1.5,149.37259566408466
92639,142.5,2.0,150.5214507881379
92640,142.5,2.5,150.9863049029427
92641,142.5,3.0,151.35412379517177
92642,142.5,3.5,151.76656673621272
92643,142.5,4.0,151.59224966211087
92644,142.5,4.5,151.1634893160677
92645,142.5,5.0,151.75828122844405
92646,142.5,5.5,154.18449555215892
92647,142.5,6.0,151.7641728292318
92648,142.5,6.5,150.32000785863346
92649,142.5,7.0,153.71986904715345
92650,142.5,7.5,154.75593797032852
92651,142.5,8.5,158.43039061465186
92652,142.5,9.0,153.93792186413683
92653,142.5,9.5,153.22823663161552
92654,142.5,10.0,152.79322549876804
92655,142.5,10.5,152.3339107434808
92656,142.5,11.0,153.7745961848523
92657,142.5,11.5,150.14978640562234
92658,142.5,12.0,151.4384728058901
92659,142.5,12.5,151.73600233485607
92660,142.5,13.0,155.77409867908153
92661,142.5,13.5,150.19311481824937
92662,142.5,14.0,148.1129213294521
92663,142.5,14.5,148.5143669424494
92664,142.5,15.5,150.33957329110984
92665,142.5,16.0,148.0745358247964
92666,142.5,16.5,148.88083012093796
92667,142.5,17.0,150.08661030066216
92668,142.5,17.5,148.5646562893776
92669,142.5,18.0,148.87107179729543
92670,142.5,18.5,148.53229772696082
92671,142.5,19.0,149.6182696328313
92672,142.5,19.5,156.3337847135089
92673,142.5,20.0,151.68093773451864
92674,142.5,20.5,153.9733343320255
92675,142.5,21.0,148.6781481865709
92676,142.5,21.5,148.18660414008318
92677,142.5,22.0,152.20788038243057
92678,142.5,22.5,151.05710209686222
92679,142.5,23.0,150.8335804767412
92680,142.5,23.5,149.93459962011914
92681,142.5,24.0,153.87958563497511
92682,142.5,24.5,149.79699718110325
92683,142.5,25.0,148.91532133533732
92684,142.5,25.5,151.8711007234116
92685,142.5,26.0,152.08904763070834
92686,142.5,26.5,150.98152188572564
92687,142.5,27.0,151.05935097131197
92688,142.5,27.5,148.4911260648173
92689,142.5,28.0,149.9911588897652
92690,142.5,28.5,149.83467174894392
92691,142.5,29.0,148.97939397646329
92692,142.5,29.5,150.65866139238037
92693,142.5,30.0,150.2111413227427
92694,142.5,30.5,153.3697108921664
92695,142.5,31.0,148.62191549080399
92696,142.5,31.5,151.85284351413236
92697,142.5,32.0,152.01269841621132
92698,142.5,32.5,149.23606969217374
92699,142.5,33.0,150.3333520827408
92700,142.5,33.5,152.13397931102264
92701,142.5,34.0,157.54374176073082
92702,142.5,34.5,147.33189056314805
92703,142.5,35.0,158.70818474362926
92704,142.5,35.5,147.482468109118
92705,142.5,36.0,152.73938385816763
92706,142.5,36.5,148.80901756696983
92707,142.5,37.0,151.20057709911666
92708,142.5,37.5,161.77770824550163
92709,143.0,-37.5,156.97186983812955
92710,143.0,-37.0,157.45243309765917
92711,143.0,-36.5,155.80799959629186
92712,143.0,-36.0,153.58726104785387
92713,143.0,-35.5,153.3559811082784
92714,143.0,-35.0,153.79285430957367
92715,143.0,-34.5,153.53887869627303
92716,143.0,-34.0,153.4728677461942
92717,143.0,-33.0,153.13581761764962
92718,143.0,-32.5,154.99232402536137
92719,143.0,-32.0,155.1412932780973
92720,143.0,-31.5,154.2729941100122
92721,143.0,-31.0,159.34886181279694
92722,143.0,-30.5,161.49307461851666
92723,143.0,-30.0,163.56510365682175
92724,143.0,-29.5,154.84056207474475
92725,143.0,-29.0,162.14168084836052
92726,143.0,-28.5,153.95204098878108
92727,143.0,-28.0,153.74138102732425
92728,143.0,-27.5,157.35004188920976
92729,143.0,-27.0,155.6773664889088
92730,143.0,-26.5,155.02011236235717
92731,143.0,-26.0,154.48284809335567
92732,143.0,-25.5,155.87303413045788
92733,143.0,-25.0,155.4729428463461
92734,143.0,-24.5,152.91919280476836
92735,143.0,-24.0,152.00773239118766
92736,143.0,-23.5,153.10449390517059
92737,143.0,-23.0,153.87409054982675
92738,143.0,-22.5,151.98943601562033
92739,143.0,-22.0,150.14513189902655
92740,143.0,-21.5,152.18863963292478
92741,143.0,-21.0,152.44498285751564
92742,143.0,-20.5,152.2636109113616
92743,143.0,-20.0,152.1884251628838
92744,143.0,-19.5,152.88127902778487
92745,143.0,-19.0,148.1313268492157
92746,143.0,-18.5,149.75970993567736
92747,143.0,-18.0,150.85346315244874
92748,143.0,-17.5,155.46803561121743
92749,143.0,-17.0,155.12362961233444
92750,143.0,-16.5,154.89990960630516
92751,143.0,-16.0,152.88949964700404
92752,143.0,-15.5,150.86996554368613
92753,143.0,-15.0,156.307713585657
92754,143.0,-14.5,156.89146924318607
92755,143.0,-14.0,150.7494893682291
92756,143.0,-13.5,148.69266681941986
92757,143.0,-13.0,145.75755095275173
92758,143.0,-12.0,148.94986517588478
92759,143.0,-11.5,149.55693922012412
92760,143.0,-11.0,151.3694378164944
92761,143.0,-10.5,149.97682042311942
92762,143.0,-10.0,150.3053110810387
92763,143.0,-9.5,153.6767768873032
92764,143.0,-9.0,151.47439558126445
92765,143.0,-8.5,149.61960099437934
92766,143.0,-8.0,148.4672705446067
92767,143.0,-7.5,149.21594742076013
92768,143.0,-7.0,145.46323760668008
92769,143.0,-6.5,149.34046165769496
92770,143.0,-6.0,146.14856983225582
92771,143.0,-5.5,153.7495684623566
92772,143.0,-5.0,151.98012059557453
92773,143.0,-4.5,152.82151810626812
92774,143.0,-4.0,152.7202442393409
92775,143.0,-3.5,152.5322794693257
92776,143.0,-3.0,156.86296451268657
92777,143.0,-2.5,152.88933448489246
92778,143.0,-2.0,158.42655717427252
92779,143.0,-1.5,153.02822610586665
92780,143.0,-1.0,155.74062202776767
92781,143.0,-0.5,155.76203611246544
92782,143.0,0.0,154.4083329698822
92783,143.0,0.5,150.2388658368819
92784,143.0,1.0,151.41661111174716
92785,143.0,1.5,150.12124607778415
92786,143.0,2.0,150.16015954896275
92787,143.0,2.5,151.0290032183553
92788,143.0,3.0,151.34017097851086
92789,143.0,3.5,150.98144425534062
92790,143.0,4.0,151.2314835403727
92791,143.0,4.5,150.77846216881855
92792,143.0,5.0,152.7284274048217
92793,143.0,5.5,152.29607405222723
92794,143.0,6.0,152.06361422717538
92795,143.0,6.5,149.98447026983246
92796,143.0,7.0,156.09198428442872
92797,143.0,7.5,150.38363415956914
92798,143.0,8.0,156.75999504041704
92799,143.0,8.5,162.87670423904902
92800,143.0,9.0,153.44679753647426
92801,143.0,9.5,150.84635334468265
92802,143.0,10.0,153.45565770634138
92803,143.0,10.5,151.42371499901148
92804,143.0,11.0,150.3464829583085
92805,143.0,11.5,150.9394225852816
92806,143.0,12.0,151.42917417711112
92807,143.0,12.5,151.64579473294847
92808,143.0,13.0,155.48462804742294
92809,143.0,13.5,148.4766120969639
92810,143.0,14.0,147.71015521498413
92811,143.0,14.5,148.68288252455406
92812,143.0,15.0,150.00830824761144
92813,143.0,15.5,150.48158154609953
92814,143.0,16.0,150.21700434653553
92815,143.0,16.5,147.80054419089942
92816,143.0,17.0,150.16569357684608
92817,143.0,17.5,149.40391540964558
92818,143.0,18.0,150.60695308547548
92819,143.0,18.5,149.447097481247
92820,143.0,19.0,151.30394145217537
92821,143.0,19.5,156.69672049492019
92822,143.0,20.0,154.5355316014334
92823,143.0,20.5,156.15735597528032
92824,143.0,21.0,146.34113367223256
92825,143.0,21.5,150.8518451424874
92826,143.0,22.0,151.69745570451056
92827,143.0,22.5,152.48187253839006
92828,143.0,23.0,149.76187230205434
92829,143.0,23.5,150.03983436450565
92830,143.0,24.0,152.22317920718555
92831,143.0,24.5,149.27542421078465
92832,143.0,25.0,149.5609842312996
92833,143.0,25.5,151.67991780887553
92834,143.0,26.0,155.4606218651142
92835,143.0,26.5,150.1516808913853
92836,143.0,27.0,150.70985117141961
92837,143.0,27.5,148.6797990565665
92838,143.0,28.0,150.89382963862698
92839,143.0,28.5,149.68458167949083
92840,143.0,29.0,150.38108121809492
92841,143.0,29.5,150.7421350771135
92842,143.0,30.0,151.49954932276492
92843,143.0,30.5,152.59692990729934
92844,143.0,31.0,152.36715088826787
92845,143.0,31.5,152.40665601593602
92846,143.0,32.0,150.62082693054535
92847,143.0,32.5,149.12715204953867
92848,143.0,33.0,147.44878753869693
92849,143.0,33.5,151.01955641938102
92850,143.0,34.0,156.72874675754838
92851,143.0,34.5,146.75442673206828
92852,143.0,35.0,158.18746965624015
92853,143.0,35.5,150.0951386648786
92854,143.0,36.0,151.74577187133718
92855,143.0,36.5,148.414055183743
92856,143.0,37.0,151.18556656077027
92857,143.0,37.5,161.44122595725452
92858,143.5,-37.5,157.7576408964638
92859,143.5,-37.0,157.3610624471446
92860,143.5,-36.5,152.5664136895393
92861,143.5,-36.0,154.17714735413546
92862,143.5,-35.5,151.9327371396418
92863,143.5,-35.0,155.06131772257373
92864,143.5,-34.5,154.65125320176338
92865,143.5,-34.0,154.03991554210054
92866,143.5,-33.5,155.32847894952891
92867,143.5,-33.0,155.03768522767115
92868,143.5,-32.5,157.1816885111007
92869,143.5,-32.0,156.19313369940443
92870,143.5,-31.5,153.59116172496013
92871,143.5,-31.0,158.73678175571052
92872,143.5,-30.5,158.27331176480436
92873,143.5,-30.0,163.83532286883607
92874,143.5,-29.5,155.44329350808468
92875,143.5,-29.0,160.06308091055448
92876,143.5,-28.5,154.8507421347678
92877,143.5,-28.0,154.44197880925896
92878,143.5,-27.5,154.49836829071316
92879,143.5,-27.0,158.12666230053523
92880,143.5,-26.5,155.62098084918674
92881,143.5,-26.0,156.04246173598412
92882,143.5,-25.5,155.63701455856994
92883,143.5,-25.0,154.00797056685644
92884,143.5,-24.5,153.30927603338736
92885,143.5,-24.0,154.00521573496167
92886,143.5,-23.5,152.3280455068238
92887,143.5,-23.0,153.30530601195412
92888,143.5,-22.5,151.79366957028415
92889,143.5,-22.0,151.48831985107148
92890,143.5,-21.5,151.25985246651382
92891,143.5,-21.0,153.18238860628057
92892,143.5,-20.5,149.24548354191873
92893,143.5,-20.0,151.0240381650297
92894,143.5,-19.5,144.39316682812893
92895,143.5,-19.0,158.54558808814022
92896,143.5,-18.5,148.56222664582685
92897,143.5,-18.0,148.07195182727105
92898,143.5,-17.5,152.58987774819377
92899,143.5,-17.0,150.30278061564292
92900,143.5,-16.5,152.11617467775767
92901,143.5,-15.5,145.75842195025322
92902,143.5,-15.0,155.55828747368312
92903,143.5,-14.5,151.21860981015777
92904,143.5,-14.0,150.48956352557718
92905,143.5,-13.5,148.24486350688528
92906,143.5,-13.0,147.59648996058607
92907,143.5,-12.5,147.0165997347588
92908,143.5,-12.0,151.80427751759848
92909,143.5,-11.5,151.04991662531245
92910,143.5,-11.0,147.66604908705733
92911,143.5,-10.5,150.24932836939854
92912,143.5,-10.0,150.0122137560324
92913,143.5,-9.5,150.02108379181368
92914,143.5,-9.0,151.73696147769184
92915,143.5,-8.5,152.40876621605878
92916,143.5,-8.0,150.87583365498764
92917,143.5,-7.0,151.11344157141016
92918,143.5,-6.5,147.23444138251543
92919,143.5,-6.0,148.9233437135606
92920,143.5,-5.5,148.01934782186305
92921,143.5,-5.0,155.61465664648063
92922,143.5,-4.5,160.2568187641752
92923,143.5,-4.0,150.71628911918125
92924,143.5,-3.5,150.15491116798518
92925,143.5,-3.0,155.4148642613066
92926,143.5,-2.5,153.65137988156073
92927,143.5,-2.0,151.09273713940328
92928,143.5,-1.5,156.97213558057717
92929,143.5,-1.0,160.44564920173957
92930,143.5,-0.5,152.2267408906649
92931,143.5,0.0,153.69589852440473
92932,143.5,0.5,151.5355774208391
92933,143.5,1.0,151.0255856831325
92934,143.5,1.5,150.7568436504055
92935,143.5,2.5,150.73025692484012
92936,143.5,3.0,150.88080202929845
92937,143.5,3.5,150.0664177228213
92938,143.5,4.5,151.46277154242554
92939,143.5,5.0,152.50984467223347
92940,143.5,5.5,152.4769375894347
92941,143.5,6.0,151.41285913193002
92942,143.5,6.5,153.55137910555976
92943,143.5,7.0,150.17868917023864
92944,143.5,7.5,155.0863193308554
92945,143.5,8.0,157.86081214311753
92946,143.5,8.5,156.40230942079816
92947,143.5,9.0,154.5760824509052
92948,143.5,9.5,152.66855730876006
92949,143.5,10.0,150.54771972320518
92950,143.5,10.5,153.1948967040403
92951,143.5,11.0,148.03758148925863
92952,143.5,11.5,152.1106394501606
92953,143.5,12.0,152.68039835527964
92954,143.5,12.5,153.60985978760277
92955,143.5,13.0,153.42906743723327
92956,143.5,13.5,149.1158906068114
92957,143.5,14.5,148.83013789804673
92958,143.5,15.0,149.85734850188382
92959,143.5,15.5,151.8880694525962
92960,143.5,16.0,150.96487405314355
92961,143.5,16.5,148.3252031253414
92962,143.5,17.0,147.86329735402288
92963,143.5,17.5,150.1976476373707
92964,143.5,18.0,150.86825291707942
92965,143.5,18.5,152.11278395765885
92966,143.5,19.0,152.39346772449426
92967,143.5,19.5,149.62148124613668
92968,143.5,20.0,164.58474019213654
92969,143.5,20.5,146.38840686174868
92970,143.5,21.0,146.45170792103275
92971,143.5,21.5,149.66683198795366
92972,143.5,22.0,151.81440569581926
92973,143.5,22.5,151.3690888342251
92974,143.5,23.0,150.25121077598521
92975,143.5,23.5,152.86840572926175
92976,143.5,24.0,149.4862030686445
92977,143.5,24.5,149.45028395496004
92978,143.5,25.0,151.3909959865792
92979,143.5,25.5,151.23881624974803
92980,143.5,26.0,153.9270434936635
92981,143.5,26.5,152.20468231186484
92982,143.5,27.0,151.91868236051948
92983,143.5,27.5,149.97527850007538
92984,143.5,28.0,151.3913956120724
92985,143.5,28.5,150.70833033923438
92986,143.5,29.0,149.93628138680472
92987,143.5,29.5,151.3794925060507
92988,143.5,30.0,151.40051584484868
92989,143.5,30.5,151.80556621278416
92990,143.5,31.0,154.6492639377115
92991,143.5,31.5,153.35880594481927
92992,143.5,32.0,151.77369865963848
92993,143.5,32.5,149.32997886221804
92994,143.5,33.0,147.8113028501001
92995,143.5,33.5,148.6028384579427
92996,143.5,34.0,157.9406075037874
92997,143.5,34.5,166.65876833264133
92998,143.5,35.0,156.48332165444538
92999,143.5,35.5,152.10704984596362
93000,143.5,36.0,150.34454248078805
93001,143.5,36.5,151.3600602198334
93002,143.5,37.0,148.36431984697344
93003,144.0,-37.5,155.92487893906008
93004,144.0,-37.0,157.63376230042417
93005,144.0,-36.5,156.0952022905023
93006,144.0,-36.0,154.93725828341343
93007,144.0,-35.5,156.71347129044796
93008,144.0,-35.0,157.49034530154958
93009,144.0,-34.5,154.563931104435
93010,144.0,-34.0,155.48414468085792
93011,144.0,-33.5,156.1244811071181
93012,144.0,-33.0,155.95414951784977
93013,144.0,-32.5,158.35109440072566
93014,144.0,-32.0,154.07270875239476
93015,144.0,-31.5,154.7438175034623
93016,144.0,-31.0,159.3810233637448
93017,144.0,-30.5,158.48590321786773
93018,144.0,-30.0,161.78654547395647
93019,144.0,-29.5,154.6801395860107
93020,144.0,-29.0,159.11390138944938
93021,144.0,-28.0,155.32591137542215
93022,144.0,-27.5,154.94648560444264
93023,144.0,-27.0,157.72151395396492
93024,144.0,-26.5,156.9186605320195
93025,144.0,-26.0,153.02973241436132
93026,144.0,-25.5,153.14379844150952
93027,144.0,-25.0,153.17285976592976
93028,144.0,-24.5,152.24137345513617
93029,144.0,-24.0,153.27214021044512
93030,144.0,-23.5,152.96019657930196
93031,144.0,-23.0,151.90907712419605
93032,144.0,-22.5,152.3673830517535
93033,144.0,-22.0,151.78268028685486
93034,144.0,-21.5,150.81173807665985
93035,144.0,-21.0,152.13567639430107
93036,144.0,-20.5,149.8501930796734
93037,144.0,-20.0,150.79946642447624
93038,144.0,-19.5,146.5585169663094
93039,144.0,-19.0,147.3249607431992
93040,144.0,-18.5,146.62831873182407
93041,144.0,-18.0,149.19432101241767
93042,144.0,-17.5,148.0042493593966
93043,144.0,-17.0,149.01296743836068
93044,144.0,-16.5,149.82064777427206
93045,144.0,-15.5,152.27695595522792
93046,144.0,-15.0,150.44569721992903
93047,144.0,-14.5,154.87720285146068
93048,144.0,-14.0,149.65694134375184
93049,144.0,-13.5,151.12701285476365
93050,144.0,-12.5,147.2071857135032
93051,144.0,-12.0,150.0892535160472
93052,144.0,-11.5,152.46630906655815
93053,144.0,-11.0,148.90980656882297
93054,144.0,-10.5,148.01676744331536
93055,144.0,-10.0,150.48006899706607
93056,144.0,-9.5,151.08913683709147
93057,144.0,-9.0,149.3889049633938
93058,144.0,-8.5,150.37017814280765
93059,144.0,-7.5,159.79444489419114
93060,144.0,-7.0,148.70087995312684
93061,144.0,-6.5,148.7358691162293
93062,144.0,-6.0,147.8204361293696
93063,144.0,-5.5,148.64456156426454
93064,144.0,-5.0,150.3458615210733
93065,144.0,-4.5,161.14326827904023
93066,144.0,-4.0,152.8456561724182
93067,144.0,-3.5,151.63224377823107
93068,144.0,-3.0,152.13196205563503
93069,144.0,-2.5,151.39009924814437
93070,144.0,-2.0,152.06782469709694
93071,144.0,-1.5,160.58753479276604
93072,144.0,-1.0,154.08572663712945
93073,144.0,-0.5,151.3623656530803
93074,144.0,0.0,150.39244374980365
93075,144.0,0.5,154.49686823610168
93076,144.0,1.0,150.8156379972123
93077,144.0,1.5,151.49674455473917
93078,144.0,2.0,150.78692760332885
93079,144.0,2.5,150.70025907199957
93080,144.0,3.0,149.85324075892248
93081,144.0,3.5,150.2324262235234
93082,144.0,4.5,152.333515887929
93083,144.0,5.0,150.97601288380935
93084,144.0,5.5,150.93177229489032
93085,144.0,6.0,153.038202465409
93086,144.0,6.5,152.78898389384813
93087,144.0,7.0,150.31671605214524
93088,144.0,7.5,155.06299442868055
93089,144.0,8.0,153.85690487785027
93090,144.0,8.5,153.85622506519113
93091,144.0,9.0,154.37425867879531
93092,144.0,9.5,154.62790411666717
93093,144.0,10.0,152.44292276078502
93094,144.0,11.0,151.66020931941904
93095,144.0,11.5,152.2352757689073
93096,144.0,12.0,151.81874378581037
93097,144.0,12.5,155.0182731589546
93098,144.0,13.0,149.27611177628094
93099,144.0,13.5,149.56999916840644
93100,144.0,14.5,151.78017374407202
93101,144.0,15.0,149.5585046405847
93102,144.0,15.5,149.82369666598356
93103,144.0,16.0,147.6857393031085
93104,144.0,16.5,152.64770556085915
93105,144.0,17.0,148.18635058963164
93106,144.0,17.5,147.55721066433895
93107,144.0,18.0,151.52247452287574
93108,144.0,18.5,156.71112656357192
93109,144.0,19.0,152.75527885696198
93110,144.0,19.5,151.9680984620168
93111,144.0,20.5,146.61062594740002
93112,144.0,21.5,149.4941806209661
93113,144.0,22.0,152.1802390679079
93114,144.0,22.5,149.45516524872704
93115,144.0,23.0,151.57321194199412
93116,144.0,23.5,151.70310870958514
93117,144.0,24.0,147.9873568735841
93118,144.0,24.5,150.51023110560655
93119,144.0,25.0,151.66133201728152
93120,144.0,25.5,153.59331629910042
93121,144.0,26.0,152.72175053958333
93122,144.0,26.5,154.06088165585018
93123,144.0,27.0,152.317580370801
93124,144.0,27.5,153.603230490849
93125,144.0,28.0,151.6949842735754
93126,144.0,28.5,151.29989991842993
93127,144.0,29.0,152.84613968888863
93128,144.0,29.5,151.09343220270227
93129,144.0,30.0,152.42969705554626
93130,144.0,30.5,151.6282931815846
93131,144.0,31.0,157.1500632713064
93132,144.0,31.5,155.49338575302642
93133,144.0,32.0,150.40425010175716
93134,144.0,32.5,149.10445081548858
93135,144.0,33.0,148.77556052944772
93136,144.0,33.5,152.62767883473262
93137,144.0,34.0,161.96378119048424
93138,144.0,34.5,167.8300467587476
93139,144.0,35.0,156.6888265518849
93140,144.0,35.5,152.4602324722064
93141,144.0,36.0,150.16627402740005
93142,144.0,36.5,151.78165719397077
93143,144.0,37.0,147.70409035221326
93144,144.5,-39.0,158.92036186422342
93145,144.5,-37.5,155.61983134660224
93146,144.5,-37.0,156.96374488498083
93147,144.5,-36.5,155.39019427149827
93148,144.5,-36.0,155.7621236997954
93149,144.5,-35.5,153.75165094588277
93150,144.5,-35.0,157.3940654499683
93151,144.5,-34.5,156.11052012875092
93152,144.5,-34.0,158.16266541678812
93153,144.5,-33.5,156.88774752541553
93154,144.5,-33.0,155.60262164720157
93155,144.5,-32.5,156.63510783708554
93156,144.5,-32.0,154.15534110983515
93157,144.5,-31.5,154.57867883287037
93158,144.5,-31.0,162.37888413620703
93159,144.5,-30.5,158.25839076695712
93160,144.5,-30.0,159.63520678936615
93161,144.5,-29.5,158.27773931309466
93162,144.5,-29.0,162.04938485813776
93163,144.5,-28.5,153.646826970044
93164,144.5,-28.0,154.08689328726476
93165,144.5,-27.5,154.39557109361957
93166,144.5,-27.0,157.57909118660473
93167,144.5,-26.5,159.62232505412516
93168,144.5,-26.0,154.33567231151653
93169,144.5,-25.5,154.78788716822865
93170,144.5,-25.0,152.77298611357284
93171,144.5,-24.5,151.95323242188246
93172,144.5,-24.0,153.0680967905
93173,144.5,-23.5,151.33140923104568
93174,144.5,-23.0,151.5576188228166
93175,144.5,-22.5,153.32556928462793
93176,144.5,-22.0,152.26399404872433
93177,144.5,-21.5,152.34214376029524
93178,144.5,-21.0,152.78198628104926
93179,144.5,-20.5,153.36834919337224
93180,144.5,-20.0,148.81822937909342
93181,144.5,-19.5,147.78025388425166
93182,144.5,-19.0,149.35328969405094
93183,144.5,-18.5,151.65644525144296
93184,144.5,-18.0,152.24059086529783
93185,144.5,-17.5,146.2927358503593
93186,144.5,-17.0,149.5690377731354
93187,144.5,-16.5,148.26634849356458
93188,144.5,-16.0,153.16347763902021
93189,144.5,-15.5,153.64315740215406
93190,144.5,-15.0,149.6811499149
93191,144.5,-14.5,149.42542011063503
93192,144.5,-14.0,148.78336207430166
93193,144.5,-12.5,150.87364808229788
93194,144.5,-12.0,148.53178450571693
93195,144.5,-11.5,150.64509226076765
93196,144.5,-11.0,149.64117671727521
93197,144.5,-10.5,148.38499184433945
93198,144.5,-10.0,150.41443775919316
93199,144.5,-9.5,151.1597629043561
93200,144.5,-9.0,149.3779305999396
93201,144.5,-8.5,150.03234846244882
93202,144.5,-7.5,156.19608269857184
93203,144.5,-7.0,145.69837834808607
93204,144.5,-6.5,150.77568413195817
93205,144.5,-6.0,147.3130760692915
93206,144.5,-5.5,147.51840240711314
93207,144.5,-5.0,147.92958289391822
93208,144.5,-4.5,149.60091968394582
93209,144.5,-4.0,156.34874541473468
93210,144.5,-3.5,151.66756329264905
93211,144.5,-3.0,153.07357948296033
93212,144.5,-2.5,150.41843127927518
93213,144.5,-2.0,157.6696117400746
93214,144.5,-1.5,154.8802975204348
93215,144.5,-1.0,159.39777265307382
93216,144.5,-0.5,153.74172621384318
93217,144.5,0.0,150.67082797895046
93218,144.5,0.5,150.02583800589883
93219,144.5,1.0,155.05443648431915
93220,144.5,1.5,150.54997129784803
93221,144.5,2.0,150.7535455625368
93222,144.5,2.5,150.25178772116465
93223,144.5,3.0,149.61354971575423
93224,144.5,3.5,151.52437070915488
93225,144.5,4.0,151.43977504183763
93226,144.5,4.5,151.39531060932725
93227,144.5,5.0,151.09188745561002
93228,144.5,5.5,150.81122953144282
93229,144.5,6.0,152.3386766644851
93230,144.5,6.5,149.3980528514312
93231,144.5,7.0,154.20299787461326
93232,144.5,7.5,152.77209080098902
93233,144.5,8.0,154.0296212719514
93234,144.5,8.5,151.81697956011115
93235,144.5,9.0,153.6392528190898
93236,144.5,9.5,157.46304783731745
93237,144.5,10.0,153.1787058253013
93238,144.5,10.5,152.23840569109612
93239,144.5,11.0,152.8608765869595
93240,144.5,11.5,153.24039440265176
93241,144.5,12.0,152.1380702165309
93242,144.5,12.5,157.40845191181072
93243,144.5,13.0,150.73519387076294
93244,144.5,13.5,149.781757128839
93245,144.5,14.0,151.92619385626867
93246,144.5,14.5,150.46795758036993
93247,144.5,15.0,150.94458940315621
93248,144.5,15.5,149.39607890498215
93249,144.5,16.0,148.36932286419426
93250,144.5,16.5,149.15583404157354
93251,144.5,17.0,150.6258106795156
93252,144.5,17.5,148.80412093145392
93253,144.5,18.0,155.39976492565444
93254,144.5,18.5,152.47709116733895
93255,144.5,19.0,152.96666378397757
93256,144.5,19.5,155.33362352494012
93257,144.5,20.0,148.68080847292708
93258,144.5,20.5,146.34935578880373
93259,144.5,21.0,149.3368116387991
93260,144.5,21.5,151.82431893974092
93261,144.5,22.0,151.17660089696554
93262,144.5,22.5,149.48993145827174
93263,144.5,23.0,155.05071405618997
93264,144.5,23.5,148.82370158281657
93265,144.5,24.0,149.02032556942333
93266,144.5,24.5,148.65974994624457
93267,144.5,25.0,151.72367503236453
93268,144.5,25.5,153.13699552350846
93269,144.5,26.0,152.89617014696594
93270,144.5,26.5,154.4378344067453
93271,144.5,27.0,152.5248148682354
93272,144.5,27.5,153.43002440898456
93273,144.5,28.0,153.26692426179736
93274,144.5,28.5,151.94304252565257
93275,144.5,29.0,154.56596541159192
93276,144.5,29.5,151.27291889195598
93277,144.5,30.0,152.06771325621617
93278,144.5,30.5,151.8418108885814
93279,144.5,31.0,157.61964267841998
93280,144.5,31.5,156.66231628534516
93281,144.5,32.0,148.4267107780511
93282,144.5,32.5,148.88551733838165
93283,144.5,33.0,150.35962257429517
93284,144.5,33.5,156.47929705785418
93285,144.5,34.0,162.0883144229527
93286,144.5,34.5,157.53598573581246
93287,144.5,35.0,159.79023369850822
93288,144.5,35.5,152.97051198233711
93289,144.5,36.0,149.75907540455756
93290,144.5,36.5,151.26009550863424
93291,145.0,-37.5,156.19777852000155
93292,145.0,-37.0,158.03965126248994
93293,145.0,-36.5,156.24646651209602
93294,145.0,-36.0,155.7951945932515
93295,145.0,-35.5,155.7079406445321
93296,145.0,-35.0,157.4550376971263
93297,145.0,-34.5,156.84032133043434
93298,145.0,-34.0,164.21766280082431
93299,145.0,-33.5,157.1989851936568
93300,145.0,-33.0,157.06729886122972
93301,145.0,-32.5,154.3363450177396
93302,145.0,-32.0,152.7889787991255
93303,145.0,-31.5,151.86026468378498
93304,145.0,-31.0,158.97057973305445
93305,145.0,-30.5,160.03210125560787
93306,145.0,-30.0,157.68759750181619
93307,145.0,-29.5,157.55254583235768
93308,145.0,-29.0,162.18303015838825
93309,145.0,-28.5,156.18891395232993
93310,145.0,-28.0,154.22716382092776
93311,145.0,-27.5,155.07483106296436
93312,145.0,-27.0,158.906211215641
93313,145.0,-26.5,157.60393167890663
93314,145.0,-26.0,152.9685565051311
93315,145.0,-25.5,152.60875925656848
93316,145.0,-25.0,153.20626894159722
93317,145.0,-24.5,152.368772061804
93318,145.0,-24.0,152.06286773061277
93319,145.0,-23.5,150.67823161046508
93320,145.0,-23.0,150.64728334146093
93321,145.0,-22.5,152.70868371539297
93322,145.0,-22.0,156.93546181637927
93323,145.0,-21.5,155.18829776445511
93324,145.0,-21.0,153.36215834203378
93325,145.0,-20.5,155.2410315703078
93326,145.0,-20.0,149.02789448960883
93327,145.0,-19.5,150.81868054797647
93328,145.0,-19.0,147.51329736487125
93329,145.0,-18.5,153.71388282771153
93330,145.0,-18.0,152.3130939274796
93331,145.0,-17.5,147.4095594008205
93332,145.0,-17.0,147.2042966701893
93333,145.0,-16.5,146.01276666171057
93334,145.0,-16.0,150.2505852535
93335,145.0,-15.5,149.82619392518018
93336,145.0,-15.0,148.92375466459512
93337,145.0,-14.5,149.23470481313166
93338,145.0,-13.0,150.57818400042117
93339,145.0,-12.5,151.027752634704
93340,145.0,-12.0,149.99496538056613
93341,145.0,-11.5,147.51322497886355
93342,145.0,-11.0,149.91517551574924
93343,145.0,-10.5,150.5129380663112
93344,145.0,-10.0,149.73159085327907
93345,145.0,-9.5,151.00647329713985
93346,145.0,-9.0,150.39784303283628
93347,145.0,-8.5,149.0091693891626
93348,145.0,-8.0,157.50812134401963
93349,145.0,-7.5,150.37168962443482
93350,145.0,-7.0,147.58933484336288
93351,145.0,-6.5,149.1812218686814
93352,145.0,-6.0,146.13607504999504
93353,145.0,-5.5,146.070667648419
93354,145.0,-5.0,148.68194511896763
93355,145.0,-4.5,148.28876986563
93356,145.0,-4.0,150.4617697332509
93357,145.0,-3.0,151.49993634471556
93358,145.0,-2.5,151.79450151148606
93359,145.0,-2.0,153.36376266550076
93360,145.0,-1.5,148.99378236718624
93361,145.0,-1.0,148.53503236971508
93362,145.0,-0.5,155.89546987336013
93363,145.0,0.0,154.13318626019426
93364,145.0,0.5,150.12854733619284
93365,145.0,1.0,150.69080850196445
93366,145.0,1.5,150.95537076636094
93367,145.0,2.0,150.24301071782583
93368,145.0,2.5,150.3553198713677
93369,145.0,3.5,152.07867351350941
93370,145.0,4.0,151.4332016219078
93371,145.0,4.5,150.03538541846552
93372,145.0,5.0,151.4359541773117
93373,145.0,5.5,150.94703973859933
93374,145.0,6.0,149.67009773376097
93375,145.0,6.5,154.3771858397621
93376,145.0,7.0,153.4974208209669
93377,145.0,7.5,151.78149787539743
93378,145.0,8.0,151.60332848927297
93379,145.0,8.5,152.96585552341043
93380,145.0,9.0,151.13676734577356
93381,145.0,9.5,160.24464709183874
93382,145.0,10.0,152.88666596129343
93383,145.0,10.5,152.26217497411452
93384,145.0,11.0,155.06676108952485
93385,145.0,11.5,151.2798241139066
93386,145.0,12.0,155.43482053535362
93387,145.0,12.5,149.11159107556546
93388,145.0,13.0,153.87014139280305
93389,145.0,13.5,154.316941300515
93390,145.0,14.0,151.35169817875808
93391,145.0,14.5,151.59169461864167
93392,145.0,15.0,149.94391778656538
93393,145.0,15.5,148.61849330804756
93394,145.0,16.0,149.42756075678057
93395,145.0,16.5,148.34901103591943
93396,145.0,17.0,156.7605857623955
93397,145.0,17.5,149.16656175910063
93398,145.0,18.0,153.95674768720343
93399,145.0,18.5,148.44728455522
93400,145.0,19.0,154.12350458126502
93401,145.0,19.5,157.6102138548519
93402,145.0,20.0,147.76819692226562
93403,145.0,21.0,149.45245298703003
93404,145.0,21.5,157.79632474159843
93405,145.0,22.0,149.88874286448487
93406,145.0,22.5,151.01231052376966
93407,145.0,23.0,151.9878444771148
93408,145.0,23.5,148.32233386901063
93409,145.0,24.0,149.21639880739866
93410,145.0,24.5,148.30913842920617
93411,145.0,25.0,151.1494332222904
93412,145.0,25.5,151.93311793071055
93413,145.0,26.0,152.43342721532238
93414,145.0,26.5,152.69483499806236
93415,145.0,27.0,151.88158571856255
93416,145.0,27.5,150.66629413341755
93417,145.0,28.0,153.09114358445788
93418,145.0,28.5,149.57125778364556
93419,145.0,29.0,153.29612719042277
93420,145.0,29.5,151.3784281970592
93421,145.0,30.0,151.63952247402193
93422,145.0,30.5,151.48559568249817
93423,145.0,31.0,153.48406616759698
93424,145.0,31.5,155.68881062016916
93425,145.0,32.0,147.57167481795804
93426,145.0,32.5,148.94638855788742
93427,145.0,33.0,151.33532805606094
93428,145.0,34.0,162.03473778989343
93429,145.0,34.5,156.73127961807825
93430,145.0,35.0,161.1212157082466
93431,145.0,35.5,157.12796033618443
93432,145.0,36.0,150.1163288722085
93433,145.0,36.5,152.24479584425168
93434,145.5,-38.0,157.40925471285684
93435,145.5,-37.5,156.25811287354176
93436,145.5,-37.0,154.97611492004305
93437,145.5,-36.5,157.10263503564804
93438,145.5,-36.0,155.85210405106758
93439,145.5,-35.5,155.08023166626992
93440,145.5,-35.0,157.28403459931025
93441,145.5,-34.5,157.34024678032404
93442,145.5,-34.0,167.22802749341227
93443,145.5,-33.5,155.041862880598
93444,145.5,-33.0,155.40596957867143
93445,145.5,-32.5,153.44702397463143
93446,145.5,-32.0,153.3728182839762
93447,145.5,-31.5,154.3922469720563
93448,145.5,-31.0,159.37485149984676
93449,145.5,-30.5,162.47584419799665
93450,145.5,-30.0,157.56582458049735
93451,145.5,-29.5,158.83470148070222
93452,145.5,-29.0,161.2936012077507
93453,145.5,-28.5,156.53931157023254
93454,145.5,-28.0,153.0865686113938
93455,145.5,-27.5,152.96287428923253
93456,145.5,-27.0,157.12521459772648
93457,145.5,-26.5,152.51910085564003
93458,145.5,-26.0,154.99563030288343
93459,145.5,-25.5,150.84443542875746
93460,145.5,-25.0,152.5141504070672
93461,145.5,-24.5,154.37709233370057
93462,145.5,-24.0,152.05027171737177
93463,145.5,-23.5,151.9154384269651
93464,145.5,-23.0,152.00609294800628
93465,145.5,-22.5,153.44842368814028
93466,145.5,-22.0,154.5452628449146
93467,145.5,-21.5,153.70789952333507
93468,145.5,-21.0,150.78437240908386
93469,145.5,-20.5,149.92366078468822
93470,145.5,-20.0,153.2868249996833
93471,145.5,-19.5,150.7976933773793
93472,145.5,-19.0,149.9207121459559
93473,145.5,-18.5,149.4474704912624
93474,145.5,-18.0,148.1182029597696
93475,145.5,-17.5,151.5023545478713
93476,145.5,-17.0,148.24652408693683
93477,145.5,-16.5,149.98079315409188
93478,145.5,-16.0,146.90791217651787
93479,145.5,-15.5,150.49543864046197
93480,145.5,-15.0,151.59550796556266
93481,145.5,-14.5,146.6873719384502
93482,145.5,-14.0,146.65483552491128
93483,145.5,-13.5,150.35423359186672
93484,145.5,-13.0,150.4440250607871
93485,145.5,-12.5,151.26085515797791
93486,145.5,-11.5,147.79186024288543
93487,145.5,-11.0,148.20365979559833
93488,145.5,-10.5,150.68812026274585
93489,145.5,-10.0,151.3495896958529
93490,145.5,-9.5,148.73055809513764
93491,145.5,-9.0,149.66911424728372
93492,145.5,-8.5,149.15504408842938
93493,145.5,-8.0,149.5635196166383
93494,145.5,-7.5,144.523489497679
93495,145.5,-7.0,146.96133976000579
93496,145.5,-6.5,148.3479005173137
93497,145.5,-5.5,147.7099444246355
93498,145.5,-5.0,149.13399247514528
93499,145.5,-4.5,150.69011399769286
93500,145.5,-4.0,150.02031977467306
93501,145.5,-3.5,149.42880074623116
93502,145.5,-3.0,149.35925637113505
93503,145.5,-2.5,151.46188630182908
93504,145.5,-2.0,149.70419767402262
93505,145.5,-1.5,148.6571408889489
93506,145.5,-1.0,149.44611462827194
93507,145.5,-0.5,148.9029833286221
93508,145.5,0.0,160.47316389030036
93509,145.5,1.0,150.17074639652142
93510,145.5,1.5,150.72471754850895
93511,145.5,2.0,150.42503437843288
93512,145.5,2.5,153.871128378744
93513,145.5,3.0,150.32115757775233
93514,145.5,3.5,151.81223617702335
93515,145.5,4.0,153.49596272636015
93516,145.5,4.5,152.3223996638062
93517,145.5,5.0,152.42881318997956
93518,145.5,5.5,150.9844336846322
93519,145.5,6.0,150.26190382698107
93520,145.5,6.5,152.98417955973164
93521,145.5,7.0,150.8634421446127
93522,145.5,7.5,152.198410010986
93523,145.5,8.0,151.23632550851315
93524,145.5,8.5,151.42870852756184
93525,145.5,9.0,155.57317359370924
93526,145.5,9.5,157.60083158248403
93527,145.5,10.0,152.5693756814735
93528,145.5,10.5,155.01153798519792
93529,145.5,11.0,153.14248689519948
93530,145.5,11.5,153.30406723930912
93531,145.5,12.0,152.8785737692245
93532,145.5,12.5,151.26658080051558
93533,145.5,13.5,152.95869069080797
93534,145.5,14.0,150.3947082468664
93535,145.5,14.5,151.12864278400673
93536,145.5,15.0,149.85875984106988
93537,145.5,15.5,148.42256730561428
93538,145.5,16.0,149.15561668213147
93539,145.5,16.5,149.58376918738094
93540,145.5,17.0,149.44314970359366
93541,145.5,17.5,156.6360050221696
93542,145.5,18.0,147.9904272825259
93543,145.5,18.5,154.74119468844054
93544,145.5,19.0,151.92519092346598
93545,145.5,19.5,156.94903873687596
93546,145.5,20.0,152.1543539017649
93547,145.5,20.5,148.9461387214437
93548,145.5,21.0,152.11534898271427
93549,145.5,21.5,150.23498757908715
93550,145.5,22.0,149.7528910323618
93551,145.5,22.5,155.28732297316301
93552,145.5,23.0,148.47061766687153
93553,145.5,23.5,148.55870951442856
93554,145.5,24.0,149.19964468378987
93555,145.5,24.5,149.3884523198702
93556,145.5,25.0,149.09751545637872
93557,145.5,25.5,152.70355833267223
93558,145.5,26.0,151.5304721993094
93559,145.5,26.5,151.59636330973444
93560,145.5,27.0,150.41687069551125
93561,145.5,27.5,148.74597510259417
93562,145.5,28.0,152.1858735667157
93563,145.5,28.5,149.12931107645286
93564,145.5,29.0,152.45756164557542
93565,145.5,29.5,150.58907884055478
93566,145.5,30.0,150.78097901035534
93567,145.5,30.5,150.60401380710528
93568,145.5,31.0,157.43828838055168
93569,145.5,31.5,153.70376932056155
93570,145.5,32.0,147.16080376631473
93571,145.5,32.5,149.06172876809927
93572,145.5,33.0,151.52949440869446
93573,145.5,34.0,162.48399158620563
93574,145.5,34.5,157.11288082425833
93575,145.5,35.0,162.29391748950553
93576,145.5,35.5,157.06154707636418
93577,145.5,36.0,151.02676483135784
93578,145.5,36.5,152.55616901958058
93579,145.5,37.0,161.31657756395663
93580,146.0,-38.0,157.60802695640297
93581,146.0,-37.5,154.50724579928658
93582,146.0,-37.0,148.2422716579467
93583,146.0,-36.5,156.85612641817684
93584,146.0,-36.0,154.5287562168136
93585,146.0,-35.5,153.50751302197168
93586,146.0,-35.0,156.2786551850997
93587,146.0,-34.5,154.44303096074913
93588,146.0,-34.0,159.44824398776805
93589,146.0,-33.5,153.3917706403469
93590,146.0,-33.0,152.81070467195235
93591,146.0,-32.5,152.95181899051943
93592,146.0,-32.0,155.09822055815616
93593,146.0,-31.5,151.99543916295
93594,146.0,-31.0,156.8529406439862
93595,146.0,-30.5,162.74677261721823
93596,146.0,-30.0,157.82899808929724
93597,146.0,-29.5,159.17028089361756
93598,146.0,-29.0,156.59398313108994
93599,146.0,-28.5,155.98777905658866
93600,146.0,-28.0,154.20662996901635
93601,146.0,-27.5,156.64753805032686
93602,146.0,-27.0,155.98490684651497
93603,146.0,-26.5,154.01263637909108
93604,146.0,-26.0,153.77254317708275
93605,146.0,-25.5,150.98727702240507
93606,146.0,-25.0,151.43466334284216
93607,146.0,-24.5,152.2288220716963
93608,146.0,-24.0,149.84708628432438
93609,146.0,-23.5,151.1931584279485
93610,146.0,-23.0,152.80889111280905
93611,146.0,-22.5,155.350547875993
93612,146.0,-22.0,152.84804147395232
93613,146.0,-21.5,152.83742829408627
93614,146.0,-21.0,151.96719656119618
93615,146.0,-20.5,149.66877454864058
93616,146.0,-20.0,151.66574331632327
93617,146.0,-19.5,151.79937068979652
93618,146.0,-19.0,148.23197352345326
93619,146.0,-18.5,151.3308907301245
93620,146.0,-18.0,151.7788394964974
93621,146.0,-17.5,152.06445946508373
93622,146.0,-17.0,150.53115520617473
93623,146.0,-16.5,148.2693293492211
93624,146.0,-16.0,149.41469282271555
93625,146.0,-15.5,149.0466293992063
93626,146.0,-15.0,153.1343090879277
93627,146.0,-14.0,146.579662291059
93628,146.0,-13.5,150.17540543088052
93629,146.0,-13.0,150.89037304892017
93630,146.0,-12.5,152.28651666371303
93631,146.0,-12.0,150.15837311081287
93632,146.0,-11.5,150.0094294711397
93633,146.0,-11.0,147.87658850521933
93634,146.0,-10.5,150.4810400412394
93635,146.0,-10.0,153.02166514563007
93636,146.0,-9.5,148.3232778462296
93637,146.0,-9.0,148.59690696463161
93638,146.0,-8.5,149.40370374445985
93639,146.0,-8.0,148.99649725118928
93640,146.0,-7.5,144.96001903559693
93641,146.0,-7.0,149.326174824473
93642,146.0,-6.5,146.35641556407407
93643,146.0,-5.5,151.80663099924377
93644,146.0,-5.0,149.87361558623812
93645,146.0,-4.5,152.3512737452961
93646,146.0,-4.0,149.99831666214192
93647,146.0,-3.5,149.4162617388608
93648,146.0,-3.0,154.02455690455693
93649,146.0,-2.5,150.83931531253674
93650,146.0,-2.0,148.7926430706841
93651,146.0,-1.5,150.05923509628212
93652,146.0,-1.0,150.44258074642838
93653,146.0,-0.5,149.01783889866633
93654,146.0,0.0,167.71929424719121
93655,146.0,0.5,158.837928748074
93656,146.0,1.0,149.95250764828486
93657,146.0,1.5,149.96868031990263
93658,146.0,2.0,150.89172301460857
93659,146.0,2.5,157.15482993238297
93660,146.0,3.0,151.7797438482914
93661,146.0,3.5,151.694980429056
93662,146.0,4.5,153.8094695974003
93663,146.0,5.0,151.46696887106597
93664,146.0,5.5,151.34939146689706
93665,146.0,6.0,152.06952407842414
93666,146.0,6.5,151.21516719628946
93667,146.0,7.0,152.20650064060717
93668,146.0,7.5,151.0629443374394
93669,146.0,8.0,152.2236247100679
93670,146.0,8.5,151.77724866597097
93671,146.0,9.0,156.87967612958758
93672,146.0,9.5,151.91167169111787
93673,146.0,10.0,151.57074126557825
93674,146.0,10.5,157.2586783813018
93675,146.0,11.0,152.51457350525237
93676,146.0,11.5,156.5848351793422
93677,146.0,12.0,150.42909594312445
93678,146.0,12.5,152.61780824842796
93679,146.0,13.0,152.3906842615228
93680,146.0,13.5,151.9139583084364
93681,146.0,14.0,151.7872760627067
93682,146.0,14.5,149.8801377850992
93683,146.0,15.0,148.971742114596
93684,146.0,15.5,148.10231838867458
93685,146.0,16.0,148.92261462983853
93686,146.0,16.5,149.88040490853223
93687,146.0,17.0,150.18347657326527
93688,146.0,17.5,151.54431854042744
93689,146.0,18.0,150.94381425056903
93690,146.0,18.5,158.82894034810195
93691,146.0,19.0,149.80282390684746
93692,146.0,19.5,148.2311533123569
93693,146.0,20.0,160.92169492079702
93694,146.0,20.5,150.39504178929857
93695,146.0,21.0,154.72042694970426
93696,146.0,21.5,150.64204164693967
93697,146.0,22.0,157.6925465513919
93698,146.0,22.5,157.4323001983322
93699,146.0,23.0,148.1457203467681
93700,146.0,23.5,149.20528471326216
93701,146.0,24.0,149.24458417319647
93702,146.0,24.5,148.99325873352535
93703,146.0,25.0,150.4843657947761
93704,146.0,25.5,152.82693571252096
93705,146.0,26.0,151.93676273212077
93706,146.0,26.5,151.6349829028407
93707,146.0,27.0,150.5552110399551
93708,146.0,27.5,148.59486222001127
93709,146.0,28.0,150.96596778213384
93710,146.0,28.5,149.29729223838524
93711,146.0,29.0,151.58561357578594
93712,146.0,29.5,149.26215092511268
93713,146.0,30.0,149.79684874982325
93714,146.0,30.5,150.0803038743888
93715,146.0,31.0,155.13302922962123
93716,146.0,31.5,153.1183783061675
93717,146.0,32.0,149.39814258443127
93718,146.0,32.5,148.93727609238488
93719,146.0,33.0,151.99387368134305
93720,146.0,33.5,154.9416647442967
93721,146.0,34.0,161.08366819121292
93722,146.0,34.5,155.6674460646282
93723,146.0,35.0,161.50036374020388
93724,146.0,35.5,157.68582014870307
93725,146.0,36.0,149.04227469960423
93726,146.0,36.5,152.81907847228717
93727,146.0,37.0,161.03276192667957
93728,146.5,-38.0,158.4436341418478
93729,146.5,-37.5,150.67288019229812
93730,146.5,-37.0,145.16353517073563
93731,146.5,-36.5,152.06261715883886
93732,146.5,-36.0,155.32283511442805
93733,146.5,-35.5,152.87322013524349
93734,146.5,-35.0,156.29795100867182
93735,146.5,-34.5,153.81917280042038
93736,146.5,-34.0,158.58805554613974
93737,146.5,-33.5,153.20875196636163
93738,146.5,-33.0,154.4608738998076
93739,146.5,-32.5,151.31592576780002
93740,146.5,-32.0,151.18923628638706
93741,146.5,-31.5,154.0802881882611
93742,146.5,-31.0,157.19539355099096
93743,146.5,-30.5,164.3453700769413
93744,146.5,-30.0,158.49220063612316
93745,146.5,-29.5,158.84345633675827
93746,146.5,-29.0,157.51072647990094
93747,146.5,-28.5,154.5942757001252
93748,146.5,-28.0,155.38878251737384
93749,146.5,-27.5,157.78550388351968
93750,146.5,-27.0,153.37298323470927
93751,146.5,-26.5,152.08071330971143
93752,146.5,-26.0,151.22413703493194
93753,146.5,-25.5,152.25500121342952
93754,146.5,-25.0,150.06450486998287
93755,146.5,-24.5,149.17409318799
93756,146.5,-24.0,147.8770480989423
93757,146.5,-23.5,151.33315948732562
93758,146.5,-23.0,152.7052266160262
93759,146.5,-22.5,150.98301184791902
93760,146.5,-22.0,152.86591724400304
93761,146.5,-21.5,154.80625686532488
93762,146.5,-21.0,151.05620457439514
93763,146.5,-20.5,145.96476893926243
93764,146.5,-20.0,149.81060109865555
93765,146.5,-19.5,150.54220833769872
93766,146.5,-19.0,150.84411318529484
93767,146.5,-18.5,151.82952373023195
93768,146.5,-18.0,151.06023933387414
93769,146.5,-17.5,146.8920381930477
93770,146.5,-17.0,151.77887549911983
93771,146.5,-16.5,148.33590039990082
93772,146.5,-16.0,147.90914127046676
93773,146.5,-15.5,150.03330140680018
93774,146.5,-15.0,146.86010922501072
93775,146.5,-14.0,149.50416745151475
93776,146.5,-13.5,147.19657267427067
93777,146.5,-13.0,151.9119900542301
93778,146.5,-12.5,150.52856586850714
93779,146.5,-12.0,150.05071952742733
93780,146.5,-11.5,151.5965033284592
93781,146.5,-11.0,150.4045395123443
93782,146.5,-10.5,148.13811208578102
93783,146.5,-10.0,151.24873969955348
93784,146.5,-9.0,148.10112421326275
93785,146.5,-8.5,149.7891537472586
93786,146.5,-8.0,145.5133924466159
93787,146.5,-7.5,147.65390656149174
93788,146.5,-7.0,148.3436691146967
93789,146.5,-6.5,148.84141631119715
93790,146.5,-6.0,148.20609821852824
93791,146.5,-5.5,150.6440026488772
93792,146.5,-5.0,149.5643626545117
93793,146.5,-4.5,148.33176902458652
93794,146.5,-4.0,149.26416251042198
93795,146.5,-3.5,149.470428785158
93796,146.5,-3.0,151.03107644300232
93797,146.5,-2.5,148.69186013558576
93798,146.5,-2.0,155.3640393003827
93799,146.5,-1.5,149.5489209233696
93800,146.5,-1.0,150.63251672398178
93801,146.5,0.0,149.81559036745728
93802,146.5,0.5,149.63848992899352
93803,146.5,1.0,149.6507767101123
93804,146.5,1.5,149.89214320647116
93805,146.5,2.0,149.34029194863047
93806,146.5,2.5,151.56704133729752
93807,146.5,3.0,153.19891647597723
93808,146.5,3.5,150.6738840946259
93809,146.5,4.0,150.80534824548772
93810,146.5,4.5,152.44241989442736
93811,146.5,5.0,153.99062550771484
93812,146.5,5.5,151.06155829863533
93813,146.5,6.0,152.9067598868486
93814,146.5,6.5,150.66870914745658
93815,146.5,7.0,151.39810848524127
93816,146.5,7.5,151.22128182694993
93817,146.5,8.0,149.95377586040672
93818,146.5,8.5,154.8404265087599
93819,146.5,9.0,151.8504839199313
93820,146.5,9.5,151.3477829210093
93821,146.5,10.0,154.52961278464093
93822,146.5,10.5,152.48188993181955
93823,146.5,11.0,159.3186314766656
93824,146.5,11.5,154.3468863291079
93825,146.5,12.5,153.49431383927384
93826,146.5,13.0,152.7467877499274
93827,146.5,13.5,152.52860880022047
93828,146.5,14.0,151.30759687755406
93829,146.5,14.5,149.92422951828507
93830,146.5,15.0,149.4575241493165
93831,146.5,15.5,149.07782073761575
93832,146.5,16.0,149.83347535525292
93833,146.5,16.5,149.95692342829645
93834,146.5,17.0,149.82009964964047
93835,146.5,17.5,147.93884658581374
93836,146.5,18.0,156.61741481493925
93837,146.5,18.5,151.10897259208267
93838,146.5,19.0,146.83987753183956
93839,146.5,19.5,148.30890831471083
93840,146.5,20.0,150.6872019184085
93841,146.5,20.5,155.01436783885146
93842,146.5,21.0,149.6955455515822
93843,146.5,21.5,149.52456649055483
93844,146.5,22.0,158.63334517769798
93845,146.5,22.5,148.3446075255041
93846,146.5,23.0,148.166002282034
93847,146.5,23.5,148.9431474077855
93848,146.5,24.0,149.25787316431826
93849,146.5,24.5,150.05006911553602
93850,146.5,25.0,151.7519015328775
93851,146.5,25.5,152.21641947461606
93852,146.5,26.0,152.3002840133249
93853,146.5,26.5,152.15533299369062
93854,146.5,27.0,151.84259211176783
93855,146.5,28.0,150.10018914361333
93856,146.5,28.5,152.62827883565524
93857,146.5,29.0,148.54151455225534
93858,146.5,29.5,148.89184508523886
93859,146.5,30.0,148.6154465943793
93860,146.5,30.5,150.09098273308243
93861,146.5,31.0,153.8288625016908
93862,146.5,31.5,156.76730476671517
93863,146.5,32.0,149.64553374154477
93864,146.5,32.5,149.29747444138837
93865,146.5,33.0,151.7905612720982
93866,146.5,33.5,154.12311915905332
93867,146.5,34.0,157.88924155219587
93868,146.5,34.5,162.81817549179425
93869,146.5,35.0,161.21206276712778
93870,146.5,35.5,156.36041440372335
93871,146.5,36.0,150.81575678351155
93872,146.5,36.5,153.4083829387652
93873,147.0,-38.5,158.4027557801469
93874,147.0,-38.0,159.83405597539405
93875,147.0,-37.5,150.46145573699138
93876,147.0,-37.0,144.16026970837504
93877,147.0,-36.5,146.92645905442717
93878,147.0,-36.0,151.72996506619194
93879,147.0,-35.5,152.67091128734089
93880,147.0,-35.0,155.44968498223028
93881,147.0,-34.5,151.72226419107028
93882,147.0,-34.0,156.02692815299324
93883,147.0,-33.5,153.42099350343693
93884,147.0,-33.0,155.04949618752457
93885,147.0,-32.5,153.51479621713423
93886,147.0,-31.5,154.74073464062758
93887,147.0,-31.0,158.43498175004535
93888,147.0,-30.5,156.89867678766495
93889,147.0,-30.0,162.53725522123855
93890,147.0,-29.5,159.14517846027408
93891,147.0,-29.0,157.94982770796219
93892,147.0,-28.5,155.0036742945512
93893,147.0,-28.0,155.2617859809817
93894,147.0,-27.5,156.8283308048701
93895,147.0,-27.0,153.1559238571891
93896,147.0,-26.5,149.9821368337354
93897,147.0,-26.0,149.7109373304559
93898,147.0,-25.5,148.36371325088436
93899,147.0,-25.0,145.87755543321705
93900,147.0,-24.5,146.23937772163788
93901,147.0,-24.0,146.2897268395038
93902,147.0,-23.5,150.36472119995665
93903,147.0,-23.0,150.27216941346393
93904,147.0,-22.5,149.76741580334286
93905,147.0,-22.0,151.04745109628738
93906,147.0,-21.5,151.47820290556334
93907,147.0,-21.0,151.44015589251592
93908,147.0,-20.5,148.86300330852453
93909,147.0,-20.0,148.2084450266393
93910,147.0,-19.5,151.60792531856782
93911,147.0,-19.0,147.54433578431642
93912,147.0,-18.5,152.19692251494422
93913,147.0,-18.0,149.6345205739945
93914,147.0,-17.5,149.04360932379575
93915,147.0,-17.0,146.82282224672826
93916,147.0,-16.5,149.49989348297382
93917,147.0,-16.0,148.85555432344987
93918,147.0,-15.5,147.62508085646684
93919,147.0,-15.0,147.0035837993246
93920,147.0,-14.5,150.06285847770047
93921,147.0,-14.0,150.04208967714374
93922,147.0,-13.5,148.64377812293262
93923,147.0,-13.0,150.33154201684823
93924,147.0,-12.5,150.4017762862071
93925,147.0,-12.0,149.90658336931295
93926,147.0,-11.5,151.31622690241397
93927,147.0,-11.0,153.48639290622634
93928,147.0,-10.5,149.15520371376408
93929,147.0,-10.0,147.88518536115924
93930,147.0,-9.0,145.52967107355002
93931,147.0,-8.5,145.07058014096242
93932,147.0,-8.0,147.0652638219763
93933,147.0,-7.5,150.94339354205158
93934,147.0,-7.0,152.17360886641336
93935,147.0,-6.0,149.71219016195613
93936,147.0,-5.5,149.03206921770453
93937,147.0,-4.5,148.60015540746213
93938,147.0,-4.0,148.5557166140286
93939,147.0,-3.5,149.36436016031868
93940,147.0,-3.0,150.34333421948926
93941,147.0,-2.5,151.69387980785183
93942,147.0,-2.0,152.11187203723668
93943,147.0,-1.5,150.18404540109782
93944,147.0,-1.0,149.34247016417453
93945,147.0,-0.5,151.09659408021852
93946,147.0,0.0,149.88658470302641
93947,147.0,0.5,149.74610521831278
93948,147.0,1.0,149.9856279277546
93949,147.0,2.0,151.17647791707464
93950,147.0,2.5,151.2959949893647
93951,147.0,3.0,151.79376172393083
93952,147.0,3.5,154.62629443354228
93953,147.0,4.0,150.04598618614799
93954,147.0,4.5,156.39838918720318
93955,147.0,5.0,154.8020428342299
93956,147.0,5.5,151.7978539033546
93957,147.0,6.0,151.0810024322037
93958,147.0,6.5,152.48213147320078
93959,147.0,7.0,150.1143312766537
93960,147.0,7.5,150.3205115427341
93961,147.0,8.0,155.4765370263307
93962,147.0,8.5,153.6234460802319
93963,147.0,9.0,152.05698066163623
93964,147.0,9.5,154.98235538770047
93965,147.0,10.0,152.57670903614587
93966,147.0,10.5,150.4649042178434
93967,147.0,11.0,154.99813054277286
93968,147.0,11.5,151.9876648433417
93969,147.0,12.0,152.5026223720516
93970,147.0,12.5,155.34379047852127
93971,147.0,13.0,151.93893714492427
93972,147.0,13.5,151.68687316313006
93973,147.0,14.0,148.49280814328094
93974,147.0,14.5,149.83136886096156
93975,147.0,15.0,149.12616716069678
93976,147.0,15.5,149.94222979076412
93977,147.0,16.0,150.74932096281427
93978,147.0,16.5,150.56942412878917
93979,147.0,17.0,149.50393068678952
93980,147.0,17.5,152.8713429845632
93981,147.0,18.0,164.15470140996072
93982,147.0,18.5,155.99335067496446
93983,147.0,19.0,146.87416832975154
93984,147.0,19.5,150.7863604774536
93985,147.0,20.0,151.11768086340814
93986,147.0,20.5,154.21742610590377
93987,147.0,21.0,154.49847348596796
93988,147.0,21.5,149.47403342385746
93989,147.0,22.0,153.61238734456722
93990,147.0,22.5,148.20324779586676
93991,147.0,23.0,149.32008671152977
93992,147.0,23.5,147.918764393756
93993,147.0,24.0,148.27320411859702
93994,147.0,24.5,150.6723960720584
93995,147.0,25.0,155.84954604876154
93996,147.0,25.5,150.27181400323227
93997,147.0,26.0,152.83173946271756
93998,147.0,26.5,151.6329783994396
93999,147.0,27.0,152.29196448857064
94000,147.0,27.5,151.38765580099803
94001,147.0,28.0,152.0674004612856
94002,147.0,28.5,151.82856867433213
94003,147.0,29.0,148.11204021218725
94004,147.0,29.5,149.03644121316657
94005,147.0,30.0,148.45643761252262
94006,147.0,30.5,149.15670481860508
94007,147.0,31.0,148.93349780558205
94008,147.0,31.5,152.96710548031714
94009,147.0,32.0,152.19780401519452
94010,147.0,32.5,150.25911058924865
94011,147.0,33.0,151.87554035977112
94012,147.0,33.5,153.3209141174426
94013,147.0,34.0,156.88770477280798
94014,147.0,34.5,171.7221999702316
94015,147.0,35.0,157.8193209471814
94016,147.0,35.5,157.1361161097988
94017,147.0,36.0,153.57066014778763
94018,147.0,36.5,154.86036432723375
94019,147.5,-38.5,158.53374011627105
94020,147.5,-38.0,162.09682438212576
94021,147.5,-37.5,149.93606241617
94022,147.5,-37.0,146.73244076863134
94023,147.5,-36.5,145.49493875844772
94024,147.5,-36.0,147.25277209477935
94025,147.5,-35.5,148.76360198607372
94026,147.5,-35.0,152.19397932794692
94027,147.5,-34.5,151.74265785756788
94028,147.5,-34.0,157.744731277634
94029,147.5,-33.5,153.81194721325846
94030,147.5,-33.0,153.18322397013014
94031,147.5,-32.5,153.76878850616407
94032,147.5,-32.0,155.92920033167564
94033,147.5,-31.5,155.0106824231912
94034,147.5,-31.0,154.2948768064005
94035,147.5,-30.5,154.78573300123958
94036,147.5,-30.0,161.94123628440352
94037,147.5,-29.5,161.4377807457928
94038,147.5,-29.0,157.9475403287714
94039,147.5,-28.5,154.43342682505266
94040,147.5,-28.0,155.59379665552584
94041,147.5,-27.5,154.74535985025497
94042,147.5,-27.0,152.18708873123742
94043,147.5,-26.5,149.2372583520933
94044,147.5,-26.0,148.1481656216723
94045,147.5,-25.5,146.88981491860542
94046,147.5,-25.0,144.30828603575478
94047,147.5,-24.5,146.14163317901364
94048,147.5,-24.0,145.90246843616387
94049,147.5,-23.5,146.67829385708748
94050,147.5,-23.0,147.621015764033
94051,147.5,-22.5,147.99348349066645
94052,147.5,-22.0,150.63309556056893
94053,147.5,-21.5,147.58549633617125
94054,147.5,-21.0,148.8632560493676
94055,147.5,-20.5,152.62478821227933
94056,147.5,-20.0,149.72826702059052
94057,147.5,-19.5,148.9714622593838
94058,147.5,-19.0,151.15923419712908
94059,147.5,-18.5,155.02986055389357
94060,147.5,-18.0,147.69880319045183
94061,147.5,-17.5,149.45537323857326
94062,147.5,-17.0,148.55412666771576
94063,147.5,-16.5,149.56589530406808
94064,147.5,-16.0,149.6840922028881
94065,147.5,-15.5,146.968122140532
94066,147.5,-15.0,147.10216813916875
94067,147.5,-14.5,149.13412102859695
94068,147.5,-14.0,150.0676922136938
94069,147.5,-13.5,153.20651036613594
94070,147.5,-13.0,148.1430304310241
94071,147.5,-12.5,150.03566005966584
94072,147.5,-12.0,151.81758274349704
94073,147.5,-11.5,150.6063044815168
94074,147.5,-10.5,154.11711072364466
94075,147.5,-10.0,147.6995740589029
94076,147.5,-9.5,146.0855720664279
94077,147.5,-9.0,145.36868590629473
94078,147.5,-8.5,147.26249738664066
94079,147.5,-8.0,150.5970844138967
94080,147.5,-7.5,152.2691810990153
94081,147.5,-7.0,150.79859991016122
94082,147.5,-6.5,148.76820386830957
94083,147.5,-6.0,149.7076760884831
94084,147.5,-5.5,148.11020372486118
94085,147.5,-5.0,148.9752412562672
94086,147.5,-4.5,148.93106045414353
94087,147.5,-4.0,148.05952466989143
94088,147.5,-3.5,148.618040436166
94089,147.5,-3.0,149.09412954710567
94090,147.5,-2.5,149.7512333888101
94091,147.5,-2.0,149.7487906026009
94092,147.5,-1.5,151.72760730823114
94093,147.5,-1.0,151.37064840904574
94094,147.5,-0.5,150.6766359332896
94095,147.5,0.0,150.71204845170175
94096,147.5,0.5,150.15661174899154
94097,147.5,1.5,153.27370631929418
94098,147.5,2.0,152.52906767359033
94099,147.5,2.5,151.18960769005733
94100,147.5,3.0,150.38158246290024
94101,147.5,3.5,152.70917888104486
94102,147.5,4.0,154.39360869087093
94103,147.5,4.5,152.57404520076517
94104,147.5,5.0,152.57504966613533
94105,147.5,5.5,153.51948008758754
94106,147.5,6.0,151.29606174377165
94107,147.5,6.5,151.61080705336627
94108,147.5,7.0,151.44193632051545
94109,147.5,7.5,151.9151724832222
94110,147.5,8.0,153.95552553452293
94111,147.5,8.5,150.44199015514496
94112,147.5,9.0,151.61008430857004
94113,147.5,9.5,156.05733648861104
94114,147.5,10.0,150.31522236528437
94115,147.5,10.5,151.68924313057053
94116,147.5,11.0,154.09636721691328
94117,147.5,12.0,154.12352785463924
94118,147.5,12.5,152.7906869671906
94119,147.5,13.0,154.01467677782748
94120,147.5,13.5,151.64010918887482
94121,147.5,14.0,149.25445492675556
94122,147.5,14.5,149.68939844676666
94123,147.5,15.0,150.36340884244743
94124,147.5,15.5,150.3200488572973
94125,147.5,16.0,150.84736945337752
94126,147.5,16.5,148.77021384304177
94127,147.5,17.0,148.89761194810472
94128,147.5,17.5,152.08394886333934
94129,147.5,18.0,150.4556871230002
94130,147.5,18.5,147.23437238748036
94131,147.5,19.0,147.03136711563224
94132,147.5,19.5,151.39902115179078
94133,147.5,20.0,153.86146697233912
94134,147.5,20.5,150.61757738395107
94135,147.5,21.0,153.31407460641648
94136,147.5,21.5,149.64864278948005
94137,147.5,22.0,149.62861169005348
94138,147.5,22.5,148.5879748250838
94139,147.5,23.0,149.3231449558834
94140,147.5,23.5,147.71269316311782
94141,147.5,24.0,149.02139719023833
94142,147.5,24.5,151.09370116473056
94143,147.5,25.0,157.08831523775595
94144,147.5,25.5,150.64055853387023
94145,147.5,26.0,150.61345668197347
94146,147.5,26.5,151.97789058932887
94147,147.5,27.0,151.81291278285943
94148,147.5,27.5,152.77708722905768
94149,147.5,28.0,153.15283827269505
94150,147.5,28.5,153.44312325860525
94151,147.5,29.0,149.17462849101176
94152,147.5,29.5,149.1953710379652
94153,147.5,30.0,148.47519017801267
94154,147.5,30.5,150.4720659311777
94155,147.5,31.0,149.10673445672782
94156,147.5,31.5,151.54454601426994
94157,147.5,32.0,151.69363236312185
94158,147.5,32.5,151.18114491683116
94159,147.5,33.0,151.79764861384427
94160,147.5,33.5,152.66212319403684
94161,147.5,34.0,158.9161663395144
94162,147.5,34.5,171.30197814709962
94163,147.5,35.0,157.48758237662489
94164,147.5,35.5,158.17376767371417
94165,147.5,36.0,152.81906213273646
94166,147.5,36.5,156.44385960219313
94167,148.0,-38.5,159.1505024263285
94168,148.0,-38.0,159.55943998206777
94169,148.0,-37.5,149.71278569840186
94170,148.0,-37.0,144.62635582892938
94171,148.0,-36.5,143.52353686601555
94172,148.0,-36.0,148.03199425849044
94173,148.0,-35.5,148.11040339978175
94174,148.0,-34.5,151.40726341839593
94175,148.0,-34.0,155.5407788605188
94176,148.0,-33.5,153.43456260518593
94177,148.0,-33.0,151.72766718134895
94178,148.0,-32.5,155.57737495566107
94179,148.0,-32.0,155.44060629660427
94180,148.0,-31.5,154.63412928286343
94181,148.0,-31.0,155.67943445170945
94182,148.0,-30.5,154.6257085411252
94183,148.0,-30.0,162.55947900901998
94184,148.0,-29.5,168.19195954191838
94185,148.0,-29.0,157.08074552534944
94186,148.0,-28.5,152.91917922057203
94187,148.0,-28.0,153.3562933309305
94188,148.0,-27.5,154.44651828766214
94189,148.0,-27.0,152.59714755243536
94190,148.0,-26.5,148.38360754465774
94191,148.0,-26.0,147.72026905291028
94192,148.0,-25.5,146.57511379625552
94193,148.0,-25.0,143.61685184754688
94194,148.0,-24.5,144.64528758539956
94195,148.0,-24.0,148.90416734800309
94196,148.0,-23.5,150.95943393084164
94197,148.0,-23.0,148.32768017280569
94198,148.0,-22.5,147.66154292902826
94199,148.0,-22.0,147.00452693949805
94200,148.0,-21.5,147.52009231742608
94201,148.0,-21.0,146.94978401762154
94202,148.0,-20.5,153.2907766607238
94203,148.0,-20.0,147.42732677605864
94204,148.0,-19.5,147.12654640752373
94205,148.0,-19.0,153.7983096642121
94206,148.0,-18.5,150.07328941692484
94207,148.0,-18.0,148.37556384136627
94208,148.0,-17.5,154.91722795064385
94209,148.0,-17.0,149.25219243286116
94210,148.0,-16.5,148.08590987450899
94211,148.0,-15.5,148.49670512323647
94212,148.0,-15.0,148.0849644226504
94213,148.0,-14.5,148.39013931344934
94214,148.0,-14.0,150.50698699423413
94215,148.0,-13.5,153.530227491244
94216,148.0,-13.0,150.01882621840923
94217,148.0,-12.5,147.32811377688404
94218,148.0,-12.0,151.19749583225266
94219,148.0,-11.5,150.098026126033
94220,148.0,-11.0,152.27666693266778
94221,148.0,-10.5,152.25474818457877
94222,148.0,-10.0,156.8973217018947
94223,148.0,-9.5,144.4020841965704
94224,148.0,-9.0,150.55117428773366
94225,148.0,-8.5,153.41606153715668
94226,148.0,-8.0,150.6402612781989
94227,148.0,-7.5,152.0379752325005
94228,148.0,-7.0,150.43072606281586
94229,148.0,-6.5,149.69447583879614
94230,148.0,-6.0,148.50326408593347
94231,148.0,-5.5,148.7452303086573
94232,148.0,-5.0,148.1159607365452
94233,148.0,-4.0,147.5962373362233
94234,148.0,-3.5,148.4247986710228
94235,148.0,-3.0,148.7085151460461
94236,148.0,-2.5,149.15858875266298
94237,148.0,-2.0,150.43142383716037
94238,148.0,-1.0,151.7179045540578
94239,148.0,-0.5,150.76907186168825
94240,148.0,0.0,150.29897404544036
94241,148.0,0.5,150.181082989305
94242,148.0,1.5,152.54680756984862
94243,148.0,2.0,152.03390107960246
94244,148.0,2.5,152.84279621092932
94245,148.0,3.0,150.55805149720032
94246,148.0,3.5,150.64747043134176
94247,148.0,4.0,155.52065848580884
94248,148.0,4.5,152.48990786220267
94249,148.0,5.0,150.47196254190538
94250,148.0,5.5,150.41017510303274
94251,148.0,6.0,153.00543738882467
94252,148.0,6.5,150.39969702867705
94253,148.0,7.0,152.67274172671566
94254,148.0,7.5,154.37987975965632
94255,148.0,8.0,150.8513660175981
94256,148.0,8.5,150.39934354631544
94257,148.0,9.0,150.6201538814033
94258,148.0,9.5,152.07467905260486
94259,148.0,10.0,152.97235918129203
94260,148.0,10.5,151.88715315873546
94261,148.0,11.0,150.24398460349022
94262,148.0,11.5,148.96434826804082
94263,148.0,12.0,154.6466929823339
94264,148.0,12.5,151.61553627269248
94265,148.0,13.0,153.4450758854699
94266,148.0,13.5,152.93862577018538
94267,148.0,14.0,151.24015398592906
94268,148.0,14.5,150.34884826210742
94269,148.0,15.0,150.9672305547429
94270,148.0,15.5,151.77876482533247
94271,148.0,16.0,150.3617758731755
94272,148.0,16.5,149.07986291131172
94273,148.0,17.0,151.32343759216423
94274,148.0,17.5,151.62552575311457
94275,148.0,18.0,150.44188582563257
94276,148.0,18.5,147.34950776879913
94277,148.0,19.0,148.85429965616424
94278,148.0,19.5,156.38830996724678
94279,148.0,20.0,151.38509791781814
94280,148.0,20.5,150.41086979002094
94281,148.0,21.0,149.61969127849505
94282,148.0,21.5,150.2510932475602
94283,148.0,22.0,148.97525490969613
94284,148.0,22.5,149.17423133258163
94285,148.0,23.5,150.9245681078557
94286,148.0,24.0,148.68356422415616
94287,148.0,24.5,153.6003604660976
94288,148.0,25.0,150.35391803876544
94289,148.0,25.5,153.41237854528657
94290,148.0,26.0,150.82614800215234
94291,148.0,26.5,152.22678909652223
94292,148.0,27.0,152.49841491014382
94293,148.0,27.5,153.22720572080325
94294,148.0,28.0,151.9095529706079
94295,148.0,28.5,155.65273140074757
94296,148.0,29.0,150.1362121006461
94297,148.0,29.5,148.69165701742202
94298,148.0,30.0,149.65524877457332
94299,148.0,30.5,149.1742279349398
94300,148.0,31.0,149.5036599998472
94301,148.0,31.5,151.67056303903195
94302,148.0,32.0,152.88715136954366
94303,148.0,32.5,150.84901262873396
94304,148.0,33.0,151.5157071907292
94305,148.0,33.5,155.1360333744728
94306,148.0,34.0,148.76679173864648
94307,148.0,34.5,166.48985329507644
94308,148.0,35.0,153.43015488370077
94309,148.0,35.5,160.31203686367996
94310,148.0,36.0,154.53428608719003
94311,148.0,36.5,158.11310765552807
94312,148.5,-39.0,158.98151620602033
94313,148.5,-38.5,159.60572703418237
94314,148.5,-37.5,149.85905753113133
94315,148.5,-37.0,145.24346555815512
94316,148.5,-36.5,144.71952043263934
94317,148.5,-36.0,148.02063249256042
94318,148.5,-35.5,146.97370580986407
94319,148.5,-35.0,152.7982847729983
94320,148.5,-34.5,150.29462098673997
94321,148.5,-34.0,154.0829668558518
94322,148.5,-33.5,149.33970030026612
94323,148.5,-33.0,152.46390282458515
94324,148.5,-32.5,148.9821414854894
94325,148.5,-32.0,153.2456941634519
94326,148.5,-31.5,154.3269183034184
94327,148.5,-31.0,155.43198738833112
94328,148.5,-30.5,155.11235211177942
94329,148.5,-30.0,164.4591896881984
94330,148.5,-29.5,168.0618605059206
94331,148.5,-29.0,158.29288610777238
94332,148.5,-28.5,154.33105065446972
94333,148.5,-28.0,153.16014492380728
94334,148.5,-27.5,153.7886050608305
94335,148.5,-27.0,151.29780562873347
94336,148.5,-26.5,149.23111670447713
94337,148.5,-26.0,147.83396701698075
94338,148.5,-25.5,146.04374121205691
94339,148.5,-25.0,147.22860894224618
94340,148.5,-24.5,147.900879433637
94341,148.5,-24.0,148.97997266528716
94342,148.5,-23.5,151.80136502326835
94343,148.5,-23.0,145.94401052979987
94344,148.5,-22.5,150.14264005179913
94345,148.5,-22.0,145.86028835233904
94346,148.5,-21.5,145.71432009159304
94347,148.5,-21.0,147.05902720720294
94348,148.5,-20.5,152.23135124268254
94349,148.5,-20.0,149.05512449815134
94350,148.5,-19.5,151.90045811009324
94351,148.5,-19.0,150.10485736895373
94352,148.5,-18.5,148.96194175066418
94353,148.5,-18.0,153.11645672889225
94354,148.5,-17.5,149.81746763006038
94355,148.5,-17.0,148.63805205680237
94356,148.5,-16.5,148.13943065412147
94357,148.5,-16.0,146.04732521022987
94358,148.5,-15.5,149.70667638014373
94359,148.5,-15.0,148.3694914437312
94360,148.5,-14.5,148.45569560994159
94361,148.5,-14.0,149.9199706392634
94362,148.5,-13.5,150.6043092748989
94363,148.5,-13.0,150.38035950948566
94364,148.5,-12.5,149.68008277813655
94365,148.5,-12.0,149.8366809052295
94366,148.5,-11.0,152.4205004316871
94367,148.5,-10.0,150.73449728196874
94368,148.5,-9.5,150.29093137053104
94369,148.5,-9.0,148.6069655440662
94370,148.5,-8.5,153.01862001007456
94371,148.5,-8.0,151.58758291251235
94372,148.5,-7.5,148.45715718598288
94373,148.5,-7.0,150.08241600056175
94374,148.5,-6.5,149.33866896871214
94375,148.5,-6.0,148.15407222906092
94376,148.5,-5.5,149.73491826513612
94377,148.5,-5.0,147.29065242040548
94378,148.5,-4.5,147.43156788705244
94379,148.5,-4.0,147.34016709724688
94380,148.5,-3.5,148.1083951470757
94381,148.5,-3.0,149.67695032585783
94382,148.5,-2.5,149.36949023928818
94383,148.5,-2.0,150.99845024259085
94384,148.5,-1.5,154.30822576767767
94385,148.5,-1.0,152.19662664805026
94386,148.5,-0.5,151.3107900147058
94387,148.5,0.0,149.4059766880805
94388,148.5,0.5,149.11907508486172
94389,148.5,1.0,152.04621383002498
94390,148.5,1.5,152.0505239168764
94391,148.5,2.0,152.8948279504732
94392,148.5,2.5,152.94709149834475
94393,148.5,3.0,152.03522506401987
94394,148.5,3.5,149.71617614907652
94395,148.5,4.0,151.64309410612756
94396,148.5,4.5,153.4712785240421
94397,148.5,5.0,149.1232539358854
94398,148.5,5.5,152.25899704289304
94399,148.5,6.0,151.35380678276954
94400,148.5,6.5,151.78412509477752
94401,148.5,7.0,153.7912673087083
94402,148.5,7.5,151.48815249176596
94403,148.5,8.0,150.818160156003
94404,148.5,8.5,150.69816812382706
94405,148.5,9.0,157.58908205199347
94406,148.5,9.5,152.04026038513976
94407,148.5,10.0,154.29179579736658
94408,148.5,10.5,150.15552150185823
94409,148.5,11.0,150.9504534223583
94410,148.5,11.5,153.71144377029617
94411,148.5,12.0,152.06495994998974
94412,148.5,12.5,153.7438010756297
94413,148.5,13.0,150.1958652381534
94414,148.5,13.5,150.414017401055
94415,148.5,14.0,151.9058263108623
94416,148.5,14.5,151.75832972532302
94417,148.5,15.0,151.8135776263567
94418,148.5,15.5,152.11496609339153
94419,148.5,16.0,149.96352007618887
94420,148.5,16.5,150.8110143638417
94421,148.5,17.0,151.7047838496181
94422,148.5,18.0,150.1341892416538
94423,148.5,18.5,150.08424530262775
94424,148.5,19.0,151.10187118979218
94425,148.5,19.5,152.26551522093757
94426,148.5,20.0,150.00879808628733
94427,148.5,20.5,150.34170078131112
94428,148.5,21.0,150.12069319547916
94429,148.5,21.5,149.61879365865198
94430,148.5,22.0,149.52135240861602
94431,148.5,22.5,148.8898470974561
94432,148.5,23.0,148.0510943703831
94433,148.5,23.5,149.27808901538518
94434,148.5,24.0,148.87299462798833
94435,148.5,24.5,154.1743394383239
94436,148.5,25.0,150.5768313042101
94437,148.5,25.5,151.60676146047672
94438,148.5,26.0,151.8535221103281
94439,148.5,26.5,151.6131625219912
94440,148.5,27.0,152.71183368394207
94441,148.5,27.5,152.76973183626507
94442,148.5,28.0,154.01124883685574
94443,148.5,28.5,162.86402634056216
94444,148.5,29.0,152.51068271067015
94445,148.5,29.5,151.21440549999394
94446,148.5,30.0,150.21942168577357
94447,148.5,30.5,149.39570909641145
94448,148.5,31.0,149.94439950204873
94449,148.5,31.5,151.16939033438538
94450,148.5,32.0,151.2373952252564
94451,148.5,32.5,151.067184603435
94452,148.5,33.0,151.9020932727729
94453,148.5,33.5,154.44940263048977
94454,148.5,34.0,151.02046357679242
94455,148.5,34.5,160.97442327541503
94456,148.5,35.0,151.1527202290575
94457,148.5,35.5,160.60489112488332
94458,148.5,36.0,155.2282665976782
94459,148.5,36.5,155.6383142351931
94460,149.0,-39.0,159.0295697765261
94461,149.0,-38.5,160.2051480328792
94462,149.0,-37.5,148.9487939722067
94463,149.0,-37.0,146.47972020348058
94464,149.0,-36.5,146.61812959180037
94465,149.0,-36.0,150.31917415299318
94466,149.0,-35.5,149.94550977932343
94467,149.0,-35.0,153.37394948705798
94468,149.0,-34.5,150.83961675312423
94469,149.0,-34.0,153.14985176692696
94470,149.0,-33.5,148.9687417142865
94471,149.0,-33.0,152.94609351267144
94472,149.0,-32.5,148.63812519215648
94473,149.0,-32.0,149.86622030218575
94474,149.0,-31.5,148.7676223887831
94475,149.0,-31.0,151.27618537691745
94476,149.0,-30.5,154.45424688177053
94477,149.0,-30.0,162.8381509967347
94478,149.0,-29.5,163.0676602171167
94479,149.0,-29.0,155.65381322769855
94480,149.0,-28.5,153.8018471332904
94481,149.0,-28.0,155.61801149361517
94482,149.0,-27.5,152.49696435684885
94483,149.0,-27.0,151.6898663876675
94484,149.0,-26.5,151.36374562191486
94485,149.0,-26.0,147.44172451263796
94486,149.0,-25.5,146.26541196176893
94487,149.0,-25.0,145.9415688666704
94488,149.0,-24.5,146.22211597986075
94489,149.0,-24.0,147.19448203855734
94490,149.0,-23.5,149.88664744118242
94491,149.0,-23.0,150.39145708034152
94492,149.0,-22.5,148.4260949876873
94493,149.0,-22.0,145.16446686630388
94494,149.0,-21.5,146.53912518106594
94495,149.0,-21.0,152.73171044859086
94496,149.0,-20.5,149.09691416853852
94497,149.0,-20.0,154.37202854567676
94498,149.0,-19.5,152.55787735514718
94499,149.0,-19.0,146.61483135284539
94500,149.0,-18.5,147.53593160275926
94501,149.0,-18.0,153.46049969928558
94502,149.0,-17.5,147.944895391144
94503,149.0,-17.0,148.83128814339685
94504,149.0,-16.5,147.70312878631233
94505,149.0,-16.0,146.57455121135254
94506,149.0,-15.5,149.0943505340986
94507,149.0,-15.0,149.37441328685213
94508,149.0,-14.5,147.70466519077556
94509,149.0,-14.0,151.42481477873244
94510,149.0,-13.5,150.3266836011554
94511,149.0,-13.0,150.40847630572847
94512,149.0,-12.5,151.52274947239965
94513,149.0,-12.0,148.27058075271805
94514,149.0,-11.5,152.38747775338783
94515,149.0,-11.0,152.41229573813752
94516,149.0,-10.5,149.63425470572977
94517,149.0,-10.0,151.80320554445947
94518,149.0,-9.5,153.03586968428894
94519,149.0,-9.0,152.71490551127096
94520,149.0,-8.5,149.23373717560358
94521,149.0,-7.5,148.25435128607677
94522,149.0,-7.0,149.5227393831744
94523,149.0,-6.5,148.26050559891448
94524,149.0,-6.0,148.99375040162488
94525,149.0,-5.5,150.3206052448718
94526,149.0,-5.0,148.45602324151466
94527,149.0,-4.5,147.5359287851265
94528,149.0,-4.0,147.62910600960527
94529,149.0,-3.5,147.8303559359067
94530,149.0,-3.0,149.5088767728934
94531,149.0,-2.5,150.22274319978945
94532,149.0,-2.0,153.87878754527605
94533,149.0,-1.5,154.45889137157553
94534,149.0,-1.0,152.32434571820073
94535,149.0,-0.5,152.7450264711343
94536,149.0,0.0,149.81398831805654
94537,149.0,0.5,150.57792169637835
94538,149.0,1.0,150.9397387238428
94539,149.0,1.5,151.94223398268144
94540,149.0,2.0,153.83087957060647
94541,149.0,2.5,153.02041435590039
94542,149.0,3.0,156.86499128763413
94543,149.0,3.5,153.0290584747159
94544,149.0,4.0,150.88897651351226
94545,149.0,4.5,152.0074120407219
94546,149.0,5.0,152.43445165751106
94547,149.0,5.5,150.209581959431
94548,149.0,6.5,155.09164359405924
94549,149.0,7.0,151.70198910619922
94550,149.0,7.5,152.22402032920365
94551,149.0,8.0,154.51468064064366
94552,149.0,8.5,150.8482114203271
94553,149.0,9.0,155.09232638089821
94554,149.0,9.5,152.8553243452499
94555,149.0,10.0,151.817072399857
94556,149.0,10.5,156.95114724740145
94557,149.0,11.0,153.921128143567
94558,149.0,11.5,152.34247817607263
94559,149.0,12.0,154.253661525047
94560,149.0,12.5,153.4880508166414
94561,149.0,13.0,150.61499811410832
94562,149.0,13.5,150.80425928873197
94563,149.0,14.0,151.88841547822602
94564,149.0,14.5,153.063224535207
94565,149.0,15.0,153.31003769048505
94566,149.0,15.5,152.4997522146025
94567,149.0,16.0,152.5228874595223
94568,149.0,16.5,151.96180660126967
94569,149.0,17.0,151.42183551197277
94570,149.0,18.0,148.27777975744212
94571,149.0,18.5,151.00285753283234
94572,149.0,19.0,148.85510395231827
94573,149.0,19.5,149.0805521392354
94574,149.0,20.0,151.98980328211042
94575,149.0,20.5,149.66671412817757
94576,149.0,21.0,150.01330132370083
94577,149.0,21.5,149.57888766537363
94578,149.0,22.0,148.90067940565075
94579,149.0,22.5,150.15472063107998
94580,149.0,23.0,148.31341656859004
94581,149.0,23.5,149.38771325477973
94582,149.0,24.0,153.42071395206546
94583,149.0,24.5,149.25321680860122
94584,149.0,25.0,151.98490954209547
94585,149.0,25.5,151.24737420188183
94586,149.0,26.0,153.4030279182579
94587,149.0,26.5,151.881135380217
94588,149.0,27.0,153.08346743369944
94589,149.0,27.5,152.01540017151171
94590,149.0,28.0,154.80774783794797
94591,149.0,28.5,150.04086338360915
94592,149.0,29.0,151.74527284780788
94593,149.0,29.5,152.83899980537427
94594,149.0,30.0,149.51082246506022
94595,149.0,30.5,149.94542594747514
94596,149.0,31.0,150.74892294673407
94597,149.0,31.5,149.74680851503211
94598,149.0,32.0,155.0443906111286
94599,149.0,32.5,152.5738658521141
94600,149.0,33.0,151.73991140787223
94601,149.0,33.5,153.47902440493723
94602,149.0,34.0,154.97896660691654
94603,149.0,34.5,158.9658713024133
94604,149.0,35.0,153.29924608905247
94605,149.0,35.5,160.76623127422434
94606,149.0,36.0,154.33439348208105
94607,149.0,36.5,153.96954842458103
94608,149.0,37.0,166.1230280899496
94609,149.5,-39.0,160.52303190641393
94610,149.5,-38.5,160.50478824795735
94611,149.5,-37.5,148.95631126556955
94612,149.5,-37.0,145.48793325570304
94613,149.5,-36.5,144.4961434934051
94614,149.5,-36.0,149.70670395052767
94615,149.5,-35.5,151.0233550926731
94616,149.5,-35.0,151.25976802942216
94617,149.5,-34.5,154.02474601931146
94618,149.5,-34.0,154.2892049617464
94619,149.5,-33.5,148.07173694199133
94620,149.5,-33.0,150.30738792857628
94621,149.5,-32.5,149.9435015664691
94622,149.5,-32.0,149.35678961631402
94623,149.5,-31.5,149.10370334219857
94624,149.5,-31.0,147.02356646170546
94625,149.5,-30.5,150.2922021364855
94626,149.5,-30.0,161.69224987838078
94627,149.5,-29.5,160.6263622275608
94628,149.5,-29.0,157.50788245273927
94629,149.5,-28.5,151.4352546040108
94630,149.5,-28.0,152.30472974901107
94631,149.5,-27.5,152.21643645066652
94632,149.5,-27.0,151.48283409316096
94633,149.5,-26.5,150.58600779739055
94634,149.5,-26.0,148.38953731033203
94635,149.5,-25.5,148.0059611678546
94636,149.5,-25.0,144.4820225730524
94637,149.5,-24.5,149.3306137772768
94638,149.5,-24.0,151.01717505816822
94639,149.5,-23.5,148.24631711814592
94640,149.5,-23.0,150.6089743994164
94641,149.5,-22.5,149.6401732408788
94642,149.5,-22.0,150.53104703199716
94643,149.5,-21.5,148.76310288999542
94644,149.5,-21.0,149.63539622947167
94645,149.5,-20.5,147.51802695254682
94646,149.5,-20.0,152.57119506187317
94647,149.5,-19.5,153.36389827818903
94648,149.5,-19.0,148.39474142605889
94649,149.5,-18.5,148.62010672959974
94650,149.5,-18.0,150.79107562095516
94651,149.5,-17.5,152.2401362519833
94652,149.5,-17.0,147.38365226414695
94653,149.5,-16.5,147.70156807692823
94654,149.5,-16.0,148.8099832957512
94655,149.5,-15.5,147.13809995705802
94656,149.5,-15.0,149.86435941562223
94657,149.5,-14.5,151.19263310448602
94658,149.5,-14.0,149.2971584839206
94659,149.5,-13.5,147.86307038946444
94660,149.5,-13.0,151.32933731897108
94661,149.5,-12.5,151.38340381524696
94662,149.5,-12.0,149.47883064271224
94663,149.5,-11.5,150.5621621566579
94664,149.5,-10.5,151.73697114391265
94665,149.5,-9.5,153.82053250898858
94666,149.5,-9.0,153.06608762624904
94667,149.5,-8.5,148.76608598402757
94668,149.5,-8.0,148.6270805431545
94669,149.5,-7.5,150.144931930865
94670,149.5,-7.0,151.73358544440921
94671,149.5,-6.5,150.94067484969412
94672,149.5,-6.0,147.5624125747125
94673,149.5,-5.5,148.549784100943
94674,149.5,-5.0,149.776177729859
94675,149.5,-4.5,151.75435480046994
94676,149.5,-4.0,149.37746691031865
94677,149.5,-3.5,147.97180355850904
94678,149.5,-3.0,147.60415208693206
94679,149.5,-2.5,151.85993106329613
94680,149.5,-2.0,153.49979594837336
94681,149.5,-1.5,155.07278265096184
94682,149.5,-1.0,155.50671311476802
94683,149.5,0.0,155.9839023733411
94684,149.5,0.5,152.4905368560937
94685,149.5,1.0,151.39407003021614
94686,149.5,1.5,155.17941486889328
94687,149.5,2.0,154.9468612386393
94688,149.5,3.0,155.52134318149416
94689,149.5,3.5,152.09041364184796
94690,149.5,4.0,150.6341461325977
94691,149.5,4.5,151.166257237655
94692,149.5,5.0,152.69311783362116
94693,149.5,5.5,149.15167835921525
94694,149.5,6.0,148.81944444559508
94695,149.5,6.5,155.45888090507503
94696,149.5,7.0,151.6623404690698
94697,149.5,7.5,151.9757254829983
94698,149.5,8.5,154.6965332155648
94699,149.5,9.0,150.75683142517323
94700,149.5,9.5,154.78169272089494
94701,149.5,10.0,151.62901484225128
94702,149.5,10.5,153.83796738068278
94703,149.5,11.0,155.68155235332858
94704,149.5,11.5,152.02904815858494
94705,149.5,12.0,153.19066951980935
94706,149.5,12.5,150.2147235959207
94707,149.5,13.0,151.28093073285916
94708,149.5,13.5,152.03233541103953
94709,149.5,14.0,153.95275123364553
94710,149.5,14.5,154.0972349991962
94711,149.5,15.0,156.34574252994534
94712,149.5,15.5,151.47815043006477
94713,149.5,16.0,154.13776874986067
94714,149.5,16.5,153.52233002313554
94715,149.5,17.0,151.4185438011668
94716,149.5,17.5,148.29973819669968
94717,149.5,18.0,150.05282959579867
94718,149.5,18.5,150.9591099526703
94719,149.5,19.0,150.30764608721205
94720,149.5,19.5,150.46964618420034
94721,149.5,20.5,149.78226253353947
94722,149.5,21.0,149.05603219139044
94723,149.5,21.5,149.95834854619156
94724,149.5,22.5,149.59020047256573
94725,149.5,23.0,148.75385804056586
94726,149.5,23.5,153.68084334707842
94727,149.5,24.0,153.20853914345253
94728,149.5,24.5,148.14130691051213
94729,149.5,25.0,149.3857008277124
94730,149.5,25.5,151.3044544366782
94731,149.5,26.0,152.8780541956545
94732,149.5,26.5,150.7869327846989
94733,149.5,27.0,151.85756234962193
94734,149.5,27.5,151.92448211682284
94735,149.5,28.0,158.03825495782277
94736,149.5,28.5,150.56683130106467
94737,149.5,29.0,153.70095467412355
94738,149.5,29.5,152.39152546581175
94739,149.5,30.0,151.64613575175747
94740,149.5,30.5,150.65800104583784
94741,149.5,31.0,151.17048593032854
94742,149.5,31.5,150.04395087308788
94743,149.5,32.0,149.40007301227016
94744,149.5,32.5,152.24848142086387
94745,149.5,33.0,152.53043768471122
94746,149.5,33.5,153.16679414664162
94747,149.5,34.0,154.50672669950023
94748,149.5,34.5,155.15056097939183
94749,149.5,35.0,156.67159691623783
94750,149.5,35.5,160.48827732709583
94751,149.5,36.0,152.74564862428386
94752,149.5,36.5,154.96087422834194
94753,149.5,37.0,166.00493028742505
94754,150.0,-39.0,161.0307076551546
94755,150.0,-37.5,150.014609527279
94756,150.0,-37.0,147.03836633037997
94757,150.0,-36.5,146.81296972005418
94758,150.0,-36.0,150.11570529625175
94759,150.0,-35.5,149.94249597453165
94760,150.0,-35.0,149.70684823130568
94761,150.0,-34.5,154.42978730308164
94762,150.0,-34.0,154.04392857941446
94763,150.0,-33.5,146.7459593062166
94764,150.0,-33.0,149.25635641578344
94765,150.0,-32.5,146.1575208564537
94766,150.0,-32.0,147.75976209447683
94767,150.0,-31.5,147.2954744629445
94768,150.0,-31.0,151.4111991555653
94769,150.0,-30.5,151.90055711734357
94770,150.0,-30.0,159.57123058647508
94771,150.0,-29.5,162.42790482370629
94772,150.0,-29.0,155.09109110415673
94773,150.0,-28.5,151.40573151004662
94774,150.0,-28.0,151.92909996723355
94775,150.0,-27.5,154.2689817588863
94776,150.0,-27.0,151.42324484875172
94777,150.0,-26.5,149.2801147092273
94778,150.0,-26.0,149.98361924336447
94779,150.0,-25.5,146.83593046819624
94780,150.0,-25.0,148.44524685819187
94781,150.0,-24.5,150.3621792926182
94782,150.0,-24.0,150.63664093376406
94783,150.0,-23.5,149.3932907554579
94784,150.0,-23.0,151.92573833059583
94785,150.0,-22.5,152.64319392436425
94786,150.0,-22.0,151.7340221999962
94787,150.0,-21.5,149.7236671658521
94788,150.0,-21.0,147.2166822910661
94789,150.0,-20.5,149.68698894709678
94790,150.0,-20.0,150.7872607390907
94791,150.0,-19.5,157.03419376133792
94792,150.0,-19.0,147.53588055877722
94793,150.0,-18.5,150.13584898160892
94794,150.0,-18.0,149.8055756582272
94795,150.0,-17.5,148.88751121855196
94796,150.0,-16.5,148.22211020403935
94797,150.0,-16.0,148.72471563138208
94798,150.0,-15.5,148.7528557015883
94799,150.0,-15.0,146.66812460003027
94800,150.0,-14.5,152.57411565733545
94801,150.0,-14.0,150.03060635130075
94802,150.0,-13.5,148.5807925613774
94803,150.0,-13.0,151.18872815610268
94804,150.0,-12.0,152.97342336528024
94805,150.0,-11.5,148.17587701661714
94806,150.0,-11.0,149.48422217309846
94807,150.0,-10.5,152.69480588649725
94808,150.0,-10.0,152.02868708820267
94809,150.0,-9.5,151.76829097148354
94810,150.0,-9.0,151.49937817782777
94811,150.0,-8.5,151.89856680901144
94812,150.0,-8.0,148.5424490433303
94813,150.0,-7.5,151.15686203664092
94814,150.0,-7.0,158.2892351264851
94815,150.0,-6.5,148.77850001136525
94816,150.0,-6.0,147.4097204828371
94817,150.0,-5.5,153.01948914672457
94818,150.0,-5.0,152.94146581464884
94819,150.0,-4.5,148.4630704982285
94820,150.0,-4.0,151.64603647234117
94821,150.0,-3.5,151.36908809383937
94822,150.0,-2.5,156.61821008902626
94823,150.0,-2.0,152.014203563027
94824,150.0,-1.5,156.1199232177867
94825,150.0,-1.0,155.17037852760635
94826,150.0,-0.5,157.17754405479738
94827,150.0,0.0,155.73061548968153
94828,150.0,0.5,152.51490053797653
94829,150.0,1.0,153.81317216874956
94830,150.0,1.5,154.59647548771707
94831,150.0,2.5,155.83120713340585
94832,150.0,3.0,155.4967401436554
94833,150.0,3.5,151.18535630658928
94834,150.0,4.0,152.96175959002133
94835,150.0,4.5,151.79009727673514
94836,150.0,5.0,151.80588805875303
94837,150.0,5.5,154.07283903024535
94838,150.0,6.0,155.65792965316075
94839,150.0,6.5,150.769293301552
94840,150.0,7.0,152.75348922744453
94841,150.0,7.5,151.73026316752672
94842,150.0,8.0,150.94832367211075
94843,150.0,8.5,155.6732257262867
94844,150.0,9.0,153.90737090633652
94845,150.0,9.5,152.47651451385963
94846,150.0,10.5,153.3991045011805
94847,150.0,11.0,152.10879212998208
94848,150.0,11.5,156.1198073559645
94849,150.0,12.0,150.88920382922643
94850,150.0,12.5,150.91971967641734
94851,150.0,13.0,153.46371100950444
94852,150.0,13.5,153.10955787306744
94853,150.0,14.0,155.43549352492983
94854,150.0,14.5,156.6768652111451
94855,150.0,15.0,154.9457468153887
94856,150.0,15.5,155.60429443731894
94857,150.0,16.0,154.19274764901078
94858,150.0,16.5,154.85765516042662
94859,150.0,17.0,151.4406946613086
94860,150.0,17.5,150.2376926224054
94861,150.0,18.0,151.61457946340857
94862,150.0,18.5,149.6983783265687
94863,150.0,19.0,150.34357514041773
94864,150.0,19.5,151.6024145406109
94865,150.0,20.0,149.22618197305627
94866,150.0,20.5,148.3855932786865
94867,150.0,21.0,149.94425234998704
94868,150.0,21.5,150.03067286403618
94869,150.0,22.0,151.55896171310584
94870,150.0,22.5,148.59950869079768
94871,150.0,23.0,150.39276549615323
94872,150.0,23.5,153.20251688049524
94873,150.0,24.0,152.61122846495957
94874,150.0,24.5,148.21432833562528
94875,150.0,25.0,149.35961916684516
94876,150.0,25.5,151.70123533210162
94877,150.0,26.0,151.6948830213457
94878,150.0,26.5,149.43371762073332
94879,150.0,27.0,150.19786771222343
94880,150.0,27.5,152.3149110806585
94881,150.0,28.0,156.29157675859307
94882,150.0,28.5,151.11339388799473
94883,150.0,29.0,154.34991193413057
94884,150.0,29.5,152.25938194247644
94885,150.0,30.0,152.25498675924572
94886,150.0,30.5,152.01719210035284
94887,150.0,31.0,151.52935642367595
94888,150.0,31.5,150.4269593058133
94889,150.0,32.0,150.23140669999785
94890,150.0,32.5,151.85670539675974
94891,150.0,33.0,153.98310318473494
94892,150.0,33.5,151.1103351482169
94893,150.0,34.0,154.23902890847666
94894,150.0,34.5,155.39211230142402
94895,150.0,35.0,155.8765886164518
94896,150.0,35.5,162.5345629280699
94897,150.0,36.0,152.00993511550178
94898,150.0,36.5,153.2419139161474
94899,150.0,37.0,165.88862086058262
94900,150.5,-39.0,161.33098758762296
94901,150.5,-37.5,150.25645968030503
94902,150.5,-37.0,146.6314834378197
94903,150.5,-36.5,146.15637575223678
94904,150.5,-36.0,147.38978039532262
94905,150.5,-35.5,151.69784749811896
94906,150.5,-35.0,150.1576845768351
94907,150.5,-34.5,154.04017043865505
94908,150.5,-34.0,156.76011093905916
94909,150.5,-33.5,146.9094434555609
94910,150.5,-33.0,145.6524283908168
94911,150.5,-32.5,144.69107858782692
94912,150.5,-32.0,146.38245771366755
94913,150.5,-31.5,148.95693803915958
94914,150.5,-31.0,150.59231342051467
94915,150.5,-30.5,151.03324914352373
94916,150.5,-30.0,159.15277511420862
94917,150.5,-29.5,161.40498567290885
94918,150.5,-29.0,153.61528189963173
94919,150.5,-28.5,151.27475075400994
94920,150.5,-28.0,152.41878335041517
94921,150.5,-27.5,153.1290861441051
94922,150.5,-26.5,150.06122930886974
94923,150.5,-26.0,148.63963066625777
94924,150.5,-25.5,146.66078080263938
94925,150.5,-25.0,146.79300254787196
94926,150.5,-24.5,146.22114734320783
94927,150.5,-24.0,151.44427418426855
94928,150.5,-23.5,149.44831814216295
94929,150.5,-23.0,150.2778418275653
94930,150.5,-22.5,150.0866054208245
94931,150.5,-22.0,150.11451485713332
94932,150.5,-21.5,149.91458988883264
94933,150.5,-21.0,147.7143565618288
94934,150.5,-20.5,152.08518972520457
94935,150.5,-20.0,150.58483230050584
94936,150.5,-19.5,148.78479189574557
94937,150.5,-19.0,155.99893881956223
94938,150.5,-18.5,149.4158921822587
94939,150.5,-18.0,148.76512152505708
94940,150.5,-17.5,147.70033781223407
94941,150.5,-16.5,148.60719858251883
94942,150.5,-16.0,149.10711339372307
94943,150.5,-15.5,148.228672507145
94944,150.5,-15.0,151.2006425793288
94945,150.5,-14.5,153.32002045989705
94946,150.5,-14.0,150.0138057154515
94947,150.5,-13.5,150.2325797727228
94948,150.5,-13.0,150.9294316300121
94949,150.5,-12.5,151.24554482615576
94950,150.5,-12.0,154.00412987449263
94951,150.5,-11.5,148.8132877625251
94952,150.5,-11.0,150.3770700045895
94953,150.5,-10.5,150.02793405120832
94954,150.5,-10.0,151.73077456156378
94955,150.5,-9.5,151.91746909847984
94956,150.5,-8.5,149.7651420639301
94957,150.5,-8.0,150.21831005362554
94958,150.5,-7.5,154.05798515697032
94959,150.5,-7.0,149.1820326042697
94960,150.5,-6.0,147.04344400818283
94961,150.5,-5.5,153.72327589243008
94962,150.5,-5.0,151.77069350279987
94963,150.5,-4.5,150.51020723332422
94964,150.5,-4.0,151.32199338452602
94965,150.5,-3.5,151.98244131533474
94966,150.5,-3.0,152.66639738557095
94967,150.5,-2.5,157.30320328809185
94968,150.5,-2.0,151.8696760767855
94969,150.5,-1.5,154.2112149948698
94970,150.5,-1.0,160.01422929441895
94971,150.5,-0.5,154.46326260476997
94972,150.5,0.0,154.0429176088018
94973,150.5,0.5,151.64289377582534
94974,150.5,1.0,154.86447997887288
94975,150.5,1.5,155.49657150716698
94976,150.5,2.0,155.40986480991938
94977,150.5,2.5,156.05247161143993
94978,150.5,3.0,151.17589045352514
94979,150.5,3.5,152.5294000481153
94980,150.5,4.0,152.58936856204858
94981,150.5,4.5,152.93622090156632
94982,150.5,5.0,150.82594221921156
94983,150.5,5.5,155.93317045668044
94984,150.5,6.0,154.08395766054048
94985,150.5,6.5,151.31083059407192
94986,150.5,7.0,153.15873336271815
94987,150.5,7.5,152.0443492371549
94988,150.5,8.0,152.5442545260503
94989,150.5,8.5,153.87507870693253
94990,150.5,9.0,156.0990316709956
94991,150.5,9.5,151.63094883138814
94992,150.5,10.0,149.62052371649781
94993,150.5,10.5,156.31799429433283
94994,150.5,11.0,153.33610941520956
94995,150.5,11.5,154.5706268868804
94996,150.5,12.0,150.96150196889792
94997,150.5,12.5,151.16569998984158
94998,150.5,13.0,153.49019493276737
94999,150.5,13.5,154.26144384676877
95000,150.5,14.0,155.05246812192428
95001,150.5,14.5,163.25705154706662
95002,150.5,15.0,153.11201580354086
95003,150.5,15.5,157.74401772677166
95004,150.5,16.5,155.31834180324302
95005,150.5,17.0,152.95373790969063
95006,150.5,17.5,151.81096564707295
95007,150.5,18.0,152.42039389640527
95008,150.5,18.5,149.99624189381473
95009,150.5,19.0,150.5064132310201
95010,150.5,19.5,151.9175280392921
95011,150.5,20.0,149.8549838343964
95012,150.5,20.5,148.40857111338974
95013,150.5,21.0,149.27285118505776
95014,150.5,22.0,150.11898308347054
95015,150.5,22.5,148.76001659933578
95016,150.5,23.0,151.39246674142512
95017,150.5,23.5,152.20923015581153
95018,150.5,24.0,152.53619971783687
95019,150.5,24.5,149.005209114698
95020,150.5,25.0,150.32349972811662
95021,150.5,25.5,153.33948825256218
95022,150.5,26.0,150.3126937016636
95023,150.5,26.5,151.3115619576236
95024,150.5,27.0,149.01704964659623
95025,150.5,27.5,154.64149871355232
95026,150.5,28.0,150.2740166733179
95027,150.5,28.5,151.3663381734885
95028,150.5,29.0,153.5628187319827
95029,150.5,29.5,150.93566117597564
95030,150.5,30.0,152.7620835334548
95031,150.5,30.5,152.22546026591743
95032,150.5,31.0,150.92411136763803
95033,150.5,31.5,152.1299160686369
95034,150.5,32.0,149.9648966864775
95035,150.5,32.5,151.9677954766179
95036,150.5,33.0,155.42936640812454
95037,150.5,33.5,151.57163778489183
95038,150.5,34.0,153.2977185978468
95039,150.5,34.5,153.95155224946353
95040,150.5,35.0,154.47365104774224
95041,150.5,35.5,159.8714839695241
95042,150.5,36.0,152.27923104349009
95043,150.5,36.5,154.01063531441685
95044,150.5,37.0,165.68996855412954
95045,151.0,-37.5,150.09469377860523
95046,151.0,-37.0,146.40590912639144
95047,151.0,-36.5,146.2165345908789
95048,151.0,-36.0,147.10508767560924
95049,151.0,-35.5,150.9203751467106
95050,151.0,-35.0,149.95434563769697
95051,151.0,-34.5,154.71937334899553
95052,151.0,-34.0,156.16573182919922
95053,151.0,-33.5,150.6806591929408
95054,151.0,-33.0,145.75163180856916
95055,151.0,-32.5,149.8259029434935
95056,151.0,-32.0,145.937185033413
95057,151.0,-31.5,145.33393044977026
95058,151.0,-31.0,148.90321965215023
95059,151.0,-30.5,149.4501570194562
95060,151.0,-30.0,156.33460452191161
95061,151.0,-29.5,160.15424682811923
95062,151.0,-29.0,153.80758096934758
95063,151.0,-28.5,150.492332235174
95064,151.0,-28.0,149.1277557617369
95065,151.0,-27.5,149.16610644153914
95066,151.0,-27.0,153.7856332071417
95067,151.0,-26.5,148.65841493188827
95068,151.0,-26.0,148.52628455247657
95069,151.0,-25.5,147.43138853322844
95070,151.0,-25.0,147.03307975996947
95071,151.0,-24.5,145.17908669022444
95072,151.0,-24.0,150.78516981036694
95073,151.0,-23.5,153.11485891511745
95074,151.0,-23.0,150.79981309559258
95075,151.0,-22.5,149.99945374719164
95076,151.0,-22.0,148.7635608538637
95077,151.0,-21.5,149.03421014520785
95078,151.0,-21.0,148.50662570488504
95079,151.0,-20.5,151.3504609623604
95080,151.0,-20.0,149.15473922442303
95081,151.0,-19.5,147.87145555835892
95082,151.0,-19.0,151.97883537399434
95083,151.0,-18.5,150.0484632289624
95084,151.0,-18.0,147.72117091225962
95085,151.0,-17.5,147.47538709426675
95086,151.0,-17.0,149.13135525149895
95087,151.0,-16.5,149.6703692363044
95088,151.0,-16.0,148.24636022190197
95089,151.0,-15.5,148.28277026585235
95090,151.0,-15.0,149.1703664741482
95091,151.0,-14.5,150.0009074685623
95092,151.0,-14.0,150.4877845513384
95093,151.0,-13.5,151.7022328175347
95094,151.0,-13.0,148.62561235279293
95095,151.0,-12.5,152.53618679794795
95096,151.0,-12.0,151.83470838358448
95097,151.0,-11.5,148.88388554835592
95098,151.0,-11.0,148.58107095862204
95099,151.0,-10.5,150.29299660671606
95100,151.0,-10.0,152.58149750885246
95101,151.0,-9.5,153.89802176932656
95102,151.0,-9.0,149.99174762715882
95103,151.0,-8.5,150.53071858718394
95104,151.0,-8.0,152.7772283718176
95105,151.0,-7.5,150.03833296954474
95106,151.0,-7.0,148.646400319678
95107,151.0,-6.5,148.16567169357552
95108,151.0,-6.0,148.3641222052734
95109,151.0,-5.5,149.97438486584295
95110,151.0,-5.0,154.0729148610955
95111,151.0,-4.5,152.4175639827791
95112,151.0,-4.0,152.83617410945973
95113,151.0,-3.5,154.04409719102352
95114,151.0,-3.0,155.02719953897082
95115,151.0,-2.5,154.8946808486339
95116,151.0,-2.0,154.99446159367105
95117,151.0,-1.5,158.55062734228616
95118,151.0,-1.0,158.19139325947938
95119,151.0,-0.5,156.25101623273596
95120,151.0,0.0,154.68973403636176
95121,151.0,0.5,157.03440615625883
95122,151.0,1.0,154.7546045827193
95123,151.0,1.5,156.11343508050538
95124,151.0,2.0,155.71630954836826
95125,151.0,2.5,152.75708979202759
95126,151.0,3.0,151.21740149260668
95127,151.0,3.5,153.12595852652248
95128,151.0,4.0,153.25187588166995
95129,151.0,5.0,151.46196867611326
95130,151.0,5.5,154.67721742357406
95131,151.0,6.0,153.28676570711815
95132,151.0,6.5,153.7166993214016
95133,151.0,7.0,149.71772224872169
95134,151.0,7.5,154.32458704375833
95135,151.0,8.0,154.58465241486886
95136,151.0,8.5,152.17676428724715
95137,151.0,9.0,155.01639061535843
95138,151.0,9.5,152.8622576000153
95139,151.0,10.0,151.9981832567123
95140,151.0,10.5,153.73430779619096
95141,151.0,11.0,153.300865276982
95142,151.0,11.5,150.32108906065696
95143,151.0,12.0,151.14585018105572
95144,151.0,12.5,153.66761017467948
95145,151.0,13.0,151.84180020605856
95146,151.0,13.5,155.262562528055
95147,151.0,14.0,158.17896214482235
95148,151.0,14.5,156.00468877073797
95149,151.0,15.0,155.2496181523131
95150,151.0,15.5,154.45721802416693
95151,151.0,16.0,162.8020991040742
95152,151.0,17.0,153.09972795355327
95153,151.0,17.5,155.04352466710657
95154,151.0,18.0,151.40915083805115
95155,151.0,18.5,150.353994730063
95156,151.0,19.0,151.6360274558948
95157,151.0,19.5,151.76241775958235
95158,151.0,20.0,150.64543287583047
95159,151.0,20.5,148.94549784879607
95160,151.0,21.0,148.2345525519842
95161,151.0,22.0,149.49126687202974
95162,151.0,22.5,151.98657416056545
95163,151.0,23.0,152.06947707618627
95164,151.0,23.5,151.39771953178226
95165,151.0,24.0,152.45242233268243
95166,151.0,24.5,149.07426873190306
95167,151.0,25.0,150.18036282942336
95168,151.0,25.5,151.85910483712365
95169,151.0,26.0,148.5297413376633
95170,151.0,26.5,150.97233769774778
95171,151.0,27.0,150.6582439590459
95172,151.0,27.5,154.7567676165112
95173,151.0,28.0,151.98648229637183
95174,151.0,28.5,152.82294709030754
95175,151.0,29.0,151.3618520758338
95176,151.0,29.5,150.72396677454725
95177,151.0,30.0,149.37022065690158
95178,151.0,30.5,150.12518817118638
95179,151.0,31.0,149.43476861994588
95180,151.0,31.5,151.58270645380918
95181,151.0,32.0,150.39902802091976
95182,151.0,32.5,152.08432183813613
95183,151.0,33.0,156.32150116865105
95184,151.0,33.5,152.20422763461156
95185,151.0,34.0,153.59909517301165
95186,151.0,34.5,154.85792793630614
95187,151.0,35.0,154.76892989462186
95188,151.0,35.5,153.9691247437
95189,151.0,36.0,152.90623731483228
95190,151.0,36.5,156.16392493069574
95191,151.0,37.0,165.5203561972748
95192,151.5,-37.5,149.93008335446305
95193,151.5,-37.0,147.26052712428648
95194,151.5,-36.5,146.1543125249247
95195,151.5,-36.0,147.46427094825552
95196,151.5,-35.5,148.8662039056631
95197,151.5,-35.0,148.00672672836532
95198,151.5,-34.5,154.20355057949666
95199,151.5,-34.0,154.74932704906794
95200,151.5,-33.5,150.97597869000623
95201,151.5,-33.0,150.30415738096139
95202,151.5,-32.5,149.8876381405193
95203,151.5,-32.0,143.84491814038276
95204,151.5,-31.5,145.70807556324797
95205,151.5,-31.0,148.39924078013777
95206,151.5,-30.5,151.04240782680645
95207,151.5,-30.0,157.0922284007161
95208,151.5,-29.5,162.5556655054393
95209,151.5,-29.0,153.54035765428225
95210,151.5,-28.5,147.30456725153783
95211,151.5,-28.0,150.9341928263554
95212,151.5,-27.5,149.77153999462888
95213,151.5,-27.0,150.4924537064841
95214,151.5,-26.5,145.8524147144568
95215,151.5,-26.0,147.06960946211242
95216,151.5,-25.5,147.53756393060803
95217,151.5,-25.0,144.71044405325574
95218,151.5,-24.5,150.5862266983592
95219,151.5,-24.0,147.1752183570287
95220,151.5,-23.5,150.2956759574285
95221,151.5,-23.0,149.00144337900355
95222,151.5,-22.5,149.71482156718773
95223,151.5,-22.0,148.02767152827133
95224,151.5,-21.5,148.14873546149468
95225,151.5,-21.0,150.5736626649997
95226,151.5,-20.5,151.80775907969712
95227,151.5,-20.0,147.61328266577428
95228,151.5,-19.5,149.8939957882271
95229,151.5,-19.0,149.42806907911518
95230,151.5,-18.5,150.16291553333392
95231,151.5,-18.0,147.2991322031461
95232,151.5,-17.5,148.09616400936042
95233,151.5,-17.0,148.22517750340845
95234,151.5,-16.5,149.6789596093437
95235,151.5,-16.0,147.96563376743876
95236,151.5,-15.5,147.87703410834348
95237,151.5,-15.0,150.59655119644617
95238,151.5,-14.5,149.47188526341398
95239,151.5,-14.0,151.98564940435847
95240,151.5,-13.5,153.18674620969875
95241,151.5,-13.0,150.73796181028612
95242,151.5,-12.5,151.8188220805052
95243,151.5,-12.0,149.06820409093152
95244,151.5,-11.5,149.0992261574977
95245,151.5,-10.5,148.70186715632366
95246,151.5,-10.0,150.1272982587965
95247,151.5,-9.0,149.1029025285533
95248,151.5,-8.5,151.86183093520495
95249,151.5,-8.0,153.92315080359512
95250,151.5,-7.5,150.20879582607697
95251,151.5,-7.0,148.55015504987833
95252,151.5,-6.5,148.2678954810277
95253,151.5,-6.0,150.46320239904762
95254,151.5,-5.5,149.04987565832752
95255,151.5,-5.0,150.36738449856065
95256,151.5,-4.5,152.96000097645148
95257,151.5,-4.0,155.2618027953523
95258,151.5,-3.5,152.18419890097525
95259,151.5,-3.0,154.7504766005695
95260,151.5,-2.5,159.42481664469557
95261,151.5,-1.5,158.83299669211613
95262,151.5,-1.0,158.83039620957882
95263,151.5,-0.5,158.53141369511673
95264,151.5,0.0,157.540058325127
95265,151.5,0.5,158.209398015524
95266,151.5,1.0,160.53991169015455
95267,151.5,1.5,156.18081042463794
95268,151.5,2.0,156.0354165971983
95269,151.5,2.5,154.440009405392
95270,151.5,3.0,154.03556427946106
95271,151.5,3.5,153.46347614938313
95272,151.5,5.0,158.26519608830378
95273,151.5,5.5,153.88813368804279
95274,151.5,6.0,153.77599280674187
95275,151.5,6.5,154.7449086281922
95276,151.5,7.0,149.67921854275195
95277,151.5,7.5,152.60139082276385
95278,151.5,8.0,161.3993959475074
95279,151.5,8.5,154.4605966893621
95280,151.5,9.0,150.73581488900703
95281,151.5,9.5,154.54426019534648
95282,151.5,10.0,153.48360054042152
95283,151.5,10.5,152.09271329413843
95284,151.5,11.0,154.1492424800093
95285,151.5,11.5,151.00778554049694
95286,151.5,12.0,152.1829326460321
95287,151.5,12.5,154.9614867648489
95288,151.5,13.0,153.58522108205221
95289,151.5,13.5,153.27339319420372
95290,151.5,14.0,153.5411068661207
95291,151.5,14.5,154.54298108529775
95292,151.5,15.0,157.1942572109705
95293,151.5,15.5,156.59183920571064
95294,151.5,16.0,154.95291732415964
95295,151.5,16.5,151.7748542972435
95296,151.5,17.0,154.059197006367
95297,151.5,17.5,154.50785133418384
95298,151.5,18.0,150.48887207652226
95299,151.5,18.5,151.11571777880917
95300,151.5,19.0,152.8524016949733
95301,151.5,19.5,150.2044602881402
95302,151.5,20.0,151.73742040047796
95303,151.5,20.5,150.86447341591477
95304,151.5,21.0,146.82495898198934
95305,151.5,21.5,148.49980220039896
95306,151.5,22.0,149.0157929931735
95307,151.5,22.5,151.80183365798882
95308,151.5,23.0,151.74429635512422
95309,151.5,23.5,151.70194771551064
95310,151.5,24.0,149.29052205269326
95311,151.5,25.0,152.3643121319388
95312,151.5,25.5,150.2735347019873
95313,151.5,26.0,153.91867633275604
95314,151.5,26.5,149.75731413793287
95315,151.5,27.0,152.10692236364997
95316,151.5,27.5,152.91520599221965
95317,151.5,28.0,151.66643434843863
95318,151.5,28.5,154.19653504196478
95319,151.5,29.0,148.79029475060904
95320,151.5,29.5,149.5041033997063
95321,151.5,30.0,148.58562301176775
95322,151.5,30.5,149.7557471643386
95323,151.5,31.0,148.87392813352417
95324,151.5,31.5,149.97356488211224
95325,151.5,32.0,150.46057907417352
95326,151.5,32.5,155.0187603024292
95327,151.5,33.0,154.439875908181
95328,151.5,33.5,152.85793396296407
95329,151.5,34.0,153.08749092983317
95330,151.5,34.5,154.72044699596137
95331,151.5,35.0,155.10656166062384
95332,151.5,35.5,148.7976236128464
95333,151.5,36.0,153.385183438411
95334,151.5,36.5,156.11442787490392
95335,151.5,37.0,165.3613654864022
95336,152.0,-37.5,149.78015755222208
95337,152.0,-37.0,146.30296358549697
95338,152.0,-36.5,147.42991982854812
95339,152.0,-36.0,148.1858140048734
95340,152.0,-35.5,146.31361458693274
95341,152.0,-35.0,149.20941733043384
95342,152.0,-34.5,153.11590641097192
95343,152.0,-34.0,153.20804016893183
95344,152.0,-33.5,150.950362205081
95345,152.0,-33.0,148.42564800265092
95346,152.0,-32.5,150.59342835727983
95347,152.0,-32.0,146.104893633454
95348,152.0,-31.5,147.04303235685833
95349,152.0,-31.0,149.28505494641448
95350,152.0,-30.5,151.08778379278442
95351,152.0,-30.0,156.98850959265536
95352,152.0,-29.5,161.83595502275574
95353,152.0,-29.0,151.53245689787963
95354,152.0,-28.5,151.81521767638566
95355,152.0,-28.0,151.56869710360715
95356,152.0,-27.5,147.08412424823428
95357,152.0,-27.0,146.29964050365203
95358,152.0,-26.5,147.28961797182956
95359,152.0,-26.0,147.63860720956959
95360,152.0,-25.5,147.05561627725172
95361,152.0,-25.0,148.28698229896935
95362,152.0,-24.5,154.2162457809297
95363,152.0,-24.0,148.15307380985544
95364,152.0,-23.5,151.69183461425317
95365,152.0,-23.0,148.0487487410655
95366,152.0,-22.5,148.16807768386766
95367,152.0,-22.0,146.8924510858036
95368,152.0,-21.5,147.46879689718654
95369,152.0,-21.0,150.69947433682046
95370,152.0,-20.5,147.85001644357962
95371,152.0,-20.0,149.0662906661832
95372,152.0,-19.5,149.58439572442066
95373,152.0,-19.0,151.1819807035843
95374,152.0,-18.5,148.05273673173141
95375,152.0,-18.0,147.42733724386943
95376,152.0,-17.5,148.69376145169502
95377,152.0,-17.0,147.73104067256043
95378,152.0,-16.5,148.62376562974882
95379,152.0,-15.5,151.43739071232926
95380,152.0,-15.0,151.7380716487428
95381,152.0,-14.5,149.39346753216623
95382,152.0,-14.0,153.6493336238306
95383,152.0,-13.5,151.10898388617906
95384,152.0,-13.0,154.22990118011532
95385,152.0,-12.5,148.71189053867798
95386,152.0,-12.0,148.56847943424714
95387,152.0,-11.5,149.4322551546898
95388,152.0,-10.5,151.46898082619114
95389,152.0,-10.0,150.11219741077412
95390,152.0,-9.5,149.59032205368757
95391,152.0,-9.0,150.0867733792851
95392,152.0,-8.5,153.42236903776623
95393,152.0,-8.0,150.60744794051718
95394,152.0,-7.0,147.7018580899233
95395,152.0,-6.5,149.58153261840832
95396,152.0,-6.0,148.28214991769858
95397,152.0,-5.5,150.4639293982477
95398,152.0,-5.0,148.49546244253207
95399,152.0,-4.5,146.5999810818624
95400,152.0,-4.0,151.61241380185996
95401,152.0,-3.5,151.01225082346892
95402,152.0,-3.0,156.83978656546796
95403,152.0,-2.5,160.64524078550076
95404,152.0,-2.0,159.10739278558367
95405,152.0,-1.5,160.59710641079675
95406,152.0,-1.0,159.76125684730346
95407,152.0,-0.5,158.19311381656064
95408,152.0,0.0,160.4847006097013
95409,152.0,0.5,159.51590874962048
95410,152.0,1.0,160.03161688857557
95411,152.0,1.5,159.8636319358474
95412,152.0,2.0,152.8714843630845
95413,152.0,2.5,156.4547386218452
95414,152.0,3.0,155.13174055880432
95415,152.0,3.5,154.1642721982706
95416,152.0,4.5,155.98500088212603
95417,152.0,5.0,155.29523419730623
95418,152.0,5.5,153.65553381065493
95419,152.0,6.0,152.97865996861302
95420,152.0,6.5,153.18584903488156
95421,152.0,7.0,154.53927560457413
95422,152.0,7.5,159.36569231375503
95423,152.0,8.0,152.1780319758449
95424,152.0,8.5,154.2775662999336
95425,152.0,9.0,151.16945271840848
95426,152.0,9.5,152.3955071650027
95427,152.0,10.0,155.258336544305
95428,152.0,10.5,152.7003459427618
95429,152.0,11.0,150.70065339854852
95430,152.0,11.5,151.861128216293
95431,152.0,12.0,152.21893572038684
95432,152.0,12.5,151.61944365151572
95433,152.0,13.0,156.45909627165102
95434,152.0,13.5,150.68845793961947
95435,152.0,14.0,153.900061444824
95436,152.0,14.5,158.91046243916452
95437,152.0,15.0,154.54648753681568
95438,152.0,16.0,155.2056708377314
95439,152.0,16.5,153.01067994344837
95440,152.0,17.0,158.79422671825364
95441,152.0,17.5,154.0845199758752
95442,152.0,18.0,151.6649130610211
95443,152.0,18.5,152.12816863124408
95444,152.0,19.0,150.87627228393177
95445,152.0,19.5,151.67673379666803
95446,152.0,20.0,151.74665795132273
95447,152.0,20.5,152.93855391052236
95448,152.0,21.0,147.94864949012737
95449,152.0,21.5,148.83199384370957
95450,152.0,22.0,150.83974805518298
95451,152.0,22.5,151.70539824497246
95452,152.0,23.0,152.52722821814956
95453,152.0,23.5,151.71700747456313
95454,152.0,24.0,150.3919967331177
95455,152.0,25.0,152.27423717865753
95456,152.0,25.5,150.38096373552483
95457,152.0,26.0,153.33049779076788
95458,152.0,26.5,150.34786915059416
95459,152.0,27.0,154.27803341738738
95460,152.0,27.5,150.35875403834837
95461,152.0,28.0,148.92443894220781
95462,152.0,28.5,153.55612106688625
95463,152.0,29.0,148.1830354284032
95464,152.0,29.5,151.00302845908774
95465,152.0,30.0,149.6889193977105
95466,152.0,30.5,149.4536172844571
95467,152.0,31.0,149.15995394973436
95468,152.0,31.5,149.29193286949973
95469,152.0,32.0,151.09175022324575
95470,152.0,32.5,153.83743970711754
95471,152.0,33.0,154.05665919396688
95472,152.0,33.5,153.35857152498568
95473,152.0,34.0,151.66491024345535
95474,152.0,34.5,154.34693461265468
95475,152.0,35.0,151.92137035684073
95476,152.0,35.5,146.72046034403408
95477,152.0,36.0,152.97405641567784
95478,152.0,36.5,157.11275636386787
95479,152.0,37.0,165.17472855941415
95480,152.0,40.0,169.05339447075892
95481,152.5,-37.5,149.30338854909547
95482,152.5,-37.0,146.4932319431733
95483,152.5,-36.5,150.0660102652304
95484,152.5,-36.0,147.55777395959328
95485,152.5,-35.5,146.75621488076806
95486,152.5,-35.0,148.81114149469857
95487,152.5,-34.5,152.21873753193012
95488,152.5,-34.0,152.25622599608454
95489,152.5,-33.5,149.83101798483654
95490,152.5,-33.0,148.88473721356544
95491,152.5,-32.5,148.3457830378339
95492,152.5,-32.0,150.45448035940876
95493,152.5,-31.5,153.00284535397722
95494,152.5,-31.0,153.02492215438556
95495,152.5,-30.5,153.16565395146466
95496,152.5,-30.0,150.08370193800778
95497,152.5,-29.5,161.27449391205266
95498,152.5,-29.0,152.62897002926795
95499,152.5,-28.5,152.73222304981724
95500,152.5,-28.0,149.02746431260297
95501,152.5,-27.5,150.4937945638254
95502,152.5,-27.0,146.73507042811912
95503,152.5,-26.5,146.40839974543567
95504,152.5,-26.0,147.84544096859548
95505,152.5,-25.5,148.71052658269195
95506,152.5,-25.0,152.1555051758581
95507,152.5,-24.5,150.87254529854616
95508,152.5,-24.0,147.95444102729496
95509,152.5,-23.5,151.41376733576303
95510,152.5,-23.0,148.70165651135693
95511,152.5,-22.5,147.1274517533566
95512,152.5,-22.0,148.5884324287151
95513,152.5,-21.5,149.5789250230872
95514,152.5,-21.0,151.6244515203908
95515,152.5,-20.5,149.31925569503284
95516,152.5,-20.0,149.38575140468922
95517,152.5,-19.5,151.55514843832995
95518,152.5,-19.0,150.73910249150504
95519,152.5,-18.5,148.15958493722025
95520,152.5,-18.0,151.73123174729983
95521,152.5,-17.5,148.0270593821473
95522,152.5,-17.0,150.08397787628562
95523,152.5,-16.5,148.17959252242844
95524,152.5,-16.0,152.16987652371003
95525,152.5,-15.5,154.72921799611936
95526,152.5,-15.0,149.4901100102849
95527,152.5,-14.5,153.7064977441312
95528,152.5,-14.0,152.00760716655634
95529,152.5,-13.5,150.9678915557175
95530,152.5,-13.0,155.80114501437123
95531,152.5,-12.5,150.55111251497908
95532,152.5,-12.0,147.15086387925535
95533,152.5,-11.5,149.7750480179523
95534,152.5,-11.0,149.96188188804433
95535,152.5,-10.5,151.8253419596521
95536,152.5,-10.0,149.25923883915766
95537,152.5,-9.5,149.63539696306725
95538,152.5,-9.0,152.63080764513245
95539,152.5,-8.5,150.91684677627188
95540,152.5,-8.0,149.47350302423854
95541,152.5,-7.5,147.7902877185066
95542,152.5,-7.0,148.00177282948465
95543,152.5,-6.5,148.676443706116
95544,152.5,-6.0,147.8055085260264
95545,152.5,-5.5,148.2799943436346
95546,152.5,-4.5,149.4597258674033
95547,152.5,-4.0,152.34435389323951
95548,152.5,-3.5,152.61407057348157
95549,152.5,-3.0,156.94121859382315
95550,152.5,-2.5,159.9272631555946
95551,152.5,-2.0,159.29476597400668
95552,152.5,-1.5,160.20571687159278
95553,152.5,-1.0,159.17797715513717
95554,152.5,-0.5,160.1532085561289
95555,152.5,0.0,158.43985187412193
95556,152.5,0.5,159.78211341778004
95557,152.5,1.0,159.01263177494948
95558,152.5,1.5,157.2409829414686
95559,152.5,2.0,157.90518971146238
95560,152.5,2.5,155.89686957943553
95561,152.5,3.0,153.96682982273012
95562,152.5,3.5,154.22474139539938
95563,152.5,4.5,155.7883808082937
95564,152.5,5.0,152.91965949054276
95565,152.5,5.5,152.95697396522235
95566,152.5,6.5,152.6796933817485
95567,152.5,7.0,154.12272770611116
95568,152.5,7.5,153.24065222001073
95569,152.5,8.0,151.85404573166997
95570,152.5,8.5,149.87479934014502
95571,152.5,9.0,154.20249947832485
95572,152.5,9.5,152.45123979153811
95573,152.5,10.0,154.61333726991379
95574,152.5,11.0,150.91059411767088
95575,152.5,11.5,155.73110857487976
95576,152.5,12.0,152.56827252521566
95577,152.5,12.5,151.4443981126105
95578,152.5,13.5,154.39539426248425
95579,152.5,14.0,154.3358373191761
95580,152.5,14.5,157.50598128642005
95581,152.5,15.0,156.39364374780607
95582,152.5,16.0,154.87754870189175
95583,152.5,16.5,155.19782014049218
95584,152.5,17.0,156.24000246922043
95585,152.5,17.5,161.0571655714409
95586,152.5,18.0,153.15753054254117
95587,152.5,18.5,153.49338541571984
95588,152.5,19.0,151.42736076106237
95589,152.5,19.5,150.0983432938169
95590,152.5,20.0,153.3519253526808
95591,152.5,20.5,153.70441384007646
95592,152.5,21.0,150.04974717258534
95593,152.5,21.5,150.31378521359565
95594,152.5,22.0,150.61621170662215
95595,152.5,23.0,152.78078122168222
95596,152.5,23.5,150.07630461802103
95597,152.5,24.0,151.62419812347522
95598,152.5,24.5,152.28758779441418
95599,152.5,25.0,152.34906921416083
95600,152.5,25.5,151.23050217529067
95601,152.5,26.0,150.30987487760584
95602,152.5,26.5,152.49327437548587
95603,152.5,27.0,154.03685187677425
95604,152.5,27.5,148.09518829137866
95605,152.5,28.0,151.65570417728375
95606,152.5,28.5,150.95238063809663
95607,152.5,29.0,151.33024468014798
95608,152.5,29.5,149.50687976901432
95609,152.5,30.0,150.1088917703243
95610,152.5,30.5,149.83252167939574
95611,152.5,31.0,149.0762205172954
95612,152.5,31.5,150.25496913315172
95613,152.5,32.0,150.41429907063215
95614,152.5,32.5,153.44717349346774
95615,152.5,33.0,155.1254418896481
95616,152.5,33.5,154.10051523204098
95617,152.5,34.0,152.17846065112442
95618,152.5,34.5,153.2887707908378
95619,152.5,35.0,152.90365687598245
95620,152.5,35.5,146.82376442336798
95621,152.5,36.0,153.77287489551892
95622,152.5,36.5,158.61458274937584
95623,152.5,37.0,164.97984163976435
95624,152.5,40.0,169.08197723111104
95625,153.0,-37.0,147.07815860917677
95626,153.0,-36.5,149.6394497420793
95627,153.0,-36.0,147.62414880736995
95628,153.0,-35.5,146.54791394689525
95629,153.0,-35.0,149.30982469396855
95630,153.0,-34.5,151.69714452698943
95631,153.0,-34.0,152.57942531406763
95632,153.0,-33.5,149.3827398497957
95633,153.0,-33.0,148.84084291274138
95634,153.0,-32.5,147.76942897101495
95635,153.0,-32.0,147.9763130802718
95636,153.0,-31.5,153.05610047928812
95637,153.0,-31.0,151.12325201993738
95638,153.0,-30.5,156.6308303955248
95639,153.0,-30.0,149.65479393618438
95640,153.0,-29.5,160.36989319960722
95641,153.0,-29.0,158.82065028174836
95642,153.0,-28.5,151.52108800258745
95643,153.0,-28.0,149.7041953056381
95644,153.0,-27.0,151.434761424949
95645,153.0,-26.5,150.61110630441345
95646,153.0,-26.0,148.7511282066584
95647,153.0,-25.5,153.82371429018565
95648,153.0,-25.0,152.78516960693355
95649,153.0,-24.5,148.63386314711286
95650,153.0,-24.0,147.37037109424566
95651,153.0,-23.5,151.0910044909839
95652,153.0,-23.0,148.53853871861511
95653,153.0,-22.5,146.7901475967075
95654,153.0,-22.0,146.90439787148912
95655,153.0,-21.5,149.21429287015675
95656,153.0,-21.0,147.99573399696106
95657,153.0,-20.5,149.71520099417245
95658,153.0,-20.0,149.4711427827859
95659,153.0,-19.5,150.48575247628995
95660,153.0,-19.0,151.55871393481985
95661,153.0,-18.5,150.84198503965442
95662,153.0,-18.0,149.40147648752003
95663,153.0,-17.5,151.4898873818372
95664,153.0,-17.0,147.78558229938568
95665,153.0,-16.5,148.1281184890255
95666,153.0,-16.0,150.99339675442596
95667,153.0,-15.5,152.82676415650155
95668,153.0,-15.0,148.43849829039218
95669,153.0,-14.5,153.6229340462185
95670,153.0,-14.0,150.4018876171551
95671,153.0,-13.5,155.63746306866426
95672,153.0,-13.0,149.13931540682822
95673,153.0,-12.5,149.9468426858564
95674,153.0,-12.0,152.05425617984952
95675,153.0,-11.5,150.76035845615115
95676,153.0,-11.0,150.23539888493076
95677,153.0,-10.0,149.60675384098462
95678,153.0,-9.5,149.48094055903735
95679,153.0,-9.0,150.9527666248289
95680,153.0,-8.5,150.621268053586
95681,153.0,-7.5,149.30928182680552
95682,153.0,-7.0,149.17386168091593
95683,153.0,-6.5,147.5987272267372
95684,153.0,-6.0,147.9538920014347
95685,153.0,-5.5,147.38553236323762
95686,153.0,-4.5,149.16607370344465
95687,153.0,-4.0,150.6148261913037
95688,153.0,-3.5,151.03141505833122
95689,153.0,-3.0,153.01921277185323
95690,153.0,-2.5,158.77466485318297
95691,153.0,-2.0,159.5037959196078
95692,153.0,-1.5,158.73162676226886
95693,153.0,-1.0,160.04326665347045
95694,153.0,-0.5,161.15723168279973
95695,153.0,0.0,159.5645115377096
95696,153.0,0.5,159.09583352921618
95697,153.0,1.0,158.82831156963533
95698,153.0,1.5,157.98972300148407
95699,153.0,2.0,157.99168993632907
95700,153.0,2.5,157.57069836827097
95701,153.0,3.5,153.03752975040462
95702,153.0,4.0,154.7641434378226
95703,153.0,4.5,153.5336981127428
95704,153.0,5.0,152.49265121964328
95705,153.0,5.5,152.7075066309507
95706,153.0,6.5,153.47289321650982
95707,153.0,7.0,152.0305049084543
95708,153.0,7.5,153.2525756823989
95709,153.0,8.0,153.0943375155083
95710,153.0,8.5,152.71451552100643
95711,153.0,9.0,154.3669122974659
95712,153.0,9.5,156.0552093013167
95713,153.0,10.0,151.5736433328089
95714,153.0,10.5,151.78350925899895
95715,153.0,11.0,155.38703419144844
95716,153.0,11.5,151.63558901407237
95717,153.0,12.0,151.05961414521437
95718,153.0,12.5,151.21122348449342
95719,153.0,13.0,151.02064684272452
95720,153.0,13.5,155.19199449771696
95721,153.0,14.0,152.63741655298847
95722,153.0,14.5,152.23998403952731
95723,153.0,15.0,157.38250238958318
95724,153.0,15.5,156.20428315794894
95725,153.0,16.0,155.4456570933144
95726,153.0,16.5,155.04803702649656
95727,153.0,17.0,158.03003875344427
95728,153.0,17.5,153.45368947901844
95729,153.0,18.0,161.18049043089212
95730,153.0,18.5,153.91618826941038
95731,153.0,19.0,151.6810687080087
95732,153.0,19.5,150.87651541348347
95733,153.0,20.0,154.3526474099233
95734,153.0,20.5,151.3558722055053
95735,153.0,21.0,152.26777016733973
95736,153.0,21.5,149.96454797770642
95737,153.0,22.0,151.9653825056413
95738,153.0,23.0,155.2311532041332
95739,153.0,23.5,151.0727064860029
95740,153.0,24.5,152.14697942940424
95741,153.0,25.0,151.94449233198714
95742,153.0,25.5,153.3435675085939
95743,153.0,26.0,150.2234746178404
95744,153.0,26.5,151.717402605408
95745,153.0,27.0,152.94206602041058
95746,153.0,27.5,148.66043190340696
95747,153.0,28.0,150.78496221565274
95748,153.0,28.5,148.80823964016992
95749,153.0,29.0,152.91315602211915
95750,153.0,29.5,149.6383260061843
95751,153.0,30.0,150.42064897333873
95752,153.0,30.5,149.80779045945536
95753,153.0,31.0,150.33037496707342
95754,153.0,31.5,150.65606275452896
95755,153.0,32.0,149.81174743263736
95756,153.0,32.5,152.03292160813868
95757,153.0,33.0,154.95619223291374
95758,153.0,33.5,155.56373101963635
95759,153.0,34.0,150.84122314581504
95760,153.0,34.5,152.69423273566065
95761,153.0,35.0,156.32977991897656
95762,153.0,35.5,147.03303350440373
95763,153.0,36.0,154.59918182617642
95764,153.0,36.5,159.64856730523692
95765,153.0,37.0,162.959392201312
95766,153.5,-37.0,147.07831018634838
95767,153.5,-36.5,151.45963062064183
95768,153.5,-36.0,149.40013194639553
95769,153.5,-35.5,146.60959945093285
95770,153.5,-35.0,149.96139265089758
95771,153.5,-34.5,151.84094976506995
95772,153.5,-34.0,151.78198792773867
95773,153.5,-33.5,149.45782135722536
95774,153.5,-33.0,148.07809482001392
95775,153.5,-32.5,147.36671396653549
95776,153.5,-32.0,150.11165825808908
95777,153.5,-31.5,153.09026209683046
95778,153.5,-31.0,150.58590056485392
95779,153.5,-30.5,156.89976782317007
95780,153.5,-30.0,150.35763261709823
95781,153.5,-29.5,158.19054629175872
95782,153.5,-29.0,164.14149531895185
95783,153.5,-28.5,151.74538616071118
95784,153.5,-28.0,154.3463440751846
95785,153.5,-27.5,149.53039732112424
95786,153.5,-27.0,151.37728098445257
95787,153.5,-26.5,150.29780419455983
95788,153.5,-26.0,153.11676428783608
95789,153.5,-25.5,151.22252359871442
95790,153.5,-25.0,147.97473343605904
95791,153.5,-24.5,148.74780221890342
95792,153.5,-24.0,147.9152663194349
95793,153.5,-23.5,151.0825801999534
95794,153.5,-23.0,148.6380290234507
95795,153.5,-22.5,146.88972625415664
95796,153.5,-22.0,147.61257099241942
95797,153.5,-21.5,150.3229899696903
95798,153.5,-21.0,146.3973885609947
95799,153.5,-20.5,149.21139093854302
95800,153.5,-20.0,150.81190402399275
95801,153.5,-19.5,149.446961007778
95802,153.5,-18.5,151.18497998814777
95803,153.5,-18.0,149.4515652840786
95804,153.5,-17.5,150.1643492169232
95805,153.5,-17.0,147.967953416084
95806,153.5,-16.5,151.89301348509437
95807,153.5,-16.0,150.7962307953834
95808,153.5,-15.5,150.86079496106078
95809,153.5,-15.0,156.47465700870683
95810,153.5,-14.5,151.70455298892358
95811,153.5,-14.0,154.83796431496376
95812,153.5,-13.5,153.69827895062
95813,153.5,-13.0,149.90868576684056
95814,153.5,-12.5,148.95718296738804
95815,153.5,-12.0,152.4993453172688
95816,153.5,-11.5,152.41245477831063
95817,153.5,-11.0,147.98961458164408
95818,153.5,-10.5,150.2086452235471
95819,153.5,-10.0,149.75020431062384
95820,153.5,-9.5,152.37208119042853
95821,153.5,-9.0,150.3521782294825
95822,153.5,-8.5,150.8725740633341
95823,153.5,-8.0,149.21056954174804
95824,153.5,-7.5,150.52099441062072
95825,153.5,-7.0,148.0400781729545
95826,153.5,-6.5,147.60853960539694
95827,153.5,-6.0,147.11552430752354
95828,153.5,-5.5,149.03461633779
95829,153.5,-5.0,150.40589842571936
95830,153.5,-4.5,150.08139904072425
95831,153.5,-4.0,151.14227738293576
95832,153.5,-3.5,151.06051041153287
95833,153.5,-3.0,153.56583463953018
95834,153.5,-2.5,157.03727193328368
95835,153.5,-2.0,157.70853958333714
95836,153.5,-1.5,157.82128539439125
95837,153.5,-1.0,157.65038051348455
95838,153.5,0.0,159.84687030347988
95839,153.5,0.5,159.51346694888028
95840,153.5,1.0,157.92816061718656
95841,153.5,1.5,158.25534355878295
95842,153.5,2.0,156.7962479878618
95843,153.5,2.5,155.00841428991546
95844,153.5,3.5,151.75244346990885
95845,153.5,4.0,153.08893877939823
95846,153.5,4.5,152.54647512837408
95847,153.5,5.0,151.97836049760383
95848,153.5,6.0,153.2587013600927
95849,153.5,6.5,153.90478272467507
95850,153.5,7.0,151.9154953803025
95851,153.5,7.5,151.37408839269202
95852,153.5,8.0,153.91265052117456
95853,153.5,8.5,154.93436945344672
95854,153.5,9.0,151.57566147094423
95855,153.5,9.5,157.48980448595333
95856,153.5,10.0,151.3017973156938
95857,153.5,10.5,151.74259189623737
95858,153.5,11.0,157.74420143108733
95859,153.5,11.5,151.4998740755444
95860,153.5,12.0,151.19114638831763
95861,153.5,12.5,151.14196566278113
95862,153.5,13.0,153.18670984927613
95863,153.5,13.5,152.5645399618802
95864,153.5,14.0,159.76335188551408
95865,153.5,14.5,153.22938777899222
95866,153.5,15.0,155.71340315031156
95867,153.5,15.5,156.5314909832086
95868,153.5,16.0,156.5088047215755
95869,153.5,16.5,155.91621739039812
95870,153.5,17.0,153.86542916041068
95871,153.5,17.5,151.7162790834228
95872,153.5,18.0,158.47194737674195
95873,153.5,18.5,154.68053396841754
95874,153.5,19.0,152.39587993972188
95875,153.5,19.5,152.5076764249811
95876,153.5,20.0,149.2461119644729
95877,153.5,20.5,151.17256335338206
95878,153.5,21.0,154.3227380462592
95879,153.5,21.5,151.99814869737534
95880,153.5,22.0,151.12322927000002
95881,153.5,22.5,150.2655900403763
95882,153.5,23.0,150.7575819459125
95883,153.5,23.5,153.42764770426248
95884,153.5,24.5,152.3603835862231
95885,153.5,25.0,152.1492863336441
95886,153.5,25.5,151.44475720520845
95887,153.5,26.0,154.52224788136934
95888,153.5,26.5,150.61729631068891
95889,153.5,27.0,154.6624115069837
95890,153.5,27.5,162.92953217605742
95891,153.5,28.0,147.9816380754252
95892,153.5,28.5,149.81503573837603
95893,153.5,29.0,153.5934628955943
95894,153.5,29.5,149.85937792098318
95895,153.5,30.0,151.05821523203176
95896,153.5,30.5,151.02171199650414
95897,153.5,31.0,151.2092004663305
95898,153.5,31.5,150.671586103891
95899,153.5,32.0,152.6925596834808
95900,153.5,32.5,152.49006404740777
95901,153.5,33.0,155.09127089969257
95902,153.5,33.5,156.57280741296142
95903,153.5,34.0,150.895688719044
95904,153.5,34.5,150.36106010175493
95905,153.5,35.0,154.15553696574216
95906,153.5,35.5,146.9937194991059
95907,153.5,36.0,155.07022607571218
95908,153.5,36.5,160.8827322052627
95909,153.5,37.0,158.8533949671132
95910,154.0,-37.0,146.6953318424118
95911,154.0,-36.5,150.05913743495216
95912,154.0,-36.0,158.5545966065035
95913,154.0,-35.5,146.40633707939435
95914,154.0,-35.0,149.91921588168177
95915,154.0,-34.5,151.17988471158992
95916,154.0,-34.0,152.07353201455774
95917,154.0,-33.5,150.06078007246577
95918,154.0,-33.0,148.1119824830642
95919,154.0,-32.5,148.82134314678788
95920,154.0,-32.0,150.32294479110786
95921,154.0,-31.5,152.52396181066038
95922,154.0,-31.0,150.99462768150403
95923,154.0,-30.5,157.42771519226173
95924,154.0,-30.0,149.96167093249906
95925,154.0,-29.5,157.4205779645769
95926,154.0,-29.0,153.62886615056664
95927,154.0,-28.5,152.89687253780656
95928,154.0,-28.0,153.11396728880413
95929,154.0,-27.5,151.7987912672596
95930,154.0,-27.0,150.64614462533336
95931,154.0,-26.5,149.82515885233687
95932,154.0,-26.0,151.24339153781773
95933,154.0,-25.5,151.98790217221315
95934,154.0,-25.0,147.33849255947314
95935,154.0,-24.5,148.23389600817825
95936,154.0,-24.0,148.96742814689722
95937,154.0,-23.5,147.72628125214908
95938,154.0,-23.0,149.0868998502968
95939,154.0,-22.5,146.75903129976172
95940,154.0,-22.0,148.06283226070167
95941,154.0,-21.5,148.54287026597416
95942,154.0,-21.0,148.25409074244018
95943,154.0,-20.5,148.89601073030119
95944,154.0,-20.0,150.424146496811
95945,154.0,-19.5,154.36255499960183
95946,154.0,-19.0,151.56665216781693
95947,154.0,-18.5,152.91748044023538
95948,154.0,-18.0,151.75573928265456
95949,154.0,-17.5,149.00062680588968
95950,154.0,-16.5,150.44152228017262
95951,154.0,-16.0,153.20942211019806
95952,154.0,-15.5,149.4657199555441
95953,154.0,-15.0,155.9644294906713
95954,154.0,-14.5,151.8093376698101
95955,154.0,-14.0,154.30653026533878
95956,154.0,-13.5,151.2535511613375
95957,154.0,-13.0,149.9360240216784
95958,154.0,-12.5,149.29124977989636
95959,154.0,-11.5,153.40656940254055
95960,154.0,-11.0,149.65130781633553
95961,154.0,-10.5,149.9207764010918
95962,154.0,-10.0,151.24906002275787
95963,154.0,-9.5,150.7312446692398
95964,154.0,-8.5,150.2824310985856
95965,154.0,-8.0,150.6403602160004
95966,154.0,-7.5,148.08039247545176
95967,154.0,-7.0,148.180535924378
95968,154.0,-6.5,147.1351520874007
95969,154.0,-5.5,152.239502754849
95970,154.0,-5.0,149.25840465672138
95971,154.0,-4.5,152.61731710826567
95972,154.0,-4.0,153.22675824276618
95973,154.0,-3.5,150.95344905544164
95974,154.0,-3.0,154.12446265946804
95975,154.0,-2.5,154.28466654709976
95976,154.0,-2.0,154.87930438954336
95977,154.0,-1.5,157.56098219522724
95978,154.0,-1.0,155.34898176436056
95979,154.0,-0.5,154.0101876663925
95980,154.0,0.0,158.93256785701251
95981,154.0,0.5,159.05509919162614
95982,154.0,1.0,157.433657666614
95983,154.0,1.5,158.4963436238606
95984,154.0,2.0,156.1787037812186
95985,154.0,2.5,156.36935983410126
95986,154.0,3.0,153.63267359152664
95987,154.0,3.5,152.30551674951226
95988,154.0,4.0,154.30696296406148
95989,154.0,4.5,152.55778997768238
95990,154.0,5.5,152.33831611060964
95991,154.0,6.0,152.82410049244
95992,154.0,7.0,153.38291519275782
95993,154.0,7.5,150.70001674066273
95994,154.0,8.0,154.27307223321236
95995,154.0,8.5,152.88906827212048
95996,154.0,9.0,149.76919796965734
95997,154.0,9.5,149.9567408091882
95998,154.0,10.0,151.77654756054145
95999,154.0,10.5,154.93381706303902
96000,154.0,11.0,151.40032124412946
96001,154.0,11.5,151.68191543513538
96002,154.0,12.0,151.50867794414543
96003,154.0,12.5,153.58270236056552
96004,154.0,13.0,153.99635359482113
96005,154.0,13.5,152.1296466076886
96006,154.0,14.0,161.36342272834952
96007,154.0,14.5,154.0804498994125
96008,154.0,15.0,153.53391662031504
96009,154.0,15.5,156.1883599925541
96010,154.0,16.0,156.29021928939426
96011,154.0,16.5,154.32574492498242
96012,154.0,17.0,153.004609028203
96013,154.0,17.5,153.60878005267617
96014,154.0,18.0,152.4933144628983
96015,154.0,18.5,157.1291489571162
96016,154.0,19.0,156.42442240950444
96017,154.0,19.5,152.34144571951373
96018,154.0,20.0,150.08340373903405
96019,154.0,20.5,154.12927696219103
96020,154.0,21.0,151.6980272992097
96021,154.0,21.5,154.92449549645607
96022,154.0,22.0,150.23564863910818
96023,154.0,22.5,150.58487531037895
96024,154.0,23.0,149.8329082878682
96025,154.0,23.5,153.63717182028242
96026,154.0,24.0,153.80551095080918
96027,154.0,24.5,152.42627248703252
96028,154.0,25.0,153.41641909967288
96029,154.0,25.5,152.32098113196102
96030,154.0,26.0,154.4121915039937
96031,154.0,26.5,150.93962961995456
96032,154.0,27.0,147.41998697981938
96033,154.0,27.5,156.4763327745102
96034,154.0,28.0,148.44577842585136
96035,154.0,28.5,153.26600889735974
96036,154.0,29.0,154.63397525274803
96037,154.0,29.5,151.05195716520313
96038,154.0,30.0,150.7377490949513
96039,154.0,30.5,151.57400680724507
96040,154.0,31.0,152.53563788638948
96041,154.0,31.5,150.76141012068086
96042,154.0,32.0,152.74670453138188
96043,154.0,32.5,153.7825832754658
96044,154.0,33.0,152.83526936562495
96045,154.0,33.5,158.59826201251173
96046,154.0,34.0,150.4997004795751
96047,154.0,34.5,150.18440642923753
96048,154.0,35.0,154.45918797233762
96049,154.0,35.5,147.13831638440146
96050,154.0,36.0,154.73352550443704
96051,154.0,36.5,160.25396558378944
96052,154.0,37.0,158.7387343302209
96053,154.5,-37.0,146.39200683978646
96054,154.5,-36.5,150.53310148009646
96055,154.5,-35.5,146.43115068507933
96056,154.5,-35.0,151.21959066731688
96057,154.5,-34.5,150.5892107206682
96058,154.5,-34.0,151.59082372031708
96059,154.5,-33.5,151.05494954298862
96060,154.5,-33.0,147.96413288686676
96061,154.5,-32.5,147.91442419745198
96062,154.5,-32.0,150.49147059290533
96063,154.5,-31.5,152.42742974318435
96064,154.5,-31.0,154.39356381692622
96065,154.5,-30.5,157.11158419548812
96066,154.5,-30.0,147.97154670532092
96067,154.5,-29.5,158.82479439567706
96068,154.5,-29.0,152.43679553765884
96069,154.5,-28.5,153.49033857228594
96070,154.5,-28.0,148.99845211310222
96071,154.5,-27.5,152.01247914450153
96072,154.5,-27.0,148.0937157722751
96073,154.5,-26.5,148.7240019407626
96074,154.5,-26.0,151.45697156084526
96075,154.5,-25.5,146.98884946956886
96076,154.5,-25.0,149.76166142695857
96077,154.5,-24.5,148.05103056652786
96078,154.5,-24.0,148.4765274836458
96079,154.5,-23.5,147.96946920060182
96080,154.5,-23.0,147.61417540922255
96081,154.5,-22.5,147.6971418341562
96082,154.5,-22.0,148.78661271129326
96083,154.5,-21.5,147.1859925289383
96084,154.5,-21.0,148.64260388695834
96085,154.5,-20.5,148.97534162051764
96086,154.5,-20.0,148.5410036157721
96087,154.5,-19.5,153.116798897388
96088,154.5,-19.0,151.75738791387593
96089,154.5,-18.5,150.459783597009
96090,154.5,-18.0,150.00555774187393
96091,154.5,-17.5,148.76248853120094
96092,154.5,-17.0,150.07981624007405
96093,154.5,-16.5,152.62363792925936
96094,154.5,-16.0,150.49415605992266
96095,154.5,-15.5,151.78537483468963
96096,154.5,-15.0,151.92121316531723
96097,154.5,-14.5,158.50499787654044
96098,154.5,-14.0,156.3863243482107
96099,154.5,-13.5,150.226116532078
96100,154.5,-13.0,149.96870368280116
96101,154.5,-12.5,149.20767567121533
96102,154.5,-12.0,149.6759189454609
96103,154.5,-11.0,151.7741995646627
96104,154.5,-10.5,148.91485641669817
96105,154.5,-10.0,151.5022608137597
96106,154.5,-9.5,150.94183117688786
96107,154.5,-8.5,150.40655614003563
96108,154.5,-8.0,149.96119264108415
96109,154.5,-7.5,148.34348550867276
96110,154.5,-7.0,146.95731937759925
96111,154.5,-6.5,147.08879753846347
96112,154.5,-6.0,155.50202414959924
96113,154.5,-5.5,154.22406140068406
96114,154.5,-5.0,152.67639454441854
96115,154.5,-4.5,148.74229788139655
96116,154.5,-3.5,156.27816543571723
96117,154.5,-3.0,154.54423198349423
96118,154.5,-2.5,152.8646361863196
96119,154.5,-2.0,154.3673511200316
96120,154.5,-1.5,153.1600071079763
96121,154.5,-0.5,154.77798636847072
96122,154.5,0.0,155.54810168174865
96123,154.5,0.5,159.3179125947474
96124,154.5,1.0,159.51302225605755
96125,154.5,1.5,157.27707248611148
96126,154.5,2.0,158.38706326840094
96127,154.5,2.5,156.86124239764484
96128,154.5,3.0,156.11859762503423
96129,154.5,3.5,154.70851145637045
96130,154.5,4.0,151.93482988037584
96131,154.5,4.5,151.19357501230024
96132,154.5,5.0,149.93997577263707
96133,154.5,5.5,152.18807958073208
96134,154.5,6.5,152.78740002040152
96135,154.5,7.0,152.9806804314813
96136,154.5,7.5,158.9534802557874
96137,154.5,8.0,151.8365625409145
96138,154.5,8.5,150.59079927507048
96139,154.5,9.0,152.20574103883197
96140,154.5,9.5,149.86114640342845
96141,154.5,10.0,157.9594025217654
96142,154.5,10.5,153.53850337831085
96143,154.5,11.0,151.0222866572479
96144,154.5,11.5,152.16981958889852
96145,154.5,12.0,158.2479492932824
96146,154.5,12.5,154.28993287158457
96147,154.5,13.0,154.2821175711526
96148,154.5,13.5,152.29975163849028
96149,154.5,14.0,152.64598925330023
96150,154.5,14.5,153.1495952163182
96151,154.5,15.0,152.5910670938221
96152,154.5,15.5,153.34882960530135
96153,154.5,16.0,154.88712348683435
96154,154.5,16.5,153.87248726011055
96155,154.5,17.0,153.47777083430418
96156,154.5,17.5,153.57680295139167
96157,154.5,18.0,151.08336360221114
96158,154.5,18.5,155.1340517110519
96159,154.5,19.0,156.34472900252464
96160,154.5,19.5,154.93440552827198
96161,154.5,20.0,151.38929743444783
96162,154.5,20.5,149.10784076919134
96163,154.5,21.0,150.4574250840946
96164,154.5,21.5,156.0887214239934
96165,154.5,22.0,152.4333467230088
96166,154.5,22.5,150.9205995452292
96167,154.5,23.0,149.48554710637
96168,154.5,24.0,153.99145938125588
96169,154.5,24.5,152.41365160196878
96170,154.5,25.0,152.46491252660783
96171,154.5,25.5,160.5298090378635
96172,154.5,26.0,148.61962738808438
96173,154.5,26.5,153.28384969291432
96174,154.5,27.0,160.192498986324
96175,154.5,27.5,154.9948428793406
96176,154.5,28.0,149.55579459732854
96177,154.5,28.5,153.09284124093546
96178,154.5,29.0,151.47284155639747
96179,154.5,29.5,150.41109611575493
96180,154.5,30.0,150.75513808320088
96181,154.5,30.5,150.840106495284
96182,154.5,31.0,152.3494577018208
96183,154.5,31.5,153.8653412932437
96184,154.5,32.0,152.58685231580543
96185,154.5,32.5,153.90259933556143
96186,154.5,33.0,152.30786214753155
96187,154.5,33.5,156.5014319399603
96188,154.5,34.0,149.67176566908077
96189,154.5,34.5,150.68190897380236
96190,154.5,35.0,152.98587562941384
96191,154.5,35.5,149.86832603268795
96192,154.5,36.0,156.62170463034246
96193,154.5,36.5,160.44671860970362
96194,154.5,37.0,159.1856073971118
96195,154.5,39.5,169.3446028525264
96196,155.0,-37.0,146.79666300702598
96197,155.0,-36.5,149.75074493089716
96198,155.0,-35.0,150.88354792640496
96199,155.0,-34.5,150.7427709983533
96200,155.0,-34.0,151.12490657118008
96201,155.0,-33.5,149.88452546129687
96202,155.0,-33.0,148.98387113718863
96203,155.0,-32.5,149.02927278303605
96204,155.0,-32.0,150.4771573698595
96205,155.0,-31.5,152.013468995558
96206,155.0,-31.0,153.95600604751613
96207,155.0,-30.5,158.31607869449695
96208,155.0,-30.0,147.39041098387568
96209,155.0,-29.5,156.8033138635774
96210,155.0,-29.0,152.04395454823054
96211,155.0,-28.5,152.4433815992568
96212,155.0,-28.0,148.63739630616922
96213,155.0,-27.5,150.5932555418129
96214,155.0,-27.0,149.14066614594088
96215,155.0,-26.5,150.4999136744519
96216,155.0,-26.0,152.09151107899993
96217,155.0,-25.5,148.23064699078222
96218,155.0,-25.0,151.84829979925573
96219,155.0,-24.5,147.8713433295548
96220,155.0,-24.0,147.602473799941
96221,155.0,-23.5,148.45516823351846
96222,155.0,-23.0,146.43111168306737
96223,155.0,-22.5,149.06258017981725
96224,155.0,-22.0,148.0103570519042
96225,155.0,-21.5,149.15265902745222
96226,155.0,-21.0,148.5077429285206
96227,155.0,-20.5,149.4249345042116
96228,155.0,-20.0,155.04179232371925
96229,155.0,-19.5,151.40004961356243
96230,155.0,-19.0,152.13564664029474
96231,155.0,-18.5,150.00909106564532
96232,155.0,-17.5,148.69798654977788
96233,155.0,-17.0,150.08113009781397
96234,155.0,-16.5,154.06472338560258
96235,155.0,-16.0,148.60239488877946
96236,155.0,-15.5,158.27575510169845
96237,155.0,-15.0,149.69507713248285
96238,155.0,-14.5,157.35738469675312
96239,155.0,-14.0,153.34745324152098
96240,155.0,-13.5,149.5874240462287
96241,155.0,-13.0,149.63543563925944
96242,155.0,-12.5,150.24751006800307
96243,155.0,-12.0,150.1294964850192
96244,155.0,-11.5,150.43428679384172
96245,155.0,-11.0,150.96850463686386
96246,155.0,-10.5,152.4796319308406
96247,155.0,-10.0,149.87079112459324
96248,155.0,-9.5,151.7880902932079
96249,155.0,-9.0,149.14524166583945
96250,155.0,-8.5,151.54813860105415
96251,155.0,-8.0,150.26006583874292
96252,155.0,-7.5,150.84254646578313
96253,155.0,-7.0,146.99545397636032
96254,155.0,-6.0,148.86780508554133
96255,155.0,-5.5,152.58448196178603
96256,155.0,-5.0,150.59190563148636
96257,155.0,-4.5,149.85569153649345
96258,155.0,-4.0,153.30551439909203
96259,155.0,-3.5,157.29971964834715
96260,155.0,-3.0,154.39282654887182
96261,155.0,-2.5,154.24741766707766
96262,155.0,-2.0,152.26346777867388
96263,155.0,-1.5,152.19545330019488
96264,155.0,-0.5,155.64128098250092
96265,155.0,0.0,155.14125247153285
96266,155.0,0.5,159.1021399417969
96267,155.0,1.0,160.24847181759642
96268,155.0,1.5,157.87276567783917
96269,155.0,2.0,157.35465999753026
96270,155.0,2.5,157.9709745304813
96271,155.0,3.0,155.1487498582601
96272,155.0,3.5,155.90171628881325
96273,155.0,4.0,153.609786903002
96274,155.0,4.5,150.68075579055753
96275,155.0,5.0,150.96750168347012
96276,155.0,5.5,151.3868254913537
96277,155.0,6.0,151.831754794785
96278,155.0,6.5,152.34559045556927
96279,155.0,7.0,161.29583575293532
96280,155.0,7.5,153.3740537943971
96281,155.0,8.0,151.08607646131924
96282,155.0,8.5,151.53041990809032
96283,155.0,9.0,153.11747017679986
96284,155.0,9.5,154.42538282560758
96285,155.0,10.0,152.33312537887036
96286,155.0,10.5,152.1166506645657
96287,155.0,11.0,151.46266963482512
96288,155.0,11.5,151.78823503035846
96289,155.0,12.0,157.83733430904698
96290,155.0,12.5,153.08164825895568
96291,155.0,13.0,152.39065025185553
96292,155.0,14.0,152.22215090160694
96293,155.0,14.5,151.37186934864027
96294,155.0,15.0,152.82692456529725
96295,155.0,15.5,151.9893952176713
96296,155.0,16.0,152.9842499985458
96297,155.0,16.5,153.8781534614357
96298,155.0,17.0,153.96982153326024
96299,155.0,17.5,152.22027896102517
96300,155.0,18.0,151.4684615783717
96301,155.0,18.5,152.57355340897962
96302,155.0,19.0,156.9608242482691
96303,155.0,19.5,153.82881223247216
96304,155.0,20.5,149.00671869224016
96305,155.0,21.0,148.26802384604645
96306,155.0,21.5,151.2747999953936
96307,155.0,22.0,155.5057913181046
96308,155.0,22.5,150.61982817620753
96309,155.0,23.0,150.3808503408453
96310,155.0,23.5,148.82278578868858
96311,155.0,24.0,153.1114626983365
96312,155.0,24.5,152.26894876533459
96313,155.0,25.0,150.34001939360925
96314,155.0,25.5,157.12909381295492
96315,155.0,26.0,149.2690674065461
96316,155.0,26.5,152.78977926411034
96317,155.0,27.0,159.34296647984445
96318,155.0,27.5,149.01006816527934
96319,155.0,28.0,153.86542633346477
96320,155.0,28.5,148.6135508684289
96321,155.0,29.0,150.99597496723254
96322,155.0,29.5,150.1069736286988
96323,155.0,30.0,151.51307513233508
96324,155.0,30.5,150.18017167895152
96325,155.0,31.0,151.46216659852308
96326,155.0,31.5,154.03024134516693
96327,155.0,32.0,151.46213110899131
96328,155.0,32.5,152.47578296701636
96329,155.0,33.0,152.22828481005808
96330,155.0,33.5,155.79484724204517
96331,155.0,34.0,150.6114055397287
96332,155.0,34.5,150.93447542674716
96333,155.0,35.0,152.60876310519848
96334,155.0,35.5,150.7912211052111
96335,155.0,36.0,153.2409330562932
96336,155.0,36.5,161.03284745853588
96337,155.0,37.0,159.18584941178733
96338,155.0,39.5,169.42259278846447
96339,155.5,-37.0,146.72235030492408
96340,155.5,-36.5,147.64033717350307
96341,155.5,-36.0,168.68456779446188
96342,155.5,-35.0,150.9416344269832
96343,155.5,-34.5,151.3536774024218
96344,155.5,-34.0,150.6388945464306
96345,155.5,-33.5,149.7329573752364
96346,155.5,-33.0,149.26703076579534
96347,155.5,-32.5,150.26757993997086
96348,155.5,-32.0,150.2275317783433
96349,155.5,-31.5,151.2182778533881
96350,155.5,-31.0,152.62053677788242
96351,155.5,-30.5,157.93703580592333
96352,155.5,-30.0,146.8298915631359
96353,155.5,-29.5,158.00334698222596
96354,155.5,-29.0,151.67646664339696
96355,155.5,-28.5,151.21644392755874
96356,155.5,-28.0,148.61083919696858
96357,155.5,-27.5,147.64656660129464
96358,155.5,-27.0,150.42532255396026
96359,155.5,-26.5,150.2537432295124
96360,155.5,-26.0,151.2315173604026
96361,155.5,-25.5,147.68624615426285
96362,155.5,-25.0,151.35835565540103
96363,155.5,-24.5,148.86194807437062
96364,155.5,-24.0,147.2671472535123
96365,155.5,-23.5,148.2219781726798
96366,155.5,-23.0,147.9223731235793
96367,155.5,-22.5,148.16026345048328
96368,155.5,-22.0,148.95723949820734
96369,155.5,-21.5,148.64775025450106
96370,155.5,-21.0,148.5578049895257
96371,155.5,-20.5,152.43413285663348
96372,155.5,-20.0,151.67798683621191
96373,155.5,-19.5,150.70981329714905
96374,155.5,-19.0,151.02109951677048
96375,155.5,-18.5,150.94399276932717
96376,155.5,-17.5,150.40849230098578
96377,155.5,-17.0,152.05088315509764
96378,155.5,-16.5,151.73042021491457
96379,155.5,-16.0,158.90090242612635
96380,155.5,-15.5,153.4314012147443
96381,155.5,-15.0,156.21703739042303
96382,155.5,-14.5,154.09417148583196
96383,155.5,-14.0,153.3264868387188
96384,155.5,-13.0,150.41845571021918
96385,155.5,-12.5,151.10855756694957
96386,155.5,-12.0,150.6381772233175
96387,155.5,-11.5,150.71893300973153
96388,155.5,-11.0,152.1198158203791
96389,155.5,-10.5,151.99307370619644
96390,155.5,-10.0,152.50223105317298
96391,155.5,-9.5,150.028440119437
96392,155.5,-9.0,151.05605292890664
96393,155.5,-8.5,147.81725531613534
96394,155.5,-8.0,153.61424259933793
96395,155.5,-7.5,150.94948893177929
96396,155.5,-7.0,155.1677251635385
96397,155.5,-6.5,147.5383074303863
96398,155.5,-6.0,149.23084364966812
96399,155.5,-5.5,149.877973226064
96400,155.5,-4.5,154.06498902552033
96401,155.5,-4.0,154.71343876785895
96402,155.5,-3.5,154.5696492773177
96403,155.5,-3.0,155.26761964666085
96404,155.5,-2.5,155.44173871445645
96405,155.5,-2.0,153.560592387645
96406,155.5,-1.5,153.6779771108398
96407,155.5,-1.0,155.55161346349533
96408,155.5,-0.5,155.4737142039551
96409,155.5,0.0,158.6593293799618
96410,155.5,0.5,156.91010044894668
96411,155.5,1.5,158.17708338449907
96412,155.5,2.0,157.33856828665864
96413,155.5,2.5,155.80617232937607
96414,155.5,3.0,156.47749777013232
96415,155.5,3.5,154.99983521252574
96416,155.5,4.0,157.167054636363
96417,155.5,4.5,150.92478007127548
96418,155.5,5.0,151.24615568418486
96419,155.5,5.5,150.4255930696332
96420,155.5,6.0,151.53722872108744
96421,155.5,7.5,153.50807759574985
96422,155.5,8.5,151.7035096473945
96423,155.5,9.0,152.83650467300657
96424,155.5,9.5,154.13233537467684
96425,155.5,10.0,150.67245815931744
96426,155.5,10.5,151.49095925030534
96427,155.5,11.0,150.62948085801446
96428,155.5,11.5,150.72957778572038
96429,155.5,12.0,153.20343084236336
96430,155.5,13.0,152.2779494039753
96431,155.5,13.5,151.80611345802438
96432,155.5,14.0,151.4787245375344
96433,155.5,14.5,150.7071123236469
96434,155.5,15.0,154.33959904451103
96435,155.5,15.5,151.49717341660238
96436,155.5,16.0,151.59471239183887
96437,155.5,16.5,154.1969677485318
96438,155.5,17.0,153.01859932459067
96439,155.5,17.5,151.2223289292008
96440,155.5,18.0,151.38251728042826
96441,155.5,18.5,151.9322103401188
96442,155.5,19.0,151.21346269338088
96443,155.5,19.5,156.45799990778852
96444,155.5,20.0,152.84428263082614
96445,155.5,20.5,149.16471470889934
96446,155.5,21.0,148.01523685839737
96447,155.5,21.5,151.58807856117076
96448,155.5,22.0,153.16940637236587
96449,155.5,22.5,152.1804935351816
96450,155.5,23.0,152.83741030148286
96451,155.5,23.5,148.9797575274761
96452,155.5,24.0,152.5056224410457
96453,155.5,24.5,151.72908274059526
96454,155.5,25.0,153.32407162503657
96455,155.5,25.5,150.59023364230853
96456,155.5,26.0,153.4168032579189
96457,155.5,26.5,153.51956567067415
96458,155.5,27.0,152.5465919788533
96459,155.5,27.5,148.08416838704412
96460,155.5,28.0,148.5265364642854
96461,155.5,28.5,149.1755067624345
96462,155.5,29.0,150.35361738239035
96463,155.5,29.5,150.9910330365963
96464,155.5,30.0,150.3775974957782
96465,155.5,30.5,151.74822704648892
96466,155.5,31.0,150.94420846752053
96467,155.5,31.5,155.13113817584866
96468,155.5,32.0,152.50680305689372
96469,155.5,32.5,152.37655986740216
96470,155.5,33.0,153.3531453060935
96471,155.5,33.5,153.023202130018
96472,155.5,34.0,152.58742092589893
96473,155.5,34.5,151.2667147030161
96474,155.5,35.0,151.4708711873891
96475,155.5,35.5,153.35515399101396
96476,155.5,36.0,154.13378560188818
96477,155.5,36.5,160.31109733063778
96478,155.5,37.0,159.0326434972393
96479,155.5,39.5,169.48842026314205
96480,156.0,-37.0,146.58008375371952
96481,156.0,-36.5,147.62678227502627
96482,156.0,-36.0,169.6278798340287
96483,156.0,-35.5,162.32788110526215
96484,156.0,-35.0,149.20229193035902
96485,156.0,-34.5,150.58570432920902
96486,156.0,-34.0,149.24772427472817
96487,156.0,-33.5,149.80878480630346
96488,156.0,-33.0,149.20490840512122
96489,156.0,-32.5,150.98315529903545
96490,156.0,-32.0,150.78701763090734
96491,156.0,-31.5,151.64964847788016
96492,156.0,-31.0,153.20189817142702
96493,156.0,-30.5,156.02674985485606
96494,156.0,-30.0,146.57775182680672
96495,156.0,-29.5,156.92598296485843
96496,156.0,-29.0,153.62448045613638
96497,156.0,-28.5,149.99196445171606
96498,156.0,-28.0,148.53092597775932
96499,156.0,-27.5,147.21947069595925
96500,156.0,-27.0,147.9620661262633
96501,156.0,-26.5,149.32918113084503
96502,156.0,-26.0,150.4142908995591
96503,156.0,-25.5,146.70561473627257
96504,156.0,-25.0,146.91697641621738
96505,156.0,-24.5,146.95996080977076
96506,156.0,-24.0,148.1779306506517
96507,156.0,-23.5,146.9519268106502
96508,156.0,-23.0,148.4560566929952
96509,156.0,-22.5,147.6164678796228
96510,156.0,-22.0,149.16033168380972
96511,156.0,-21.5,147.9619414752252
96512,156.0,-21.0,148.04207740912526
96513,156.0,-20.5,148.80689281911506
96514,156.0,-20.0,150.12461469018785
96515,156.0,-19.5,149.57743992515105
96516,156.0,-19.0,149.20353524799583
96517,156.0,-18.5,152.89517965709635
96518,156.0,-18.0,150.00016737859661
96519,156.0,-17.5,150.2997279747866
96520,156.0,-17.0,154.75949934433248
96521,156.0,-16.5,149.55585833942527
96522,156.0,-16.0,153.89951760266422
96523,156.0,-15.5,149.1052764937588
96524,156.0,-15.0,156.27390427351344
96525,156.0,-14.5,152.14902883025718
96526,156.0,-14.0,150.14586124118244
96527,156.0,-13.0,150.90381251657726
96528,156.0,-12.5,150.33304624306413
96529,156.0,-12.0,151.04220219641454
96530,156.0,-11.5,151.15797718500735
96531,156.0,-11.0,151.3775988879479
96532,156.0,-10.5,151.96638534298506
96533,156.0,-10.0,156.39178327566006
96534,156.0,-9.5,150.22832830144023
96535,156.0,-9.0,148.80394281166312
96536,156.0,-8.5,149.91347142238857
96537,156.0,-8.0,147.25634500119565
96538,156.0,-7.5,156.08047724773215
96539,156.0,-7.0,156.9161936893876
96540,156.0,-6.5,152.2308854123869
96541,156.0,-6.0,148.49673046125784
96542,156.0,-5.5,149.13623918177882
96543,156.0,-5.0,156.240861874723
96544,156.0,-4.5,157.51897884613015
96545,156.0,-4.0,154.7647425438857
96546,156.0,-3.5,153.06396764779805
96547,156.0,-3.0,157.9221416405426
96548,156.0,-2.0,152.94050635174824
96549,156.0,-1.5,154.46108528174696
96550,156.0,-1.0,154.52273847892556
96551,156.0,-0.5,158.7239798987885
96552,156.0,0.0,158.5433652624481
96553,156.0,0.5,154.2403577891583
96554,156.0,1.0,154.68664606414163
96555,156.0,1.5,157.29252995945302
96556,156.0,2.0,156.1843248141303
96557,156.0,2.5,157.12842289689357
96558,156.0,3.0,152.88927820175687
96559,156.0,3.5,154.86275627021183
96560,156.0,4.0,156.15929247124694
96561,156.0,4.5,151.8315263462167
96562,156.0,5.5,150.86279765910618
96563,156.0,6.0,150.25537604811774
96564,156.0,7.0,152.4935363569388
96565,156.0,7.5,152.84828715089353
96566,156.0,8.5,154.3370885417956
96567,156.0,9.0,152.93687372249656
96568,156.0,9.5,152.68984360985885
96569,156.0,10.0,152.36814602198095
96570,156.0,10.5,150.55429005676362
96571,156.0,11.0,148.20088488119328
96572,156.0,11.5,149.89634931609152
96573,156.0,12.0,150.07598056454896
96574,156.0,12.5,151.53796696561997
96575,156.0,13.5,151.82761050344612
96576,156.0,14.0,151.03424786685702
96577,156.0,14.5,151.5946116802367
96578,156.0,15.0,153.72570408347312
96579,156.0,15.5,151.413108965215
96580,156.0,16.0,152.5026548775934
96581,156.0,16.5,152.8050061572631
96582,156.0,17.0,154.07712339099945
96583,156.0,17.5,151.69480951886501
96584,156.0,18.0,150.16893543071413
96585,156.0,18.5,150.96462967768247
96586,156.0,19.0,149.88108350568254
96587,156.0,19.5,155.25143145463286
96588,156.0,20.0,149.87127908607374
96589,156.0,21.0,147.83798937932625
96590,156.0,21.5,149.5301617785366
96591,156.0,22.0,150.32600068307923
96592,156.0,22.5,156.7864652350401
96593,156.0,23.0,149.43536685328704
96594,156.0,23.5,150.66980906374522
96595,156.0,24.0,150.72890884537128
96596,156.0,24.5,151.50618067464515
96597,156.0,25.0,155.44051571935023
96598,156.0,25.5,147.58808610771092
96599,156.0,26.0,153.460142359076
96600,156.0,26.5,157.92775933659652
96601,156.0,27.0,147.39184799410813
96602,156.0,27.5,148.0694336458387
96603,156.0,28.0,147.7962129339562
96604,156.0,28.5,149.45799507686507
96605,156.0,29.0,149.19897248453876
96606,156.0,29.5,151.0537442514321
96607,156.0,30.0,149.6822304614604
96608,156.0,30.5,152.44024859802317
96609,156.0,31.0,154.1229139138759
96610,156.0,31.5,153.94281393403116
96611,156.0,32.0,154.04433221524855
96612,156.0,32.5,152.31952371400786
96613,156.0,33.0,154.861722224166
96614,156.0,33.5,151.8764522046821
96615,156.0,34.0,147.8164837529611
96616,156.0,34.5,150.83057210859351
96617,156.0,35.0,150.4050875290105
96618,156.0,35.5,155.58414422045539
96619,156.0,36.0,153.936505893292
96620,156.0,36.5,160.8955249524759
96621,156.0,37.0,158.6515372554745
96622,156.0,37.5,170.95134086616682
96623,156.0,39.5,169.5358274875693
96624,156.5,-37.0,146.568794396478
96625,156.5,-36.5,148.32169959779486
96626,156.5,-35.5,163.26307057241587
96627,156.5,-35.0,148.4794424079594
96628,156.5,-34.5,150.7533824940289
96629,156.5,-34.0,148.15407257248376
96630,156.5,-33.5,148.52122861663423
96631,156.5,-33.0,149.60832579747196
96632,156.5,-32.5,150.2260517128518
96633,156.5,-32.0,152.46589626089875
96634,156.5,-31.5,151.51874530299992
96635,156.5,-31.0,152.64189966624346
96636,156.5,-30.5,154.8118289575534
96637,156.5,-30.0,147.46715631902
96638,156.5,-29.5,151.7704947068038
96639,156.5,-29.0,158.67921026170558
96640,156.5,-28.5,149.47170915747475
96641,156.5,-28.0,147.43723128352605
96642,156.5,-27.5,147.76688522146162
96643,156.5,-27.0,147.19937540885837
96644,156.5,-26.5,149.20543139345327
96645,156.5,-26.0,149.8591602266661
96646,156.5,-25.5,147.52743649512158
96647,156.5,-25.0,146.573455469755
96648,156.5,-24.5,146.52482986383006
96649,156.5,-24.0,148.51226173633137
96650,156.5,-23.5,146.9588808744512
96651,156.5,-23.0,147.51601230157735
96652,156.5,-22.5,149.33638987813922
96653,156.5,-22.0,148.2269482345495
96654,156.5,-21.5,148.3733578808863
96655,156.5,-21.0,148.01077099392737
96656,156.5,-20.5,149.13306864834226
96657,156.5,-20.0,149.8326263779317
96658,156.5,-19.5,148.78376824772565
96659,156.5,-18.5,153.1193764789667
96660,156.5,-18.0,150.75276886795035
96661,156.5,-17.5,159.5450126625246
96662,156.5,-17.0,159.25721033680634
96663,156.5,-16.5,150.29369739379158
96664,156.5,-16.0,153.92238332759794
96665,156.5,-15.5,154.7422781638872
96666,156.5,-15.0,153.75573650239224
96667,156.5,-14.5,153.73180464944255
96668,156.5,-14.0,150.64214132780288
96669,156.5,-13.5,150.96141485275083
96670,156.5,-13.0,150.7169309387139
96671,156.5,-12.5,150.82606598368918
96672,156.5,-12.0,151.20726955768643
96673,156.5,-11.5,151.20622986236324
96674,156.5,-11.0,151.99394267178673
96675,156.5,-10.5,152.33362008197756
96676,156.5,-10.0,149.2978996122861
96677,156.5,-9.5,152.05358867048605
96678,156.5,-9.0,149.18876581492697
96679,156.5,-8.5,150.7834848818594
96680,156.5,-8.0,155.52251326907452
96681,156.5,-7.5,154.73774794459234
96682,156.5,-7.0,152.0227091106077
96683,156.5,-6.5,151.99880985811635
96684,156.5,-6.0,149.2501608686424
96685,156.5,-5.0,156.20969235765455
96686,156.5,-4.5,157.72086676429325
96687,156.5,-4.0,155.85559507892324
96688,156.5,-3.5,155.6741994435111
96689,156.5,-3.0,152.2283257555089
96690,156.5,-1.5,153.55484418104461
96691,156.5,-1.0,155.59643904975843
96692,156.5,-0.5,156.97839783415944
96693,156.5,0.0,157.56675353067303
96694,156.5,1.0,155.24708732053455
96695,156.5,1.5,155.6772402206325
96696,156.5,2.0,156.39064779485258
96697,156.5,2.5,157.83483286595035
96698,156.5,3.0,156.56317421465064
96699,156.5,3.5,154.71639125962508
96700,156.5,4.0,154.6907166451047
96701,156.5,4.5,155.30836146199542
96702,156.5,5.0,151.40502051160783
96703,156.5,5.5,150.68110497126298
96704,156.5,6.0,150.8152619123152
96705,156.5,6.5,150.81028282793153
96706,156.5,7.0,152.2425041146564
96707,156.5,8.5,154.56704287768025
96708,156.5,9.5,150.89539960070567
96709,156.5,10.0,151.51463667023634
96710,156.5,10.5,150.9481775103461
96711,156.5,11.0,147.99694668419636
96712,156.5,11.5,159.78703730426832
96713,156.5,12.0,149.4245163722518
96714,156.5,12.5,149.1252849964156
96715,156.5,13.0,151.8173826832678
96716,156.5,13.5,150.94782873301378
96717,156.5,14.0,151.58705551562338
96718,156.5,14.5,153.9478075820831
96719,156.5,15.0,150.73505824178443
96720,156.5,15.5,151.8058545485511
96721,156.5,16.0,151.7529631282564
96722,156.5,16.5,152.85385281051546
96723,156.5,17.0,152.82890208149698
96724,156.5,17.5,152.46633034399358
96725,156.5,18.0,151.76906749024076
96726,156.5,18.5,150.03652310203674
96727,156.5,19.0,150.31099449778728
96728,156.5,19.5,149.9014364985596
96729,156.5,20.0,154.96428452213138
96730,156.5,20.5,163.6991993091181
96731,156.5,21.5,148.84966808302403
96732,156.5,22.0,151.43007217493562
96733,156.5,22.5,153.71114072481365
96734,156.5,23.0,154.87216465880732
96735,156.5,23.5,152.86602974859412
96736,156.5,24.0,148.9070707756154
96737,156.5,24.5,152.2550488185826
96738,156.5,25.0,150.68935035776695
96739,156.5,25.5,155.0932084976082
96740,156.5,26.0,152.72156895909225
96741,156.5,26.5,156.32395112537776
96742,156.5,27.0,147.27587388614302
96743,156.5,28.0,149.20010368979626
96744,156.5,28.5,148.5875669654957
96745,156.5,29.0,147.99312447307338
96746,156.5,29.5,151.21419384055383
96747,156.5,30.0,149.84687787208736
96748,156.5,30.5,151.85017954067715
96749,156.5,31.0,155.45549859109695
96750,156.5,31.5,153.66954375670593
96751,156.5,32.0,155.7683726172673
96752,156.5,32.5,151.91634009536372
96753,156.5,33.0,154.95477478207937
96754,156.5,33.5,152.33129356967632
96755,156.5,34.0,146.96764051810558
96756,156.5,34.5,149.95239891833214
96757,156.5,35.0,151.29750275081264
96758,156.5,35.5,155.39889716939155
96759,156.5,36.0,153.00332659115986
96760,156.5,36.5,159.42267922623353
96761,156.5,37.0,163.6864314807662
96762,156.5,37.5,171.0902902276994
96763,157.0,-37.0,146.66503640726754
96764,157.0,-36.5,148.45234810736284
96765,157.0,-35.5,153.74847226204153
96766,157.0,-35.0,148.32298391049733
96767,157.0,-34.5,150.8980087226449
96768,157.0,-34.0,148.9920961088434
96769,157.0,-33.5,148.50525924044666
96770,157.0,-33.0,150.41343209026374
96771,157.0,-32.5,150.27290402157251
96772,157.0,-32.0,151.71218381413766
96773,157.0,-31.5,151.6940960216863
96774,157.0,-31.0,152.3847375066417
96775,157.0,-30.5,153.3214993143965
96776,157.0,-30.0,157.49040971097423
96777,157.0,-29.5,152.24554707819985
96778,157.0,-29.0,158.4884507851795
96779,157.0,-28.5,150.46374483540683
96780,157.0,-28.0,147.71877838049298
96781,157.0,-27.5,147.83825108352374
96782,157.0,-27.0,147.30737539371515
96783,157.0,-26.5,148.21113118811783
96784,157.0,-26.0,151.9471516213921
96785,157.0,-25.5,150.61553431491646
96786,157.0,-25.0,146.31089564948795
96787,157.0,-24.5,146.02401624281416
96788,157.0,-24.0,145.7784352935716
96789,157.0,-23.5,148.75534349765084
96790,157.0,-23.0,147.19530147322425
96791,157.0,-22.5,149.03833285863834
96792,157.0,-22.0,147.90058105939113
96793,157.0,-21.5,148.35158244174244
96794,157.0,-21.0,149.8057286613921
96795,157.0,-20.5,149.0227483904941
96796,157.0,-20.0,148.43600308064634
96797,157.0,-19.5,148.42902408073917
96798,157.0,-18.5,149.17477954877782
96799,157.0,-18.0,152.85401544158782
96800,157.0,-17.5,159.96296442894328
96801,157.0,-16.5,152.13299778557501
96802,157.0,-16.0,149.65785293603543
96803,157.0,-15.5,151.90041924911168
96804,157.0,-15.0,153.60655633591304
96805,157.0,-14.5,149.91796609964445
96806,157.0,-14.0,149.88444233184748
96807,157.0,-13.5,150.30331598218268
96808,157.0,-12.5,151.59995510933496
96809,157.0,-12.0,151.14710678038483
96810,157.0,-11.5,151.37688809071432
96811,157.0,-11.0,151.32176323070075
96812,157.0,-10.5,150.1144796275546
96813,157.0,-10.0,150.09444769661522
96814,157.0,-9.5,148.6784438733565
96815,157.0,-9.0,153.26899293381007
96816,157.0,-8.5,148.4754809746212
96817,157.0,-8.0,155.6750978120081
96818,157.0,-7.5,151.44258666018234
96819,157.0,-7.0,150.85233307475616
96820,157.0,-6.5,150.68894418409317
96821,157.0,-6.0,152.3022359598986
96822,157.0,-5.5,154.41818380345157
96823,157.0,-5.0,156.6103837470227
96824,157.0,-4.5,157.00538024581584
96825,157.0,-4.0,156.68225450932175
96826,157.0,-3.5,154.0909248549678
96827,157.0,-3.0,152.3169616065735
96828,157.0,-2.5,152.40572912654642
96829,157.0,-2.0,153.73657790264423
96830,157.0,-1.5,154.24172125296568
96831,157.0,-1.0,155.7450367634937
96832,157.0,-0.5,156.64816504604437
96833,157.0,0.0,153.0542395273742
96834,157.0,0.5,155.78261111993288
96835,157.0,1.0,156.73819374766066
96836,157.0,1.5,156.40827492114747
96837,157.0,2.0,158.85772838910543
96838,157.0,2.5,156.67192622401956
96839,157.0,3.0,158.83686379763603
96840,157.0,3.5,157.1257369411567
96841,157.0,4.0,152.78750586084675
96842,157.0,4.5,154.06260728316562
96843,157.0,5.0,154.458751610841
96844,157.0,5.5,153.89888798777457
96845,157.0,6.0,150.37198366589047
96846,157.0,6.5,150.87958727365745
96847,157.0,7.0,149.7337253372268
96848,157.0,8.0,154.63334680641216
96849,157.0,8.5,154.89355625229928
96850,157.0,9.5,152.17159309119475
96851,157.0,10.0,149.34915991394624
96852,157.0,10.5,150.3442605164383
96853,157.0,11.0,158.7131053691782
96854,157.0,11.5,151.52254176477362
96855,157.0,12.0,148.96187880573783
96856,157.0,12.5,149.32823280425825
96857,157.0,13.0,150.58512480826747
96858,157.0,13.5,151.28109666869042
96859,157.0,14.0,152.9632899317997
96860,157.0,14.5,152.51772329805934
96861,157.0,15.0,151.03856729626656
96862,157.0,15.5,151.3309636567115
96863,157.0,16.0,151.4765222484059
96864,157.0,16.5,152.4530163253374
96865,157.0,17.0,151.67273412574852
96866,157.0,17.5,153.92373693325308
96867,157.0,18.0,151.46108843878474
96868,157.0,18.5,149.81449441828804
96869,157.0,19.0,149.74073763537484
96870,157.0,19.5,149.28896308797
96871,157.0,20.0,153.10112674847852
96872,157.0,20.5,160.09567501418525
96873,157.0,21.0,151.4590233345064
96874,157.0,21.5,151.00160411840025
96875,157.0,22.0,150.0054310945355
96876,157.0,22.5,149.11190538913462
96877,157.0,23.0,157.52849021075994
96878,157.0,23.5,149.50465367036625
96879,157.0,24.0,150.62758713972372
96880,157.0,24.5,151.96834766187467
96881,157.0,25.0,150.33790162546447
96882,157.0,25.5,155.332518310991
96883,157.0,26.0,152.92077734353214
96884,157.0,26.5,150.3398662381529
96885,157.0,27.0,147.3097699203488
96886,157.0,27.5,146.9349434449444
96887,157.0,28.0,149.51602364330483
96888,157.0,28.5,147.71869271995973
96889,157.0,29.0,148.16036075805874
96890,157.0,29.5,152.45995773724925
96891,157.0,30.0,149.9419170463885
96892,157.0,30.5,153.62794059977014
96893,157.0,31.0,154.80223868402555
96894,157.0,31.5,154.0446852843953
96895,157.0,32.0,156.61372969171273
96896,157.0,32.5,152.2882274101524
96897,157.0,33.0,152.80444748465905
96898,157.0,33.5,152.48885220736636
96899,157.0,34.0,146.87986683597575
96900,157.0,34.5,150.69238471718614
96901,157.0,35.0,151.84725928164804
96902,157.0,35.5,155.16850983738993
96903,157.0,36.0,153.16619778289012
96904,157.0,36.5,158.63823251204775
96905,157.0,37.0,167.72117269230378
96906,157.0,37.5,166.717278087621
96907,157.5,-37.0,146.52201079175092
96908,157.5,-36.5,148.57759618071427
96909,157.5,-35.5,148.335787947687
96910,157.5,-35.0,148.19005616639666
96911,157.5,-34.5,151.05925748096186
96912,157.5,-34.0,149.4636962758252
96913,157.5,-33.5,147.4819856975993
96914,157.5,-33.0,150.20943237576702
96915,157.5,-32.5,151.17657169302825
96916,157.5,-32.0,149.89164867893402
96917,157.5,-31.5,150.99692802613794
96918,157.5,-31.0,151.04483741952035
96919,157.5,-30.5,153.56016933747682
96920,157.5,-30.0,150.1668191746806
96921,157.5,-29.5,152.23990505147782
96922,157.5,-29.0,153.4760470491178
96923,157.5,-28.5,148.97900805451548
96924,157.5,-28.0,148.09287515919831
96925,157.5,-27.5,148.22026784732512
96926,157.5,-27.0,148.14084926523282
96927,157.5,-26.5,149.7320915450924
96928,157.5,-26.0,148.36376269955932
96929,157.5,-25.5,152.87683934830267
96930,157.5,-25.0,146.19135264229115
96931,157.5,-24.5,146.16210021692254
96932,157.5,-24.0,145.4814040402468
96933,157.5,-23.5,147.8839986540416
96934,157.5,-23.0,148.3308847407839
96935,157.5,-22.5,147.62733212227752
96936,157.5,-22.0,148.53490012216673
96937,157.5,-21.5,148.82178135232985
96938,157.5,-21.0,149.53741543471608
96939,157.5,-20.5,148.6924991260935
96940,157.5,-20.0,147.84641166945246
96941,157.5,-19.0,153.92247215283268
96942,157.5,-18.5,148.91366838448312
96943,157.5,-18.0,153.83656693413897
96944,157.5,-17.5,157.37230840068278
96945,157.5,-16.0,149.93912747398093
96946,157.5,-15.5,152.63443986785376
96947,157.5,-15.0,152.08691694984674
96948,157.5,-14.5,150.17734942005325
96949,157.5,-14.0,149.8466784442298
96950,157.5,-13.5,150.39278572775277
96951,157.5,-13.0,151.26865056290023
96952,157.5,-12.5,151.60885879876147
96953,157.5,-12.0,151.07080938382086
96954,157.5,-11.5,151.0474343485838
96955,157.5,-11.0,151.91845401658017
96956,157.5,-10.5,150.2086730030693
96957,157.5,-10.0,148.65357737442574
96958,157.5,-9.5,149.74332102300747
96959,157.5,-9.0,151.76675710628078
96960,157.5,-8.5,159.92751953107432
96961,157.5,-8.0,151.0935389253156
96962,157.5,-7.5,153.3750802529149
96963,157.5,-7.0,149.0274310087872
96964,157.5,-6.5,153.60474443647283
96965,157.5,-6.0,152.45940030862394
96966,157.5,-5.5,152.1715432422159
96967,157.5,-5.0,152.41165228114303
96968,157.5,-4.5,151.44362863882048
96969,157.5,-4.0,154.75127783563627
96970,157.5,-3.0,153.14538159630547
96971,157.5,-2.5,152.70257973361737
96972,157.5,-2.0,152.78302221717783
96973,157.5,-1.5,156.52738911682528
96974,157.5,-1.0,156.32167047382308
96975,157.5,-0.5,154.61491810613677
96976,157.5,0.0,152.20096661922906
96977,157.5,0.5,156.6006927099237
96978,157.5,1.0,155.80106133646632
96979,157.5,1.5,159.5151093893454
96980,157.5,2.0,156.35332348218967
96981,157.5,3.0,158.46359015640272
96982,157.5,3.5,155.99074989925887
96983,157.5,4.0,157.2860788317429
96984,157.5,4.5,153.37768801314604
96985,157.5,5.0,154.77182542273457
96986,157.5,5.5,154.7326733316571
96987,157.5,6.0,152.52292694863974
96988,157.5,6.5,150.48368370240576
96989,157.5,7.0,149.26255307844335
96990,157.5,7.5,154.13870456685055
96991,157.5,8.0,154.46799973890475
96992,157.5,9.0,153.05778227878307
96993,157.5,9.5,152.85200973978732
96994,157.5,10.0,148.09902651481565
96995,157.5,10.5,148.6326372235172
96996,157.5,11.0,153.36665833405823
96997,157.5,11.5,147.656443251223
96998,157.5,12.0,148.6152121332784
96999,157.5,12.5,150.009208504629
97000,157.5,13.0,149.8285407169661
97001,157.5,13.5,151.32476378742135
97002,157.5,14.0,153.8954788301818
97003,157.5,14.5,151.65279620753373
97004,157.5,15.0,151.83829754844353
97005,157.5,15.5,153.7392252878727
97006,157.5,16.0,152.6188010597166
97007,157.5,16.5,151.828651166103
97008,157.5,17.0,151.222664062903
97009,157.5,17.5,152.24068038208893
97010,157.5,18.0,151.99509903845615
97011,157.5,18.5,149.6412102724202
97012,157.5,19.0,149.13666927143396
97013,157.5,19.5,149.2505688353401
97014,157.5,20.0,150.10047632025987
97015,157.5,20.5,154.40503949145503
97016,157.5,21.0,151.87589072370568
97017,157.5,21.5,157.9050904010248
97018,157.5,22.0,152.07408883851437
97019,157.5,22.5,148.89813974175573
97020,157.5,23.0,153.82628952710655
97021,157.5,23.5,152.70172272957856
97022,157.5,24.0,152.4704477718555
97023,157.5,24.5,149.07341168367861
97024,157.5,25.5,154.40832267086418
97025,157.5,26.0,153.02124708800346
97026,157.5,26.5,148.61439912580298
97027,157.5,27.0,158.70401548572787
97028,157.5,27.5,148.20059100602418
97029,157.5,28.0,149.062702039675
97030,157.5,28.5,147.4894145647943
97031,157.5,29.0,148.22856750240126
97032,157.5,29.5,151.57222618835524
97033,157.5,30.0,151.0489239015801
97034,157.5,30.5,154.9810149497368
97035,157.5,31.0,152.45683413568017
97036,157.5,31.5,154.25224112007777
97037,157.5,32.0,155.721552584834
97038,157.5,32.5,151.70948384930466
97039,157.5,33.0,151.48148092701587
97040,157.5,33.5,154.27169754022444
97041,157.5,34.0,148.00510798741996
97042,157.5,34.5,150.6471993933956
97043,157.5,35.0,154.62726258166998
97044,157.5,35.5,154.10241463084876
97045,157.5,36.0,154.91434867799757
97046,157.5,36.5,158.3807181423994
97047,157.5,37.0,167.64784747740867
97048,157.5,37.5,165.75067323240688
97049,158.0,-37.0,146.6084728814471
97050,158.0,-36.5,148.62657788543686
97051,158.0,-36.0,157.37186287852953
97052,158.0,-35.5,146.66683187369148
97053,158.0,-35.0,148.5114748190914
97054,158.0,-34.5,150.21140780564028
97055,158.0,-34.0,150.83368301248302
97056,158.0,-33.5,147.7629114095244
97057,158.0,-33.0,149.89014315577558
97058,158.0,-32.5,151.0690000392384
97059,158.0,-32.0,150.93488707486878
97060,158.0,-31.5,150.58376502754922
97061,158.0,-31.0,150.67927580654984
97062,158.0,-30.5,153.4792310284134
97063,158.0,-30.0,151.34631336099397
97064,158.0,-29.5,151.96788798684562
97065,158.0,-29.0,153.33411874729848
97066,158.0,-28.5,148.19434341222038
97067,158.0,-28.0,148.18223251388744
97068,158.0,-27.5,147.75100145211437
97069,158.0,-27.0,148.4696946299772
97070,158.0,-26.5,148.8462064613706
97071,158.0,-26.0,147.96716672952797
97072,158.0,-25.5,148.69265003402566
97073,158.0,-25.0,146.7290131474033
97074,158.0,-24.5,145.8607854326594
97075,158.0,-24.0,145.7821268483344
97076,158.0,-23.5,147.08443426059566
97077,158.0,-23.0,149.41840048108637
97078,158.0,-22.5,146.8108938263743
97079,158.0,-22.0,148.2384299893743
97080,158.0,-21.5,149.27639116876762
97081,158.0,-21.0,149.232143849054
97082,158.0,-20.5,148.20070323107316
97083,158.0,-20.0,147.85678958726663
97084,158.0,-19.5,151.53305793760853
97085,158.0,-19.0,150.20821470451747
97086,158.0,-18.0,161.1982314768497
97087,158.0,-17.5,154.63645504413736
97088,158.0,-17.0,154.48731441349156
97089,158.0,-16.0,151.35775995213228
97090,158.0,-15.5,152.75994746013393
97091,158.0,-15.0,151.8800214957516
97092,158.0,-14.5,150.53740602586134
97093,158.0,-14.0,150.32344851260135
97094,158.0,-13.5,152.51399469206117
97095,158.0,-13.0,151.56224030002872
97096,158.0,-12.5,150.7790774852071
97097,158.0,-12.0,151.28648255014465
97098,158.0,-11.5,150.15737213901227
97099,158.0,-11.0,149.70522981115465
97100,158.0,-10.5,150.00495285634372
97101,158.0,-10.0,148.83390532765387
97102,158.0,-9.5,150.76477195473464
97103,158.0,-9.0,154.19545387491445
97104,158.0,-8.5,157.25559215201483
97105,158.0,-8.0,151.97936454358288
97106,158.0,-7.5,150.02115693543573
97107,158.0,-7.0,154.71277442615127
97108,158.0,-6.0,152.24830498662422
97109,158.0,-5.5,151.94937614501976
97110,158.0,-5.0,149.43080474842532
97111,158.0,-4.5,151.76234530346562
97112,158.0,-2.5,151.24599819063846
97113,158.0,-2.0,153.44290044508648
97114,158.0,-1.5,155.52750821143
97115,158.0,-1.0,156.9570452896734
97116,158.0,-0.5,152.43587366713479
97117,158.0,0.0,155.66292292647157
97118,158.0,0.5,155.6116325514083
97119,158.0,1.0,158.00133847223648
97120,158.0,1.5,158.48250858245544
97121,158.0,2.0,155.85520347699526
97122,158.0,2.5,155.85369502735406
97123,158.0,3.0,155.43672723867118
97124,158.0,3.5,156.80661748878728
97125,158.0,4.0,156.15335926655658
97126,158.0,4.5,155.08500624755524
97127,158.0,5.0,154.67634456079756
97128,158.0,5.5,154.06963044008316
97129,158.0,6.0,153.37852163201123
97130,158.0,7.0,151.38901001568635
97131,158.0,7.5,150.97483302227303
97132,158.0,8.5,153.304228089562
97133,158.0,9.0,153.22858012038316
97134,158.0,10.5,153.77379018953036
97135,158.0,11.0,152.28888173356034
97136,158.0,11.5,149.5177412857521
97137,158.0,12.0,149.55443129004743
97138,158.0,12.5,150.95344404117546
97139,158.0,13.0,149.7496534690842
97140,158.0,13.5,150.7145925268543
97141,158.0,14.0,151.89601048543517
97142,158.0,14.5,151.17209043803723
97143,158.0,15.0,151.91608997932005
97144,158.0,15.5,152.0182697296151
97145,158.0,16.0,153.43979689057855
97146,158.0,16.5,152.2672410367166
97147,158.0,17.0,150.40122929026464
97148,158.0,17.5,151.40318267009857
97149,158.0,18.0,153.41733207867077
97150,158.0,18.5,151.8230291584477
97151,158.0,19.0,149.14971083755813
97152,158.0,19.5,149.00285626315483
97153,158.0,20.0,150.0769174047615
97154,158.0,20.5,152.00147597428352
97155,158.0,21.0,158.09754476574315
97156,158.0,21.5,152.3903705537945
97157,158.0,22.0,156.80375625371644
97158,158.0,22.5,146.91538931426166
97159,158.0,23.0,147.87524772425633
97160,158.0,23.5,155.20298719445717
97161,158.0,24.0,151.93574688513343
97162,158.0,24.5,150.57672725271937
97163,158.0,25.0,151.05278780156155
97164,158.0,25.5,153.49481073170983
97165,158.0,26.0,155.2344702114115
97166,158.0,26.5,147.2694008439886
97167,158.0,27.0,154.36963141617463
97168,158.0,27.5,148.62659789445112
97169,158.0,28.0,147.9045461677551
97170,158.0,28.5,147.75607717117052
97171,158.0,29.0,148.93649558639396
97172,158.0,29.5,151.2746745603394
97173,158.0,30.0,153.3959002575702
97174,158.0,30.5,156.22432658121477
97175,158.0,31.0,152.6727280485628
97176,158.0,31.5,153.98509305537314
97177,158.0,32.0,156.18337655998982
97178,158.0,32.5,152.41454845404058
97179,158.0,33.0,151.3676962128292
97180,158.0,33.5,154.33009841004332
97181,158.0,34.0,149.61011584540122
97182,158.0,34.5,150.1595314990218
97183,158.0,35.0,152.32341650908617
97184,158.0,35.5,152.34009731948183
97185,158.0,36.0,157.2556376343971
97186,158.0,36.5,156.85108506421588
97187,158.0,37.0,163.72871392720054
97188,158.0,37.5,168.3144643456868
97189,158.5,-37.0,146.74431071289735
97190,158.5,-36.5,148.29791341371154
97191,158.5,-36.0,156.73836065083734
97192,158.5,-35.5,146.39767110076113
97193,158.5,-35.0,148.74825862709397
97194,158.5,-34.5,151.15853463695646
97195,158.5,-34.0,150.66292377653284
97196,158.5,-33.5,147.29192901966934
97197,158.5,-33.0,149.98381168332983
97198,158.5,-32.5,150.97747744959094
97199,158.5,-32.0,150.73144407849549
97200,158.5,-31.5,151.5503005116614
97201,158.5,-31.0,150.66557911875302
97202,158.5,-30.5,154.8329100777965
97203,158.5,-30.0,151.34161164376735
97204,158.5,-29.5,151.33583724140817
97205,158.5,-29.0,153.1675550653421
97206,158.5,-28.5,147.67930934312233
97207,158.5,-28.0,148.76278091160765
97208,158.5,-27.5,147.7115435633121
97209,158.5,-27.0,148.6395243731254
97210,158.5,-26.5,148.21547927100863
97211,158.5,-26.0,150.1299370116335
97212,158.5,-25.5,146.50684813904496
97213,158.5,-25.0,149.57018626369043
97214,158.5,-24.5,145.84748335538475
97215,158.5,-24.0,145.90804461915565
97216,158.5,-23.5,147.60396330936786
97217,158.5,-23.0,148.85947131726556
97218,158.5,-22.5,148.20924249221878
97219,158.5,-22.0,147.56389614707516
97220,158.5,-21.5,149.5576783680421
97221,158.5,-21.0,148.77308943642814
97222,158.5,-20.5,148.0675164626604
97223,158.5,-20.0,148.22152310812507
97224,158.5,-19.5,150.97241323381704
97225,158.5,-19.0,148.68254956087048
97226,158.5,-18.0,156.84128842074716
97227,158.5,-17.5,151.53636849167194
97228,158.5,-17.0,153.4343335929552
97229,158.5,-16.5,150.20611130278328
97230,158.5,-16.0,152.19517868755875
97231,158.5,-15.5,150.55946091472708
97232,158.5,-15.0,150.42564824536115
97233,158.5,-14.5,149.63997806594122
97234,158.5,-14.0,151.18712269671502
97235,158.5,-13.5,152.24207469097064
97236,158.5,-13.0,150.15038127155728
97237,158.5,-12.5,151.50011221818252
97238,158.5,-12.0,151.09622913532607
97239,158.5,-11.5,150.0232379970993
97240,158.5,-11.0,150.70264866225006
97241,158.5,-10.5,148.38972450881195
97242,158.5,-10.0,149.68425678417523
97243,158.5,-9.5,153.7839494465776
97244,158.5,-9.0,154.93210273985056
97245,158.5,-8.5,149.23605111182104
97246,158.5,-8.0,155.35466826791563
97247,158.5,-7.5,156.36164924343996
97248,158.5,-7.0,156.84626894817183
97249,158.5,-6.5,153.09061561453777
97250,158.5,-6.0,151.34042495740454
97251,158.5,-5.5,149.46777974056192
97252,158.5,-5.0,152.77847377370495
97253,158.5,-4.5,151.43574462416177
97254,158.5,-3.0,149.85915215002893
97255,158.5,-2.5,152.05148722156832
97256,158.5,-2.0,152.4454803717674
97257,158.5,-1.5,152.8112456615559
97258,158.5,0.0,154.2943700420357
97259,158.5,0.5,155.31929704596226
97260,158.5,1.0,157.3039744454004
97261,158.5,1.5,156.23426304913625
97262,158.5,2.5,155.15605369520986
97263,158.5,3.0,156.76098918959673
97264,158.5,3.5,158.05240157972477
97265,158.5,4.0,157.74240937125725
97266,158.5,4.5,154.44755151220178
97267,158.5,5.0,152.94891002936188
97268,158.5,5.5,152.23576936628518
97269,158.5,6.0,154.13113916118897
97270,158.5,6.5,153.94925119494002
97271,158.5,7.0,158.24981764898885
97272,158.5,7.5,148.94737813969226
97273,158.5,8.0,147.5371939238701
97274,158.5,8.5,153.46718036491424
97275,158.5,10.0,155.79169169059296
97276,158.5,10.5,160.8559863369995
97277,158.5,11.0,147.80938294093647
97278,158.5,11.5,149.9658500846363
97279,158.5,12.0,151.53386909655083
97280,158.5,12.5,149.30171876287173
97281,158.5,13.0,151.87433399271907
97282,158.5,13.5,149.8397045792916
97283,158.5,14.0,150.06379030381015
97284,158.5,14.5,151.67216505468585
97285,158.5,15.0,152.04598779481756
97286,158.5,15.5,152.8601927364896
97287,158.5,16.0,154.26352977676794
97288,158.5,16.5,153.95194073941911
97289,158.5,17.0,151.57912498964797
97290,158.5,17.5,150.79212378795953
97291,158.5,18.0,151.76158197193897
97292,158.5,18.5,151.05038707390784
97293,158.5,19.0,150.5438450991524
97294,158.5,19.5,148.99706074263915
97295,158.5,20.0,151.53709115282481
97296,158.5,20.5,150.9879869523863
97297,158.5,21.0,153.69588231996136
97298,158.5,21.5,152.4046396719698
97299,158.5,22.0,159.15859234860488
97300,158.5,22.5,155.5408470267771
97301,158.5,23.0,149.10897258661947
97302,158.5,23.5,152.92841109222988
97303,158.5,24.0,152.82296998613896
97304,158.5,24.5,150.69178314604787
97305,158.5,25.0,151.89004433575266
97306,158.5,25.5,153.59744899800435
97307,158.5,26.0,152.158657684087
97308,158.5,26.5,146.76029944735203
97309,158.5,27.0,153.16995660137724
97310,158.5,27.5,148.64938032544555
97311,158.5,28.0,147.45933758897738
97312,158.5,28.5,148.06058154751992
97313,158.5,29.0,152.1579120909326
97314,158.5,29.5,149.28067590300486
97315,158.5,30.0,153.2644333177092
97316,158.5,30.5,156.25349582585054
97317,158.5,31.0,152.2284485901226
97318,158.5,31.5,152.78365508279634
97319,158.5,32.0,154.95675417996918
97320,158.5,32.5,152.99784349824964
97321,158.5,33.0,152.2831310385456
97322,158.5,33.5,153.937103402948
97323,158.5,34.0,150.9189687101129
97324,158.5,34.5,152.01485670453613
97325,158.5,35.0,151.65610243812367
97326,158.5,35.5,151.93615668986223
97327,158.5,36.0,156.0172408230009
97328,158.5,36.5,158.02916763410963
97329,158.5,37.0,161.26390876420896
97330,158.5,37.5,166.85135473523252
97331,158.5,38.0,173.10850392271482
97332,158.5,39.0,171.68226558039274
97333,159.0,-37.0,146.65248526705494
97334,159.0,-36.5,148.1018732447329
97335,159.0,-36.0,156.09894209146015
97336,159.0,-35.5,146.45171547364026
97337,159.0,-35.0,149.58293346412844
97338,159.0,-34.5,150.50949799822806
97339,159.0,-34.0,151.25164075727244
97340,159.0,-33.5,149.58204143068397
97341,159.0,-33.0,149.6565922707973
97342,159.0,-32.5,150.48621412611854
97343,159.0,-32.0,151.25118859630575
97344,159.0,-31.5,150.52894600599592
97345,159.0,-31.0,153.6983254053313
97346,159.0,-30.5,154.85360841814867
97347,159.0,-30.0,149.37407847112195
97348,159.0,-29.5,152.5502547687551
97349,159.0,-29.0,151.0904630088823
97350,159.0,-28.5,147.3077007088472
97351,159.0,-28.0,148.57025287459652
97352,159.0,-27.5,148.11113209896004
97353,159.0,-27.0,147.9058954987072
97354,159.0,-26.5,148.33108869466233
97355,159.0,-26.0,148.04709757669352
97356,159.0,-25.5,146.33131428738508
97357,159.0,-25.0,146.75799783148125
97358,159.0,-24.5,148.99291024632163
97359,159.0,-24.0,146.97614923487308
97360,159.0,-23.5,148.0020461442374
97361,159.0,-23.0,147.92411998931317
97362,159.0,-22.5,148.5300459586182
97363,159.0,-22.0,148.85798152472398
97364,159.0,-21.5,149.35951697017572
97365,159.0,-21.0,149.11057910323774
97366,159.0,-20.5,148.28338815923982
97367,159.0,-20.0,149.94164064768935
97368,159.0,-19.5,148.93955072692268
97369,159.0,-19.0,148.35655656669292
97370,159.0,-18.0,151.44903641560978
97371,159.0,-17.5,149.96693451751423
97372,159.0,-17.0,153.631134799335
97373,159.0,-16.5,154.072685362408
97374,159.0,-16.0,153.1539728807556
97375,159.0,-15.0,149.6715932390658
97376,159.0,-14.5,151.20685233953347
97377,159.0,-14.0,152.2079198614564
97378,159.0,-13.5,151.98162577066572
97379,159.0,-13.0,151.26661656423835
97380,159.0,-12.5,152.173967797583
97381,159.0,-12.0,154.9711540843583
97382,159.0,-11.5,150.63203511590297
97383,159.0,-11.0,149.55247947605727
97384,159.0,-10.5,150.98143207324222
97385,159.0,-10.0,151.8635523237239
97386,159.0,-9.5,155.58595538082835
97387,159.0,-9.0,152.85461995281022
97388,159.0,-8.5,149.2907425026048
97389,159.0,-8.0,153.69008007748684
97390,159.0,-7.5,162.93655058814895
97391,159.0,-7.0,154.5287677474065
97392,159.0,-6.5,152.5158492517737
97393,159.0,-6.0,150.87691999415898
97394,159.0,-5.5,151.15807331703436
97395,159.0,-5.0,152.8751789993225
97396,159.0,-4.5,155.487921750661
97397,159.0,-3.5,148.63428354907583
97398,159.0,-3.0,149.70562488320456
97399,159.0,-2.5,152.2206084149282
97400,159.0,-2.0,151.75374992755567
97401,159.0,-1.5,151.43980379082566
97402,159.0,-1.0,151.9501847386145
97403,159.0,-0.5,156.32960980733242
97404,159.0,0.0,153.8436089056162
97405,159.0,0.5,155.7464716477397
97406,159.0,1.0,155.93683305246788
97407,159.0,1.5,154.617292278707
97408,159.0,2.0,154.6549169918408
97409,159.0,2.5,157.77015019890058
97410,159.0,3.0,154.4467784830671
97411,159.0,3.5,157.650859724443
97412,159.0,4.0,157.5028765038967
97413,159.0,4.5,157.85573876859704
97414,159.0,5.0,151.76157582028432
97415,159.0,5.5,151.87500958430562
97416,159.0,6.0,151.75220325554986
97417,159.0,6.5,154.09556077417693
97418,159.0,7.5,148.68447431396115
97419,159.0,8.0,150.288331989248
97420,159.0,8.5,149.92403470419288
97421,159.0,9.5,154.7447826282886
97422,159.0,10.0,155.6354332503981
97423,159.0,11.0,149.1465527976471
97424,159.0,11.5,148.3895508621328
97425,159.0,12.0,150.50087841417388
97426,159.0,12.5,151.6036090128391
97427,159.0,13.0,151.0571666359331
97428,159.0,13.5,148.89451041099818
97429,159.0,14.0,150.60034661372876
97430,159.0,14.5,151.3585730054261
97431,159.0,15.0,151.72216439130503
97432,159.0,15.5,153.299970655312
97433,159.0,16.0,152.7534317125808
97434,159.0,16.5,153.6993847788182
97435,159.0,17.0,151.37380701182622
97436,159.0,17.5,149.806598910598
97437,159.0,18.0,149.9072374673349
97438,159.0,18.5,152.39842858876162
97439,159.0,19.0,152.35109961833672
97440,159.0,19.5,149.27041750366493
97441,159.0,20.0,151.06277566784382
97442,159.0,20.5,149.57616712256603
97443,159.0,21.0,150.24207503516774
97444,159.0,21.5,154.24696422635657
97445,159.0,22.5,152.85281289726748
97446,159.0,23.0,149.51910266078497
97447,159.0,23.5,149.2784416887452
97448,159.0,24.0,152.47726217580444
97449,159.0,25.0,152.1295686064441
97450,159.0,25.5,151.81273776566093
97451,159.0,26.0,150.2045913199853
97452,159.0,26.5,158.96568440148658
97453,159.0,27.0,153.08831503691795
97454,159.0,27.5,147.96083211386588
97455,159.0,28.0,147.3574041170729
97456,159.0,28.5,148.40766378403922
97457,159.0,29.0,151.6914620115663
97458,159.0,29.5,149.93149688447187
97459,159.0,30.0,159.70170575639727
97460,159.0,30.5,151.62946305292613
97461,159.0,31.0,152.0116802101349
97462,159.0,31.5,154.33334092319876
97463,159.0,32.0,152.30403666040985
97464,159.0,32.5,153.13769427401854
97465,159.0,33.0,152.8970121100329
97466,159.0,33.5,155.8842811624169
97467,159.0,34.0,151.65862718123316
97468,159.0,34.5,149.96460082116408
97469,159.0,35.0,151.55565418870242
97470,159.0,35.5,152.32431727231642
97471,159.0,36.0,155.52318371733026
97472,159.0,36.5,159.04523260195904
97473,159.0,37.0,159.72403545457558
97474,159.0,37.5,164.88376971643103
97475,159.0,38.0,171.04893457726186
97476,159.0,39.0,170.5900709268388
97477,159.5,-37.0,146.7115178054427
97478,159.5,-36.5,148.34864996078284
97479,159.5,-36.0,155.77469185291073
97480,159.5,-35.5,148.41531541416546
97481,159.5,-35.0,149.88396020887382
97482,159.5,-34.5,151.2943400339613
97483,159.5,-34.0,151.54503191304633
97484,159.5,-33.5,150.7890330697362
97485,159.5,-33.0,149.77770140415706
97486,159.5,-32.5,150.8651570137011
97487,159.5,-32.0,150.87227309944709
97488,159.5,-31.5,149.8133704551761
97489,159.5,-31.0,155.28262223537996
97490,159.5,-30.5,151.45033629506557
97491,159.5,-30.0,146.5056263559143
97492,159.5,-29.5,151.41748566676827
97493,159.5,-29.0,150.09379462287345
97494,159.5,-28.5,147.68670741665383
97495,159.5,-28.0,148.53139801029258
97496,159.5,-27.5,148.32518398766206
97497,159.5,-27.0,146.8128384499753
97498,159.5,-26.5,148.85441661079176
97499,159.5,-26.0,147.81751420934748
97500,159.5,-25.5,146.41315592335786
97501,159.5,-25.0,145.93479002796943
97502,159.5,-24.5,149.57970356762436
97503,159.5,-24.0,147.12276005132247
97504,159.5,-23.5,148.4059676847531
97505,159.5,-23.0,147.33717997067944
97506,159.5,-22.5,148.41226797650907
97507,159.5,-22.0,149.51563965754718
97508,159.5,-21.5,148.0275994288356
97509,159.5,-21.0,149.0849788479078
97510,159.5,-20.5,149.653419144404
97511,159.5,-20.0,150.44715444386023
97512,159.5,-19.5,148.53019673090787
97513,159.5,-19.0,148.41653176314117
97514,159.5,-18.5,150.712178358819
97515,159.5,-18.0,150.6910550455009
97516,159.5,-17.5,149.62397322526405
97517,159.5,-16.5,154.37611728249496
97518,159.5,-15.5,147.93290840393828
97519,159.5,-15.0,148.0348915870683
97520,159.5,-14.5,151.13912113199626
97521,159.5,-14.0,152.52331102014531
97522,159.5,-13.5,151.9291462815163
97523,159.5,-13.0,151.70262178996245
97524,159.5,-12.5,151.15204338053093
97525,159.5,-12.0,152.21124194484042
97526,159.5,-11.5,149.6221168103531
97527,159.5,-11.0,149.943965762254
97528,159.5,-10.5,150.6995101028355
97529,159.5,-10.0,153.84577646292362
97530,159.5,-9.5,153.9648854922721
97531,159.5,-9.0,151.89993747822015
97532,159.5,-8.5,155.1434091667709
97533,159.5,-8.0,152.73671216845958
97534,159.5,-7.5,157.68825384260793
97535,159.5,-7.0,155.6738876254967
97536,159.5,-6.5,152.9600851300705
97537,159.5,-6.0,151.11830672273425
97538,159.5,-5.5,152.97103747149387
97539,159.5,-5.0,152.7462778389145
97540,159.5,-4.5,155.39932418576544
97541,159.5,-4.0,154.86537834830014
97542,159.5,-3.5,149.21388275887705
97543,159.5,-3.0,153.34269647990502
97544,159.5,-2.5,152.60715126133454
97545,159.5,-2.0,153.1147022796751
97546,159.5,-1.5,148.94012608831278
97547,159.5,-1.0,152.66856638148647
97548,159.5,-0.5,152.7511939760423
97549,159.5,0.0,156.02760880974597
97550,159.5,0.5,156.47139817268155
97551,159.5,1.0,155.02446922686212
97552,159.5,1.5,152.6792918931093
97553,159.5,2.0,154.8766024665719
97554,159.5,2.5,155.76041367624316
97555,159.5,3.0,155.74932630855824
97556,159.5,3.5,155.83432382750823
97557,159.5,4.0,157.32823194781565
97558,159.5,4.5,156.18679864992527
97559,159.5,5.0,151.68636616904985
97560,159.5,5.5,150.45425350760448
97561,159.5,6.0,153.59707144396242
97562,159.5,6.5,150.96386742069996
97563,159.5,7.0,152.14821296452138
97564,159.5,7.5,154.17263232985536
97565,159.5,8.0,151.0333726681824
97566,159.5,8.5,147.79446158777114
97567,159.5,9.0,154.03880486272755
97568,159.5,9.5,154.26931430462025
97569,159.5,10.5,150.72884285550572
97570,159.5,11.0,150.57403066003357
97571,159.5,11.5,150.79393954638832
97572,159.5,12.0,149.63657418446164
97573,159.5,12.5,150.98958535352767
97574,159.5,13.0,147.74947171824223
97575,159.5,13.5,152.9983376830868
97576,159.5,14.0,150.47142113992572
97577,159.5,14.5,151.2344794587115
97578,159.5,15.0,152.5740318048263
97579,159.5,15.5,153.13082048481016
97580,159.5,16.0,152.60221158228998
97581,159.5,16.5,152.1150292648857
97582,159.5,17.0,152.2545123105279
97583,159.5,17.5,148.95138458406495
97584,159.5,18.0,149.70266824591047
97585,159.5,18.5,151.2655280403791
97586,159.5,19.0,150.68376334877692
97587,159.5,19.5,150.34754331516413
97588,159.5,20.0,149.48656745376158
97589,159.5,20.5,148.43596658132498
97590,159.5,21.0,150.22020473002917
97591,159.5,21.5,152.47451100941095
97592,159.5,22.0,150.25141879640304
97593,159.5,22.5,147.10493408612612
97594,159.5,23.0,150.16422705408525
97595,159.5,23.5,150.21908586273702
97596,159.5,24.0,149.73358338996135
97597,159.5,24.5,154.53247852355196
97598,159.5,25.0,153.11446035191491
97599,159.5,25.5,150.52283053508003
97600,159.5,26.0,148.94966554320686
97601,159.5,26.5,157.31081362745672
97602,159.5,27.0,151.51723031441105
97603,159.5,27.5,148.11353203242697
97604,159.5,28.0,147.21564826880405
97605,159.5,28.5,148.04326307420854
97606,159.5,29.0,151.56018280773873
97607,159.5,29.5,150.88689832712797
97608,159.5,30.0,158.91389388653462
97609,159.5,30.5,152.4534623761637
97610,159.5,31.0,152.59968604449614
97611,159.5,31.5,154.5346958106923
97612,159.5,32.0,152.425025611312
97613,159.5,32.5,153.2044749305729
97614,159.5,33.0,152.86122653748154
97615,159.5,33.5,156.2392725555138
97616,159.5,34.0,151.19161307127854
97617,159.5,34.5,149.2117225466891
97618,159.5,35.0,150.43520799371865
97619,159.5,35.5,153.3928420762619
97620,159.5,36.0,154.84622004851792
97621,159.5,36.5,159.5666563669536
97622,159.5,37.0,159.84303240372296
97623,159.5,37.5,155.5325942466318
97624,159.5,38.0,172.85315421379863
97625,159.5,38.5,170.3854106673285
97626,159.5,39.0,170.3033859982079
97627,160.0,-37.0,146.7553266034905
97628,160.0,-36.5,148.38873078803007
97629,160.0,-35.5,148.57735225944
97630,160.0,-35.0,148.57899198156667
97631,160.0,-34.5,151.44088619533585
97632,160.0,-34.0,152.1204209296203
97633,160.0,-33.5,148.8105857589733
97634,160.0,-33.0,149.68522899710504
97635,160.0,-32.5,151.33506738050409
97636,160.0,-32.0,149.72484951684254
97637,160.0,-31.5,150.60346451140472
97638,160.0,-31.0,155.42035359720975
97639,160.0,-30.5,152.69893896300186
97640,160.0,-30.0,146.9899350255382
97641,160.0,-29.5,150.52267966699426
97642,160.0,-29.0,149.97549819054674
97643,160.0,-28.5,147.97267958978512
97644,160.0,-28.0,148.1105027895933
97645,160.0,-27.5,147.98570222216838
97646,160.0,-27.0,146.8178222748495
97647,160.0,-26.5,148.26473539952087
97648,160.0,-26.0,148.2399069319403
97649,160.0,-25.5,146.0574542265056
97650,160.0,-25.0,145.93599384973697
97651,160.0,-24.5,147.50396277125037
97652,160.0,-24.0,148.943710908832
97653,160.0,-23.5,148.1930118078495
97654,160.0,-23.0,147.21497859602187
97655,160.0,-22.5,148.91111811809952
97656,160.0,-22.0,148.98397192861648
97657,160.0,-21.5,148.41148737502624
97658,160.0,-21.0,148.4221589583874
97659,160.0,-20.5,149.86424513165517
97660,160.0,-20.0,148.89905711436833
97661,160.0,-19.5,148.2257189029503
97662,160.0,-19.0,148.97798780263608
97663,160.0,-18.5,149.68328555315043
97664,160.0,-18.0,149.13697489107184
97665,160.0,-17.0,153.18711883546456
97666,160.0,-16.5,153.7971952643622
97667,160.0,-16.0,155.46837345103773
97668,160.0,-15.5,147.59179742187354
97669,160.0,-15.0,149.30140123637128
97670,160.0,-14.5,151.54369743849318
97671,160.0,-14.0,152.7242923720033
97672,160.0,-13.5,151.60451716499244
97673,160.0,-13.0,151.1429549675327
97674,160.0,-12.5,153.11641945672267
97675,160.0,-12.0,150.4281906154992
97676,160.0,-11.5,150.96316906385772
97677,160.0,-11.0,149.45847225119977
97678,160.0,-10.5,148.79615723818742
97679,160.0,-10.0,154.1238001842905
97680,160.0,-9.5,148.54035196349375
97681,160.0,-9.0,150.14603277432192
97682,160.0,-8.5,154.27778837251427
97683,160.0,-7.5,151.71980447504174
97684,160.0,-7.0,157.0571345660469
97685,160.0,-6.5,157.18596050025718
97686,160.0,-6.0,151.84301050082718
97687,160.0,-5.5,155.0508830480219
97688,160.0,-4.5,152.9846549344384
97689,160.0,-4.0,149.2598056201535
97690,160.0,-3.5,154.28394549760168
97691,160.0,-3.0,153.37747912748034
97692,160.0,-2.5,153.25232934540773
97693,160.0,-1.5,155.7074092315774
97694,160.0,-1.0,151.38130036314072
97695,160.0,-0.5,152.47218926499252
97696,160.0,0.0,157.53197469764896
97697,160.0,0.5,155.99067433735553
97698,160.0,1.0,153.16842087706635
97699,160.0,1.5,155.16963026680344
97700,160.0,2.0,153.90954270946133
97701,160.0,2.5,153.59063601753456
97702,160.0,3.0,155.62642669900265
97703,160.0,3.5,156.67975880196101
97704,160.0,4.0,154.87135024284407
97705,160.0,4.5,152.91419667048874
97706,160.0,5.0,155.61995558474285
97707,160.0,5.5,153.4012257513284
97708,160.0,6.0,152.0312886446905
97709,160.0,6.5,150.05954008923786
97710,160.0,7.0,152.33031586558164
97711,160.0,7.5,153.17600120893732
97712,160.0,8.5,147.72648133564826
97713,160.0,9.0,152.09255759012433
97714,160.0,9.5,158.44368638121034
97715,160.0,10.5,150.94882005260473
97716,160.0,11.0,154.455717046385
97717,160.0,11.5,152.37964026057116
97718,160.0,12.0,149.57296581062343
97719,160.0,12.5,148.67276571249982
97720,160.0,13.0,150.9695986964417
97721,160.0,13.5,152.33951045946807
97722,160.0,14.0,151.02279921687744
97723,160.0,14.5,151.30149334440398
97724,160.0,15.0,151.80625450858827
97725,160.0,15.5,152.23391623411098
97726,160.0,16.0,150.86486653298465
97727,160.0,16.5,152.34708481532004
97728,160.0,17.0,152.79690683393855
97729,160.0,17.5,149.54487924588534
97730,160.0,18.0,148.77455831359347
97731,160.0,18.5,149.39845296580327
97732,160.0,19.0,149.5473053970379
97733,160.0,19.5,151.59342115346104
97734,160.0,20.0,149.81193925246612
97735,160.0,20.5,148.12258201590507
97736,160.0,21.0,149.42511658141373
97737,160.0,21.5,149.36359351557257
97738,160.0,22.0,151.2128771160831
97739,160.0,22.5,157.30923716905133
97740,160.0,23.0,150.17009304561756
97741,160.0,23.5,148.5102211671714
97742,160.0,24.0,147.4677928617041
97743,160.0,24.5,151.4668839448051
97744,160.0,25.0,153.95138813862872
97745,160.0,25.5,148.50019662121906
97746,160.0,26.0,156.37486967596365
97747,160.0,26.5,148.37501549574193
97748,160.0,27.0,150.56923678629528
97749,160.0,27.5,148.03897852799645
97750,160.0,28.0,147.69027093565424
97751,160.0,28.5,148.93628051621755
97752,160.0,29.0,152.5931682599853
97753,160.0,29.5,153.79789818440352
97754,160.0,30.0,155.64150509532257
97755,160.0,30.5,152.52971909777068
97756,160.0,31.0,152.66373746773777
97757,160.0,31.5,155.5844455029733
97758,160.0,32.0,153.35097708845464
97759,160.0,32.5,152.0583362504838
97760,160.0,33.0,153.9449328343851
97761,160.0,33.5,154.76277528477118
97762,160.0,34.0,151.05614604487465
97763,160.0,34.5,148.9845611958128
97764,160.0,35.0,150.61432283830948
97765,160.0,35.5,151.99699397678523
97766,160.0,36.0,154.7476275766123
97767,160.0,36.5,159.9282364553431
97768,160.0,37.0,159.51057345240062
97769,160.0,37.5,153.78099729913194
97770,160.0,38.0,173.64415779755356
97771,160.0,38.5,170.46499532876118
97772,160.0,39.5,170.33565912861164
97773,160.5,-41.0,163.58561161720115
97774,160.5,-37.0,147.12569446234966
97775,160.5,-36.5,148.1716010784988
97776,160.5,-35.5,148.70683252910106
97777,160.5,-35.0,148.91834278032377
97778,160.5,-34.5,152.16262684692788
97779,160.5,-34.0,152.27774701339928
97780,160.5,-33.5,148.3145515406766
97781,160.5,-33.0,149.87471927627203
97782,160.5,-32.5,150.94194730877032
97783,160.5,-32.0,148.84947750279395
97784,160.5,-31.5,151.80375720080525
97785,160.5,-31.0,156.9975947525077
97786,160.5,-30.5,151.58170799936119
97787,160.5,-30.0,147.83329255449723
97788,160.5,-29.5,151.0947760285835
97789,160.5,-29.0,149.87273515181408
97790,160.5,-28.5,148.48055495631056
97791,160.5,-28.0,147.9493090621253
97792,160.5,-27.5,147.0469200224154
97793,160.5,-27.0,147.30218112475515
97794,160.5,-26.5,147.41009722008386
97795,160.5,-26.0,148.06673542746617
97796,160.5,-25.5,146.13169182965595
97797,160.5,-25.0,146.09217563231746
97798,160.5,-24.5,147.31291772649703
97799,160.5,-24.0,149.502183956366
97800,160.5,-23.5,147.7593724837896
97801,160.5,-23.0,147.8269744370005
97802,160.5,-22.5,148.84387795332833
97803,160.5,-22.0,148.6451916728657
97804,160.5,-21.5,148.36981939777453
97805,160.5,-21.0,149.28159376303572
97806,160.5,-20.5,151.5238741724934
97807,160.5,-20.0,149.44186111449295
97808,160.5,-19.0,148.9357864061992
97809,160.5,-18.5,149.1777466207012
97810,160.5,-18.0,148.90991489269393
97811,160.5,-17.5,148.22881284321198
97812,160.5,-17.0,153.1376058864707
97813,160.5,-16.0,151.44985106060136
97814,160.5,-15.5,154.11202485028986
97815,160.5,-15.0,148.94072445759284
97816,160.5,-14.5,155.52873671682784
97817,160.5,-14.0,152.36800129862672
97818,160.5,-13.5,151.13993090645954
97819,160.5,-13.0,153.0306181687911
97820,160.5,-12.5,152.2065314656197
97821,160.5,-12.0,150.0975471957009
97822,160.5,-11.5,151.42129014900794
97823,160.5,-11.0,151.2767241252216
97824,160.5,-10.0,150.10581735079052
97825,160.5,-9.5,152.3447612747999
97826,160.5,-9.0,151.6027991062449
97827,160.5,-8.5,155.70217235970807
97828,160.5,-8.0,152.88283150419178
97829,160.5,-7.5,151.0126071908558
97830,160.5,-7.0,150.86677373758656
97831,160.5,-6.5,150.52583781966402
97832,160.5,-6.0,158.79232704790337
97833,160.5,-5.5,155.14236304872034
97834,160.5,-5.0,154.69527691596952
97835,160.5,-4.5,149.5820358583375
97836,160.5,-4.0,151.439980257429
97837,160.5,-3.5,152.6140532687199
97838,160.5,-3.0,155.79612055075305
97839,160.5,-1.5,155.8888172166664
97840,160.5,-1.0,151.43195151838216
97841,160.5,-0.5,155.35492764830414
97842,160.5,0.0,153.08890609303168
97843,160.5,0.5,155.24214667575032
97844,160.5,1.0,152.87456198384828
97845,160.5,1.5,154.10752161363266
97846,160.5,2.0,154.3927107341019
97847,160.5,2.5,155.1313897727527
97848,160.5,3.0,155.50846506925046
97849,160.5,3.5,156.60540303708228
97850,160.5,4.0,153.6435516768491
97851,160.5,4.5,152.76947219573026
97852,160.5,5.0,154.62304169774438
97853,160.5,5.5,154.58640461393603
97854,160.5,6.0,150.0191193598922
97855,160.5,6.5,151.01952613909043
97856,160.5,7.0,152.7282975121763
97857,160.5,7.5,151.6584135189808
97858,160.5,8.0,151.80970116335206
97859,160.5,8.5,153.47737104671475
97860,160.5,9.0,151.94053072391324
97861,160.5,9.5,147.5723504452553
97862,160.5,10.0,150.8546660367504
97863,160.5,10.5,152.67558872934583
97864,160.5,11.0,154.35963307048024
97865,160.5,11.5,150.7996848212485
97866,160.5,12.0,149.5354994547504
97867,160.5,12.5,148.65770407776185
97868,160.5,13.0,150.82943433837698
97869,160.5,13.5,151.37777797345132
97870,160.5,14.0,152.76250065610796
97871,160.5,14.5,152.00630605789985
97872,160.5,15.0,151.20690627725585
97873,160.5,15.5,150.00291499835475
97874,160.5,16.0,151.42951041525606
97875,160.5,16.5,153.43932448090973
97876,160.5,17.0,149.34811683765486
97877,160.5,17.5,152.14106053703398
97878,160.5,18.5,149.563598142054
97879,160.5,19.0,151.07743958384432
97880,160.5,19.5,150.13153582162522
97881,160.5,20.0,149.14705736400893
97882,160.5,20.5,151.49508632593233
97883,160.5,21.0,147.8735433187279
97884,160.5,21.5,149.7754581812552
97885,160.5,22.0,152.97756685245426
97886,160.5,22.5,153.68314427724346
97887,160.5,23.0,149.4075518103361
97888,160.5,23.5,148.09053706101153
97889,160.5,24.0,148.0496004067646
97890,160.5,24.5,150.26451060382718
97891,160.5,25.0,150.46803164033943
97892,160.5,25.5,149.23211013422102
97893,160.5,26.0,153.06941300573354
97894,160.5,26.5,147.9893895996181
97895,160.5,27.0,149.75558580126835
97896,160.5,27.5,157.54755862573322
97897,160.5,28.0,147.99732148776042
97898,160.5,28.5,150.71175195621203
97899,160.5,29.0,152.35299036935106
97900,160.5,29.5,157.32424158739366
97901,160.5,30.0,151.93920546532178
97902,160.5,30.5,152.84151829767336
97903,160.5,31.0,153.0449055078038
97904,160.5,31.5,155.44389363089482
97905,160.5,32.0,153.13809116116724
97906,160.5,32.5,152.6629984089119
97907,160.5,33.0,155.23158027696712
97908,160.5,33.5,153.5464586079205
97909,160.5,34.0,154.03331032389693
97910,160.5,34.5,149.97360880227066
97911,160.5,35.5,151.13446366688004
97912,160.5,36.0,154.5781400934329
97913,160.5,36.5,159.67179001135577
97914,160.5,37.0,157.58221400807682
97915,160.5,37.5,153.81773742190424
97916,160.5,38.0,174.02980968194538
97917,160.5,38.5,170.6507954459477
97918,160.5,39.5,171.62613121055188
97919,161.0,-41.0,163.39019335675968
97920,161.0,-40.0,163.6201333434881
97921,161.0,-37.0,147.68773148878014
97922,161.0,-36.5,147.44028054476743
97923,161.0,-36.0,150.74344833060894
97924,161.0,-35.5,147.5533410690174
97925,161.0,-35.0,148.8580426727448
97926,161.0,-34.5,152.5893762432164
97927,161.0,-34.0,154.38821233517274
97928,161.0,-33.5,148.14165028874584
97929,161.0,-33.0,149.5312658952674
97930,161.0,-32.5,150.767035126179
97931,161.0,-32.0,150.42223675008123
97932,161.0,-31.5,151.49531330217977
97933,161.0,-31.0,158.28220865449433
97934,161.0,-30.5,150.97338028877726
97935,161.0,-30.0,147.44325471607684
97936,161.0,-29.5,151.96455857697094
97937,161.0,-29.0,149.49737013697097
97938,161.0,-28.5,148.36412842657407
97939,161.0,-28.0,149.2425455731068
97940,161.0,-27.5,147.59447748879845
97941,161.0,-27.0,147.167864715385
97942,161.0,-26.5,148.22193075281544
97943,161.0,-26.0,147.19536611771903
97944,161.0,-25.5,147.4281331298045
97945,161.0,-25.0,146.28745182824352
97946,161.0,-24.5,147.46962223588653
97947,161.0,-24.0,148.2611493802513
97948,161.0,-23.5,149.188540626289
97949,161.0,-23.0,148.4446830474198
97950,161.0,-22.5,148.26805727895223
97951,161.0,-22.0,147.78716850224524
97952,161.0,-21.5,147.78620570855978
97953,161.0,-21.0,150.90222757234312
97954,161.0,-20.5,148.46984611571767
97955,161.0,-20.0,148.41778986649433
97956,161.0,-19.5,150.86131834824553
97957,161.0,-19.0,149.31486200998597
97958,161.0,-18.5,148.9128434434465
97959,161.0,-18.0,148.87842572104083
97960,161.0,-17.5,150.87966241008442
97961,161.0,-17.0,153.14535985218976
97962,161.0,-16.5,146.90410942053856
97963,161.0,-16.0,149.78739055741573
97964,161.0,-15.5,153.6917089310282
97965,161.0,-15.0,148.59585323757383
97966,161.0,-14.5,152.73707010189364
97967,161.0,-14.0,150.33991310495432
97968,161.0,-13.5,151.59777458043814
97969,161.0,-13.0,153.21381408463043
97970,161.0,-12.5,149.97634592665125
97971,161.0,-12.0,152.48524226269797
97972,161.0,-11.5,149.33001899696148
97973,161.0,-11.0,154.87036915534233
97974,161.0,-10.5,149.28534973820052
97975,161.0,-10.0,149.93676553752942
97976,161.0,-9.5,153.2649914690989
97977,161.0,-9.0,153.90511318529659
97978,161.0,-8.0,152.728717559217
97979,161.0,-7.5,151.43979199680427
97980,161.0,-7.0,149.97076711960085
97981,161.0,-6.5,152.2377373251088
97982,161.0,-6.0,163.01395706828558
97983,161.0,-5.0,152.26244488730862
97984,161.0,-4.5,150.52132404172906
97985,161.0,-4.0,152.55505744124505
97986,161.0,-3.5,152.29540947959694
97987,161.0,-3.0,155.849872708647
97988,161.0,-2.5,160.03408665754003
97989,161.0,-1.5,151.9048938076172
97990,161.0,-1.0,152.7318082494488
97991,161.0,-0.5,151.24778527872178
97992,161.0,0.0,148.9004440246044
97993,161.0,0.5,153.77097654290185
97994,161.0,1.0,155.85841154471197
97995,161.0,1.5,154.81972768750012
97996,161.0,2.0,154.66532905895525
97997,161.0,2.5,154.85612903840905
97998,161.0,3.0,156.23039244052424
97999,161.0,3.5,154.75281821263772
98000,161.0,4.0,153.77127610618095
98001,161.0,4.5,153.5346255705341
98002,161.0,5.0,155.1721771485824
98003,161.0,5.5,154.09643079322024
98004,161.0,6.5,150.67094653759966
98005,161.0,7.0,149.7393249627712
98006,161.0,7.5,149.2555462596341
98007,161.0,8.0,151.5392156497327
98008,161.0,8.5,155.27171466478237
98009,161.0,9.0,147.51415778321922
98010,161.0,9.5,148.5981530185655
98011,161.0,10.0,151.98763569073907
98012,161.0,10.5,156.08305534755766
98013,161.0,11.0,150.44759410840598
98014,161.0,11.5,150.55925522615084
98015,161.0,12.5,150.49986102381723
98016,161.0,13.0,150.85751188430476
98017,161.0,13.5,151.4728986409106
98018,161.0,14.0,153.45449111772683
98019,161.0,14.5,151.7223400318856
98020,161.0,15.0,151.12231799963476
98021,161.0,15.5,150.12474604707413
98022,161.0,16.0,153.21346321080145
98023,161.0,16.5,149.60145571813928
98024,161.0,17.0,150.8674417414508
98025,161.0,17.5,153.60316389918333
98026,161.0,18.0,150.73970417300288
98027,161.0,18.5,156.03165632433107
98028,161.0,19.0,150.91556663119334
98029,161.0,19.5,148.60979053880922
98030,161.0,20.0,149.06482848507892
98031,161.0,20.5,156.42724750295352
98032,161.0,21.0,147.8221586840584
98033,161.0,21.5,149.87777243318016
98034,161.0,22.0,151.62409509418703
98035,161.0,22.5,151.88124748258775
98036,161.0,23.0,150.64181783577462
98037,161.0,24.0,149.65265337354515
98038,161.0,24.5,149.00851435428999
98039,161.0,25.0,148.65844240310238
98040,161.0,25.5,154.3613069141133
98041,161.0,26.0,147.62462701543424
98042,161.0,26.5,153.67010259473375
98043,161.0,27.0,147.85690748604523
98044,161.0,27.5,157.29943785721727
98045,161.0,28.0,147.75421814187226
98046,161.0,28.5,150.88308498963443
98047,161.0,29.0,154.12373966946956
98048,161.0,29.5,157.40863050151447
98049,161.0,30.0,151.42491476865507
98050,161.0,30.5,154.18180959912573
98051,161.0,31.0,154.2873894551303
98052,161.0,31.5,153.85444533482723
98053,161.0,32.0,154.2887616063192
98054,161.0,32.5,152.49892948840557
98055,161.0,33.0,159.92409344772338
98056,161.0,33.5,152.15913499334556
98057,161.0,34.0,154.04779398643845
98058,161.0,34.5,149.88655763545427
98059,161.0,35.5,153.15959914536043
98060,161.0,36.0,155.79982541133802
98061,161.0,36.5,159.25718097810073
98062,161.0,37.0,158.49672682892285
98063,161.0,37.5,153.60084482570997
98064,161.0,38.0,174.8452749634537
98065,161.0,38.5,172.93967334712147
98066,161.5,-41.0,163.17038226689743
98067,161.5,-40.5,163.02344205230153
98068,161.5,-40.0,163.41497503722763
98069,161.5,-37.0,147.822136848028
98070,161.5,-36.5,147.5771766376317
98071,161.5,-36.0,154.22825503233133
98072,161.5,-35.5,148.7432889847122
98073,161.5,-35.0,148.81209179499953
98074,161.5,-34.5,151.98241612446702
98075,161.5,-34.0,154.86694858021175
98076,161.5,-33.5,148.92255488444138
98077,161.5,-33.0,149.69433953832663
98078,161.5,-32.5,150.1770453039018
98079,161.5,-32.0,151.09525790422398
98080,161.5,-31.5,151.47728729524812
98081,161.5,-31.0,156.7360874887113
98082,161.5,-30.5,151.46131076496457
98083,161.5,-30.0,148.23327447859958
98084,161.5,-29.5,153.36408117277898
98085,161.5,-29.0,147.76685034686636
98086,161.5,-28.5,148.52737793143953
98087,161.5,-28.0,149.0434450610062
98088,161.5,-27.5,147.46146189902646
98089,161.5,-27.0,146.66375791843225
98090,161.5,-26.5,148.43846527554373
98091,161.5,-26.0,146.5853456129397
98092,161.5,-25.5,148.61919713897933
98093,161.5,-25.0,147.07720391296124
98094,161.5,-24.5,148.00754254705876
98095,161.5,-24.0,147.7140723966346
98096,161.5,-23.5,149.07902772222548
98097,161.5,-23.0,148.36877750385702
98098,161.5,-22.5,148.83117791161737
98099,161.5,-22.0,148.941310351506
98100,161.5,-21.5,149.79126103039886
98101,161.5,-21.0,150.50389317651317
98102,161.5,-20.5,149.02734148876254
98103,161.5,-20.0,146.65840431016815
98104,161.5,-19.5,149.8942064243424
98105,161.5,-19.0,149.41807930324146
98106,161.5,-18.5,148.71325511118505
98107,161.5,-18.0,148.76340331376124
98108,161.5,-17.5,152.2189927930748
98109,161.5,-16.5,148.54320770042264
98110,161.5,-16.0,152.18047313587488
98111,161.5,-15.5,150.76674028939865
98112,161.5,-15.0,152.58049335637347
98113,161.5,-14.5,152.9913865666657
98114,161.5,-14.0,150.34615190995467
98115,161.5,-13.5,153.8342488207744
98116,161.5,-13.0,150.98498244702287
98117,161.5,-12.5,152.02349715515592
98118,161.5,-12.0,150.8348343561684
98119,161.5,-11.5,154.46938979524978
98120,161.5,-11.0,148.37049337356905
98121,161.5,-10.5,151.83532241335647
98122,161.5,-10.0,150.76852690966908
98123,161.5,-9.5,153.5170796877564
98124,161.5,-9.0,156.20512180244015
98125,161.5,-8.5,151.9696746393099
98126,161.5,-8.0,152.6607454561238
98127,161.5,-7.5,151.20596672834287
98128,161.5,-7.0,151.7827530890671
98129,161.5,-6.5,155.46390850940844
98130,161.5,-6.0,154.81159806139829
98131,161.5,-5.5,148.20170641838274
98132,161.5,-5.0,149.29097984580955
98133,161.5,-4.5,153.52548398554381
98134,161.5,-4.0,152.4502563243075
98135,161.5,-3.5,153.07053485326284
98136,161.5,-2.5,159.07412323092578
98137,161.5,-2.0,156.09978025821252
98138,161.5,-1.5,151.0881013991221
98139,161.5,-1.0,152.22140456550977
98140,161.5,-0.5,152.82423939661683
98141,161.5,0.0,148.96520865219776
98142,161.5,0.5,151.95280402545697
98143,161.5,1.0,154.74825732052923
98144,161.5,2.0,154.35700523926997
98145,161.5,2.5,156.35952705695496
98146,161.5,3.0,154.07887776817526
98147,161.5,3.5,154.8113585021637
98148,161.5,4.0,158.61668698062996
98149,161.5,4.5,154.6382839349421
98150,161.5,5.0,152.2576956174695
98151,161.5,5.5,153.50757985917213
98152,161.5,6.0,153.69828067403097
98153,161.5,6.5,153.2593689587894
98154,161.5,7.0,149.60843155497224
98155,161.5,7.5,150.72027434835272
98156,161.5,8.0,151.7048249676543
98157,161.5,8.5,152.619437130513
98158,161.5,9.0,151.55262247021045
98159,161.5,9.5,149.7309943984377
98160,161.5,10.0,150.69111219728367
98161,161.5,10.5,152.51854592729595
98162,161.5,11.0,150.11646768659767
98163,161.5,12.0,152.64669309981946
98164,161.5,12.5,152.51581492073473
98165,161.5,13.0,151.0253238602013
98166,161.5,13.5,151.9502357741475
98167,161.5,14.0,153.4563416149257
98168,161.5,14.5,153.20158462871896
98169,161.5,15.0,151.77168935347356
98170,161.5,15.5,151.9842938474785
98171,161.5,16.0,149.4684274516148
98172,161.5,16.5,149.40236101720322
98173,161.5,17.0,154.6644439193737
98174,161.5,18.0,151.87899550845304
98175,161.5,18.5,155.6251025229838
98176,161.5,19.0,149.40412747195353
98177,161.5,19.5,148.6374992580039
98178,161.5,20.0,152.0689722533917
98179,161.5,20.5,150.84751716592768
98180,161.5,21.0,147.331583443631
98181,161.5,21.5,151.96848445805006
98182,161.5,22.0,150.1247220455359
98183,161.5,22.5,150.4105010372667
98184,161.5,23.0,152.3443559209702
98185,161.5,23.5,149.61443266600088
98186,161.5,24.0,150.34403905879043
98187,161.5,24.5,146.7416461969258
98188,161.5,25.0,148.25768382346388
98189,161.5,25.5,153.68330189673466
98190,161.5,26.0,147.55860120987413
98191,161.5,26.5,150.8079631171235
98192,161.5,27.0,160.85183005493784
98193,161.5,27.5,152.01996636762783
98194,161.5,28.0,152.28028226665336
98195,161.5,28.5,149.4349980975751
98196,161.5,29.0,161.1119439580527
98197,161.5,29.5,151.83731408279223
98198,161.5,30.0,149.83110380768684
98199,161.5,30.5,154.0429933501567
98200,161.5,31.0,153.01134077800705
98201,161.5,31.5,155.70374590385575
98202,161.5,32.0,153.98317934460655
98203,161.5,32.5,152.82203925738034
98204,161.5,33.0,159.55274847822395
98205,161.5,33.5,151.81648735183418
98206,161.5,34.0,155.15675390221017
98207,161.5,34.5,149.2794651092303
98208,161.5,35.5,152.2134518669404
98209,161.5,36.0,157.3056525775668
98210,161.5,36.5,158.8623961104642
98211,161.5,37.0,156.9757122593993
98212,161.5,37.5,153.56239716618128
98213,161.5,38.0,173.26177188626207
98214,161.5,38.5,174.37751309825543
98215,162.0,-40.5,162.70306278689105
98216,162.0,-40.0,163.00004538475
98217,162.0,-39.5,162.79909257579195
98218,162.0,-37.0,147.87048676983514
98219,162.0,-36.5,147.45678317995444
98220,162.0,-36.0,151.74132628792057
98221,162.0,-35.5,147.22658605386582
98222,162.0,-35.0,149.36013246650793
98223,162.0,-34.5,153.1881377330551
98224,162.0,-34.0,153.70705538072926
98225,162.0,-33.5,148.89686735086843
98226,162.0,-33.0,150.0369965485174
98227,162.0,-32.5,149.10474239304452
98228,162.0,-32.0,152.1627751439489
98229,162.0,-31.5,152.36507926465944
98230,162.0,-31.0,155.85622154881267
98231,162.0,-30.5,152.89151992774288
98232,162.0,-30.0,148.1014632433054
98233,162.0,-29.5,162.67096505649187
98234,162.0,-29.0,147.94508762815474
98235,162.0,-28.5,147.86858278693973
98236,162.0,-28.0,147.8983612012245
98237,162.0,-27.5,148.5016966415264
98238,162.0,-27.0,147.54658541431496
98239,162.0,-26.5,146.99903341353843
98240,162.0,-26.0,146.73804370376666
98241,162.0,-25.5,148.40692357935873
98242,162.0,-25.0,148.1853819712916
98243,162.0,-24.5,147.07290313510828
98244,162.0,-24.0,148.36791596696307
98245,162.0,-23.5,149.3517157885197
98246,162.0,-23.0,148.06091429580476
98247,162.0,-22.5,148.92574554256385
98248,162.0,-22.0,148.7634295874692
98249,162.0,-21.5,150.16900172982588
98250,162.0,-21.0,149.29636371686436
98251,162.0,-20.5,150.5572915331726
98252,162.0,-20.0,147.79339987191184
98253,162.0,-19.5,148.22932940749612
98254,162.0,-19.0,149.53615210985157
98255,162.0,-18.5,148.06156796501685
98256,162.0,-18.0,150.2715477615691
98257,162.0,-17.5,150.74926100678712
98258,162.0,-17.0,146.47961639731813
98259,162.0,-16.5,151.8041393602172
98260,162.0,-16.0,151.2612158288856
98261,162.0,-15.5,156.38769217371114
98262,162.0,-15.0,155.0085268580056
98263,162.0,-14.5,150.4543557183201
98264,162.0,-14.0,150.90158346142448
98265,162.0,-13.5,151.92468086179798
98266,162.0,-13.0,152.15029951322433
98267,162.0,-12.5,152.56921622544706
98268,162.0,-12.0,152.8801054258851
98269,162.0,-11.5,155.6086477545621
98270,162.0,-11.0,151.15116737174682
98271,162.0,-10.5,153.19250267532928
98272,162.0,-10.0,153.30424207607783
98273,162.0,-9.0,154.16085159104796
98274,162.0,-8.5,154.80327147280693
98275,162.0,-8.0,148.93203686587623
98276,162.0,-7.5,153.28578537768445
98277,162.0,-7.0,154.63263728950963
98278,162.0,-6.5,155.36800529513752
98279,162.0,-6.0,155.01600741159717
98280,162.0,-5.5,149.7694654059469
98281,162.0,-5.0,152.7740884922523
98282,162.0,-4.5,154.3310727221722
98283,162.0,-4.0,154.81648139401975
98284,162.0,-3.5,153.54629570218927
98285,162.0,-3.0,152.1620126045347
98286,162.0,-2.5,155.16871870010718
98287,162.0,-2.0,157.26332117156898
98288,162.0,-1.5,162.64155307380437
98289,162.0,-1.0,152.4912023554962
98290,162.0,0.5,151.1498329220769
98291,162.0,1.0,152.36908148902734
98292,162.0,1.5,153.5798864040408
98293,162.0,2.0,156.26491030447727
98294,162.0,2.5,154.54252819837654
98295,162.0,3.0,155.44429005543697
98296,162.0,3.5,154.12968266788144
98297,162.0,4.0,156.6431684353014
98298,162.0,5.0,151.33444351552268
98299,162.0,5.5,153.82155058507692
98300,162.0,6.0,152.0666418483494
98301,162.0,6.5,153.04458080856062
98302,162.0,7.0,149.57157495508048
98303,162.0,7.5,151.85532288421874
98304,162.0,8.0,151.64410313467565
98305,162.0,8.5,150.11752346059367
98306,162.0,9.0,151.13369819247356
98307,162.0,9.5,155.80274488318628
98308,162.0,10.0,150.50897141072335
98309,162.0,10.5,149.4553274836631
98310,162.0,11.0,149.97855522080818
98311,162.0,12.0,152.65881402546813
98312,162.0,12.5,151.79321408401498
98313,162.0,13.0,152.85822677426347
98314,162.0,13.5,151.18174624508745
98315,162.0,14.0,152.8051436992924
98316,162.0,14.5,155.20234949401473
98317,162.0,15.0,151.0854788211093
98318,162.0,15.5,152.82708568364413
98319,162.0,16.0,150.66246792541892
98320,162.0,16.5,148.75050362955028
98321,162.0,18.0,155.97295826478953
98322,162.0,18.5,151.67979363823443
98323,162.0,19.5,148.91464356141125
98324,162.0,20.0,150.9619869776559
98325,162.0,20.5,151.85519092490668
98326,162.0,21.0,149.84064782472507
98327,162.0,21.5,149.30526615085796
98328,162.0,22.0,150.08133151051865
98329,162.0,22.5,150.3459246181415
98330,162.0,23.0,152.5006463635863
98331,162.0,23.5,149.78305581454313
98332,162.0,24.0,150.6073339927041
98333,162.0,24.5,146.5948420034288
98334,162.0,25.0,149.52655673897274
98335,162.0,25.5,147.59759708386773
98336,162.0,26.0,152.01625892140052
98337,162.0,26.5,147.61397178769118
98338,162.0,27.0,161.21785765242896
98339,162.0,27.5,151.90706434131107
98340,162.0,28.0,152.82658475978718
98341,162.0,28.5,149.16093050808465
98342,162.0,29.0,160.65426465195532
98343,162.0,29.5,151.69655315337158
98344,162.0,30.0,150.91943924965236
98345,162.0,30.5,153.3351830709624
98346,162.0,31.0,162.00374674563852
98347,162.0,31.5,155.49603122126635
98348,162.0,32.0,153.12405358766102
98349,162.0,32.5,152.6817429143147
98350,162.0,33.0,158.7456133193477
98351,162.0,33.5,153.4418779260959
98352,162.0,34.0,154.2248505845733
98353,162.0,34.5,149.30075044368726
98354,162.0,35.0,147.0008864958257
98355,162.0,35.5,149.23507028123177
98356,162.0,36.0,157.42872715903113
98357,162.0,36.5,160.21924377643023
98358,162.0,37.0,156.06515308434507
98359,162.0,37.5,153.6242705739105
98360,162.0,38.0,171.207199821556
98361,162.0,38.5,175.37856781167596
98362,162.0,39.0,172.12387785474724
98363,162.5,-40.5,162.45801992347594
98364,162.5,-39.5,162.39223215374446
98365,162.5,-37.0,148.113560508321
98366,162.5,-36.0,150.6544124767966
98367,162.5,-35.5,147.18258682701398
98368,162.5,-35.0,149.92389584207712
98369,162.5,-34.5,153.72956968850096
98370,162.5,-34.0,153.73370630888058
98371,162.5,-33.5,148.8750209789298
98372,162.5,-33.0,149.32713708251967
98373,162.5,-32.5,149.39124896044757
98374,162.5,-32.0,151.4840234217063
98375,162.5,-31.5,154.87822236713595
98376,162.5,-31.0,155.3112052402445
98377,162.5,-30.5,149.91797739180726
98378,162.5,-30.0,150.86269534183717
98379,162.5,-29.5,147.8926823126994
98380,162.5,-29.0,148.25640703284088
98381,162.5,-28.5,147.90436150172908
98382,162.5,-28.0,147.85973387180198
98383,162.5,-27.5,147.86534128598603
98384,162.5,-27.0,147.89802868468362
98385,162.5,-26.5,146.31437537116886
98386,162.5,-26.0,145.96733013152158
98387,162.5,-25.5,147.8678152416609
98388,162.5,-25.0,148.0476791413097
98389,162.5,-24.5,147.26333599769922
98390,162.5,-24.0,148.98704757280402
98391,162.5,-23.5,147.4619423583905
98392,162.5,-23.0,147.80486725038193
98393,162.5,-22.5,149.0433213582629
98394,162.5,-22.0,148.42240841569281
98395,162.5,-21.5,149.43589255024898
98396,162.5,-21.0,149.8848893302742
98397,162.5,-20.5,148.78617892520847
98398,162.5,-20.0,149.205033423476
98399,162.5,-19.5,147.5092790854098
98400,162.5,-19.0,147.70055466351025
98401,162.5,-18.5,149.74473040975295
98402,162.5,-18.0,151.42088838287344
98403,162.5,-17.5,149.20554824666684
98404,162.5,-17.0,150.11425649793227
98405,162.5,-16.5,149.69515172393935
98406,162.5,-16.0,153.63832635376437
98407,162.5,-15.5,148.1288602863692
98408,162.5,-15.0,153.353396367451
98409,162.5,-14.5,152.79889374352425
98410,162.5,-13.5,149.53507736795885
98411,162.5,-13.0,152.36660563857006
98412,162.5,-12.5,153.76153503157124
98413,162.5,-12.0,156.26726280817246
98414,162.5,-11.5,148.16891655552052
98415,162.5,-11.0,153.2751381868344
98416,162.5,-10.5,151.78556342447698
98417,162.5,-10.0,151.54793675541532
98418,162.5,-9.0,152.5508177327192
98419,162.5,-8.5,153.5896085515589
98420,162.5,-8.0,153.47114970160428
98421,162.5,-7.5,152.9250613644132
98422,162.5,-7.0,154.55664352344087
98423,162.5,-6.5,153.58533032066404
98424,162.5,-6.0,152.10092261934665
98425,162.5,-5.5,152.7750577698561
98426,162.5,-5.0,154.5255352369391
98427,162.5,-4.5,155.84809271226095
98428,162.5,-4.0,155.0268326264438
98429,162.5,-3.5,154.1231457168975
98430,162.5,-3.0,154.6779904017385
98431,162.5,-2.5,152.01562832186636
98432,162.5,-1.5,157.91164428408172
98433,162.5,0.0,153.34994714237342
98434,162.5,0.5,150.44269962217905
98435,162.5,1.0,151.48303693673225
98436,162.5,1.5,154.0716175957607
98437,162.5,2.0,155.7226034967949
98438,162.5,2.5,154.2479493364753
98439,162.5,3.0,154.31900010880977
98440,162.5,3.5,156.0508454208888
98441,162.5,4.0,155.05321842011438
98442,162.5,4.5,153.5940143780992
98443,162.5,5.0,152.69262424378348
98444,162.5,5.5,151.6053842995204
98445,162.5,6.0,153.38450456470312
98446,162.5,6.5,152.5180596844895
98447,162.5,7.0,151.63350723208245
98448,162.5,7.5,151.36522978937631
98449,162.5,8.0,149.01187014397246
98450,162.5,8.5,150.00089809842507
98451,162.5,9.0,152.34499300630233
98452,162.5,9.5,153.61285635268675
98453,162.5,10.0,150.01182203056587
98454,162.5,10.5,148.26509157323414
98455,162.5,11.0,147.8353667672936
98456,162.5,11.5,153.78335056548025
98457,162.5,12.0,152.35640581977174
98458,162.5,12.5,152.08619582545907
98459,162.5,13.0,153.20811012101274
98460,162.5,13.5,150.69635383211832
98461,162.5,14.0,153.3959695372651
98462,162.5,14.5,152.61332692487935
98463,162.5,15.0,154.6465022582498
98464,162.5,15.5,152.92671668500697
98465,162.5,16.0,151.59961381522305
98466,162.5,16.5,150.64081725398236
98467,162.5,17.0,149.95589565972338
98468,162.5,17.5,153.22048726389414
98469,162.5,18.0,158.2378942246322
98470,162.5,18.5,152.256566481328
98471,162.5,19.0,149.07654835977675
98472,162.5,19.5,153.95997629618614
98473,162.5,20.0,148.34442400397475
98474,162.5,20.5,148.69391470452067
98475,162.5,21.0,150.40148864828106
98476,162.5,21.5,147.5543030433726
98477,162.5,22.0,150.45395664679842
98478,162.5,22.5,149.56361219592443
98479,162.5,23.0,149.67124913399405
98480,162.5,23.5,150.74669929259474
98481,162.5,24.0,146.85667851292146
98482,162.5,24.5,147.8661936028256
98483,162.5,25.0,149.42513811344446
98484,162.5,25.5,147.39079195786806
98485,162.5,26.0,152.09842470606858
98486,162.5,26.5,147.16389316026084
98487,162.5,27.0,151.75798556460694
98488,162.5,27.5,152.47228693942574
98489,162.5,28.0,149.45246277102177
98490,162.5,28.5,153.33625896482394
98491,162.5,29.0,155.34360563752895
98492,162.5,29.5,150.72472561840024
98493,162.5,30.0,150.94146966567527
98494,162.5,30.5,152.77656912890126
98495,162.5,31.0,157.77783571019881
98496,162.5,31.5,156.1182564082739
98497,162.5,32.0,150.7266920136332
98498,162.5,32.5,155.6898165946617
98499,162.5,33.0,158.5007419980208
98500,162.5,33.5,154.3079214173302
98501,162.5,34.0,155.43231739898906
98502,162.5,34.5,150.5987066814376
98503,162.5,35.0,147.1504356507968
98504,162.5,35.5,149.8914866930068
98505,162.5,36.0,156.1181031928292
98506,162.5,36.5,160.7536292447606
98507,162.5,37.0,159.9562913440035
98508,162.5,37.5,153.5207281102678
98509,162.5,38.0,163.88551347077885
98510,162.5,38.5,175.2035511302987
98511,162.5,39.0,171.82945487824054
98512,163.0,-40.5,162.1958064421836
98513,163.0,-40.0,161.94484746983244
98514,163.0,-39.5,162.0594914933314
98515,163.0,-37.0,148.17837040258377
98516,163.0,-36.5,146.7488291643248
98517,163.0,-36.0,149.90485453860816
98518,163.0,-35.5,148.02112634174605
98519,163.0,-35.0,150.61727015425592
98520,163.0,-34.5,153.17820756923376
98521,163.0,-34.0,152.78585421995547
98522,163.0,-33.5,150.30627156225148
98523,163.0,-33.0,149.61362878094832
98524,163.0,-32.5,150.23937863044193
98525,163.0,-32.0,151.23423208564375
98526,163.0,-31.5,152.58547243309067
98527,163.0,-31.0,154.62673376470164
98528,163.0,-30.5,149.42627297509267
98529,163.0,-30.0,153.55015823008378
98530,163.0,-29.5,147.74915611789893
98531,163.0,-29.0,148.20560153365668
98532,163.0,-28.5,147.48793007105868
98533,163.0,-28.0,147.20962730170967
98534,163.0,-27.5,147.69264707340244
98535,163.0,-27.0,148.2062614706016
98536,163.0,-26.5,146.04724448490927
98537,163.0,-26.0,146.52660193031613
98538,163.0,-25.5,147.7401420556116
98539,163.0,-25.0,147.15125211361394
98540,163.0,-24.5,148.09958829919114
98541,163.0,-24.0,148.0524169779519
98542,163.0,-23.5,146.51062142069264
98543,163.0,-23.0,147.06001526558873
98544,163.0,-22.5,150.18152998223712
98545,163.0,-22.0,149.68215697439808
98546,163.0,-21.5,147.86181056626566
98547,163.0,-21.0,149.08268852768063
98548,163.0,-20.5,149.09921603754984
98549,163.0,-20.0,149.17404956845235
98550,163.0,-19.5,148.86263698483629
98551,163.0,-19.0,147.24448141680128
98552,163.0,-18.5,152.27444408410477
98553,163.0,-18.0,151.86407200482026
98554,163.0,-17.5,148.04167838498944
98555,163.0,-17.0,151.1319223345729
98556,163.0,-16.5,152.03121712477318
98557,163.0,-16.0,150.86486766805294
98558,163.0,-15.5,147.9932997758196
98559,163.0,-15.0,149.81109636046008
98560,163.0,-14.5,155.59308011062637
98561,163.0,-14.0,152.22776844168962
98562,163.0,-13.5,151.0744030174863
98563,163.0,-13.0,151.91155447682638
98564,163.0,-12.5,159.15621360649934
98565,163.0,-12.0,156.10082406134646
98566,163.0,-11.5,151.28174039690032
98567,163.0,-11.0,152.05592861736383
98568,163.0,-10.5,155.328182231957
98569,163.0,-9.5,154.40547200991415
98570,163.0,-9.0,151.7577185316114
98571,163.0,-8.5,149.14597263068245
98572,163.0,-8.0,153.6325025489007
98573,163.0,-6.5,151.41289290730657
98574,163.0,-6.0,150.3725333283581
98575,163.0,-5.5,154.04145545161373
98576,163.0,-5.0,155.90223706185964
98577,163.0,-4.5,155.23527152259123
98578,163.0,-3.5,155.3315905348352
98579,163.0,-3.0,154.00236563716152
98580,163.0,-2.5,152.78449038251216
98581,163.0,-2.0,151.9650042057939
98582,163.0,-1.5,151.9130062378143
98583,163.0,-0.5,152.64365998014216
98584,163.0,0.0,153.00494712551367
98585,163.0,0.5,153.5978589749154
98586,163.0,1.0,151.26472774815016
98587,163.0,1.5,154.99244401495494
98588,163.0,2.0,155.92126311285077
98589,163.0,2.5,154.57516939422686
98590,163.0,3.0,155.47356959970006
98591,163.0,3.5,156.40547970125508
98592,163.0,4.0,153.61795944005266
98593,163.0,4.5,153.17977669188585
98594,163.0,5.5,150.57446497919426
98595,163.0,6.0,152.04713182439764
98596,163.0,6.5,151.36129229823442
98597,163.0,7.0,152.90425703261835
98598,163.0,8.0,150.2427882242879
98599,163.0,8.5,150.8114280326036
98600,163.0,9.0,151.94349513365907
98601,163.0,9.5,150.91843251256137
98602,163.0,10.0,149.90446877715698
98603,163.0,10.5,147.97819173610037
98604,163.0,11.0,148.8427450855662
98605,163.0,11.5,153.44795248185923
98606,163.0,12.0,152.1157241420182
98607,163.0,12.5,152.89299327875315
98608,163.0,13.5,154.86657349833035
98609,163.0,14.0,152.25074567164546
98610,163.0,14.5,151.75625041797278
98611,163.0,15.0,154.14234309381075
98612,163.0,15.5,150.135385772085
98613,163.0,16.5,153.0301737679732
98614,163.0,17.0,149.3571258093648
98615,163.0,17.5,155.600393104146
98616,163.0,18.5,152.20828806050628
98617,163.0,19.0,151.39507660461524
98618,163.0,19.5,153.31638477913134
98619,163.0,20.0,148.24301753560636
98620,163.0,20.5,148.75871933407848
98621,163.0,21.0,148.72170776929437
98622,163.0,21.5,147.43077089466675
98623,163.0,22.0,149.9408752774773
98624,163.0,22.5,149.91324914565453
98625,163.0,23.0,149.50560971081953
98626,163.0,23.5,150.2629858316982
98627,163.0,24.0,146.72637032591126
98628,163.0,24.5,150.8218917766484
98629,163.0,25.0,146.7619206740729
98630,163.0,25.5,149.51155473176115
98631,163.0,26.0,148.91246847799974
98632,163.0,27.0,147.4022040346152
98633,163.0,27.5,153.90152742990205
98634,163.0,28.0,148.64407759571364
98635,163.0,28.5,165.98301187854096
98636,163.0,29.0,153.11474969035584
98637,163.0,29.5,146.94128270014906
98638,163.0,30.0,152.18517779572358
98639,163.0,30.5,153.38728996014513
98640,163.0,31.0,152.4639531684203
98641,163.0,31.5,155.21637519330892
98642,163.0,32.0,153.78206073737144
98643,163.0,32.5,153.20542097453
98644,163.0,33.0,157.3900334716529
98645,163.0,33.5,154.95231850229464
98646,163.0,34.0,156.82191759342192
98647,163.0,34.5,154.26958873451792
98648,163.0,35.0,149.098572137977
98649,163.0,35.5,150.7215756471946
98650,163.0,36.0,157.02839910524602
98651,163.0,36.5,161.11690225276084
98652,163.0,37.0,158.232443356582
98653,163.0,38.0,162.0610892028462
98654,163.0,38.5,174.4246576407429
98655,163.0,39.0,174.48865051638577
98656,163.5,-40.5,164.94855733163615
98657,163.5,-40.0,161.92670473605816
98658,163.5,-39.5,161.62796228358593
98659,163.5,-37.0,148.1577005003941
98660,163.5,-36.5,146.7236405381596
98661,163.5,-36.0,150.0131756624745
98662,163.5,-35.5,148.23636043880055
98663,163.5,-35.0,151.6921770190528
98664,163.5,-34.5,151.71881462250155
98665,163.5,-34.0,153.10756074172144
98666,163.5,-33.5,151.5704855443502
98667,163.5,-33.0,148.10478225997082
98668,163.5,-32.5,150.98859297860955
98669,163.5,-32.0,151.53033230591632
98670,163.5,-31.5,151.91972444921632
98671,163.5,-31.0,153.9091173083808
98672,163.5,-30.5,151.58215445685946
98673,163.5,-30.0,154.2453780365078
98674,163.5,-29.5,147.66023500493267
98675,163.5,-29.0,148.54588907671746
98676,163.5,-28.5,147.1681101370705
98677,163.5,-28.0,147.2178475406692
98678,163.5,-27.5,148.005509732233
98679,163.5,-27.0,147.73211759731106
98680,163.5,-26.5,148.4172476201114
98681,163.5,-26.0,146.75797547889022
98682,163.5,-25.5,147.63636549935862
98683,163.5,-25.0,147.31252521653838
98684,163.5,-24.5,148.2891056892632
98685,163.5,-24.0,146.9911860820198
98686,163.5,-23.5,147.39667044405047
98687,163.5,-23.0,147.6677871851117
98688,163.5,-22.5,150.32930681038016
98689,163.5,-22.0,149.15145422339057
98690,163.5,-21.5,149.76337975057146
98691,163.5,-21.0,146.66714695266322
98692,163.5,-20.5,148.85134767267417
98693,163.5,-20.0,149.50356132320272
98694,163.5,-19.5,149.6129941957503
98695,163.5,-19.0,147.5452263621907
98696,163.5,-18.5,151.45105778881705
98697,163.5,-18.0,148.9666722599742
98698,163.5,-17.5,149.78138235803263
98699,163.5,-17.0,149.80050634356343
98700,163.5,-16.5,153.21083174672845
98701,163.5,-16.0,147.73671139802713
98702,163.5,-15.5,148.84467468337397
98703,163.5,-15.0,150.56439909932348
98704,163.5,-14.5,148.77939806050844
98705,163.5,-14.0,152.90388123283407
98706,163.5,-13.5,153.09068971177948
98707,163.5,-13.0,151.54133127052822
98708,163.5,-12.0,153.46522667326792
98709,163.5,-11.5,150.94792862472687
98710,163.5,-11.0,152.72876568752193
98711,163.5,-10.5,158.7559693950262
98712,163.5,-10.0,159.48630617615012
98713,163.5,-9.5,162.49099613102575
98714,163.5,-9.0,150.46759582558684
98715,163.5,-8.5,152.50135284818572
98716,163.5,-8.0,153.31312355229716
98717,163.5,-7.5,149.16713384635722
98718,163.5,-6.5,150.14798740452625
98719,163.5,-6.0,152.7136725424797
98720,163.5,-5.5,155.03937652087808
98721,163.5,-5.0,154.16334208805733
98722,163.5,-4.5,154.70918340355632
98723,163.5,-4.0,157.13423086833373
98724,163.5,-3.5,155.5256094724507
98725,163.5,-3.0,155.53113385406442
98726,163.5,-2.5,152.9198160215986
98727,163.5,-2.0,152.79007912524688
98728,163.5,-0.5,151.90866894339436
98729,163.5,0.5,153.2068819903104
98730,163.5,1.0,156.85330709821957
98731,163.5,1.5,154.2187311869349
98732,163.5,2.0,154.6158227960605
98733,163.5,2.5,156.57460618722754
98734,163.5,3.0,156.9004437897093
98735,163.5,3.5,154.33854681029217
98736,163.5,4.0,153.31320346924653
98737,163.5,4.5,153.1723799940427
98738,163.5,5.0,152.36251108099344
98739,163.5,6.0,150.3612312377915
98740,163.5,6.5,152.2428087425096
98741,163.5,7.0,151.6809149144523
98742,163.5,7.5,152.34379061935437
98743,163.5,8.0,151.05829064756986
98744,163.5,8.5,151.5112343741636
98745,163.5,9.0,150.08690719679967
98746,163.5,9.5,149.38227503179223
98747,163.5,10.0,151.07693089687427
98748,163.5,11.0,150.97045276155671
98749,163.5,11.5,151.29274282410688
98750,163.5,12.0,152.47170567016957
98751,163.5,12.5,153.02853551447922
98752,163.5,13.5,153.83741259498967
98753,163.5,14.0,152.73268544773333
98754,163.5,14.5,153.18290855852769
98755,163.5,15.0,151.41440459410532
98756,163.5,15.5,151.10459713201166
98757,163.5,16.0,151.47576523815633
98758,163.5,16.5,153.94791798170908
98759,163.5,17.0,151.34279206869397
98760,163.5,17.5,151.42227630936844
98761,163.5,18.0,153.2116654226742
98762,163.5,19.0,153.26150836110168
98763,163.5,19.5,148.9807165110403
98764,163.5,20.0,149.49930166405574
98765,163.5,20.5,149.15121328425306
98766,163.5,21.0,148.16435233409337
98767,163.5,21.5,148.12361131709642
98768,163.5,22.0,149.81944762305912
98769,163.5,22.5,149.2681682075706
98770,163.5,23.0,148.95817959007374
98771,163.5,23.5,148.1468106366619
98772,163.5,24.0,149.51310658146568
98773,163.5,24.5,150.5825499452334
98774,163.5,25.0,146.78089982447023
98775,163.5,25.5,151.16663356412016
98776,163.5,26.0,147.08854053637782
98777,163.5,27.0,149.02298040810498
98778,163.5,27.5,152.07902640871342
98779,163.5,28.0,150.39661420770133
98780,163.5,28.5,158.87315864520426
98781,163.5,29.0,153.8351644163318
98782,163.5,29.5,148.6714713087107
98783,163.5,30.0,151.72528151074522
98784,163.5,30.5,153.33794024637484
98785,163.5,31.0,149.95737863463347
98786,163.5,31.5,157.01767708532526
98787,163.5,32.0,154.96226975202612
98788,163.5,32.5,150.4191641989247
98789,163.5,33.0,156.75291447546883
98790,163.5,33.5,156.49483208913446
98791,163.5,34.0,158.105907652112
98792,163.5,34.5,155.08348681614157
98793,163.5,35.0,149.75409871445635
98794,163.5,35.5,150.5523846824758
98795,163.5,36.0,154.96981639471758
98796,163.5,36.5,160.73672069599203
98797,163.5,37.0,159.22468748027052
98798,163.5,37.5,171.88316491191227
98799,163.5,38.0,164.2886205449649
98800,163.5,38.5,174.41501446265218
98801,163.5,39.0,175.3033091850496
98802,164.0,-40.5,164.78024700808672
98803,164.0,-40.0,163.02024034100384
98804,164.0,-39.5,161.37373941095842
98805,164.0,-39.0,161.27393722698858
98806,164.0,-37.0,148.70002608778415
98807,164.0,-36.5,146.95700379900242
98808,164.0,-36.0,149.7827620563687
98809,164.0,-35.5,148.2539724283175
98810,164.0,-35.0,152.09229040266948
98811,164.0,-34.5,152.02841494347433
98812,164.0,-34.0,153.2304452948924
98813,164.0,-33.5,151.09413463571403
98814,164.0,-33.0,147.74506230890714
98815,164.0,-32.5,151.48989686318322
98816,164.0,-32.0,150.68446571081955
98817,164.0,-31.5,150.20328810848574
98818,164.0,-31.0,154.3505448382219
98819,164.0,-30.5,156.57750443461126
98820,164.0,-30.0,152.05230346621778
98821,164.0,-29.5,147.23587351384415
98822,164.0,-29.0,148.47202186963926
98823,164.0,-28.5,147.58686344752664
98824,164.0,-28.0,146.95710346621536
98825,164.0,-27.5,146.80935483003827
98826,164.0,-27.0,148.08422928489367
98827,164.0,-26.5,148.01266527676094
98828,164.0,-26.0,146.79369389052943
98829,164.0,-25.5,147.05168677121875
98830,164.0,-25.0,147.5582687667684
98831,164.0,-24.5,148.44946629610334
98832,164.0,-24.0,148.14357238647833
98833,164.0,-23.5,145.22362068901316
98834,164.0,-23.0,148.33503393694784
98835,164.0,-22.5,150.24256150688862
98836,164.0,-22.0,148.9062843135342
98837,164.0,-21.5,148.53848731737722
98838,164.0,-21.0,146.6431304876371
98839,164.0,-20.5,150.7019757348543
98840,164.0,-20.0,150.78885298572212
98841,164.0,-19.5,147.27462529542268
98842,164.0,-19.0,150.0295714549089
98843,164.0,-18.5,152.38747539770614
98844,164.0,-18.0,148.7450157656045
98845,164.0,-17.5,150.76415242764105
98846,164.0,-17.0,149.2851074473368
98847,164.0,-16.5,149.34561715609087
98848,164.0,-16.0,149.74246527255377
98849,164.0,-15.5,149.634444547255
98850,164.0,-15.0,151.72436651273375
98851,164.0,-14.5,149.55086318501864
98852,164.0,-14.0,153.00661603199583
98853,164.0,-13.5,156.97309754656632
98854,164.0,-12.5,149.760439846185
98855,164.0,-12.0,151.3029521120875
98856,164.0,-11.5,158.78392266487592
98857,164.0,-11.0,152.8959721283248
98858,164.0,-10.5,153.28580691044363
98859,164.0,-10.0,155.94325143720602
98860,164.0,-9.5,157.24131499697583
98861,164.0,-9.0,159.39626442679986
98862,164.0,-8.5,151.48913792600652
98863,164.0,-7.5,149.0633912695079
98864,164.0,-7.0,149.7820266384004
98865,164.0,-6.5,151.47585011307217
98866,164.0,-6.0,153.66397514853838
98867,164.0,-5.5,154.1469421103334
98868,164.0,-5.0,154.38995961507493
98869,164.0,-4.5,155.61938183796815
98870,164.0,-4.0,156.32466564955325
98871,164.0,-3.5,156.311818465042
98872,164.0,-3.0,154.39484542072825
98873,164.0,-2.5,153.16972729491016
98874,164.0,-1.5,151.24864977925938
98875,164.0,-1.0,151.54677829168278
98876,164.0,0.0,152.81971673284028
98877,164.0,0.5,152.91051036368728
98878,164.0,1.0,155.84818560793258
98879,164.0,1.5,155.80611420635424
98880,164.0,2.0,151.62431601600233
98881,164.0,2.5,157.3147255602651
98882,164.0,3.0,156.56411442791085
98883,164.0,3.5,154.4898552563785
98884,164.0,4.0,154.24691258220275
98885,164.0,4.5,152.32978053523462
98886,164.0,5.0,152.1308608665028
98887,164.0,5.5,151.2124580259266
98888,164.0,6.0,151.58862423234157
98889,164.0,6.5,151.11179880152903
98890,164.0,7.0,152.05359829015717
98891,164.0,7.5,151.7873482430834
98892,164.0,8.0,153.1421209434157
98893,164.0,8.5,150.80763691991658
98894,164.0,9.0,149.91644202061516
98895,164.0,9.5,149.2750102246039
98896,164.0,10.0,149.59569112493952
98897,164.0,10.5,152.41090617823303
98898,164.0,11.0,153.31174794395312
98899,164.0,11.5,151.6111023725158
98900,164.0,12.0,151.1958267538773
98901,164.0,13.0,154.52972681586306
98902,164.0,13.5,152.27655883248755
98903,164.0,14.0,154.95708224594844
98904,164.0,14.5,152.60241322297267
98905,164.0,15.0,151.83916471951903
98906,164.0,15.5,153.73218589868637
98907,164.0,16.0,152.66643824177388
98908,164.0,16.5,152.43614045842307
98909,164.0,17.0,152.71847494451544
98910,164.0,17.5,148.9527849807585
98911,164.0,18.0,152.88918040997535
98912,164.0,18.5,153.90612720602525
98913,164.0,19.0,154.21388114518226
98914,164.0,19.5,149.63001709022183
98915,164.0,20.0,150.2906026066727
98916,164.0,20.5,148.83477852221915
98917,164.0,21.0,147.64742688606034
98918,164.0,21.5,148.96758976000197
98919,164.0,22.0,152.1966571765725
98920,164.0,22.5,149.18606227433534
98921,164.0,23.0,148.30928440481773
98922,164.0,23.5,146.8530841795189
98923,164.0,24.0,151.46420210002918
98924,164.0,24.5,148.70550537563722
98925,164.0,25.0,149.17490326975192
98926,164.0,25.5,149.80748085765984
98927,164.0,26.0,147.28482851604724
98928,164.0,26.5,150.77259597129603
98929,164.0,27.0,149.8297309827278
98930,164.0,27.5,148.7009550242751
98931,164.0,28.0,160.23763297519992
98932,164.0,28.5,153.61066940596407
98933,164.0,29.0,154.9164706957469
98934,164.0,29.5,148.42168376379558
98935,164.0,30.0,151.6277088466325
98936,164.0,30.5,153.2911969533432
98937,164.0,31.0,149.80000497188067
98938,164.0,31.5,156.19312691715547
98939,164.0,32.0,155.33014724059404
98940,164.0,32.5,151.6795355252878
98941,164.0,33.0,155.80670387006433
98942,164.0,33.5,158.54188789873638
98943,164.0,34.0,159.02688131303987
98944,164.0,34.5,156.65396419951082
98945,164.0,35.0,150.20475264087085
98946,164.0,35.5,150.23522320818918
98947,164.0,36.0,150.763338851694
98948,164.0,36.5,162.13765084911788
98949,164.0,37.0,158.32432372132877
98950,164.0,37.5,172.1307664883017
98951,164.0,38.0,157.98949213156726
98952,164.0,38.5,173.52955637487037
98953,164.0,39.0,176.3449045641093
98954,164.5,-40.0,162.8886933713411
98955,164.5,-39.0,160.8548786646372
98956,164.5,-37.0,149.10150309904864
98957,164.5,-36.5,147.0954917489345
98958,164.5,-36.0,148.87464146741993
98959,164.5,-35.5,148.2794720194394
98960,164.5,-35.0,152.82583747996114
98961,164.5,-34.5,152.1974366854101
98962,164.5,-34.0,153.22272699138904
98963,164.5,-33.5,151.6337178499867
98964,164.5,-33.0,147.9530067553773
98965,164.5,-32.5,150.97400291335262
98966,164.5,-32.0,149.49130588056616
98967,164.5,-31.5,150.26617302442622
98968,164.5,-31.0,158.12417125227506
98969,164.5,-30.5,156.8067771236434
98970,164.5,-30.0,152.9835179157695
98971,164.5,-29.5,147.99978926781208
98972,164.5,-29.0,147.8412845271268
98973,164.5,-28.5,148.20909571027084
98974,164.5,-28.0,146.83749224645302
98975,164.5,-27.5,146.68326329847204
98976,164.5,-27.0,148.14442505008205
98977,164.5,-26.5,147.11355972927674
98978,164.5,-26.0,147.52452472321798
98979,164.5,-25.5,147.36472562808487
98980,164.5,-25.0,148.24077641594468
98981,164.5,-24.5,148.29699905808056
98982,164.5,-24.0,147.60636887128862
98983,164.5,-23.5,147.90326734371845
98984,164.5,-23.0,149.83976263759737
98985,164.5,-22.5,148.11280447362455
98986,164.5,-22.0,149.66676906416444
98987,164.5,-21.5,148.5235835158238
98988,164.5,-21.0,151.36412126585736
98989,164.5,-20.5,147.8419036316953
98990,164.5,-20.0,148.5692160362874
98991,164.5,-19.5,148.81444617587698
98992,164.5,-19.0,150.67323047414334
98993,164.5,-18.5,146.6979779123608
98994,164.5,-18.0,153.38277978951925
98995,164.5,-17.5,149.53174553922082
98996,164.5,-17.0,149.69898560964228
98997,164.5,-16.5,152.97760696862701
98998,164.5,-16.0,149.57784620523088
98999,164.5,-15.5,151.4338663264439
99000,164.5,-15.0,148.98866372638886
99001,164.5,-14.5,150.80814288825783
99002,164.5,-14.0,154.09727340763922
99003,164.5,-13.5,161.26436387516998
99004,164.5,-13.0,155.1259665300894
99005,164.5,-12.5,151.37417430961548
99006,164.5,-12.0,151.5035279546512
99007,164.5,-11.5,161.66607974345095
99008,164.5,-11.0,163.03595789541453
99009,164.5,-10.5,152.8538427653016
99010,164.5,-10.0,151.61475212900174
99011,164.5,-9.5,155.27376194473115
99012,164.5,-9.0,160.60372298391457
99013,164.5,-7.5,150.2444287145064
99014,164.5,-7.0,149.85771679114796
99015,164.5,-6.5,153.3389364126137
99016,164.5,-6.0,154.5412448782894
99017,164.5,-5.5,152.66111629013483
99018,164.5,-5.0,151.3259334953486
99019,164.5,-4.5,155.60810834516576
99020,164.5,-4.0,154.4142948693687
99021,164.5,-3.5,158.02767237652964
99022,164.5,-3.0,153.13101383606042
99023,164.5,-2.5,152.47234166715322
99024,164.5,-2.0,151.88913714864663
99025,164.5,-1.5,151.7578284744836
99026,164.5,-1.0,150.8253194744075
99027,164.5,-0.5,152.26096859259835
99028,164.5,0.0,153.27548842636276
99029,164.5,0.5,154.6505043611508
99030,164.5,1.0,155.34532738108038
99031,164.5,1.5,154.63147333776107
99032,164.5,2.0,156.57046915172228
99033,164.5,2.5,152.14101964907698
99034,164.5,3.0,156.9624758749573
99035,164.5,3.5,157.45124608896722
99036,164.5,4.0,154.4960865073546
99037,164.5,5.0,151.31252660943636
99038,164.5,5.5,151.081270887244
99039,164.5,6.0,152.79202800792237
99040,164.5,6.5,149.5720208935296
99041,164.5,7.0,151.80925242754284
99042,164.5,7.5,151.46187259037325
99043,164.5,8.0,152.39392962634642
99044,164.5,8.5,150.30365742997319
99045,164.5,9.0,149.42113460403954
99046,164.5,9.5,149.68743713972182
99047,164.5,10.0,150.1197828200653
99048,164.5,10.5,152.64914908184886
99049,164.5,11.0,152.39596743577263
99050,164.5,11.5,151.4953474111425
99051,164.5,12.0,148.82379314187514
99052,164.5,12.5,152.9849639915144
99053,164.5,13.0,152.19360112453762
99054,164.5,13.5,152.98203986689822
99055,164.5,14.0,153.3582137596279
99056,164.5,14.5,152.38038440108963
99057,164.5,15.0,153.43270168889404
99058,164.5,15.5,154.60511646926622
99059,164.5,16.0,154.90019103113556
99060,164.5,16.5,151.66423319236245
99061,164.5,17.0,155.62779340724944
99062,164.5,17.5,149.87653275929864
99063,164.5,18.0,151.01278841830222
99064,164.5,18.5,153.6103205199402
99065,164.5,19.0,148.10297823506804
99066,164.5,19.5,150.12901091874878
99067,164.5,20.0,151.77346978766386
99068,164.5,20.5,149.6404458147471
99069,164.5,21.0,147.73979790232997
99070,164.5,21.5,148.6363905278811
99071,164.5,22.0,148.25610407966033
99072,164.5,22.5,148.7738814664735
99073,164.5,23.0,148.69284998804702
99074,164.5,23.5,148.53039496213503
99075,164.5,24.0,149.88231722010678
99076,164.5,24.5,148.81709600363695
99077,164.5,25.0,152.879372484463
99078,164.5,25.5,146.5331954879774
99079,164.5,26.0,147.44869242541114
99080,164.5,26.5,150.00799300482296
99081,164.5,27.0,150.2006627337157
99082,164.5,27.5,148.83273908609334
99083,164.5,28.0,155.82813309977948
99084,164.5,28.5,157.03834892699055
99085,164.5,29.0,151.61132686509805
99086,164.5,29.5,147.7813129958012
99087,164.5,30.0,153.74097150131104
99088,164.5,30.5,149.9905056398703
99089,164.5,31.0,153.71013339273262
99090,164.5,31.5,151.6071185305223
99091,164.5,32.0,155.42057026476934
99092,164.5,32.5,151.1926446711192
99093,164.5,33.0,154.3288506598188
99094,164.5,33.5,153.93155332876123
99095,164.5,34.0,163.72458264814117
99096,164.5,34.5,158.73482318951685
99097,164.5,35.0,151.22631975593146
99098,164.5,35.5,150.3187149043052
99099,164.5,36.0,152.34715636918156
99100,164.5,36.5,159.29106310936774
99101,164.5,37.0,156.80472378293095
99102,164.5,37.5,172.94934653034278
99103,164.5,38.0,158.94280454412663
99104,164.5,38.5,173.7585399064103
99105,164.5,39.0,176.22840630816893
99106,165.0,-40.0,163.08426676240137
99107,165.0,-39.5,160.9624501991592
99108,165.0,-39.0,160.53088294822103
99109,165.0,-37.0,149.71668346061892
99110,165.0,-36.5,147.19364443879633
99111,165.0,-36.0,149.94920023140858
99112,165.0,-35.5,147.88867391481998
99113,165.0,-35.0,154.19008319030607
99114,165.0,-34.5,151.679754523538
99115,165.0,-34.0,154.8110335775046
99116,165.0,-33.5,152.2496602418192
99117,165.0,-33.0,148.53786605971655
99118,165.0,-32.5,151.2904204286292
99119,165.0,-32.0,150.56891161934135
99120,165.0,-31.5,149.25917171886198
99121,165.0,-31.0,158.34388621395988
99122,165.0,-30.5,157.0412074956733
99123,165.0,-30.0,152.9894295079899
99124,165.0,-29.5,148.13379138502643
99125,165.0,-29.0,147.79890527324974
99126,165.0,-28.5,147.65865121385792
99127,165.0,-28.0,147.09962235447554
99128,165.0,-27.5,146.55613878898438
99129,165.0,-27.0,147.99525302930437
99130,165.0,-26.5,147.53881515314507
99131,165.0,-26.0,147.49396321168996
99132,165.0,-25.5,147.93696841730815
99133,165.0,-25.0,148.71219101095286
99134,165.0,-24.5,147.80786567980203
99135,165.0,-24.0,147.37446017532537
99136,165.0,-23.5,149.05296997710738
99137,165.0,-23.0,149.58669305973626
99138,165.0,-22.5,148.8547015422687
99139,165.0,-21.5,150.9779636258594
99140,165.0,-21.0,147.35412995205175
99141,165.0,-20.5,147.79883670581214
99142,165.0,-20.0,148.06535384912033
99143,165.0,-19.5,150.99749933762408
99144,165.0,-19.0,149.17967977079016
99145,165.0,-18.5,148.6020482319817
99146,165.0,-18.0,149.22689749170388
99147,165.0,-17.5,155.99932148401464
99148,165.0,-17.0,151.88090993643524
99149,165.0,-16.5,151.7505271388698
99150,165.0,-16.0,150.27731024676433
99151,165.0,-15.5,151.53119597348123
99152,165.0,-15.0,150.89070817278443
99153,165.0,-13.0,155.1806897786596
99154,165.0,-12.5,152.49071758827384
99155,165.0,-11.0,158.1430373800274
99156,165.0,-10.5,151.10592005687215
99157,165.0,-10.0,147.31100643897926
99158,165.0,-9.5,159.4051440201734
99159,165.0,-9.0,159.8297663160451
99160,165.0,-8.5,163.99831030388242
99161,165.0,-8.0,150.1551923018203
99162,165.0,-7.5,151.64427225926025
99163,165.0,-7.0,151.9150429488731
99164,165.0,-6.5,153.0249297755991
99165,165.0,-6.0,152.64574333052187
99166,165.0,-5.5,152.27378929869496
99167,165.0,-5.0,151.9811737539732
99168,165.0,-4.5,154.1883143958444
99169,165.0,-4.0,154.5274198266364
99170,165.0,-3.5,151.85913057415289
99171,165.0,-3.0,152.7878286703091
99172,165.0,-2.0,151.38109559288654
99173,165.0,-1.5,152.49792443103718
99174,165.0,-1.0,149.88987680697826
99175,165.0,-0.5,151.19092378567132
99176,165.0,0.0,153.6255038406996
99177,165.0,0.5,153.94374149029775
99178,165.0,1.0,153.17838636251548
99179,165.0,1.5,157.54360122134972
99180,165.0,2.0,156.80036246076247
99181,165.0,2.5,149.28751849144822
99182,165.0,3.0,149.78442992099835
99183,165.0,3.5,158.41009716643543
99184,165.0,4.5,153.6691085836025
99185,165.0,5.0,151.276847337485
99186,165.0,5.5,151.72484795330695
99187,165.0,6.0,150.54560044631478
99188,165.0,6.5,153.03819305516478
99189,165.0,7.0,150.67309788715878
99190,165.0,7.5,152.4180124318071
99191,165.0,8.0,150.95624487743174
99192,165.0,8.5,150.04446464665972
99193,165.0,9.5,149.7376288262691
99194,165.0,10.0,153.2083769472408
99195,165.0,10.5,151.33894371678184
99196,165.0,11.0,151.08485965679975
99197,165.0,11.5,151.85312194041114
99198,165.0,12.0,149.03689241150389
99199,165.0,12.5,152.70073927678993
99200,165.0,13.0,152.02162457847595
99201,165.0,13.5,154.00527225031604
99202,165.0,14.0,150.3152922388676
99203,165.0,14.5,154.55091380516063
99204,165.0,15.0,153.83896695080549
99205,165.0,15.5,153.69873980238606
99206,165.0,16.0,154.35654224219346
99207,165.0,16.5,152.34817699864166
99208,165.0,17.0,151.54538860617546
99209,165.0,17.5,154.0780685395264
99210,165.0,18.0,150.81514694050327
99211,165.0,18.5,151.36874608040623
99212,165.0,19.0,150.32365095586857
99213,165.0,19.5,150.90009428907678
99214,165.0,20.0,151.8741593199881
99215,165.0,20.5,151.83232723066467
99216,165.0,21.0,148.84600939693965
99217,165.0,21.5,148.99825403106524
99218,165.0,22.0,148.65931589850754
99219,165.0,22.5,147.95189585268585
99220,165.0,23.0,148.24977665932386
99221,165.0,23.5,149.43067067278238
99222,165.0,24.0,148.69727762214475
99223,165.0,24.5,148.8598525385651
99224,165.0,25.0,153.02209214188025
99225,165.0,26.0,148.55143228412413
99226,165.0,26.5,148.93846848497938
99227,165.0,27.0,149.57152519077525
99228,165.0,27.5,155.5467931485638
99229,165.0,28.0,149.77954613332523
99230,165.0,28.5,156.63297676970873
99231,165.0,29.0,150.84944426957676
99232,165.0,29.5,150.07722372400747
99233,165.0,30.0,153.4943805726237
99234,165.0,30.5,148.69161096125222
99235,165.0,31.0,154.56703916816423
99236,165.0,31.5,150.15881089466134
99237,165.0,32.5,152.35244660037162
99238,165.0,33.0,157.66933854133427
99239,165.0,33.5,152.39345735415557
99240,165.0,34.0,166.93729995971327
99241,165.0,34.5,161.15356294403304
99242,165.0,35.0,151.84266482292577
99243,165.0,35.5,149.91101967644414
99244,165.0,36.0,153.67845679604733
99245,165.0,36.5,159.45360933366374
99246,165.0,37.0,156.32480515746363
99247,165.0,37.5,172.93722298614912
99248,165.0,38.0,159.76034272749905
99249,165.0,38.5,173.0637320144563
99250,165.0,39.0,175.55648248832193
99251,165.5,-40.0,163.51622850154038
99252,165.5,-39.5,160.81609827855513
99253,165.5,-37.0,149.75838310622842
99254,165.5,-36.5,149.59036406944935
99255,165.5,-36.0,148.01550081691175
99256,165.5,-35.5,147.56004779419698
99257,165.5,-35.0,154.1354739371613
99258,165.5,-34.5,150.80099771324814
99259,165.5,-34.0,155.03146476574312
99260,165.5,-33.5,152.81852343244853
99261,165.5,-33.0,149.9811157663725
99262,165.5,-32.5,151.260096542851
99263,165.5,-32.0,150.29281150155833
99264,165.5,-31.5,150.73976618927904
99265,165.5,-31.0,154.9288524713798
99266,165.5,-30.5,156.95543705121608
99267,165.5,-30.0,153.24918154044119
99268,165.5,-29.5,147.66589950898492
99269,165.5,-29.0,148.3528925722779
99270,165.5,-28.5,147.36589206752336
99271,165.5,-28.0,147.05433730826155
99272,165.5,-27.5,146.53111674157367
99273,165.5,-27.0,147.98021785761034
99274,165.5,-26.5,146.99318858284246
99275,165.5,-26.0,147.7732181212306
99276,165.5,-25.5,149.46234525474645
99277,165.5,-25.0,148.69216842139974
99278,165.5,-24.5,146.91883306062326
99279,165.5,-24.0,148.1004482040506
99280,165.5,-23.5,148.9523327710254
99281,165.5,-23.0,149.06577439972895
99282,165.5,-22.5,149.73772020053522
99283,165.5,-22.0,147.749393952625
99284,165.5,-21.5,148.42936192413228
99285,165.5,-21.0,146.21265988315332
99286,165.5,-20.5,148.23983104159524
99287,165.5,-20.0,147.74843888458872
99288,165.5,-19.5,151.2977351795191
99289,165.5,-19.0,146.70719663859956
99290,165.5,-18.5,149.36948790328125
99291,165.5,-18.0,149.420636327845
99292,165.5,-17.5,149.6334784667028
99293,165.5,-17.0,156.75819241038286
99294,165.5,-16.5,149.0730970630785
99295,165.5,-16.0,151.33126454344477
99296,165.5,-15.5,152.8527297786396
99297,165.5,-15.0,157.24942769594432
99298,165.5,-14.5,160.08291020799498
99299,165.5,-13.5,150.55779030904372
99300,165.5,-13.0,153.13055415827998
99301,165.5,-12.5,157.73968269133644
99302,165.5,-12.0,165.83230809423546
99303,165.5,-11.5,154.77812930821264
99304,165.5,-11.0,152.35986355665787
99305,165.5,-10.5,154.92149151912037
99306,165.5,-9.5,151.5995609853925
99307,165.5,-9.0,165.97551394207855
99308,165.5,-8.5,161.73400864311475
99309,165.5,-8.0,149.53281502652402
99310,165.5,-7.5,151.89051202119796
99311,165.5,-7.0,153.62807123756255
99312,165.5,-6.5,152.2703897945303
99313,165.5,-6.0,151.70836528603814
99314,165.5,-5.0,152.70075078748724
99315,165.5,-4.5,152.30397195935026
99316,165.5,-4.0,154.00973021563877
99317,165.5,-3.5,152.8502446515001
99318,165.5,-2.0,150.93797314775856
99319,165.5,-1.5,151.25293535594588
99320,165.5,-1.0,150.6590503353708
99321,165.5,-0.5,151.63015055367654
99322,165.5,0.0,153.2477823276119
99323,165.5,0.5,153.38359775885206
99324,165.5,1.0,154.00202794305133
99325,165.5,1.5,156.09606566832812
99326,165.5,3.0,149.89636778824723
99327,165.5,3.5,159.3852445659814
99328,165.5,4.0,160.83474715375792
99329,165.5,4.5,152.2117802071412
99330,165.5,5.0,152.2753428453582
99331,165.5,5.5,150.80209839295168
99332,165.5,6.0,150.79854469476237
99333,165.5,6.5,152.1214213361653
99334,165.5,7.0,152.50895748946007
99335,165.5,7.5,150.32084487660302
99336,165.5,8.0,150.29611890085113
99337,165.5,8.5,151.31004024717285
99338,165.5,9.5,153.6739344701863
99339,165.5,10.0,151.6594659004888
99340,165.5,10.5,151.09619196020296
99341,165.5,11.0,150.51651536796462
99342,165.5,11.5,152.94380709763465
99343,165.5,12.0,153.2452397404078
99344,165.5,12.5,153.4917403795367
99345,165.5,13.0,154.20715611064284
99346,165.5,13.5,150.24292957631835
99347,165.5,15.0,154.00569149181865
99348,165.5,15.5,154.52106590072376
99349,165.5,16.0,155.2644840474713
99350,165.5,16.5,155.0020508488915
99351,165.5,17.0,151.96666591175395
99352,165.5,17.5,155.11404666290528
99353,165.5,18.0,150.3883613956022
99354,165.5,18.5,151.06785181670023
99355,165.5,19.0,150.27778250870693
99356,165.5,19.5,156.5816807042293
99357,165.5,20.0,148.79774413454055
99358,165.5,20.5,152.94377726791583
99359,165.5,21.0,152.2212015215641
99360,165.5,21.5,148.89096714864053
99361,165.5,22.0,148.41620880372076
99362,165.5,22.5,147.5508595517695
99363,165.5,23.0,148.85791499471546
99364,165.5,23.5,148.33801630829345
99365,165.5,24.0,148.6274471080287
99366,165.5,24.5,152.57698067921194
99367,165.5,25.0,150.3574116344782
99368,165.5,25.5,152.09926103747614
99369,165.5,26.0,148.84501214192235
99370,165.5,26.5,147.90952501094714
99371,165.5,27.0,153.37667468717805
99372,165.5,27.5,156.6826057939292
99373,165.5,28.0,148.737441552843
99374,165.5,28.5,152.1981506403657
99375,165.5,29.0,151.42070907553665
99376,165.5,29.5,149.39313276263576
99377,165.5,30.0,154.2484088974986
99378,165.5,30.5,148.5028097622515
99379,165.5,31.0,150.42117014117076
99380,165.5,31.5,149.4988099610861
99381,165.5,32.0,154.3800612897938
99382,165.5,32.5,152.62995506766336
99383,165.5,33.0,159.10961223135638
99384,165.5,33.5,152.10048063172562
99385,165.5,34.0,164.35144471025856
99386,165.5,34.5,162.9460043189482
99387,165.5,35.0,152.04515578198172
99388,165.5,35.5,151.25629590608506
99389,165.5,36.0,154.0057785084544
99390,165.5,36.5,159.55509439408937
99391,165.5,37.0,157.25620474562808
99392,165.5,37.5,171.82546018480434
99393,165.5,38.0,166.08505464937716
99394,165.5,38.5,174.03026155912266
99395,165.5,39.0,175.6146617487439
99396,165.5,39.5,177.4791228235572
99397,166.0,-40.0,163.26477334646648
99398,166.0,-39.5,161.9916932834552
99399,166.0,-37.0,149.10528200749212
99400,166.0,-36.5,149.58161436512674
99401,166.0,-36.0,148.32057504631806
99402,166.0,-35.5,147.4773949193178
99403,166.0,-35.0,155.1156211023547
99404,166.0,-34.5,150.69447432032376
99405,166.0,-34.0,154.1808827928345
99406,166.0,-33.5,152.77747367180018
99407,166.0,-33.0,149.7846511985763
99408,166.0,-32.5,150.7831180009548
99409,166.0,-32.0,149.8663169620901
99410,166.0,-31.5,150.748200203473
99411,166.0,-31.0,152.392962288926
99412,166.0,-30.5,158.73289779650355
99413,166.0,-30.0,152.9663708423305
99414,166.0,-29.5,148.52845641861623
99415,166.0,-29.0,148.2381913088263
99416,166.0,-28.5,147.6042449977548
99417,166.0,-28.0,146.89907277735531
99418,166.0,-27.5,147.23466711192808
99419,166.0,-27.0,147.70393592535535
99420,166.0,-26.5,147.30771880243236
99421,166.0,-26.0,147.92465373092142
99422,166.0,-25.5,149.1054449465534
99423,166.0,-25.0,148.45612688789825
99424,166.0,-24.5,149.0184653930523
99425,166.0,-24.0,148.31618375291853
99426,166.0,-23.5,149.15549505391132
99427,166.0,-23.0,149.50121959050702
99428,166.0,-22.5,146.44747888737913
99429,166.0,-22.0,149.65917030481688
99430,166.0,-21.5,147.40382030661712
99431,166.0,-21.0,146.41891621412356
99432,166.0,-20.5,146.3990279469827
99433,166.0,-20.0,149.37735472289202
99434,166.0,-19.5,148.92417985589265
99435,166.0,-19.0,149.26119121748607
99436,166.0,-18.5,148.67783625246517
99437,166.0,-18.0,149.78765962820884
99438,166.0,-17.5,148.4843590073483
99439,166.0,-17.0,150.7426927845635
99440,166.0,-16.5,151.78091839643363
99441,166.0,-16.0,151.3643745559495
99442,166.0,-15.5,155.8394180914674
99443,166.0,-15.0,152.71943539400814
99444,166.0,-14.5,159.89839034056547
99445,166.0,-14.0,153.2996936035094
99446,166.0,-13.5,153.51253681897037
99447,166.0,-13.0,154.43768080955064
99448,166.0,-12.5,155.9916617633527
99449,166.0,-12.0,165.67484493090106
99450,166.0,-11.5,152.99859986364748
99451,166.0,-11.0,152.28658353906778
99452,166.0,-10.5,152.0176177594522
99453,166.0,-10.0,151.5795871699648
99454,166.0,-9.5,157.76940022478493
99455,166.0,-9.0,167.26974865861976
99456,166.0,-8.5,156.7748471654479
99457,166.0,-8.0,155.5451234114924
99458,166.0,-7.5,151.96671832341204
99459,166.0,-7.0,154.32481125314848
99460,166.0,-6.5,152.49062294128262
99461,166.0,-6.0,149.59047830095528
99462,166.0,-5.5,153.94413464065758
99463,166.0,-5.0,152.74661443726262
99464,166.0,-4.5,150.9967843033409
99465,166.0,-4.0,150.42344521701182
99466,166.0,-3.5,154.5645183426894
99467,166.0,-3.0,151.20434225932152
99468,166.0,-2.5,151.75776994911405
99469,166.0,-2.0,152.41724391781767
99470,166.0,-1.5,150.80428352582229
99471,166.0,-1.0,151.86923114485887
99472,166.0,-0.5,153.4308553766677
99473,166.0,0.0,150.17809954124363
99474,166.0,0.5,154.09214915861924
99475,166.0,1.0,154.45014257126385
99476,166.0,1.5,154.40048369795096
99477,166.0,3.5,150.3941900124695
99478,166.0,4.0,158.30236705269613
99479,166.0,4.5,155.5880595796317
99480,166.0,5.0,152.1467815662842
99481,166.0,5.5,151.50011212740546
99482,166.0,6.0,151.50702158083024
99483,166.0,6.5,151.28291762519248
99484,166.0,7.0,152.4869526980924
99485,166.0,7.5,149.93714062662033
99486,166.0,8.0,150.81278594662194
99487,166.0,8.5,150.67900944399568
99488,166.0,9.0,152.4800435270434
99489,166.0,9.5,154.88695520794
99490,166.0,10.0,152.58169356206542
99491,166.0,10.5,150.4373085336259
99492,166.0,11.0,150.52818130244833
99493,166.0,11.5,150.9224110784005
99494,166.0,12.0,153.3864050310578
99495,166.0,12.5,154.58534549084183
99496,166.0,13.0,154.32489015031578
99497,166.0,13.5,152.28467835472753
99498,166.0,14.5,154.68363605918594
99499,166.0,15.0,154.96420457363894
99500,166.0,15.5,155.0661566747713
99501,166.0,16.0,156.09507304175924
99502,166.0,16.5,156.04599622218143
99503,166.0,17.0,155.52408754302604
99504,166.0,17.5,152.13708326177527
99505,166.0,18.0,156.139211952047
99506,166.0,18.5,150.90336274093124
99507,166.0,19.0,151.40066789950998
99508,166.0,19.5,148.3916730849165
99509,166.0,20.0,148.43890192339524
99510,166.0,20.5,150.50112606028767
99511,166.0,21.0,153.07252227452253
99512,166.0,21.5,148.92590076457074
99513,166.0,22.0,149.57565298859174
99514,166.0,22.5,147.99414391159925
99515,166.0,23.0,148.82981275975564
99516,166.0,23.5,147.97449952960002
99517,166.0,24.0,149.0231336095586
99518,166.0,24.5,152.46542044385328
99519,166.0,25.0,149.20273050609237
99520,166.0,25.5,151.77755860485055
99521,166.0,26.0,147.77929093923098
99522,166.0,26.5,147.83603323863701
99523,166.0,27.0,153.67118004221447
99524,166.0,27.5,156.00817795408074
99525,166.0,28.0,149.15096000136427
99526,166.0,28.5,150.10215351238978
99527,166.0,29.0,152.79863901046713
99528,166.0,29.5,151.17903508281984
99529,166.0,30.0,152.8727297818919
99530,166.0,30.5,147.81778238891414
99531,166.0,31.0,148.7101839620496
99532,166.0,32.0,154.44606802230166
99533,166.0,32.5,153.29079948307006
99534,166.0,33.0,157.77707133662886
99535,166.0,33.5,153.13289201512677
99536,166.0,34.0,164.28485001889686
99537,166.0,34.5,163.12838951608757
99538,166.0,35.0,154.03662110717303
99539,166.0,35.5,152.23235536715023
99540,166.0,36.0,155.03187238022815
99541,166.0,36.5,155.94807914204716
99542,166.0,37.0,162.22388845213047
99543,166.0,38.0,166.74962446398078
99544,166.0,39.0,175.75249593189193
99545,166.0,39.5,177.66631336754898
99546,166.5,-39.5,161.54349044368487
99547,166.5,-39.0,160.00855098751188
99548,166.5,-37.0,150.33310647553895
99549,166.5,-36.5,149.71275475458577
99550,166.5,-36.0,148.40705002349395
99551,166.5,-35.5,147.32558762455997
99552,166.5,-35.0,151.65281454797196
99553,166.5,-34.5,150.57903216405674
99554,166.5,-34.0,152.84166560973782
99555,166.5,-33.5,151.35962350532242
99556,166.5,-33.0,151.2536235798234
99557,166.5,-32.5,151.4513667196667
99558,166.5,-32.0,150.15769554659377
99559,166.5,-31.5,155.4210894187796
99560,166.5,-31.0,150.9815362553761
99561,166.5,-30.5,160.7017940311722
99562,166.5,-30.0,151.93121028341363
99563,166.5,-29.5,148.44614329927776
99564,166.5,-29.0,148.11451556855187
99565,166.5,-28.5,147.7100398161639
99566,166.5,-28.0,146.97710045624987
99567,166.5,-27.5,147.18218806006462
99568,166.5,-27.0,148.32816898012283
99569,166.5,-26.5,147.7174133382582
99570,166.5,-26.0,147.90309561184534
99571,166.5,-25.5,148.85568521021017
99572,166.5,-25.0,148.1027960067258
99573,166.5,-24.5,150.23994741563274
99574,166.5,-24.0,148.3322156623849
99575,166.5,-23.5,149.54367381692032
99576,166.5,-23.0,148.245485916061
99577,166.5,-22.5,150.38897463335715
99578,166.5,-22.0,148.3951600438458
99579,166.5,-21.5,146.32828046009206
99580,166.5,-21.0,146.43793925922373
99581,166.5,-20.5,145.86144757969802
99582,166.5,-20.0,149.0022118265724
99583,166.5,-19.5,148.3097562716318
99584,166.5,-19.0,150.14370496092272
99585,166.5,-18.5,147.44633381436978
99586,166.5,-18.0,148.08208294001585
99587,166.5,-17.5,149.74347887978558
99588,166.5,-17.0,148.58333590793706
99589,166.5,-16.5,154.361836498364
99590,166.5,-16.0,154.76111918545436
99591,166.5,-15.5,152.19414122960973
99592,166.5,-15.0,153.28162322061831
99593,166.5,-14.5,153.53379015755507
99594,166.5,-14.0,155.1558266289187
99595,166.5,-13.5,155.14241341775718
99596,166.5,-13.0,157.07691829352154
99597,166.5,-12.0,157.81998473338928
99598,166.5,-11.5,156.47403969007615
99599,166.5,-11.0,147.87619045479434
99600,166.5,-10.5,151.61345964483016
99601,166.5,-10.0,151.81002473279023
99602,166.5,-9.0,148.19556585920424
99603,166.5,-8.5,156.31811864964604
99604,166.5,-8.0,155.62098144232377
99605,166.5,-7.5,153.46619522408673
99606,166.5,-7.0,152.6298803985682
99607,166.5,-6.5,152.6877723502264
99608,166.5,-6.0,153.5665486686274
99609,166.5,-5.5,151.9575611161485
99610,166.5,-5.0,149.2213878916004
99611,166.5,-4.5,149.15028407610237
99612,166.5,-4.0,150.52813461665903
99613,166.5,-3.5,153.48478689672353
99614,166.5,-3.0,150.77822902491826
99615,166.5,-2.5,150.32834462400893
99616,166.5,-2.0,151.675484665533
99617,166.5,-1.5,150.5429240850006
99618,166.5,-1.0,153.45480400811397
99619,166.5,-0.5,151.91669181308205
99620,166.5,0.0,153.37759950835073
99621,166.5,0.5,155.35674960283842
99622,166.5,1.0,153.52633332150305
99623,166.5,3.5,150.39821352760976
99624,166.5,4.0,152.4489357750222
99625,166.5,4.5,159.20507330262072
99626,166.5,5.0,164.07318359359115
99627,166.5,5.5,153.2137780370034
99628,166.5,6.0,152.0442344412594
99629,166.5,6.5,151.13211128588915
99630,166.5,7.0,151.0527900127469
99631,166.5,7.5,149.40939737925297
99632,166.5,8.0,149.1295448500334
99633,166.5,8.5,150.79601842074416
99634,166.5,9.0,153.29000977420858
99635,166.5,9.5,153.61609001680716
99636,166.5,10.0,151.13546913765492
99637,166.5,10.5,151.20424526835404
99638,166.5,11.5,152.2589161931271
99639,166.5,12.0,154.12928981319365
99640,166.5,12.5,154.41655001444354
99641,166.5,13.0,152.84920900128722
99642,166.5,13.5,155.6134212590869
99643,166.5,15.0,155.29454450449916
99644,166.5,16.0,155.4302007110305
99645,166.5,16.5,157.20567476876593
99646,166.5,17.0,154.52511406648216
99647,166.5,17.5,152.78764934364867
99648,166.5,18.0,152.78561354769855
99649,166.5,18.5,151.98756973545184
99650,166.5,19.0,152.51168552439145
99651,166.5,19.5,149.07160529293975
99652,166.5,20.5,149.77783087912636
99653,166.5,21.0,150.94847867423653
99654,166.5,21.5,152.8642745897727
99655,166.5,22.0,147.81653614862762
99656,166.5,22.5,149.49152217956097
99657,166.5,23.0,146.90721791476065
99658,166.5,23.5,148.35432623598686
99659,166.5,24.0,151.22703282125366
99660,166.5,24.5,157.62648821404406
99661,166.5,25.0,150.77004402412265
99662,166.5,25.5,150.46813502042926
99663,166.5,26.0,147.9576103217059
99664,166.5,26.5,147.02778604177172
99665,166.5,27.0,153.4897597458485
99666,166.5,27.5,155.4316857499718
99667,166.5,28.0,150.2525335851445
99668,166.5,28.5,148.8115051955191
99669,166.5,29.0,155.97823959553054
99670,166.5,29.5,153.39153556613635
99671,166.5,30.0,151.01061593935484
99672,166.5,30.5,148.04703716508652
99673,166.5,31.0,148.98825691429394
99674,166.5,31.5,147.713927708325
99675,166.5,32.0,151.01118294492875
99676,166.5,32.5,150.43847762196904
99677,166.5,33.0,155.23318152575231
99678,166.5,33.5,154.81497974543643
99679,166.5,34.0,170.24786659834342
99680,166.5,34.5,163.4147561071373
99681,166.5,35.0,160.7258120225112
99682,166.5,35.5,151.03119880637948
99683,166.5,36.0,154.89657654195804
99684,166.5,36.5,151.35365382842957
99685,166.5,37.0,163.10008423763207
99686,166.5,38.0,167.75172349587717
99687,166.5,39.0,176.05978351202705
99688,167.0,-39.5,162.22723250973215
99689,167.0,-39.0,159.766456409408
99690,167.0,-37.0,150.54367428350116
99691,167.0,-36.5,149.7317601822478
99692,167.0,-36.0,148.24125615370752
99693,167.0,-35.5,147.56048544916996
99694,167.0,-35.0,150.87102948471528
99695,167.0,-34.5,149.61935291470303
99696,167.0,-34.0,152.42071540845873
99697,167.0,-33.5,156.80599855205676
99698,167.0,-33.0,151.23396675552365
99699,167.0,-32.5,151.52070012247697
99700,167.0,-32.0,150.52317410000214
99701,167.0,-31.5,153.3271182011087
99702,167.0,-31.0,150.51636599573757
99703,167.0,-30.5,163.27191763989998
99704,167.0,-30.0,148.38338337485928
99705,167.0,-29.5,150.14229651075723
99706,167.0,-29.0,148.37142383107118
99707,167.0,-28.5,147.067985424682
99708,167.0,-28.0,148.07038965266491
99709,167.0,-27.5,146.96717259666454
99710,167.0,-27.0,148.6369371830683
99711,167.0,-26.5,147.96531438895633
99712,167.0,-26.0,148.22587683258072
99713,167.0,-25.5,147.72722166046137
99714,167.0,-25.0,148.92415156445858
99715,167.0,-24.5,149.10981178213828
99716,167.0,-24.0,149.67213438069555
99717,167.0,-23.5,148.45848594514655
99718,167.0,-23.0,148.56429419960384
99719,167.0,-22.5,151.90990570626846
99720,167.0,-22.0,147.75263269360784
99721,167.0,-21.5,146.0753571323356
99722,167.0,-21.0,145.90763873813114
99723,167.0,-20.0,147.51436920537031
99724,167.0,-19.5,149.79611057232236
99725,167.0,-19.0,148.50916876703008
99726,167.0,-18.5,148.87298433864078
99727,167.0,-18.0,147.54716232591664
99728,167.0,-17.5,148.7090209238069
99729,167.0,-17.0,149.75147688760157
99730,167.0,-16.5,152.35428176440558
99731,167.0,-16.0,158.24575890748372
99732,167.0,-15.5,153.2322507145085
99733,167.0,-15.0,152.87385402799757
99734,167.0,-14.5,152.68495646534382
99735,167.0,-14.0,156.56463914572834
99736,167.0,-13.5,159.22751327152932
99737,167.0,-13.0,157.68933381990223
99738,167.0,-12.5,156.16298985309075
99739,167.0,-12.0,153.81290666704663
99740,167.0,-11.5,156.30605665296187
99741,167.0,-11.0,165.27291871477644
99742,167.0,-10.5,151.6927014927532
99743,167.0,-9.5,148.9354346390878
99744,167.0,-9.0,148.6446688645428
99745,167.0,-8.5,149.58519312624142
99746,167.0,-8.0,166.69445947700186
99747,167.0,-7.5,153.53130452977112
99748,167.0,-7.0,151.23390540005775
99749,167.0,-6.5,154.0524611436823
99750,167.0,-6.0,152.86282416275958
99751,167.0,-5.5,150.9784335704551
99752,167.0,-5.0,149.25468483183812
99753,167.0,-4.5,149.2426945498687
99754,167.0,-3.5,150.55028730298017
99755,167.0,-3.0,150.17769315637466
99756,167.0,-2.5,151.52292457467712
99757,167.0,-2.0,152.14395098249233
99758,167.0,-1.5,153.78663835688036
99759,167.0,-1.0,153.01564702596278
99760,167.0,-0.5,152.49639332803628
99761,167.0,0.0,155.59467469662047
99762,167.0,0.5,152.39168148145703
99763,167.0,1.0,149.24755994500399
99764,167.0,3.5,153.02401110932024
99765,167.0,4.0,152.67453235805328
99766,167.0,4.5,150.67442876527008
99767,167.0,5.0,160.55612204062413
99768,167.0,5.5,152.78401765534184
99769,167.0,6.0,151.87877650815162
99770,167.0,6.5,151.48888714232882
99771,167.0,7.0,150.4669274252472
99772,167.0,7.5,150.3321215007371
99773,167.0,8.0,149.2907074840472
99774,167.0,8.5,152.41533113083696
99775,167.0,9.0,152.45661949750982
99776,167.0,9.5,151.44025837185322
99777,167.0,10.0,150.99024873805106
99778,167.0,10.5,151.730089235582
99779,167.0,11.0,152.12568382900727
99780,167.0,11.5,154.8315249638673
99781,167.0,12.0,152.95475340015787
99782,167.0,12.5,154.56627106677442
99783,167.0,13.0,156.8518707826794
99784,167.0,13.5,154.0857966828212
99785,167.0,14.0,154.22681251788885
99786,167.0,14.5,154.09004366897605
99787,167.0,15.0,155.91221309021066
99788,167.0,15.5,156.209704515918
99789,167.0,16.0,155.47500565308542
99790,167.0,16.5,155.6225576675199
99791,167.0,17.0,154.949884258239
99792,167.0,17.5,153.20215304980667
99793,167.0,18.0,152.00432281194225
99794,167.0,18.5,154.18965505828737
99795,167.0,19.0,151.7758950657713
99796,167.0,19.5,150.9848791059741
99797,167.0,20.5,150.47460587201994
99798,167.0,21.0,149.52541492907875
99799,167.0,21.5,151.91260584598308
99800,167.0,22.0,151.76359390355273
99801,167.0,22.5,149.7769270003197
99802,167.0,23.0,149.70158875765034
99803,167.0,23.5,148.7670892409346
99804,167.0,24.0,152.00909523425332
99805,167.0,24.5,148.6860316982861
99806,167.0,25.0,151.50939105252974
99807,167.0,25.5,147.80833404771218
99808,167.0,26.0,149.10888837259736
99809,167.0,26.5,151.3549294736661
99810,167.0,27.0,152.50424759432505
99811,167.0,27.5,152.96452878055
99812,167.0,28.0,151.23566698651842
99813,167.0,28.5,148.77219116219817
99814,167.0,29.0,152.67971028551895
99815,167.0,29.5,154.79232144827716
99816,167.0,30.0,151.10523645747227
99817,167.0,30.5,151.2634264836246
99818,167.0,31.0,149.24577225409476
99819,167.0,31.5,150.1202551185959
99820,167.0,32.0,150.1954854877596
99821,167.0,32.5,150.22869578194195
99822,167.0,33.0,155.2170102601109
99823,167.0,33.5,155.223561856114
99824,167.0,34.0,175.6673983444405
99825,167.0,34.5,163.99089136866
99826,167.0,35.0,159.5235565735964
99827,167.0,35.5,150.4512563629984
99828,167.0,36.0,155.575498401898
99829,167.0,36.5,149.90309428470874
99830,167.0,37.0,161.92731889448055
99831,167.0,37.5,171.97671971271558
99832,167.0,38.0,166.9365436317914
99833,167.0,39.0,176.33807102511577
99834,167.0,39.5,175.98910383999086
99835,167.5,-39.0,159.36644632140784
99836,167.5,-37.0,150.08313711784646
99837,167.5,-36.5,149.8176078627485
99838,167.5,-36.0,147.97762611161477
99839,167.5,-35.5,146.89581972726094
99840,167.5,-35.0,150.79410365133086
99841,167.5,-34.5,148.98659095077105
99842,167.5,-34.0,150.69905915731854
99843,167.5,-33.5,155.9441733206548
99844,167.5,-33.0,152.66301876265103
99845,167.5,-32.5,151.79220090638967
99846,167.5,-32.0,151.557478202192
99847,167.5,-31.5,152.37327776564254
99848,167.5,-31.0,150.51567227387807
99849,167.5,-30.5,162.35773855831135
99850,167.5,-30.0,149.74574945756657
99851,167.5,-29.5,149.82268274556358
99852,167.5,-29.0,149.35796225001297
99853,167.5,-28.5,146.26801027935136
99854,167.5,-28.0,147.7126199203439
99855,167.5,-27.5,147.94158477249252
99856,167.5,-27.0,148.3311644929407
99857,167.5,-26.5,148.02254108010246
99858,167.5,-26.0,147.9661095507319
99859,167.5,-25.5,147.2646293525864
99860,167.5,-25.0,150.07589554638759
99861,167.5,-24.5,148.66229240071584
99862,167.5,-24.0,149.89242693128693
99863,167.5,-23.5,147.9281434335509
99864,167.5,-23.0,148.0820232419359
99865,167.5,-22.5,148.191271756194
99866,167.5,-22.0,147.332024770745
99867,167.5,-21.5,146.0072594901594
99868,167.5,-21.0,145.21160238096027
99869,167.5,-20.5,149.3707903243829
99870,167.5,-20.0,147.7994224868534
99871,167.5,-19.5,145.89583040710087
99872,167.5,-19.0,149.27220686936883
99873,167.5,-18.5,149.3763590385861
99874,167.5,-18.0,147.6596240039098
99875,167.5,-17.5,149.5293109527138
99876,167.5,-17.0,151.80762486142766
99877,167.5,-16.5,154.85289158426386
99878,167.5,-16.0,149.481327094878
99879,167.5,-15.5,155.017310294764
99880,167.5,-15.0,152.97535548916522
99881,167.5,-14.5,156.29900054592366
99882,167.5,-14.0,156.62279865642913
99883,167.5,-12.5,154.63047257976623
99884,167.5,-12.0,152.8141674609638
99885,167.5,-11.5,146.92192757733432
99886,167.5,-11.0,159.401080733914
99887,167.5,-10.5,151.31065042355755
99888,167.5,-9.5,149.1318019966086
99889,167.5,-9.0,150.25217288172635
99890,167.5,-8.5,150.05800067031674
99891,167.5,-8.0,153.10879940203014
99892,167.5,-7.5,163.92076328784262
99893,167.5,-7.0,154.79028439365015
99894,167.5,-6.5,152.60102186371387
99895,167.5,-6.0,151.3402508364225
99896,167.5,-5.5,147.1455014663601
99897,167.5,-5.0,150.0943174079643
99898,167.5,-4.5,149.74935527230335
99899,167.5,-3.5,149.6666792611479
99900,167.5,-3.0,150.515810626422
99901,167.5,-2.5,152.31286169464983
99902,167.5,-2.0,153.43570622268123
99903,167.5,-1.5,153.62805636799587
99904,167.5,-1.0,153.12332294277056
99905,167.5,-0.5,154.73697662514905
99906,167.5,0.0,153.33666017242933
99907,167.5,1.0,149.84253651776666
99908,167.5,1.5,150.4126586010211
99909,167.5,3.0,154.31661474346583
99910,167.5,3.5,154.19535425188954
99911,167.5,4.5,151.27848323273238
99912,167.5,5.0,156.9220774805238
99913,167.5,5.5,157.9312735172199
99914,167.5,6.0,151.75087856270136
99915,167.5,6.5,150.88912317953063
99916,167.5,7.0,151.23541930447982
99917,167.5,7.5,150.67191893966535
99918,167.5,8.5,150.007017685337
99919,167.5,9.0,153.0869448771893
99920,167.5,9.5,151.2764755870865
99921,167.5,10.0,150.9794805776232
99922,167.5,11.0,152.4886535227706
99923,167.5,11.5,152.91027815945466
99924,167.5,12.0,152.13618735484255
99925,167.5,12.5,153.23698229072664
99926,167.5,13.0,156.50306350216735
99927,167.5,13.5,156.5650009707938
99928,167.5,14.0,154.50464325677834
99929,167.5,14.5,155.19895086514953
99930,167.5,15.0,155.3339013657159
99931,167.5,15.5,156.98815760068197
99932,167.5,16.0,156.48425565292712
99933,167.5,16.5,155.7534370387664
99934,167.5,17.0,156.17449059039214
99935,167.5,17.5,152.82643825371696
99936,167.5,18.0,152.212050863581
99937,167.5,18.5,153.46576961207208
99938,167.5,19.0,153.7508794646334
99939,167.5,19.5,152.31073245606336
99940,167.5,20.0,148.2974252227326
99941,167.5,20.5,150.00447827984996
99942,167.5,21.0,148.3381457892541
99943,167.5,21.5,150.0459692058477
99944,167.5,22.0,152.97355248145573
99945,167.5,22.5,150.75120563414208
99946,167.5,23.0,149.54802879819212
99947,167.5,23.5,152.7704374054372
99948,167.5,24.0,150.08005317664703
99949,167.5,24.5,149.7596792627095
99950,167.5,25.0,151.21744453570585
99951,167.5,25.5,147.52774765101796
99952,167.5,26.0,148.54302245660168
99953,167.5,26.5,153.44659541086125
99954,167.5,27.0,146.7891151486836
99955,167.5,27.5,150.7164053404864
99956,167.5,28.0,151.72187353771656
99957,167.5,28.5,150.25471771733095
99958,167.5,29.0,150.46971775845498
99959,167.5,29.5,154.4232401398331
99960,167.5,30.0,152.50854152628926
99961,167.5,30.5,151.77950116197908
99962,167.5,31.0,147.92965909712856
99963,167.5,31.5,148.77201706132612
99964,167.5,32.0,150.78099527907813
99965,167.5,32.5,149.3574136951906
99966,167.5,33.0,154.54064431610144
99967,167.5,34.5,164.10083708673932
99968,167.5,35.0,161.41036655381296
99969,167.5,35.5,150.04743192238243
99970,167.5,36.0,156.56842995573192
99971,167.5,36.5,155.15666476597383
99972,167.5,37.0,158.00997332644195
99973,167.5,37.5,172.01344620688246
99974,167.5,38.0,166.1594731108907
99975,167.5,39.0,176.69180064981748
99976,167.5,39.5,176.38960499951267
99977,168.0,-39.0,159.02648124715793
99978,168.0,-37.0,151.09105467903208
99979,168.0,-36.5,149.66797798055006
99980,168.0,-36.0,147.99213692049653
99981,168.0,-35.5,146.82850166137783
99982,168.0,-35.0,149.92158492166092
99983,168.0,-34.5,148.82091638819153
99984,168.0,-34.0,150.98239499726222
99985,168.0,-33.5,153.85893463859955
99986,168.0,-33.0,151.35337756890348
99987,168.0,-32.5,151.3309080238642
99988,168.0,-32.0,151.920907175811
99989,168.0,-31.5,153.02996565166535
99990,168.0,-31.0,147.56366578018435
99991,168.0,-30.5,159.39951737282016
99992,168.0,-30.0,150.27962592758814
99993,168.0,-29.5,149.8687856439182
99994,168.0,-29.0,146.77533235656782
99995,168.0,-28.5,146.7554969094366
99996,168.0,-28.0,147.43774155911035
99997,168.0,-27.5,149.14067319569662
99998,168.0,-27.0,148.32953198645606
99999,168.0,-26.5,148.3080896869983
100000,168.0,-26.0,147.189052569524
100001,168.0,-25.5,148.1501663836037
100002,168.0,-25.0,149.57794844705774
100003,168.0,-24.5,148.85565117670436
100004,168.0,-24.0,148.79007366035168
100005,168.0,-23.5,149.37372411830734
100006,168.0,-23.0,147.84370318497952
100007,168.0,-22.5,147.12841555429384
100008,168.0,-22.0,146.93267444542283
100009,168.0,-21.5,147.4591880611259
100010,168.0,-21.0,145.41013881764192
100011,168.0,-20.5,148.07796804802211
100012,168.0,-20.0,145.88492750964883
100013,168.0,-19.5,145.84575825320493
100014,168.0,-19.0,147.00278523766286
100015,168.0,-18.5,149.43136854302753
100016,168.0,-18.0,148.36320252222066
100017,168.0,-17.5,148.84329668972688
100018,168.0,-17.0,154.55967600479835
100019,168.0,-16.5,159.9582379341967
100020,168.0,-16.0,149.61870354195668
100021,168.0,-15.5,157.34413050168263
100022,168.0,-15.0,153.91686997454346
100023,168.0,-14.5,157.0489981186969
100024,168.0,-14.0,157.35703521011558
100025,168.0,-13.5,156.28859990377802
100026,168.0,-13.0,157.4560004968855
100027,168.0,-12.5,153.35422473389488
100028,168.0,-12.0,149.04330931240875
100029,168.0,-11.0,151.8085313410641
100030,168.0,-10.5,164.9946362736479
100031,168.0,-10.0,149.07412491597992
100032,168.0,-9.5,148.98067856002478
100033,168.0,-9.0,150.95559555141057
100034,168.0,-8.5,154.22713915731475
100035,168.0,-8.0,151.0463737481179
100036,168.0,-7.5,177.76818019898315
100037,168.0,-7.0,153.58267237799345
100038,168.0,-6.5,151.04552639366338
100039,168.0,-6.0,146.59650159437405
100040,168.0,-5.5,148.88722940244023
100041,168.0,-5.0,152.0213767794589
100042,168.0,-4.5,150.49296685676532
100043,168.0,-4.0,149.60945620048895
100044,168.0,-3.5,149.19454224547337
100045,168.0,-3.0,152.43955703066726
100046,168.0,-2.5,153.32041481973712
100047,168.0,-2.0,153.9700850497471
100048,168.0,-1.5,153.20884531294723
100049,168.0,-1.0,154.32597267061428
100050,168.0,-0.5,155.1414225209364
100051,168.0,0.0,150.93197410701407
100052,168.0,0.5,150.92513529311287
100053,168.0,1.5,150.1710476311775
100054,168.0,2.5,155.61402013242954
100055,168.0,3.0,154.7899876173337
100056,168.0,3.5,155.77430009537076
100057,168.0,4.5,154.559329290097
100058,168.0,5.0,151.77074622251976
100059,168.0,5.5,153.52531367043423
100060,168.0,6.0,151.7400593255762
100061,168.0,6.5,151.89656690337932
100062,168.0,7.0,151.0277738206608
100063,168.0,7.5,151.03349617301566
100064,168.0,8.0,151.36409653296948
100065,168.0,8.5,151.89591792203998
100066,168.0,9.0,150.80624611643327
100067,168.0,9.5,150.985278984263
100068,168.0,10.0,150.79114983424665
100069,168.0,10.5,151.5412744103089
100070,168.0,11.0,152.45035933059006
100071,168.0,11.5,152.39045803095132
100072,168.0,12.0,151.23335821923732
100073,168.0,12.5,155.08767901062765
100074,168.0,13.5,156.61183547679627
100075,168.0,14.0,155.0016903503378
100076,168.0,14.5,156.14700089012825
100077,168.0,15.0,155.62083178833967
100078,168.0,16.0,157.26970936289453
100079,168.0,16.5,156.84746472035005
100080,168.0,17.0,154.3234071327415
100081,168.0,17.5,153.82620608933706
100082,168.0,18.0,152.9516641449116
100083,168.0,18.5,152.50376245929814
100084,168.0,19.0,153.71568620194577
100085,168.0,19.5,153.1486900117904
100086,168.0,20.0,149.4046969853573
100087,168.0,20.5,149.70058513977892
100088,168.0,21.0,148.17696394046783
100089,168.0,21.5,149.5967999404135
100090,168.0,22.0,152.40507071109795
100091,168.0,22.5,152.1432373633349
100092,168.0,23.0,148.58635159869797
100093,168.0,23.5,153.9175126031545
100094,168.0,24.0,149.4732349184711
100095,168.0,24.5,149.8650958069644
100096,168.0,25.0,146.70590359518891
100097,168.0,25.5,147.40057089205672
100098,168.0,26.0,148.16699848034648
100099,168.0,26.5,152.92646138297272
100100,168.0,27.0,147.9235245087064
100101,168.0,27.5,149.53546709396338
100102,168.0,28.0,150.76011931856422
100103,168.0,28.5,154.52412530629624
100104,168.0,29.0,149.96658173735483
100105,168.0,29.5,152.7745482022156
100106,168.0,30.0,155.14518698711493
100107,168.0,30.5,151.34564655261948
100108,168.0,31.0,151.08774308388803
100109,168.0,31.5,148.53797980297168
100110,168.0,32.0,149.88120639061341
100111,168.0,32.5,149.58203010386995
100112,168.0,33.0,154.76218249454516
100113,168.0,34.5,162.91873086679524
100114,168.0,35.0,160.52574749032345
100115,168.0,35.5,150.66128627384492
100116,168.0,36.0,155.67122804168423
100117,168.0,36.5,157.68777572358505
100118,168.0,37.0,148.72740776959918
100119,168.0,37.5,172.2610680713821
100120,168.0,38.0,167.3134417174321
100121,168.0,39.0,176.87756493657088
100122,168.0,39.5,176.46188469256214
100123,168.5,-37.0,151.30757924018698
100124,168.5,-36.5,149.08905845309366
100125,168.5,-36.0,147.79493211953294
100126,168.5,-35.0,149.32638346621772
100127,168.5,-34.5,148.15752122488834
100128,168.5,-34.0,151.19028767367044
100129,168.5,-33.5,153.00231522397897
100130,168.5,-33.0,150.63604963353293
100131,168.5,-32.5,150.61020676886523
100132,168.5,-32.0,151.41703946841102
100133,168.5,-31.5,154.08833414375104
100134,168.5,-31.0,153.67856675417474
100135,168.5,-30.5,157.05641820208126
100136,168.5,-30.0,147.74230343204943
100137,168.5,-29.5,148.96038065569454
100138,168.5,-29.0,147.17069590218097
100139,168.5,-28.5,146.84239609788514
100140,168.5,-28.0,150.76647440004146
100141,168.5,-27.5,148.73583313206277
100142,168.5,-27.0,149.05816613385028
100143,168.5,-26.5,147.681468532664
100144,168.5,-26.0,147.47351258767358
100145,168.5,-25.5,148.1156466680179
100146,168.5,-25.0,148.38419143280575
100147,168.5,-24.5,148.976229092428
100148,168.5,-24.0,148.21167896064912
100149,168.5,-23.5,149.07856802291607
100150,168.5,-23.0,146.8512725826492
100151,168.5,-22.5,146.66719177805555
100152,168.5,-22.0,147.09997645413816
100153,168.5,-21.5,147.85707343082163
100154,168.5,-21.0,146.96471139853384
100155,168.5,-20.5,152.5859893725642
100156,168.5,-20.0,145.75036633858565
100157,168.5,-19.5,146.9393757318641
100158,168.5,-19.0,146.36923443572095
100159,168.5,-18.5,149.02743471043476
100160,168.5,-18.0,150.1170427447726
100161,168.5,-17.5,148.52921844210599
100162,168.5,-17.0,150.3753046573315
100163,168.5,-16.5,151.27141839794731
100164,168.5,-16.0,148.6419268550602
100165,168.5,-15.5,151.8014580559039
100166,168.5,-15.0,154.5095749552771
100167,168.5,-14.5,156.10936457702908
100168,168.5,-14.0,155.19180895365488
100169,168.5,-13.5,156.176564217265
100170,168.5,-13.0,152.43628698987575
100171,168.5,-12.5,152.47387405911897
100172,168.5,-11.5,150.96276129178747
100173,168.5,-10.5,157.5483262146267
100174,168.5,-10.0,154.74596012609135
100175,168.5,-9.5,150.88725229457614
100176,168.5,-9.0,151.5981676025178
100177,168.5,-8.5,152.45186148266183
100178,168.5,-8.0,151.0887047636762
100179,168.5,-7.5,156.15454898644683
100180,168.5,-7.0,152.19936959926727
100181,168.5,-6.5,152.43423615464584
100182,168.5,-6.0,147.88086074206066
100183,168.5,-5.5,152.26732346376082
100184,168.5,-4.5,149.62699256517402
100185,168.5,-4.0,150.51150013160745
100186,168.5,-3.5,152.03893688294562
100187,168.5,-3.0,152.86666747275532
100188,168.5,-2.5,155.0755350432294
100189,168.5,-2.0,154.80570664962386
100190,168.5,-1.5,153.58066351170922
100191,168.5,-1.0,155.4065079470531
100192,168.5,-0.5,154.10872428119023
100193,168.5,0.5,151.685844800447
100194,168.5,1.0,152.06022251167602
100195,168.5,1.5,150.63370078544904
100196,168.5,2.0,151.73413992285347
100197,168.5,2.5,155.4527841424132
100198,168.5,3.0,155.47792043331333
100199,168.5,4.0,156.42343530589312
100200,168.5,4.5,154.72688861986364
100201,168.5,5.0,151.58887424022896
100202,168.5,5.5,152.27540150283238
100203,168.5,6.0,150.3287453807486
100204,168.5,6.5,151.63669190600092
100205,168.5,7.0,151.64365884846504
100206,168.5,7.5,150.90527979775476
100207,168.5,8.0,151.050153111538
100208,168.5,8.5,150.94159497993127
100209,168.5,9.0,150.41080543503634
100210,168.5,9.5,149.32464531442625
100211,168.5,10.0,150.8887270068441
100212,168.5,10.5,151.59463981647107
100213,168.5,11.0,151.4058670281928
100214,168.5,11.5,151.28890342673722
100215,168.5,12.0,154.61593286769698
100216,168.5,12.5,154.82936039797903
100217,168.5,13.0,154.15637451515653
100218,168.5,13.5,157.02422688396769
100219,168.5,14.0,156.97058156130242
100220,168.5,14.5,156.4168877472635
100221,168.5,15.0,156.56458533927182
100222,168.5,15.5,157.24071078899865
100223,168.5,16.0,158.799215319455
100224,168.5,16.5,157.26707035461635
100225,168.5,17.0,154.3518445185626
100226,168.5,17.5,154.75988519602893
100227,168.5,18.0,152.5881659301927
100228,168.5,18.5,152.77302887535959
100229,168.5,19.0,152.8968780037832
100230,168.5,19.5,151.02662581887824
100231,168.5,20.0,151.3150043763495
100232,168.5,20.5,148.35882067765846
100233,168.5,21.0,148.07000142231428
100234,168.5,21.5,149.53897546301206
100235,168.5,22.0,151.50592591203517
100236,168.5,22.5,151.4440570090695
100237,168.5,23.0,152.34467105374068
100238,168.5,23.5,149.67283255075262
100239,168.5,24.0,152.8691136756529
100240,168.5,24.5,149.03988208910215
100241,168.5,25.0,147.90139124624494
100242,168.5,26.0,152.70305965334674
100243,168.5,26.5,148.1063904149372
100244,168.5,27.0,150.24434810022905
100245,168.5,27.5,147.66712497559757
100246,168.5,28.0,149.48020681897893
100247,168.5,28.5,154.15048795878818
100248,168.5,29.0,152.10157368602927
100249,168.5,29.5,153.1979939293093
100250,168.5,30.0,149.72157161456164
100251,168.5,30.5,157.56461490568145
100252,168.5,31.0,150.79494748660386
100253,168.5,31.5,148.73798049238636
100254,168.5,32.0,149.25482007107726
100255,168.5,32.5,150.4423357732663
100256,168.5,33.0,153.79332149784028
100257,168.5,33.5,155.402942036246
100258,168.5,34.5,163.10826971964275
100259,168.5,35.0,158.67122347059046
100260,168.5,35.5,153.701501489059
100261,168.5,36.0,154.6954667438143
100262,168.5,36.5,157.69119102871164
100263,168.5,37.0,160.2378597644562
100264,168.5,37.5,172.37559464544506
100265,168.5,38.0,168.05337784231796
100266,168.5,39.0,177.12374070991214
100267,168.5,39.5,176.88414755009003
100268,169.0,-37.0,150.9679166180398
100269,169.0,-36.5,149.0907620873378
100270,169.0,-36.0,148.05177225388135
100271,169.0,-35.0,149.1978552775134
100272,169.0,-34.5,147.90462791766376
100273,169.0,-34.0,151.78182925462733
100274,169.0,-33.5,149.77143014944636
100275,169.0,-33.0,151.90486420457088
100276,169.0,-32.5,150.27714521250482
100277,169.0,-32.0,151.79514016731093
100278,169.0,-31.5,153.4860439744917
100279,169.0,-31.0,153.57560874365083
100280,169.0,-30.5,155.01877679187268
100281,169.0,-30.0,151.6049410174687
100282,169.0,-29.5,148.9453882852097
100283,169.0,-29.0,147.00728852314782
100284,169.0,-28.5,146.80208599680708
100285,169.0,-28.0,149.81525091590208
100286,169.0,-27.5,149.5776146214947
100287,169.0,-27.0,149.00272045366637
100288,169.0,-26.5,147.14093292907862
100289,169.0,-26.0,148.22202102953838
100290,169.0,-25.5,147.83066173233522
100291,169.0,-25.0,148.55053301591946
100292,169.0,-24.5,148.57197945684624
100293,169.0,-24.0,148.9540452743597
100294,169.0,-23.5,147.6762224506912
100295,169.0,-23.0,146.9876904124479
100296,169.0,-22.5,145.91064526196433
100297,169.0,-22.0,147.55994177357417
100298,169.0,-21.5,146.76056722155712
100299,169.0,-21.0,149.7452284090563
100300,169.0,-20.5,160.9808019427452
100301,169.0,-20.0,145.5767122805437
100302,169.0,-19.5,146.94708462938814
100303,169.0,-19.0,146.83754444839107
100304,169.0,-18.5,147.94986206269817
100305,169.0,-18.0,149.72140593518344
100306,169.0,-17.5,150.59383255191534
100307,169.0,-17.0,148.5526359833083
100308,169.0,-16.5,151.75236917081708
100309,169.0,-16.0,152.13495604008241
100310,169.0,-15.5,150.39132596728084
100311,169.0,-14.5,154.97681185212176
100312,169.0,-14.0,155.57040213465277
100313,169.0,-13.5,155.8006416468735
100314,169.0,-13.0,152.44951683288622
100315,169.0,-12.5,162.9803588558039
100316,169.0,-12.0,151.05462910249952
100317,169.0,-11.5,150.98844597870055
100318,169.0,-11.0,149.4898674912479
100319,169.0,-10.5,148.82486686538925
100320,169.0,-10.0,158.91902264893872
100321,169.0,-9.5,149.5486252560879
100322,169.0,-9.0,152.96390462797117
100323,169.0,-8.5,151.1815946570881
100324,169.0,-7.5,153.1237943193443
100325,169.0,-7.0,151.91093129357122
100326,169.0,-6.5,149.05712545541854
100327,169.0,-6.0,151.77976891597666
100328,169.0,-4.5,149.55851304202642
100329,169.0,-4.0,152.65237149709995
100330,169.0,-3.5,151.54537940367445
100331,169.0,-3.0,154.90942631533716
100332,169.0,-2.5,155.66393785185636
100333,169.0,-2.0,153.90761611830158
100334,169.0,-1.5,154.61608421699634
100335,169.0,-1.0,153.64307422470762
100336,169.0,1.0,151.83490175021234
100337,169.0,1.5,152.1112532436992
100338,169.0,2.0,153.44274224993134
100339,169.0,2.5,155.66673406438153
100340,169.0,3.5,157.96141363211981
100341,169.0,4.0,156.07232822044898
100342,169.0,4.5,153.2915858837597
100343,169.0,5.0,152.08020893943254
100344,169.0,5.5,151.133797926941
100345,169.0,6.0,150.825002026161
100346,169.0,7.0,152.06952703168636
100347,169.0,8.0,151.16169549662445
100348,169.0,8.5,150.93062959205145
100349,169.0,9.0,150.56143238930474
100350,169.0,9.5,151.3662186234674
100351,169.0,10.0,152.1965928861208
100352,169.0,10.5,151.33893836455596
100353,169.0,11.0,150.08545401382366
100354,169.0,11.5,152.93461636636198
100355,169.0,12.0,156.3062147050238
100356,169.0,13.0,152.99654999410296
100357,169.0,13.5,152.6170981306131
100358,169.0,14.0,158.0830213063968
100359,169.0,14.5,158.05668746807572
100360,169.0,15.0,156.73935217104972
100361,169.0,15.5,156.57670854393749
100362,169.0,16.0,156.0020361499382
100363,169.0,16.5,157.24824170694401
100364,169.0,17.0,156.94155232930265
100365,169.0,17.5,153.84745461785195
100366,169.0,18.0,154.7338973275449
100367,169.0,18.5,151.90602217622856
100368,169.0,19.0,152.724593555653
100369,169.0,19.5,149.62951646694572
100370,169.0,20.0,152.5998616057095
100371,169.0,20.5,148.47910487183964
100372,169.0,21.0,148.33308967803328
100373,169.0,21.5,148.389595079079
100374,169.0,22.0,150.73458875381107
100375,169.0,22.5,151.4104563827592
100376,169.0,23.0,152.32057892549037
100377,169.0,23.5,148.60751476016665
100378,169.0,24.0,152.1841118850569
100379,169.0,24.5,149.49385841451766
100380,169.0,25.0,147.9503409989858
100381,169.0,25.5,153.0242096756225
100382,169.0,26.0,153.44492578712493
100383,169.0,26.5,149.05215982907086
100384,169.0,27.0,149.87949659893894
100385,169.0,27.5,145.57404432077627
100386,169.0,28.0,150.80986558376748
100387,169.0,28.5,151.0397131158583
100388,169.0,29.0,153.90400790760856
100389,169.0,29.5,151.1730370803304
100390,169.0,30.0,154.08688893935155
100391,169.0,30.5,154.21459649357982
100392,169.0,31.0,149.3579666811941
100393,169.0,31.5,148.62069987700968
100394,169.0,32.0,149.56191066115144
100395,169.0,32.5,152.12102873528065
100396,169.0,33.0,154.20422979346412
100397,169.0,33.5,155.42119079016496
100398,169.0,34.5,158.8269847650446
100399,169.0,35.0,161.07435216471742
100400,169.0,35.5,154.44279011294944
100401,169.0,36.0,156.19552650652636
100402,169.0,36.5,159.88313250650324
100403,169.0,37.0,157.06353527602027
100404,169.0,38.0,168.47023285657917
100405,169.0,39.0,177.27718354638662
100406,169.0,39.5,177.229238230748
100407,169.5,-37.0,151.01126242097368
100408,169.5,-36.5,149.6176421071224
100409,169.5,-36.0,147.8273820820125
100410,169.5,-35.0,149.1424416835056
100411,169.5,-34.5,147.93504525023945
100412,169.5,-34.0,154.05435616625473
100413,169.5,-33.5,151.3403670651068
100414,169.5,-33.0,151.7891567234673
100415,169.5,-32.5,149.5909124159374
100416,169.5,-32.0,151.1031612001335
100417,169.5,-31.5,155.0138579129767
100418,169.5,-31.0,148.89260365893998
100419,169.5,-30.5,152.9201978080896
100420,169.5,-30.0,150.16732300356554
100421,169.5,-29.5,148.54048620047726
100422,169.5,-29.0,147.04620970301633
100423,169.5,-28.5,146.74509561698443
100424,169.5,-28.0,149.66838149763433
100425,169.5,-27.5,150.1551787238052
100426,169.5,-27.0,148.33166870180386
100427,169.5,-26.5,148.50400151030038
100428,169.5,-26.0,147.51207065036294
100429,169.5,-25.5,148.45180521183838
100430,169.5,-25.0,147.7452996833661
100431,169.5,-24.5,148.61880337368302
100432,169.5,-24.0,147.71122142083968
100433,169.5,-23.5,146.97543380171834
100434,169.5,-23.0,148.00885991515582
100435,169.5,-22.5,146.99580368830362
100436,169.5,-22.0,146.72034798929687
100437,169.5,-21.5,146.63074374081214
100438,169.5,-21.0,157.88976766941474
100439,169.5,-20.5,146.23411863816884
100440,169.5,-20.0,146.26780496073673
100441,169.5,-19.5,146.32851577291103
100442,169.5,-19.0,147.10069972333258
100443,169.5,-18.5,147.58663889959143
100444,169.5,-18.0,149.76948166906837
100445,169.5,-17.5,148.9455839970314
100446,169.5,-17.0,148.8648070103412
100447,169.5,-16.5,149.0348951533965
100448,169.5,-16.0,153.39139164141565
100449,169.5,-15.5,149.16772321357388
100450,169.5,-15.0,150.28650092626148
100451,169.5,-14.0,154.05946900396088
100452,169.5,-13.5,150.13162794441823
100453,169.5,-13.0,153.18699184547492
100454,169.5,-12.5,157.9413733695527
100455,169.5,-12.0,150.92416628525422
100456,169.5,-11.0,149.17617169446237
100457,169.5,-10.5,148.17512260919284
100458,169.5,-10.0,149.10441318305143
100459,169.5,-9.5,151.97312555190805
100460,169.5,-9.0,150.82627821741988
100461,169.5,-8.0,152.68445856341455
100462,169.5,-7.5,151.44886717971096
100463,169.5,-7.0,150.51263365219393
100464,169.5,-6.5,152.9751419821804
100465,169.5,-6.0,152.76350246157108
100466,169.5,-5.5,150.80304672268738
100467,169.5,-5.0,150.01358808881034
100468,169.5,-4.0,150.2238330132868
100469,169.5,-3.5,152.09774399161014
100470,169.5,-3.0,153.9746136465939
100471,169.5,-2.5,154.92228370757675
100472,169.5,-2.0,156.22991504424127
100473,169.5,-1.5,153.79772951688787
100474,169.5,-1.0,152.54932110721694
100475,169.5,-0.5,151.87068423814463
100476,169.5,1.5,153.31052615218977
100477,169.5,2.0,154.35701999626014
100478,169.5,2.5,153.13142387140232
100479,169.5,3.0,158.14584667347032
100480,169.5,3.5,158.61606550611634
100481,169.5,4.0,153.42712213613095
100482,169.5,4.5,152.86554754696843
100483,169.5,5.0,151.882821506509
100484,169.5,6.0,151.54249668488225
100485,169.5,7.0,152.30002179139703
100486,169.5,7.5,152.1713946449539
100487,169.5,8.0,151.25229352577296
100488,169.5,8.5,151.08162307232396
100489,169.5,9.0,153.21855380822086
100490,169.5,9.5,152.8278681635154
100491,169.5,10.0,151.58791678162316
100492,169.5,10.5,149.95325619567325
100493,169.5,11.0,151.1814963325211
100494,169.5,11.5,151.3050199056643
100495,169.5,13.5,152.4585830225003
100496,169.5,14.5,158.74925757540643
100497,169.5,15.0,154.3615136446356
100498,169.5,15.5,157.73256212773185
100499,169.5,16.0,156.46406739536513
100500,169.5,16.5,157.82817750667292
100501,169.5,17.0,155.5147919725795
100502,169.5,17.5,154.98615015329494
100503,169.5,18.0,153.73359994022087
100504,169.5,18.5,154.61264619684695
100505,169.5,19.0,152.49415132152797
100506,169.5,19.5,150.8397270192643
100507,169.5,20.0,151.65219494842398
100508,169.5,20.5,149.17334444643845
100509,169.5,21.0,148.40291750313054
100510,169.5,21.5,150.6590849659874
100511,169.5,22.0,152.38755445371189
100512,169.5,22.5,154.26425697532846
100513,169.5,23.0,151.103615096696
100514,169.5,23.5,152.39448341545992
100515,169.5,24.0,148.69703963117072
100516,169.5,24.5,150.6565943382543
100517,169.5,25.0,148.439520660352
100518,169.5,25.5,153.66966115472863
100519,169.5,26.0,145.93108861604176
100520,169.5,26.5,149.55751100736498
100521,169.5,27.0,150.33515094908546
100522,169.5,27.5,145.36316308464495
100523,169.5,28.0,151.5898370180373
100524,169.5,28.5,150.98845303513608
100525,169.5,29.0,152.77212830349274
100526,169.5,29.5,153.16467798313465
100527,169.5,30.0,156.13431758287143
100528,169.5,30.5,153.54504384393718
100529,169.5,31.0,149.87630461520897
100530,169.5,31.5,148.03258222574675
100531,169.5,32.0,149.6074087974856
100532,169.5,32.5,152.52678413554418
100533,169.5,33.0,153.37504332702247
100534,169.5,33.5,155.69430743349452
100535,169.5,34.5,157.60753496796556
100536,169.5,35.0,162.54278826570678
100537,169.5,35.5,156.71793161400754
100538,169.5,36.0,156.93002761943188
100539,169.5,36.5,159.52758827921124
100540,169.5,37.0,161.63903998781296
100541,169.5,38.0,167.92388321407654
100542,169.5,39.0,177.4555126585442
100543,169.5,39.5,177.4275720215046
100544,170.0,-37.0,150.0208404000319
100545,170.0,-36.5,150.98514880238938
100546,170.0,-36.0,148.03748017360314
100547,170.0,-35.0,148.70105197392738
100548,170.0,-34.5,147.95742356007588
100549,170.0,-34.0,153.07996795102525
100550,170.0,-33.5,150.54440712932967
100551,170.0,-33.0,151.99576947901028
100552,170.0,-32.5,149.25509843111624
100553,170.0,-32.0,151.513491174226
100554,170.0,-31.5,155.1337620176047
100555,170.0,-31.0,147.85767234480215
100556,170.0,-30.5,149.54060016123276
100557,170.0,-30.0,149.43840140244328
100558,170.0,-29.5,147.97556876021622
100559,170.0,-29.0,147.3679869151992
100560,170.0,-28.5,149.91919140759816
100561,170.0,-28.0,148.73949295346344
100562,170.0,-27.5,150.31961695847312
100563,170.0,-27.0,148.32240517528206
100564,170.0,-26.5,148.52706530813225
100565,170.0,-26.0,147.37661319595853
100566,170.0,-25.5,148.4941726133844
100567,170.0,-25.0,147.31655015965129
100568,170.0,-24.5,148.44840050820642
100569,170.0,-24.0,147.89720595083907
100570,170.0,-23.5,147.44969425531957
100571,170.0,-23.0,146.76063584444339
100572,170.0,-22.5,150.4275394346
100573,170.0,-22.0,145.87189818778802
100574,170.0,-21.5,148.9731854647842
100575,170.0,-21.0,153.25486775981113
100576,170.0,-20.5,147.15668576257752
100577,170.0,-20.0,147.07442666304527
100578,170.0,-19.5,146.32290763118596
100579,170.0,-19.0,148.88965366091404
100580,170.0,-18.5,148.05833266680204
100581,170.0,-18.0,146.59033091050796
100582,170.0,-17.5,150.56218400382807
100583,170.0,-17.0,150.34529760704808
100584,170.0,-16.5,152.2583641001213
100585,170.0,-16.0,153.227270636641
100586,170.0,-15.5,153.1647506514259
100587,170.0,-15.0,150.01490698160694
100588,170.0,-14.5,151.75206358792377
100589,170.0,-14.0,149.8641718549045
100590,170.0,-13.5,150.47117625091832
100591,170.0,-12.5,152.17768403246478
100592,170.0,-12.0,150.94751850459244
100593,170.0,-11.5,149.7917129362647
100594,170.0,-11.0,148.65383718943485
100595,170.0,-10.5,149.00167894802544
100596,170.0,-9.5,150.74049438577865
100597,170.0,-9.0,150.08147788812582
100598,170.0,-8.5,153.19048542960172
100599,170.0,-8.0,152.10026774786212
100600,170.0,-7.0,150.4059000441205
100601,170.0,-6.5,156.1858002301861
100602,170.0,-5.5,150.56833173883388
100603,170.0,-5.0,151.12363623935792
100604,170.0,-4.5,152.0586977581751
100605,170.0,-4.0,151.87832520996022
100606,170.0,-3.5,152.7001683398875
100607,170.0,-3.0,154.5280438088516
100608,170.0,-2.5,155.34149299633606
100609,170.0,-2.0,156.7272625437096
100610,170.0,-1.5,153.23827725081406
100611,170.0,-1.0,152.06252615925717
100612,170.0,-0.5,152.2153959898286
100613,170.0,0.0,152.85042608206035
100614,170.0,1.0,152.24922484737888
100615,170.0,1.5,153.82083853212657
100616,170.0,2.0,154.39025778019055
100617,170.0,3.0,156.42470921079084
100618,170.0,3.5,153.8575157879176
100619,170.0,4.5,152.94427351403223
100620,170.0,6.0,150.83444558108516
100621,170.0,6.5,149.92521707962226
100622,170.0,7.5,151.9859036414185
100623,170.0,8.0,151.38751089449727
100624,170.0,8.5,151.12117594111203
100625,170.0,9.0,152.66203587742993
100626,170.0,9.5,152.73451895794798
100627,170.0,10.0,150.20640493211906
100628,170.0,10.5,150.88855214474125
100629,170.0,11.0,151.01181095364825
100630,170.0,11.5,151.82669454872297
100631,170.0,12.0,155.04619411465183
100632,170.0,13.5,153.41537252975226
100633,170.0,14.0,155.03590946797704
100634,170.0,14.5,150.97556487772508
100635,170.0,15.0,156.9565012637502
100636,170.0,15.5,156.08070408812887
100637,170.0,16.0,156.80600527694793
100638,170.0,16.5,156.75044700935243
100639,170.0,17.0,155.3544429718721
100640,170.0,17.5,154.57949218483085
100641,170.0,18.0,152.2925691185306
100642,170.0,18.5,153.7417009493996
100643,170.0,19.0,150.64300457451628
100644,170.0,19.5,152.54121236550884
100645,170.0,20.0,150.46247919920987
100646,170.0,20.5,152.02777736060838
100647,170.0,21.0,148.0641476038576
100648,170.0,21.5,150.65030431448184
100649,170.0,22.0,151.92147845379867
100650,170.0,22.5,154.90469851671514
100651,170.0,23.0,151.16813715373215
100652,170.0,23.5,151.65130830480027
100653,170.0,24.0,149.3585983848754
100654,170.0,24.5,149.38096288132346
100655,170.0,25.0,151.96500795490687
100656,170.0,25.5,154.1770462775628
100657,170.0,26.0,150.3004576304381
100658,170.0,26.5,148.7811701023541
100659,170.0,27.0,151.07067339068007
100660,170.0,27.5,145.82220439158544
100661,170.0,28.0,151.47074240680385
100662,170.0,28.5,150.5693960829164
100663,170.0,29.0,153.6759435344151
100664,170.0,29.5,150.9126719711584
100665,170.0,30.0,153.87511453584756
100666,170.0,30.5,151.97319989158123
100667,170.0,31.0,152.79542341129795
100668,170.0,31.5,147.21742949977275
100669,170.0,32.0,149.22863117413044
100670,170.0,32.5,153.53750587497927
100671,170.0,33.0,154.42068041920209
100672,170.0,34.5,157.55944309136848
100673,170.0,35.0,162.71931300135964
100674,170.0,35.5,158.1262518500291
100675,170.0,36.0,157.5900823702693
100676,170.0,36.5,159.3470624786524
100677,170.0,37.0,158.6299452907862
100678,170.0,38.0,167.00026472798282
100679,170.0,39.5,177.61023230381525
100680,170.5,-37.0,149.93097887909863
100681,170.5,-36.5,151.64466424653722
100682,170.5,-36.0,148.22877279230258
100683,170.5,-35.0,149.0834408755268
100684,170.5,-34.5,147.72736747282642
100685,170.5,-34.0,150.22756566403893
100686,170.5,-33.5,150.58269495905418
100687,170.5,-33.0,154.1670293293313
100688,170.5,-32.5,151.09408141874275
100689,170.5,-32.0,151.53793857736838
100690,170.5,-31.5,154.60240206079993
100691,170.5,-31.0,147.58290194455026
100692,170.5,-30.5,149.4296375133521
100693,170.5,-30.0,148.58242183365581
100694,170.5,-29.5,148.2338154552223
100695,170.5,-29.0,147.43823077527583
100696,170.5,-28.5,150.28700658522217
100697,170.5,-28.0,148.18001371506773
100698,170.5,-27.5,148.21011641815758
100699,170.5,-27.0,149.79663814987526
100700,170.5,-26.5,148.05620181959853
100701,170.5,-26.0,148.45638555042177
100702,170.5,-25.5,148.14176533954603
100703,170.5,-25.0,147.16189267973658
100704,170.5,-24.5,148.54037486011973
100705,170.5,-24.0,146.39966060703836
100706,170.5,-23.5,146.75801921216927
100707,170.5,-23.0,147.29161054710877
100708,170.5,-22.5,147.53104578922083
100709,170.5,-22.0,147.2232571009087
100710,170.5,-21.5,158.76803844511903
100711,170.5,-21.0,147.08279392800878
100712,170.5,-20.5,147.4917096712543
100713,170.5,-20.0,147.2265775593944
100714,170.5,-19.5,146.6782538087026
100715,170.5,-19.0,148.01126193715643
100716,170.5,-18.5,148.16064265320566
100717,170.5,-18.0,146.30033537099064
100718,170.5,-17.5,149.01163738854004
100719,170.5,-17.0,150.0785392500167
100720,170.5,-16.5,150.52073357125627
100721,170.5,-16.0,149.49322886736564
100722,170.5,-15.5,153.8414139540382
100723,170.5,-15.0,149.07796066678594
100724,170.5,-14.5,150.83867477219246
100725,170.5,-14.0,148.4875525643398
100726,170.5,-13.5,152.5268804490261
100727,170.5,-13.0,152.7133796071154
100728,170.5,-12.5,154.32119244365057
100729,170.5,-12.0,152.04977277657576
100730,170.5,-11.5,150.9833444842079
100731,170.5,-11.0,149.04121356172257
100732,170.5,-10.5,149.02210057425702
100733,170.5,-10.0,152.0867714077005
100734,170.5,-9.5,150.04247453345695
100735,170.5,-8.5,150.36332161600458
100736,170.5,-8.0,147.92015213722894
100737,170.5,-7.5,153.43644966152115
100738,170.5,-7.0,154.1158976849528
100739,170.5,-6.0,151.88250403103194
100740,170.5,-5.5,151.5131567483601
100741,170.5,-5.0,150.28026069593946
100742,170.5,-4.5,150.92035936186747
100743,170.5,-4.0,153.16946230964712
100744,170.5,-3.5,153.3039009910472
100745,170.5,-3.0,155.55481632354105
100746,170.5,-2.5,157.12774489181578
100747,170.5,-2.0,155.88503025162876
100748,170.5,-1.0,151.74030887726647
100749,170.5,-0.5,152.43576225157767
100750,170.5,0.0,153.4459985603668
100751,170.5,0.5,152.16375498731585
100752,170.5,1.0,151.5529054439981
100753,170.5,1.5,153.57386643217242
100754,170.5,2.0,156.3810111503827
100755,170.5,2.5,157.30825285602043
100756,170.5,3.0,155.2854438012476
100757,170.5,3.5,155.18167449342297
100758,170.5,4.0,153.97242821397154
100759,170.5,4.5,150.71475087800988
100760,170.5,5.0,173.25272625832545
100761,170.5,6.5,149.5379973960748
100762,170.5,7.0,151.39051021808342
100763,170.5,7.5,151.5915928267943
100764,170.5,8.0,151.8272887819506
100765,170.5,8.5,152.60694953331466
100766,170.5,9.0,151.84271823371145
100767,170.5,9.5,151.27101711302845
100768,170.5,10.0,149.77058877575558
100769,170.5,10.5,150.88354393494333
100770,170.5,11.0,150.77443148195673
100771,170.5,11.5,151.30043632728797
100772,170.5,12.0,154.1014815983239
100773,170.5,12.5,158.98665685677122
100774,170.5,13.5,156.03375519798027
100775,170.5,14.0,153.0385318088436
100776,170.5,14.5,151.98302789133047
100777,170.5,15.0,153.05272472035793
100778,170.5,15.5,154.73879808459503
100779,170.5,16.0,156.3538205539753
100780,170.5,16.5,154.2360581995777
100781,170.5,17.0,154.07461794617737
100782,170.5,17.5,152.5278220635008
100783,170.5,18.5,152.2017987212391
100784,170.5,19.0,153.62864943774704
100785,170.5,19.5,152.77010527750224
100786,170.5,20.0,150.15600858335722
100787,170.5,20.5,152.98705837808535
100788,170.5,21.0,150.2935376876253
100789,170.5,21.5,150.98956488535813
100790,170.5,22.0,153.75591780652795
100791,170.5,22.5,153.99965633789577
100792,170.5,23.0,152.48285280015023
100793,170.5,23.5,149.67525145975455
100794,170.5,24.0,150.37362476567515
100795,170.5,24.5,149.88519643992842
100796,170.5,25.0,155.91649988110686
100797,170.5,25.5,148.29192195198712
100798,170.5,26.0,150.3266611506795
100799,170.5,26.5,149.31426444014787
100800,170.5,27.0,147.21224414920854
100801,170.5,27.5,152.37505416159323
100802,170.5,28.0,150.33646940140798
100803,170.5,28.5,150.21795512017317
100804,170.5,29.0,153.18004440906267
100805,170.5,29.5,153.40767090220413
100806,170.5,30.0,152.0335995012309
100807,170.5,30.5,151.58925380967057
100808,170.5,31.0,152.27044073626826
100809,170.5,31.5,146.58269204763263
100810,170.5,32.0,151.8113844847108
100811,170.5,32.5,149.5309530032824
100812,170.5,33.0,152.4321598768368
100813,170.5,34.0,153.44786227395102
100814,170.5,34.5,156.630849569677
100815,170.5,35.0,161.59789657109363
100816,170.5,35.5,159.71498997729586
100817,170.5,36.0,157.77437176088677
100818,170.5,36.5,156.61161046198052
100819,170.5,37.0,153.87919071986772
100820,170.5,38.0,165.85492862967786
100821,170.5,39.5,177.7707901939622
100822,170.5,40.5,179.47547338019726
100823,171.0,-37.0,150.07168608060283
100824,171.0,-36.5,152.43140375027411
100825,171.0,-36.0,148.43805216146245
100826,171.0,-35.0,149.02089057407386
100827,171.0,-34.5,147.7257326769328
100828,171.0,-34.0,149.94720116695214
100829,171.0,-33.5,149.6521345557781
100830,171.0,-33.0,152.2092479662005
100831,171.0,-32.5,152.08338315254534
100832,171.0,-32.0,151.24563764771048
100833,171.0,-31.5,150.88418828242885
100834,171.0,-31.0,151.35385365775355
100835,171.0,-30.5,148.414370304157
100836,171.0,-30.0,149.19125929697577
100837,171.0,-29.5,148.58069086455643
100838,171.0,-29.0,148.55835180110014
100839,171.0,-28.5,149.7874734179934
100840,171.0,-28.0,147.81443400606247
100841,171.0,-27.5,147.5895137188649
100842,171.0,-27.0,150.46864018792743
100843,171.0,-26.5,147.6487922100237
100844,171.0,-26.0,149.14232233792973
100845,171.0,-25.5,147.11264961196093
100846,171.0,-25.0,147.07975873383447
100847,171.0,-24.5,149.0204189232058
100848,171.0,-24.0,146.97375980110468
100849,171.0,-23.5,145.34899740121858
100850,171.0,-23.0,147.73986539232652
100851,171.0,-22.5,147.19536923550632
100852,171.0,-22.0,157.8371241446994
100853,171.0,-21.5,151.7974786973315
100854,171.0,-21.0,147.29441216471574
100855,171.0,-20.5,147.92438089762632
100856,171.0,-20.0,147.58294004633075
100857,171.0,-19.5,148.30882150442156
100858,171.0,-19.0,146.7657934304249
100859,171.0,-17.5,146.299529955726
100860,171.0,-17.0,151.6627032345614
100861,171.0,-16.5,150.2385851962838
100862,171.0,-16.0,149.83349817655122
100863,171.0,-15.5,154.35470944730258
100864,171.0,-15.0,154.93813921487066
100865,171.0,-14.5,149.7269906752005
100866,171.0,-14.0,150.56445210351566
100867,171.0,-13.0,152.09065058266054
100868,171.0,-12.5,158.36438823724316
100869,171.0,-12.0,154.04156197261264
100870,171.0,-11.5,151.50199110531867
100871,171.0,-11.0,149.02581434292978
100872,171.0,-10.5,151.80726341817012
100873,171.0,-10.0,151.962411147994
100874,171.0,-9.0,149.71627920354626
100875,171.0,-8.5,149.3020203796737
100876,171.0,-8.0,148.54280918195028
100877,171.0,-7.5,155.2854461880508
100878,171.0,-7.0,160.90418256508434
100879,171.0,-6.0,152.02104114362257
100880,171.0,-5.0,150.6120731442968
100881,171.0,-4.5,152.64144346389685
100882,171.0,-4.0,153.93100264614355
100883,171.0,-3.5,153.39631909419725
100884,171.0,-3.0,156.77397354330972
100885,171.0,-2.5,156.91934124932786
100886,171.0,-2.0,155.96704522977151
100887,171.0,-1.5,155.31778422249218
100888,171.0,-0.5,153.2233702454481
100889,171.0,0.5,153.69046098206465
100890,171.0,1.0,152.43486556954642
100891,171.0,2.0,156.5389409167196
100892,171.0,2.5,155.55140575012092
100893,171.0,3.0,153.30330061566153
100894,171.0,3.5,154.7428003071773
100895,171.0,4.0,154.4737205597111
100896,171.0,7.0,151.05518734002274
100897,171.0,7.5,151.41336107933284
100898,171.0,8.0,152.9227360994549
100899,171.0,8.5,153.23180515961937
100900,171.0,9.0,152.20387295220212
100901,171.0,9.5,150.13491085460387
100902,171.0,10.0,151.94470163044585
100903,171.0,10.5,150.60961601520336
100904,171.0,11.5,153.11368473770236
100905,171.0,12.0,154.59524962064006
100906,171.0,12.5,155.95567780705193
100907,171.0,13.0,155.47563254244088
100908,171.0,13.5,155.93755932132126
100909,171.0,14.0,150.75196287252658
100910,171.0,14.5,153.6211285603792
100911,171.0,15.0,150.79538398419777
100912,171.0,15.5,150.91659454287475
100913,171.0,16.0,157.49929475503274
100914,171.0,16.5,153.59117364987534
100915,171.0,17.0,153.43478732881715
100916,171.0,17.5,152.90723492375787
100917,171.0,18.0,152.27693321632034
100918,171.0,18.5,151.17723550458615
100919,171.0,19.0,154.05060293800193
100920,171.0,19.5,153.18535524749302
100921,171.0,20.0,150.81226060933727
100922,171.0,20.5,152.07327145173716
100923,171.0,21.0,152.74572526431976
100924,171.0,21.5,150.55759718685403
100925,171.0,22.0,153.7003953582167
100926,171.0,22.5,152.877753349453
100927,171.0,23.0,149.40412943300282
100928,171.0,23.5,150.28193283439236
100929,171.0,24.0,148.09714250853457
100930,171.0,24.5,151.21010522760741
100931,171.0,25.0,151.05992350978127
100932,171.0,25.5,148.98551031353023
100933,171.0,26.0,148.13106190715385
100934,171.0,26.5,156.09886173735367
100935,171.0,27.0,145.46619451013757
100936,171.0,27.5,150.09968139844045
100937,171.0,28.0,150.70821863618693
100938,171.0,28.5,149.18864965395562
100939,171.0,29.0,151.9693658420415
100940,171.0,29.5,155.0860491698948
100941,171.0,30.0,150.93472416721733
100942,171.0,30.5,146.65713644361622
100943,171.0,31.0,151.4378741785319
100944,171.0,31.5,147.7596574093168
100945,171.0,32.0,152.80330100481402
100946,171.0,32.5,147.71308504625247
100947,171.0,33.0,152.95103905298495
100948,171.0,34.0,154.59825942902094
100949,171.0,34.5,156.89564097825917
100950,171.0,35.0,161.13644162277336
100951,171.0,35.5,159.28158764525554
100952,171.0,36.0,154.90115317313828
100953,171.0,36.5,155.8114836786892
100954,171.0,37.0,153.62988196927247
100955,171.0,37.5,155.69001257225383
100956,171.0,38.0,164.66829749766922
100957,171.0,39.5,177.97657592951012
100958,171.0,40.0,177.52252989450744
100959,171.0,40.5,179.6732585835853
100960,171.5,-37.0,150.32940537228268
100961,171.5,-36.5,152.36023810526723
100962,171.5,-36.0,148.69227189035146
100963,171.5,-35.5,147.98571117178287
100964,171.5,-35.0,148.4785189135225
100965,171.5,-34.5,147.7173059485889
100966,171.5,-34.0,149.94482311967622
100967,171.5,-33.5,147.56579077105587
100968,171.5,-33.0,153.18467196320594
100969,171.5,-32.5,151.18416840758766
100970,171.5,-32.0,153.13380655651838
100971,171.5,-31.5,151.66976893240061
100972,171.5,-31.0,152.1860711992819
100973,171.5,-30.5,148.4259649008684
100974,171.5,-30.0,149.12547307253064
100975,171.5,-29.5,148.85128272596629
100976,171.5,-29.0,149.05747588658858
100977,171.5,-28.5,149.0223361334946
100978,171.5,-28.0,147.1420732475855
100979,171.5,-27.5,147.9961057471001
100980,171.5,-27.0,148.97547920156518
100981,171.5,-26.5,149.1364618271168
100982,171.5,-26.0,148.95798860121647
100983,171.5,-25.5,147.1773955115965
100984,171.5,-25.0,146.38411179266802
100985,171.5,-24.5,147.7900743065234
100986,171.5,-24.0,147.9392903561068
100987,171.5,-23.5,146.0488905992264
100988,171.5,-23.0,147.721973764018
100989,171.5,-22.5,146.91086083712432
100990,171.5,-22.0,156.3808139381221
100991,171.5,-21.5,145.72399137349882
100992,171.5,-21.0,147.0924692669416
100993,171.5,-20.5,147.69804510331656
100994,171.5,-20.0,147.74697364426552
100995,171.5,-19.5,148.15890924947416
100996,171.5,-18.5,146.18510287583032
100997,171.5,-17.0,148.73440425608257
100998,171.5,-16.5,150.58563351070708
100999,171.5,-16.0,150.5360773901251
101000,171.5,-15.5,150.25187809243275
101001,171.5,-15.0,153.18692879229616
101002,171.5,-14.5,150.34898046266338
101003,171.5,-14.0,151.472782738131
101004,171.5,-13.5,151.98850876178238
101005,171.5,-13.0,151.3729380704142
101006,171.5,-12.5,151.79375715313105
101007,171.5,-12.0,153.41062246211175
101008,171.5,-11.5,153.56598036143777
101009,171.5,-10.5,151.64394939965896
101010,171.5,-10.0,149.52942963017443
101011,171.5,-9.5,149.97274423388453
101012,171.5,-9.0,148.94962738628868
101013,171.5,-8.5,147.1434552926228
101014,171.5,-8.0,149.52042991172846
101015,171.5,-7.5,154.28157795634772
101016,171.5,-7.0,157.23495407207517
101017,171.5,-6.5,156.89991682381762
101018,171.5,-6.0,151.7417286243304
101019,171.5,-5.5,150.39865809624368
101020,171.5,-5.0,153.27242023422957
101021,171.5,-4.5,151.36990483056712
101022,171.5,-4.0,152.06665724008434
101023,171.5,-3.5,155.283859763269
101024,171.5,-3.0,155.54293945439483
101025,171.5,-2.0,156.17382594652045
101026,171.5,-1.5,155.47009393435755
101027,171.5,-0.5,154.33936521495588
101028,171.5,0.0,154.41512061179805
101029,171.5,0.5,153.98499105204493
101030,171.5,1.0,156.0821607997626
101031,171.5,2.0,155.861559599559
101032,171.5,2.5,152.8201423431441
101033,171.5,3.0,153.2586761779817
101034,171.5,3.5,154.58418068757368
101035,171.5,4.0,156.52359170672108
101036,171.5,6.5,152.90901863345155
101037,171.5,7.0,151.55737089309966
101038,171.5,7.5,149.12944902355028
101039,171.5,8.0,152.75438932937942
101040,171.5,8.5,151.80000329364628
101041,171.5,9.0,148.73948017651023
101042,171.5,9.5,150.6860459239355
101043,171.5,10.0,151.08154733254383
101044,171.5,11.0,151.1675402946726
101045,171.5,11.5,152.46058355868053
101046,171.5,12.0,155.63287234067795
101047,171.5,12.5,155.83569802786985
101048,171.5,13.0,155.64098865979506
101049,171.5,13.5,150.2003994253892
101050,171.5,14.0,152.54296165033168
101051,171.5,14.5,152.84713217944426
101052,171.5,15.0,154.1872429477147
101053,171.5,15.5,150.5761515549436
101054,171.5,16.0,156.15803003687742
101055,171.5,16.5,154.48728345191273
101056,171.5,17.0,152.41053884891784
101057,171.5,17.5,151.09791687416177
101058,171.5,18.0,150.6026028621114
101059,171.5,18.5,154.41522640349018
101060,171.5,19.0,151.74132466250512
101061,171.5,19.5,153.4107758187862
101062,171.5,20.0,154.9442978566471
101063,171.5,20.5,150.60764029971853
101064,171.5,21.0,153.44003886061967
101065,171.5,21.5,154.28119355121396
101066,171.5,22.0,151.218532277374
101067,171.5,22.5,151.21433107517313
101068,171.5,23.0,149.33382372866456
101069,171.5,23.5,147.9085394088159
101070,171.5,24.0,150.13014921776448
101071,171.5,24.5,152.59271695753924
101072,171.5,25.0,147.36912826250742
101073,171.5,25.5,148.5905744726038
101074,171.5,26.0,147.46000669103623
101075,171.5,26.5,152.37306418126863
101076,171.5,27.0,145.43644995332193
101077,171.5,27.5,150.92833686610155
101078,171.5,28.0,149.58903811278958
101079,171.5,28.5,149.90320446848858
101080,171.5,29.0,152.22242373814564
101081,171.5,29.5,153.01984978436246
101082,171.5,30.0,154.41788647623412
101083,171.5,30.5,148.34775955692908
101084,171.5,31.0,149.76630965557612
101085,171.5,31.5,149.18625046487148
101086,171.5,32.0,152.84692253295793
101087,171.5,32.5,148.0097121685363
101088,171.5,33.0,153.32604968994136
101089,171.5,34.0,155.48552212328508
101090,171.5,34.5,157.31269979193155
101091,171.5,35.0,160.97693168695545
101092,171.5,35.5,158.78982005823048
101093,171.5,36.0,151.7320848025068
101094,171.5,36.5,157.27220779721517
101095,171.5,37.0,152.80508206587132
101096,171.5,37.5,156.46166932135336
101097,171.5,38.0,163.06988552489133
101098,171.5,39.5,178.13594471610364
101099,171.5,40.5,179.85197590533454
101100,172.0,-37.0,150.59521421103327
101101,172.0,-36.5,153.94305764714966
101102,172.0,-36.0,149.13178536967442
101103,172.0,-35.5,147.65370583412457
101104,172.0,-35.0,148.56664646478745
101105,172.0,-34.5,148.57118270883174
101106,172.0,-34.0,149.9939331742761
101107,172.0,-33.5,150.00730997394146
101108,172.0,-33.0,151.6356233300073
101109,172.0,-32.5,152.4691726574191
101110,172.0,-32.0,152.87978081103657
101111,172.0,-31.5,153.3774819036513
101112,172.0,-31.0,151.76564944910888
101113,172.0,-30.5,148.61508492203964
101114,172.0,-30.0,148.90912788510536
101115,172.0,-29.5,149.59340483075218
101116,172.0,-29.0,149.7105607017547
101117,172.0,-28.5,146.91961571365712
101118,172.0,-28.0,147.9900698729745
101119,172.0,-27.5,148.0384301011055
101120,172.0,-27.0,148.64476912049
101121,172.0,-26.5,147.88026828865608
101122,172.0,-26.0,148.0383615650264
101123,172.0,-25.5,148.47605348622082
101124,172.0,-25.0,147.37701040846582
101125,172.0,-24.5,147.26074336076854
101126,172.0,-24.0,147.15257988562948
101127,172.0,-23.5,147.59456167603787
101128,172.0,-23.0,144.92893715943092
101129,172.0,-22.5,156.13922509014822
101130,172.0,-22.0,148.56311859604875
101131,172.0,-21.5,147.64245339051317
101132,172.0,-21.0,147.03899643180628
101133,172.0,-20.5,146.91001281608365
101134,172.0,-20.0,148.28938736389884
101135,172.0,-19.5,152.32473983912845
101136,172.0,-19.0,147.04178982122642
101137,172.0,-18.5,146.19527088041707
101138,172.0,-18.0,146.15665285836081
101139,172.0,-17.0,151.21403104992328
101140,172.0,-16.5,151.79108059002175
101141,172.0,-16.0,150.60878448313628
101142,172.0,-15.5,150.53115848920157
101143,172.0,-15.0,149.32851800854854
101144,172.0,-14.5,155.7171677746432
101145,172.0,-14.0,149.81947115181788
101146,172.0,-13.5,152.2636722458073
101147,172.0,-12.5,151.71472210078687
101148,172.0,-12.0,149.68287360166178
101149,172.0,-11.5,158.45654550810497
101150,172.0,-11.0,154.87478907500642
101151,172.0,-10.5,151.724071359936
101152,172.0,-10.0,150.83197735911656
101153,172.0,-9.5,149.4062001091781
101154,172.0,-8.5,147.20659789208148
101155,172.0,-8.0,152.14944891026263
101156,172.0,-7.0,151.94025410074144
101157,172.0,-6.5,154.39422466856124
101158,172.0,-6.0,156.7277670343983
101159,172.0,-5.5,151.73382292207006
101160,172.0,-5.0,152.0619919017167
101161,172.0,-4.5,151.7015356874762
101162,172.0,-4.0,153.2099973458147
101163,172.0,-3.5,155.55725140466055
101164,172.0,-1.5,156.54687160439786
101165,172.0,-1.0,156.09910041658452
101166,172.0,-0.5,153.95500837376696
101167,172.0,0.0,154.68980258259134
101168,172.0,0.5,157.38680147676754
101169,172.0,1.0,157.50759059075733
101170,172.0,1.5,157.01729645825674
101171,172.0,2.0,152.54759773787558
101172,172.0,2.5,150.68645012499454
101173,172.0,3.0,153.07209755624714
101174,172.0,3.5,155.33401509523776
101175,172.0,4.0,156.59642180554118
101176,172.0,4.5,155.92643385105242
101177,172.0,6.0,153.70846512884887
101178,172.0,6.5,152.96473182220953
101179,172.0,7.5,151.5543672242638
101180,172.0,8.0,151.13436874418392
101181,172.0,8.5,150.86854018237648
101182,172.0,9.0,150.7261209294371
101183,172.0,9.5,150.71177430070998
101184,172.0,10.0,151.05576236816606
101185,172.0,11.0,152.15057250039771
101186,172.0,11.5,153.16671829082415
101187,172.0,12.0,155.68410362248704
101188,172.0,12.5,155.57050348400202
101189,172.0,13.0,153.4748642648139
101190,172.0,13.5,151.1832637976335
101191,172.0,14.0,152.49508118327228
101192,172.0,14.5,150.50867548269267
101193,172.0,15.0,155.36485063747293
101194,172.0,15.5,157.5138643136659
101195,172.0,16.0,151.69604682873097
101196,172.0,16.5,159.38785461876623
101197,172.0,17.0,153.28715110193187
101198,172.0,17.5,150.55305349937007
101199,172.0,18.0,149.89966482446172
101200,172.0,18.5,151.07447477102158
101201,172.0,19.0,152.6644093845566
101202,172.0,19.5,153.41926157655539
101203,172.0,20.0,154.82927688056844
101204,172.0,20.5,152.11699372247358
101205,172.0,21.0,153.51083865543785
101206,172.0,21.5,154.16302841288885
101207,172.0,22.0,150.4864241469849
101208,172.0,22.5,149.08691252167685
101209,172.0,23.0,151.6140168770524
101210,172.0,23.5,147.22320343985584
101211,172.0,24.0,152.37021862230702
101212,172.0,24.5,151.35748802574696
101213,172.0,25.0,149.17372921718862
101214,172.0,25.5,147.61936205947285
101215,172.0,26.0,148.890820955207
101216,172.0,26.5,148.27073815001762
101217,172.0,27.0,150.71593270446496
101218,172.0,27.5,151.74974084759995
101219,172.0,28.0,149.1854106580169
101220,172.0,28.5,151.6414262550299
101221,172.0,29.0,152.7933864145764
101222,172.0,29.5,153.10533667688017
101223,172.0,30.0,154.9051335211225
101224,172.0,30.5,150.2545740871585
101225,172.0,31.0,149.7913198926986
101226,172.0,31.5,149.92665891611338
101227,172.0,32.0,147.74216620603843
101228,172.0,32.5,147.1501310093601
101229,172.0,33.0,150.24985081836897
101230,172.0,34.0,154.09778261399015
101231,172.0,34.5,158.18046150730737
101232,172.0,35.0,164.96196379228766
101233,172.0,35.5,159.5721183210037
101234,172.0,36.0,152.72557363896627
101235,172.0,36.5,157.8450546948657
101236,172.0,37.0,150.67829508495115
101237,172.0,37.5,158.09825120643805
101238,172.0,38.0,159.38207737667238
101239,172.0,39.5,178.28164017655925
101240,172.0,40.0,177.7665924749726
101241,172.5,-37.0,151.01826573369306
101242,172.5,-36.5,156.0190452393992
101243,172.5,-36.0,149.6878751680487
101244,172.5,-35.5,147.86022788529624
101245,172.5,-35.0,148.5528634260977
101246,172.5,-34.5,149.0096450162866
101247,172.5,-34.0,150.42274815197902
101248,172.5,-33.5,149.93194447102647
101249,172.5,-33.0,150.57258070975982
101250,172.5,-32.5,153.6869376165543
101251,172.5,-32.0,152.51556474586005
101252,172.5,-31.5,152.73434110554538
101253,172.5,-31.0,151.61354492284653
101254,172.5,-30.5,148.15190433274088
101255,172.5,-30.0,149.15870626233618
101256,172.5,-29.5,151.29130237039638
101257,172.5,-29.0,148.97741080970164
101258,172.5,-28.5,146.71305126083885
101259,172.5,-28.0,147.98904433683208
101260,172.5,-27.5,147.23358224433346
101261,172.5,-27.0,150.24688543536774
101262,172.5,-26.5,147.68781190993417
101263,172.5,-26.0,147.18546666168376
101264,172.5,-25.5,149.48842106896032
101265,172.5,-25.0,147.11714810245306
101266,172.5,-24.5,147.0706117562095
101267,172.5,-24.0,147.5807151226692
101268,172.5,-23.5,149.54593848877897
101269,172.5,-23.0,146.55105909605126
101270,172.5,-22.5,161.44627742905385
101271,172.5,-22.0,146.903198910142
101272,172.5,-21.5,147.8490179397964
101273,172.5,-21.0,147.41099245836762
101274,172.5,-20.5,148.24698114542898
101275,172.5,-20.0,149.61099941899678
101276,172.5,-19.5,152.82765199227063
101277,172.5,-19.0,147.70676375180133
101278,172.5,-18.5,149.74225380983532
101279,172.5,-18.0,146.81940625159962
101280,172.5,-17.0,156.45998199164958
101281,172.5,-16.5,148.69496244804006
101282,172.5,-16.0,149.45669730658463
101283,172.5,-15.5,150.3892551139897
101284,172.5,-15.0,151.0196452786095
101285,172.5,-14.5,157.7883243790597
101286,172.5,-14.0,156.39685885296637
101287,172.5,-13.5,151.77665611904186
101288,172.5,-13.0,151.73580143326606
101289,172.5,-12.5,150.22441373931164
101290,172.5,-12.0,151.73623262655994
101291,172.5,-11.5,154.04441204823854
101292,172.5,-11.0,154.80292013409266
101293,172.5,-10.5,160.31242292904247
101294,172.5,-10.0,149.18861191783827
101295,172.5,-9.5,150.94430920247848
101296,172.5,-9.0,147.6381305730667
101297,172.5,-8.5,151.39397064560964
101298,172.5,-7.5,148.39266687334333
101299,172.5,-7.0,149.647544484704
101300,172.5,-6.5,153.46799972446283
101301,172.5,-6.0,154.24979875729994
101302,172.5,-5.5,156.68290818707294
101303,172.5,-5.0,152.5043012778288
101304,172.5,-4.5,152.587487491324
101305,172.5,-4.0,153.86923895470042
101306,172.5,-3.5,152.33835489071006
101307,172.5,-1.5,157.65348695686126
101308,172.5,-1.0,156.89793487159804
101309,172.5,-0.5,155.156833162587
101310,172.5,0.0,153.4326055215275
101311,172.5,0.5,158.49602898092084
101312,172.5,1.0,158.67991831933617
101313,172.5,1.5,156.14548134746036
101314,172.5,2.0,154.6106230173347
101315,172.5,2.5,153.6304480563155
101316,172.5,3.0,156.85572331540212
101317,172.5,3.5,157.46236907141926
101318,172.5,4.0,155.9028637819895
101319,172.5,4.5,154.05958056955478
101320,172.5,5.0,153.86838072940887
101321,172.5,6.0,152.6183977942695
101322,172.5,7.0,152.18260676499085
101323,172.5,7.5,150.9791497064035
101324,172.5,8.0,149.9382016613106
101325,172.5,8.5,150.33590224548615
101326,172.5,9.0,151.37847270631838
101327,172.5,9.5,152.08343356357156
101328,172.5,10.0,151.222216580018
101329,172.5,10.5,151.32684511480727
101330,172.5,11.0,152.36637328431178
101331,172.5,11.5,153.49274412292073
101332,172.5,12.5,155.27700339338475
101333,172.5,13.0,151.83963916718164
101334,172.5,13.5,152.73537514007046
101335,172.5,14.0,150.69078603871517
101336,172.5,14.5,151.61978863490742
101337,172.5,15.0,155.07910717596465
101338,172.5,15.5,155.28591353351618
101339,172.5,17.0,153.67395193567907
101340,172.5,17.5,150.0469064068137
101341,172.5,18.0,151.28187318899754
101342,172.5,18.5,150.4793910542992
101343,172.5,19.0,150.22671863439024
101344,172.5,19.5,153.58204149732845
101345,172.5,20.0,155.04584358255755
101346,172.5,20.5,157.61563019026477
101347,172.5,21.0,152.14524850927734
101348,172.5,21.5,154.252442011018
101349,172.5,22.0,152.50810340365908
101350,172.5,22.5,149.54574127472833
101351,172.5,23.0,151.21814568856456
101352,172.5,23.5,150.498917485743
101353,172.5,24.0,154.88232674909932
101354,172.5,24.5,147.66929633778435
101355,172.5,25.0,149.71388554449092
101356,172.5,25.5,149.9856567382981
101357,172.5,26.0,150.67826743964525
101358,172.5,26.5,145.41442381527298
101359,172.5,27.0,153.4346090943149
101360,172.5,27.5,150.1362105410881
101361,172.5,28.0,148.41132315257548
101362,172.5,28.5,152.03067128644471
101363,172.5,29.0,152.98311920541832
101364,172.5,29.5,152.60146416901014
101365,172.5,30.0,152.05845715043745
101366,172.5,30.5,149.10226771355465
101367,172.5,31.0,151.24946904915808
101368,172.5,31.5,151.25080143265203
101369,172.5,32.0,146.5615243856773
101370,172.5,32.5,146.5943799315863
101371,172.5,33.0,149.98827833395336
101372,172.5,34.0,153.38157343548198
101373,172.5,34.5,162.49437013305382
101374,172.5,35.0,162.35842571521925
101375,172.5,35.5,157.23973477014974
101376,172.5,36.0,154.12766895316344
101377,172.5,36.5,156.78263644950874
101378,172.5,37.0,149.24450427699028
101379,172.5,37.5,158.50496968043873
101380,172.5,38.0,159.0225093823403
101381,172.5,39.5,178.44982489898229
101382,172.5,40.0,177.9312450438174
101383,173.0,-37.5,153.58853260087596
101384,173.0,-37.0,150.71155043101768
101385,173.0,-36.5,156.04825643814561
101386,173.0,-36.0,151.37247929889872
101387,173.0,-35.5,148.52179863772233
101388,173.0,-35.0,149.58190821192335
101389,173.0,-34.5,151.45233766274757
101390,173.0,-34.0,149.7426371312615
101391,173.0,-33.5,151.04917038403175
101392,173.0,-33.0,151.25901667439214
101393,173.0,-32.5,153.0361819566089
101394,173.0,-32.0,150.52291270393033
101395,173.0,-31.5,155.34048243907623
101396,173.0,-31.0,149.13188790037444
101397,173.0,-30.5,148.84489756725839
101398,173.0,-30.0,149.85139632333093
101399,173.0,-29.5,150.63197046716255
101400,173.0,-29.0,148.03904805236317
101401,173.0,-28.5,148.77197870551853
101402,173.0,-28.0,147.22102799718132
101403,173.0,-27.5,149.06581215811514
101404,173.0,-27.0,147.65148181016698
101405,173.0,-26.5,148.00586000793217
101406,173.0,-26.0,146.8796745931233
101407,173.0,-25.5,147.19355553225338
101408,173.0,-25.0,148.21886503143642
101409,173.0,-24.5,146.82393771367083
101410,173.0,-24.0,152.6015557049427
101411,173.0,-23.5,147.0237579088624
101412,173.0,-23.0,152.07993956213977
101413,173.0,-22.5,147.69270670629075
101414,173.0,-22.0,147.48226557645816
101415,173.0,-21.5,147.705314986878
101416,173.0,-21.0,147.9742437343558
101417,173.0,-20.5,149.0079957098542
101418,173.0,-20.0,151.2998562802734
101419,173.0,-19.5,148.11348642071934
101420,173.0,-19.0,146.1495631155408
101421,173.0,-18.5,147.7708151857279
101422,173.0,-18.0,145.93087250078145
101423,173.0,-17.5,152.63609483533133
101424,173.0,-16.5,162.71580724013413
101425,173.0,-16.0,152.41051953131375
101426,173.0,-15.5,151.4671534317771
101427,173.0,-15.0,151.6941393893891
101428,173.0,-14.5,152.0204396284302
101429,173.0,-14.0,153.29639461391233
101430,173.0,-13.5,150.20056909041926
101431,173.0,-13.0,152.32163471529245
101432,173.0,-12.5,148.97781409864976
101433,173.0,-12.0,153.44182486033642
101434,173.0,-11.5,152.77434921160815
101435,173.0,-11.0,154.6628164785648
101436,173.0,-10.5,152.34105762253375
101437,173.0,-10.0,150.8266429787851
101438,173.0,-9.5,149.3865348819283
101439,173.0,-9.0,149.6477206550592
101440,173.0,-8.5,152.0120955532807
101441,173.0,-7.5,147.7285405073832
101442,173.0,-6.5,150.7625451877044
101443,173.0,-6.0,153.22844158875006
101444,173.0,-5.5,155.05635727268472
101445,173.0,-5.0,156.61282218443887
101446,173.0,-4.5,153.96575751318528
101447,173.0,-4.0,153.46272236713594
101448,173.0,-3.5,152.46192434331687
101449,173.0,-3.0,153.84658856056853
101450,173.0,-1.5,159.96512292020947
101451,173.0,-1.0,158.2977167556252
101452,173.0,-0.5,158.46531644749513
101453,173.0,0.0,159.42848285176888
101454,173.0,0.5,156.63787030306352
101455,173.0,1.0,157.69787453760443
101456,173.0,1.5,153.99921051755572
101457,173.0,2.0,155.78204513368794
101458,173.0,2.5,154.00677895897465
101459,173.0,4.0,155.02784629336276
101460,173.0,4.5,156.09908427823513
101461,173.0,5.0,155.112748525342
101462,173.0,5.5,154.02537083135874
101463,173.0,6.0,152.84040013813288
101464,173.0,6.5,152.24036096089824
101465,173.0,7.0,154.62553446335832
101466,173.0,7.5,150.51640318029234
101467,173.0,8.0,149.73226230240678
101468,173.0,8.5,150.4198375720694
101469,173.0,9.0,150.54004434051348
101470,173.0,9.5,151.832074346966
101471,173.0,10.5,151.32422891660792
101472,173.0,11.0,151.06581381995517
101473,173.0,11.5,153.5476090983184
101474,173.0,12.0,154.67331303693643
101475,173.0,12.5,151.12609570549273
101476,173.0,13.0,153.59635291759176
101477,173.0,13.5,152.62943650446582
101478,173.0,14.0,150.81965329758629
101479,173.0,14.5,154.514976244357
101480,173.0,15.0,151.27473508716008
101481,173.0,15.5,154.692394218759
101482,173.0,16.0,159.90476455771136
101483,173.0,16.5,149.1917698473299
101484,173.0,17.0,151.08516596389822
101485,173.0,17.5,153.96058212997877
101486,173.0,18.0,151.06437060822068
101487,173.0,18.5,149.05475048061905
101488,173.0,19.0,149.18173719372894
101489,173.0,19.5,153.27378045015115
101490,173.0,20.0,153.0439772135889
101491,173.0,20.5,158.26018173423265
101492,173.0,21.0,149.6648811007886
101493,173.0,21.5,153.263003461208
101494,173.0,22.0,150.825165473008
101495,173.0,22.5,150.29157758877642
101496,173.0,23.0,152.66285587888368
101497,173.0,23.5,152.18632349678828
101498,173.0,24.0,152.18208795600307
101499,173.0,24.5,149.72549165045996
101500,173.0,25.0,148.41154761539053
101501,173.0,25.5,154.45535647949197
101502,173.0,26.0,149.52347012815335
101503,173.0,26.5,146.98586163033198
101504,173.0,27.0,152.20755401253376
101505,173.0,27.5,150.6580321074368
101506,173.0,28.0,150.46841153308063
101507,173.0,28.5,151.2370467658024
101508,173.0,29.0,153.72912492485628
101509,173.0,29.5,152.05250029043788
101510,173.0,30.0,150.63762481363943
101511,173.0,30.5,151.71566963674005
101512,173.0,31.0,151.891965114053
101513,173.0,31.5,153.87330733226622
101514,173.0,32.0,146.25142019638906
101515,173.0,32.5,147.68561704141925
101516,173.0,33.0,149.51515948403625
101517,173.0,33.5,153.45403239753944
101518,173.0,34.0,154.58983936032578
101519,173.0,34.5,156.1603219983643
101520,173.0,35.0,161.0010219827597
101521,173.0,35.5,157.58412720367934
101522,173.0,36.0,153.24127234547174
101523,173.0,36.5,156.07388765832766
101524,173.0,37.0,151.8556045919587
101525,173.0,37.5,158.63994302040743
101526,173.0,38.0,158.75190370472998
101527,173.0,38.5,156.92756647668858
101528,173.0,39.5,178.59623668886314
101529,173.0,40.0,178.29584082280553
101530,173.0,40.5,177.61758443133672
101531,173.5,-37.5,154.22199403775173
101532,173.5,-37.0,150.71547684179401
101533,173.5,-36.5,157.51521789923294
101534,173.5,-36.0,151.62748287029697
101535,173.5,-35.5,150.2507427682733
101536,173.5,-35.0,148.81667580381531
101537,173.5,-34.5,150.88411177633392
101538,173.5,-34.0,149.12852878051382
101539,173.5,-33.5,150.84913562766653
101540,173.5,-33.0,154.01421930866755
101541,173.5,-32.5,153.25071198364145
101542,173.5,-32.0,150.6431345728035
101543,173.5,-31.5,151.2608549387565
101544,173.5,-31.0,149.48557169816797
101545,173.5,-30.5,149.2200293556689
101546,173.5,-30.0,150.32793089670847
101547,173.5,-29.5,149.37547781468555
101548,173.5,-29.0,148.96753545824174
101549,173.5,-28.5,148.35814182933055
101550,173.5,-28.0,148.69746516752568
101551,173.5,-27.5,147.5419978095944
101552,173.5,-27.0,146.60057588732255
101553,173.5,-26.5,148.56142584696218
101554,173.5,-26.0,147.3044904382154
101555,173.5,-25.5,146.77105518966772
101556,173.5,-25.0,149.47098743278974
101557,173.5,-24.5,149.35396982463087
101558,173.5,-24.0,147.81524685943657
101559,173.5,-23.5,147.0337306371071
101560,173.5,-23.0,152.9983035449511
101561,173.5,-22.5,147.4996859707289
101562,173.5,-22.0,146.99091684411255
101563,173.5,-21.5,147.43499978699222
101564,173.5,-21.0,148.66432904577073
101565,173.5,-20.5,151.46678985484266
101566,173.5,-20.0,148.58074464227386
101567,173.5,-19.5,147.70847201322562
101568,173.5,-19.0,148.4718136066735
101569,173.5,-18.5,146.2015214266848
101570,173.5,-18.0,151.82035392857554
101571,173.5,-17.5,149.78500182650893
101572,173.5,-16.5,173.27185040460554
101573,173.5,-16.0,149.9897161751625
101574,173.5,-15.5,150.727680637895
101575,173.5,-15.0,152.7324763709076
101576,173.5,-14.5,151.96435218589437
101577,173.5,-14.0,151.27009206464658
101578,173.5,-13.5,151.082750307821
101579,173.5,-13.0,149.43745535947602
101580,173.5,-12.5,154.54816657002218
101581,173.5,-12.0,152.86843759442013
101582,173.5,-11.5,152.8478155667356
101583,173.5,-11.0,150.54292669036593
101584,173.5,-10.5,150.6874543415234
101585,173.5,-10.0,155.79435801360248
101586,173.5,-9.5,147.75660429268348
101587,173.5,-9.0,151.5204022950271
101588,173.5,-8.0,148.60064981544966
101589,173.5,-7.5,147.87231873868163
101590,173.5,-7.0,148.77625910378686
101591,173.5,-6.5,151.82360691115773
101592,173.5,-6.0,152.6420790233411
101593,173.5,-5.5,153.25589600515863
101594,173.5,-5.0,155.46546382719083
101595,173.5,-4.5,157.68626986434384
101596,173.5,-3.0,156.3992074330897
101597,173.5,-1.5,160.19199110598896
101598,173.5,-1.0,159.05232234153377
101599,173.5,-0.5,160.03862120665684
101600,173.5,0.0,159.97787602617004
101601,173.5,0.5,157.7569471399202
101602,173.5,1.0,153.2142374291375
101603,173.5,1.5,156.82032932356483
101604,173.5,2.0,154.65148808894415
101605,173.5,2.5,157.91704546148137
101606,173.5,4.5,158.2636228113648
101607,173.5,5.0,153.11409579143805
101608,173.5,5.5,155.50996859673091
101609,173.5,6.0,151.913260836549
101610,173.5,6.5,152.50551599903477
101611,173.5,7.0,155.0321067263888
101612,173.5,7.5,160.28634901374346
101613,173.5,8.0,150.75313259154512
101614,173.5,8.5,149.92161940000472
101615,173.5,9.0,149.77702977402637
101616,173.5,9.5,152.88019306120285
101617,173.5,10.0,151.4692762583348
101618,173.5,10.5,151.7741352967681
101619,173.5,11.0,152.35385019971702
101620,173.5,11.5,153.40999621604675
101621,173.5,12.0,152.6231238529861
101622,173.5,12.5,150.29528195466324
101623,173.5,13.0,152.50393257804765
101624,173.5,13.5,151.51839635506468
101625,173.5,14.0,153.77493661967895
101626,173.5,14.5,152.08903488671316
101627,173.5,15.0,151.59970498447944
101628,173.5,16.0,158.62275481376005
101629,173.5,16.5,150.99120789457677
101630,173.5,17.0,149.0835479931114
101631,173.5,17.5,156.49999319847197
101632,173.5,18.0,151.3457378280059
101633,173.5,18.5,152.35021762350766
101634,173.5,19.0,152.56002160904941
101635,173.5,19.5,150.37904534021416
101636,173.5,20.0,156.74805641585206
101637,173.5,20.5,157.9317510914172
101638,173.5,21.0,154.0771609933497
101639,173.5,21.5,151.5917813700506
101640,173.5,22.0,150.90496493156292
101641,173.5,22.5,153.1339106680952
101642,173.5,23.0,151.88653188360823
101643,173.5,23.5,156.0613319186091
101644,173.5,24.0,148.3161071113325
101645,173.5,24.5,150.30249233078615
101646,173.5,25.0,148.71476249655055
101647,173.5,25.5,147.86073495746098
101648,173.5,26.0,150.37624025213273
101649,173.5,26.5,148.75454580062802
101650,173.5,27.0,152.32106151945374
101651,173.5,27.5,152.15496741920057
101652,173.5,28.0,150.79012176966268
101653,173.5,28.5,150.42047651414413
101654,173.5,29.0,153.59660420421469
101655,173.5,29.5,151.5615066481839
101656,173.5,30.0,151.05225375487046
101657,173.5,31.0,152.53062456878234
101658,173.5,32.0,146.72721337648164
101659,173.5,32.5,147.61793103958286
101660,173.5,33.0,149.55192345815018
101661,173.5,33.5,153.67298061634176
101662,173.5,34.0,179.44569521018911
101663,173.5,34.5,156.687694297964
101664,173.5,35.0,160.42920850432827
101665,173.5,35.5,156.89888959013464
101666,173.5,36.0,153.36848054031083
101667,173.5,36.5,155.74618970852808
101668,173.5,37.0,150.57356375831975
101669,173.5,37.5,156.8338533965018
101670,173.5,38.0,159.86728470448094
101671,173.5,38.5,157.10618214485083
101672,173.5,39.5,178.69100601534848
101673,173.5,40.0,178.65016615667173
101674,173.5,40.5,177.4975032842839
101675,174.0,-37.5,153.24301249291955
101676,174.0,-37.0,151.3322482601807
101677,174.0,-36.5,157.37242255496494
101678,174.0,-36.0,153.48842106174922
101679,174.0,-35.5,149.7509039575113
101680,174.0,-35.0,151.349289587738
101681,174.0,-34.5,149.83056682311047
101682,174.0,-34.0,149.09012213520168
101683,174.0,-33.5,151.02570964404424
101684,174.0,-33.0,151.51356626337474
101685,174.0,-32.5,153.5568772858948
101686,174.0,-32.0,152.38144113516984
101687,174.0,-31.5,150.4857751806745
101688,174.0,-31.0,148.85860512364735
101689,174.0,-30.5,150.27764713245125
101690,174.0,-30.0,150.7416482707829
101691,174.0,-29.5,148.9306620423797
101692,174.0,-29.0,150.18569970699443
101693,174.0,-28.5,147.0936941985333
101694,174.0,-28.0,149.0190149876963
101695,174.0,-27.5,146.9289678085235
101696,174.0,-27.0,146.64872378387926
101697,174.0,-26.5,148.47556541044483
101698,174.0,-26.0,147.79897523227348
101699,174.0,-25.5,146.42631397016348
101700,174.0,-25.0,149.66207622599137
101701,174.0,-24.5,148.38961159662432
101702,174.0,-24.0,148.35284271491025
101703,174.0,-23.5,156.0728755210047
101704,174.0,-23.0,147.82072690593048
101705,174.0,-22.5,148.38865391473126
101706,174.0,-22.0,146.89488445984918
101707,174.0,-21.5,147.97682073854298
101708,174.0,-21.0,148.68439089543708
101709,174.0,-20.5,149.95442456977324
101710,174.0,-20.0,149.537232146451
101711,174.0,-19.5,148.01424438059
101712,174.0,-19.0,148.5919510225718
101713,174.0,-18.5,149.34699469779633
101714,174.0,-18.0,150.19671965830113
101715,174.0,-17.5,146.4896281375296
101716,174.0,-17.0,155.16537090472963
101717,174.0,-16.5,152.56859320654462
101718,174.0,-16.0,150.80761042322234
101719,174.0,-15.5,151.34424280714316
101720,174.0,-15.0,154.37602245706384
101721,174.0,-14.5,149.86045958266698
101722,174.0,-14.0,151.35744316340524
101723,174.0,-13.5,149.4690697068086
101724,174.0,-13.0,150.99471217435936
101725,174.0,-12.5,153.0665232846783
101726,174.0,-12.0,153.51522046212324
101727,174.0,-11.0,149.74171804683638
101728,174.0,-10.5,153.4752530734675
101729,174.0,-10.0,149.82298663564893
101730,174.0,-9.5,155.62633971689277
101731,174.0,-8.5,149.63331267838953
101732,174.0,-8.0,148.37606988731795
101733,174.0,-7.5,149.0977810043828
101734,174.0,-7.0,151.04225450365567
101735,174.0,-6.5,151.60046375444446
101736,174.0,-6.0,152.02822511658394
101737,174.0,-5.5,153.2218653945635
101738,174.0,-5.0,153.96520137604742
101739,174.0,-4.5,163.03284743681786
101740,174.0,-4.0,163.3101979577228
101741,174.0,-3.0,157.16283467844966
101742,174.0,-2.5,157.0381502498253
101743,174.0,-2.0,159.9685680868684
101744,174.0,-1.5,160.18591475482646
101745,174.0,0.0,160.55464352032243
101746,174.0,0.5,157.82169096503736
101747,174.0,1.0,152.92448204014903
101748,174.0,1.5,155.1860689179722
101749,174.0,2.0,159.76713084659983
101750,174.0,2.5,156.63286630041796
101751,174.0,3.0,157.56611831291798
101752,174.0,4.5,155.69812744310596
101753,174.0,5.0,156.2040269256526
101754,174.0,5.5,153.25447822453137
101755,174.0,6.0,152.80230750425108
101756,174.0,6.5,152.28494777930638
101757,174.0,7.0,151.9691196543914
101758,174.0,7.5,156.6443915110307
101759,174.0,8.0,168.46517968797207
101760,174.0,9.0,150.1594354905344
101761,174.0,9.5,153.4647113831576
101762,174.0,10.0,151.71255850788359
101763,174.0,11.0,153.15315814208412
101764,174.0,11.5,152.39541708032584
101765,174.0,12.0,150.31756428646742
101766,174.0,12.5,151.59437564138338
101767,174.0,13.0,151.06494505677256
101768,174.0,13.5,152.81663381617452
101769,174.0,14.0,155.0987438525695
101770,174.0,14.5,153.4497696110211
101771,174.0,16.0,148.926568175621
101772,174.0,16.5,152.80932821859327
101773,174.0,17.0,153.35828976738438
101774,174.0,17.5,151.93457080014034
101775,174.0,18.0,153.024123401836
101776,174.0,18.5,156.38722780110908
101777,174.0,19.0,148.2806467844642
101778,174.0,19.5,149.69324595988644
101779,174.0,20.0,157.72177692597137
101780,174.0,20.5,154.50121840494776
101781,174.0,21.0,156.85151747816118
101782,174.0,21.5,153.08378087336004
101783,174.0,22.0,152.43811863396968
101784,174.0,22.5,154.82421520491818
101785,174.0,23.0,154.36912395193661
101786,174.0,23.5,153.14492161335394
101787,174.0,24.0,150.36466401556396
101788,174.0,24.5,148.2918969258839
101789,174.0,25.0,149.65944916708744
101790,174.0,25.5,149.22914760401994
101791,174.0,26.0,147.57033134834987
101792,174.0,26.5,151.39366028392948
101793,174.0,27.0,150.75340733850896
101794,174.0,27.5,150.64321961682742
101795,174.0,28.0,151.51875598067573
101796,174.0,28.5,152.0669325948734
101797,174.0,29.0,152.73016111352828
101798,174.0,29.5,154.0650203946661
101799,174.0,30.0,151.0334165401559
101800,174.0,30.5,149.8309110813897
101801,174.0,31.0,152.26233855465307
101802,174.0,31.5,153.17373733613482
101803,174.0,32.0,147.30447935053675
101804,174.0,32.5,147.10094379357434
101805,174.0,33.0,150.3106602986008
101806,174.0,33.5,151.44045242345405
101807,174.0,34.0,171.91042998878538
101808,174.0,34.5,161.30196365837213
101809,174.0,35.0,159.35765352601618
101810,174.0,35.5,156.01667188951635
101811,174.0,36.0,157.91337485760022
101812,174.0,36.5,152.49093137252328
101813,174.0,37.0,154.59810512600347
101814,174.0,37.5,157.17296197303423
101815,174.0,38.0,159.87877632844206
101816,174.0,38.5,157.41460953600154
101817,174.0,39.5,178.79391948703264
101818,174.5,-37.5,153.7984973363311
101819,174.5,-37.0,153.40565803402797
101820,174.5,-36.5,161.78892226003057
101821,174.5,-36.0,153.78374014218107
101822,174.5,-35.5,149.4169522634339
101823,174.5,-35.0,149.47325724024338
101824,174.5,-34.5,150.45979230454896
101825,174.5,-34.0,149.16631399629955
101826,174.5,-33.5,150.09113525112937
101827,174.5,-33.0,149.64816931030487
101828,174.5,-32.5,152.9806644885532
101829,174.5,-32.0,152.60244077296107
101830,174.5,-31.5,151.3340513317359
101831,174.5,-31.0,148.58295385517252
101832,174.5,-30.5,150.29381890681975
101833,174.5,-30.0,151.03002378411585
101834,174.5,-29.5,148.8637946579913
101835,174.5,-29.0,149.98707072818846
101836,174.5,-28.5,148.0524711809656
101837,174.5,-28.0,148.42358969700356
101838,174.5,-27.5,147.73980113978848
101839,174.5,-27.0,146.72169751573526
101840,174.5,-26.5,148.54697398781101
101841,174.5,-26.0,147.30981781054322
101842,174.5,-25.5,145.92734590944042
101843,174.5,-25.0,150.75600275684488
101844,174.5,-24.5,150.0274650127695
101845,174.5,-24.0,148.96360325425394
101846,174.5,-23.5,153.454238387156
101847,174.5,-23.0,146.8448722499342
101848,174.5,-22.5,147.96305679436028
101849,174.5,-22.0,147.83617611283222
101850,174.5,-21.5,148.91366430654108
101851,174.5,-21.0,150.32807679996895
101852,174.5,-20.5,149.0571570984259
101853,174.5,-20.0,148.8580520905846
101854,174.5,-19.5,148.8185041783851
101855,174.5,-19.0,147.56137911197413
101856,174.5,-18.5,156.12929189865326
101857,174.5,-18.0,149.72735163773686
101858,174.5,-17.5,148.55534206047747
101859,174.5,-17.0,161.2411260975026
101860,174.5,-16.5,148.59479398810217
101861,174.5,-16.0,150.89503507796837
101862,174.5,-15.5,149.99918326237164
101863,174.5,-15.0,150.78049192838964
101864,174.5,-14.5,149.57247401235003
101865,174.5,-14.0,151.06861403726467
101866,174.5,-13.5,151.55951307904576
101867,174.5,-13.0,153.06727850426185
101868,174.5,-12.5,152.07319279114017
101869,174.5,-12.0,153.6264689027168
101870,174.5,-11.5,148.95795218875122
101871,174.5,-11.0,150.50916521545645
101872,174.5,-10.5,150.3717266797883
101873,174.5,-10.0,151.70811080641067
101874,174.5,-9.5,155.47435427214694
101875,174.5,-9.0,158.11065772845654
101876,174.5,-8.5,147.46996858497414
101877,174.5,-8.0,147.6148269058349
101878,174.5,-7.5,149.33164674111157
101879,174.5,-7.0,152.3780103230439
101880,174.5,-6.5,152.0865686831355
101881,174.5,-6.0,151.8334168790401
101882,174.5,-5.5,153.48686079056716
101883,174.5,-5.0,156.14689723032427
101884,174.5,-4.5,158.99047066142734
101885,174.5,-4.0,162.92397464342594
101886,174.5,-3.5,162.66009929350923
101887,174.5,-2.5,158.22469346036098
101888,174.5,-2.0,159.9913369401023
101889,174.5,-0.5,161.42560623027293
101890,174.5,0.0,158.76941096173448
101891,174.5,0.5,161.6080349279196
101892,174.5,1.0,155.3172133761605
101893,174.5,2.0,160.01465651909973
101894,174.5,2.5,159.45542578771048
101895,174.5,3.0,158.4641270486475
101896,174.5,3.5,157.06132025668353
101897,174.5,4.5,151.59029692318347
101898,174.5,5.0,158.52589343702937
101899,174.5,5.5,153.46299890568628
101900,174.5,6.0,154.0423642939453
101901,174.5,6.5,153.19802142052617
101902,174.5,7.0,150.83822296239924
101903,174.5,7.5,152.6128335738018
101904,174.5,8.0,168.50116643066966
101905,174.5,9.5,151.05837264847273
101906,174.5,10.0,162.7151603958688
101907,174.5,10.5,153.18525753807504
101908,174.5,11.0,152.4030629095258
101909,174.5,11.5,152.14218662748502
101910,174.5,12.0,150.20585201113298
101911,174.5,12.5,152.11124672551324
101912,174.5,13.0,152.9418206867897
101913,174.5,13.5,154.3469256251419
101914,174.5,14.0,154.29413842031258
101915,174.5,14.5,154.4867652123649
101916,174.5,15.0,155.9281868195818
101917,174.5,15.5,148.89142086875677
101918,174.5,16.0,149.15370520721206
101919,174.5,16.5,154.64021153248424
101920,174.5,17.0,154.03966738280494
101921,174.5,17.5,150.2605865879985
101922,174.5,18.0,157.6929354024509
101923,174.5,18.5,154.01296704229063
101924,174.5,19.0,150.10207471318893
101925,174.5,19.5,157.71283291324548
101926,174.5,20.0,150.0318934004087
101927,174.5,20.5,155.3899741360149
101928,174.5,21.0,153.29532015006302
101929,174.5,21.5,151.61725116281409
101930,174.5,22.0,153.7062204784462
101931,174.5,22.5,154.80456522978417
101932,174.5,23.0,156.51716173903162
101933,174.5,23.5,150.0159382031798
101934,174.5,24.0,149.26285285036434
101935,174.5,24.5,148.26587071908344
101936,174.5,25.0,148.71654522500143
101937,174.5,25.5,149.06055381599947
101938,174.5,26.0,148.22935990489506
101939,174.5,26.5,150.19488088269676
101940,174.5,27.0,153.30766922379595
101941,174.5,27.5,151.39708753357016
101942,174.5,28.0,152.0701694206443
101943,174.5,28.5,152.9499324776539
101944,174.5,29.0,151.68503715018218
101945,174.5,29.5,156.13985307883974
101946,174.5,30.0,148.61563810947456
101947,174.5,30.5,151.82183047163744
101948,174.5,31.0,151.8566039154244
101949,174.5,31.5,152.24113853151263
101950,174.5,32.0,150.15073926939843
101951,174.5,32.5,150.41831452366623
101952,174.5,33.0,147.15403564685133
101953,174.5,33.5,150.9855535212132
101954,174.5,34.0,165.34806818684478
101955,174.5,34.5,156.1474600988493
101956,174.5,35.0,160.16431900184207
101957,174.5,35.5,156.730010265719
101958,174.5,36.0,158.6665963079183
101959,174.5,36.5,151.40476285556485
101960,174.5,37.0,153.1245185389042
101961,174.5,37.5,157.45994676927378
101962,174.5,38.0,159.32679143160973
101963,174.5,38.5,157.81032938372687
101964,174.5,39.0,158.1479989713447
101965,174.5,39.5,178.9221564651534
101966,174.5,40.0,179.0183234875928
101967,174.5,40.5,178.1459146997652
101968,175.0,-37.5,155.42286977523625
101969,175.0,-37.0,152.45154087122813
101970,175.0,-36.5,163.04960503684194
101971,175.0,-36.0,153.8460680149758
101972,175.0,-35.5,148.72109841736068
101973,175.0,-35.0,149.14871332723243
101974,175.0,-34.5,151.63111364650914
101975,175.0,-34.0,149.15630100401208
101976,175.0,-33.5,149.33889370716403
101977,175.0,-33.0,149.75383898324102
101978,175.0,-32.5,152.13122820841494
101979,175.0,-32.0,153.63098874965283
101980,175.0,-31.5,152.0057425070665
101981,175.0,-31.0,149.74581464690388
101982,175.0,-30.5,150.61729060888473
101983,175.0,-30.0,150.40065889303239
101984,175.0,-29.5,149.6090353913248
101985,175.0,-29.0,148.1167632701883
101986,175.0,-28.5,149.15274335932168
101987,175.0,-28.0,147.3322073756207
101988,175.0,-27.5,147.71108613237416
101989,175.0,-27.0,146.85753708123588
101990,175.0,-26.5,148.7660210895246
101991,175.0,-26.0,146.83419134018354
101992,175.0,-25.5,145.88023598690674
101993,175.0,-25.0,150.43179763463257
101994,175.0,-24.5,146.92864923229973
101995,175.0,-24.0,154.31249495321737
101996,175.0,-23.5,148.93287274986878
101997,175.0,-23.0,146.75442842790918
101998,175.0,-22.5,147.01076799002294
101999,175.0,-22.0,149.41641662071098
102000,175.0,-21.5,149.2826677615096
102001,175.0,-21.0,152.2779513173703
102002,175.0,-20.5,147.91742776512947
102003,175.0,-20.0,148.83650554675634
102004,175.0,-19.5,156.34182506893745
102005,175.0,-19.0,148.8607340516274
102006,175.0,-18.5,151.60666844252682
102007,175.0,-18.0,149.151489233689
102008,175.0,-17.5,159.38781506781638
102009,175.0,-17.0,149.87291925194165
102010,175.0,-16.5,148.9605494303579
102011,175.0,-15.0,151.2925966011149
102012,175.0,-14.5,150.43027977799588
102013,175.0,-14.0,148.58503972035598
102014,175.0,-13.5,152.90255783098954
102015,175.0,-13.0,151.925359598012
102016,175.0,-12.0,149.03782954111034
102017,175.0,-11.5,149.39417268594235
102018,175.0,-11.0,146.63697143805305
102019,175.0,-10.5,151.10370784599047
102020,175.0,-10.0,152.30405201334767
102021,175.0,-9.5,155.284616841732
102022,175.0,-9.0,151.77556349839958
102023,175.0,-8.5,159.55897062974714
102024,175.0,-8.0,147.9093539445872
102025,175.0,-7.5,151.18729638767508
102026,175.0,-7.0,151.17754499280684
102027,175.0,-6.5,153.660803027916
102028,175.0,-6.0,153.64723166953357
102029,175.0,-5.5,152.628847792087
102030,175.0,-5.0,157.323047691402
102031,175.0,-4.5,158.8962097373876
102032,175.0,-4.0,159.12931035368717
102033,175.0,-3.5,162.44945715914923
102034,175.0,-3.0,158.27684111350626
102035,175.0,-2.5,158.44799469971508
102036,175.0,-2.0,157.407951583904
102037,175.0,-1.5,165.22494491883563
102038,175.0,-0.5,159.54273536479604
102039,175.0,0.0,156.78080227116055
102040,175.0,0.5,157.47224786528432
102041,175.0,1.0,160.84223392695486
102042,175.0,1.5,161.0125998800035
102043,175.0,2.5,157.58687700269383
102044,175.0,3.5,155.79561644202818
102045,175.0,4.0,151.4466914114638
102046,175.0,4.5,151.59701346153784
102047,175.0,5.0,152.4274549114173
102048,175.0,5.5,153.4813666225689
102049,175.0,6.0,153.14813484048636
102050,175.0,6.5,151.4761529085933
102051,175.0,7.0,152.44454376191578
102052,175.0,8.0,168.47271100063017
102053,175.0,8.5,168.44411348570088
102054,175.0,9.0,150.4067717647657
102055,175.0,9.5,150.92952775164386
102056,175.0,10.0,162.1545158283224
102057,175.0,10.5,159.59240906446038
102058,175.0,11.0,149.22035543906992
102059,175.0,11.5,154.33790693703384
102060,175.0,12.0,151.48866256579913
102061,175.0,12.5,151.38501061326926
102062,175.0,13.0,154.39958506963308
102063,175.0,13.5,153.4170986460474
102064,175.0,14.0,152.9840313653352
102065,175.0,14.5,157.26855794141588
102066,175.0,15.0,157.22232697233207
102067,175.0,15.5,149.36895186755942
102068,175.0,16.0,149.6431677153947
102069,175.0,16.5,154.48113155625077
102070,175.0,17.0,152.95329571427916
102071,175.0,17.5,149.26097690493282
102072,175.0,18.0,155.01297616396297
102073,175.0,18.5,153.11556998634632
102074,175.0,19.0,153.02402685409015
102075,175.0,19.5,154.11205677796983
102076,175.0,20.0,151.8917861702697
102077,175.0,20.5,156.06392044587338
102078,175.0,21.0,150.19343108777056
102079,175.0,22.0,150.2100399954077
102080,175.0,22.5,153.6078409165868
102081,175.0,23.0,154.46676577255164
102082,175.0,23.5,153.65209919815715
102083,175.0,24.0,151.96157665708864
102084,175.0,24.5,148.9044405588335
102085,175.0,25.0,148.07023119592637
102086,175.0,25.5,149.86643288943753
102087,175.0,26.0,147.87081801471837
102088,175.0,26.5,149.7610219336166
102089,175.0,27.0,152.33922620418295
102090,175.0,27.5,152.11852100373122
102091,175.0,28.0,151.5966529205777
102092,175.0,28.5,151.97828655274668
102093,175.0,29.0,151.46897127993336
102094,175.0,29.5,154.94033366294855
102095,175.0,30.0,148.14302578875436
102096,175.0,30.5,152.3788447748014
102097,175.0,31.0,149.87758966174533
102098,175.0,31.5,151.26325111019577
102099,175.0,32.0,151.7082391843387
102100,175.0,32.5,153.05724282588415
102101,175.0,33.0,147.13564033714113
102102,175.0,33.5,150.82224845224266
102103,175.0,34.0,161.10218744623126
102104,175.0,34.5,159.8331101405275
102105,175.0,35.0,158.39590544024463
102106,175.0,35.5,156.5852381503083
102107,175.0,36.0,162.21584447889032
102108,175.0,36.5,150.82123529115304
102109,175.0,37.0,153.01032415843505
102110,175.0,38.0,159.06180352822398
102111,175.0,38.5,161.1443356504476
102112,175.0,39.0,158.2133827700993
102113,175.0,39.5,179.02214999901759
102114,175.0,40.0,178.98144057946104
102115,175.0,40.5,178.32219901392804
102116,175.5,-37.5,154.01012911141976
102117,175.5,-37.0,155.87820479840093
102118,175.5,-36.5,161.78502817744314
102119,175.5,-36.0,154.87293785715994
102120,175.5,-35.5,148.626820102137
102121,175.5,-35.0,149.65660083298337
102122,175.5,-34.5,151.49922926276616
102123,175.5,-34.0,149.3430864569515
102124,175.5,-33.5,149.602873800199
102125,175.5,-33.0,152.62282946742368
102126,175.5,-32.5,152.42152332869574
102127,175.5,-32.0,154.30497884301514
102128,175.5,-31.5,150.6713943412597
102129,175.5,-31.0,151.50629078041072
102130,175.5,-30.5,150.36432902126646
102131,175.5,-30.0,149.7484310370843
102132,175.5,-29.5,149.77197119372977
102133,175.5,-29.0,148.61658823004598
102134,175.5,-28.5,151.90812129413948
102135,175.5,-28.0,148.29831591072804
102136,175.5,-27.5,147.4789858944747
102137,175.5,-27.0,147.75870732716663
102138,175.5,-26.5,147.43344205242502
102139,175.5,-26.0,145.89081558129323
102140,175.5,-25.5,147.80485589433712
102141,175.5,-25.0,148.1769630228326
102142,175.5,-24.5,149.34790852378507
102143,175.5,-24.0,152.62234684453944
102144,175.5,-23.5,148.89476682368598
102145,175.5,-23.0,147.66616520502203
102146,175.5,-22.5,146.50465426516132
102147,175.5,-22.0,148.411200332423
102148,175.5,-21.5,150.8897302830368
102149,175.5,-21.0,153.35956570832295
102150,175.5,-20.5,148.16123543789263
102151,175.5,-20.0,153.4832303083489
102152,175.5,-19.5,150.66448108013643
102153,175.5,-19.0,153.40023971646778
102154,175.5,-18.5,148.52054933129702
102155,175.5,-18.0,153.32923591939596
102156,175.5,-17.5,160.27917176238302
102157,175.5,-17.0,148.6969683862789
102158,175.5,-16.5,150.15059479028812
102159,175.5,-16.0,147.4631896835894
102160,175.5,-15.5,152.1232527401058
102161,175.5,-15.0,151.3331664490173
102162,175.5,-14.5,151.3076977699463
102163,175.5,-14.0,150.54441071541535
102164,175.5,-13.5,150.7634045988296
102165,175.5,-13.0,152.9561722746548
102166,175.5,-12.0,148.8029879713227
102167,175.5,-11.5,151.53730498463602
102168,175.5,-11.0,147.98848007635564
102169,175.5,-10.5,151.2698348503562
102170,175.5,-10.0,154.40594541581697
102171,175.5,-9.5,147.231909306693
102172,175.5,-9.0,154.39598013679523
102173,175.5,-8.5,154.16298798292334
102174,175.5,-8.0,151.8496984327254
102175,175.5,-7.5,150.3324053800541
102176,175.5,-7.0,151.59444463357954
102177,175.5,-6.5,153.5575973244905
102178,175.5,-6.0,155.03435791002593
102179,175.5,-4.5,157.31770746265045
102180,175.5,-4.0,158.8220524858695
102181,175.5,-3.0,158.3934689370319
102182,175.5,-2.5,157.67047975845188
102183,175.5,-2.0,157.7396155856063
102184,175.5,-1.5,160.96047456904915
102185,175.5,-1.0,162.19518395028445
102186,175.5,-0.5,159.52820588901824
102187,175.5,0.0,154.46316192218836
102188,175.5,0.5,154.33466663768337
102189,175.5,1.0,160.34021452198272
102190,175.5,1.5,159.64465805511801
102191,175.5,2.5,154.7837198927377
102192,175.5,3.0,154.35380458728875
102193,175.5,3.5,151.9646868184478
102194,175.5,4.0,151.29600823172674
102195,175.5,4.5,150.68764704426607
102196,175.5,5.0,151.462830054489
102197,175.5,5.5,151.96839667559632
102198,175.5,6.0,153.10341533402465
102199,175.5,6.5,153.05261925200338
102200,175.5,7.0,151.0562162096676
102201,175.5,8.5,157.58581814603102
102202,175.5,9.0,155.8438158393342
102203,175.5,10.0,151.2166478239787
102204,175.5,10.5,158.4044963707888
102205,175.5,11.0,152.91828063227314
102206,175.5,11.5,150.1008964773357
102207,175.5,12.0,152.53764376475212
102208,175.5,12.5,152.89725396578538
102209,175.5,13.0,154.1093377708602
102210,175.5,13.5,153.8552194397188
102211,175.5,14.5,156.90021204248683
102212,175.5,15.0,153.75682948443057
102213,175.5,15.5,152.28220451397678
102214,175.5,16.5,152.73943142601144
102215,175.5,17.0,150.55453267946098
102216,175.5,17.5,154.91688549242352
102217,175.5,18.0,149.20436201206402
102218,175.5,18.5,152.81402771197577
102219,175.5,19.0,155.71239460061767
102220,175.5,19.5,150.8101912090856
102221,175.5,20.5,149.26178540570868
102222,175.5,21.0,155.53579279560645
102223,175.5,21.5,148.97110793405923
102224,175.5,22.0,149.83296379685922
102225,175.5,22.5,155.0661191011483
102226,175.5,23.0,152.33371713533663
102227,175.5,23.5,150.7755874762663
102228,175.5,24.0,154.07282418263904
102229,175.5,24.5,149.13118279446664
102230,175.5,25.0,147.29118787444426
102231,175.5,25.5,149.33063021908586
102232,175.5,26.0,148.17530046650853
102233,175.5,26.5,148.626159473818
102234,175.5,27.0,149.95516053404086
102235,175.5,27.5,155.6627462662432
102236,175.5,28.0,152.4286398277409
102237,175.5,28.5,151.57741541778512
102238,175.5,29.0,152.01854304908198
102239,175.5,29.5,157.61983276993666
102240,175.5,30.0,149.97704315155056
102241,175.5,30.5,153.43571027029964
102242,175.5,31.0,149.65122251745737
102243,175.5,31.5,149.94345405773026
102244,175.5,32.0,151.451625498887
102245,175.5,32.5,153.37517586490512
102246,175.5,33.0,151.30436789130067
102247,175.5,33.5,149.37340120514583
102248,175.5,34.0,164.68351701584876
102249,175.5,34.5,161.2424194005195
102250,175.5,35.0,156.69335875335054
102251,175.5,35.5,156.92648691147022
102252,175.5,36.0,159.64694823413768
102253,175.5,36.5,150.15224881291326
102254,175.5,37.0,152.71000547415153
102255,175.5,38.0,158.86661950677168
102256,175.5,38.5,161.3629103294268
102257,175.5,39.0,158.61673456749156
102258,175.5,40.5,178.53530331513892
102259,176.0,-37.5,158.49940189090887
102260,176.0,-37.0,155.83464806524572
102261,176.0,-36.5,161.85781458925192
102262,176.0,-36.0,155.13196136866478
102263,176.0,-35.5,148.69726316933532
102264,176.0,-35.0,149.98672414245388
102265,176.0,-34.5,151.81853573965606
102266,176.0,-34.0,149.72300704214916
102267,176.0,-33.5,149.95701921762011
102268,176.0,-33.0,152.43054575951786
102269,176.0,-32.5,151.62734870284055
102270,176.0,-32.0,153.73661631507537
102271,176.0,-31.5,150.9895141813672
102272,176.0,-31.0,151.58485958700422
102273,176.0,-30.5,150.09265834591866
102274,176.0,-30.0,150.5838039151921
102275,176.0,-29.5,148.74311521822216
102276,176.0,-29.0,148.15114787047347
102277,176.0,-28.5,153.13601336489418
102278,176.0,-28.0,147.5293409964037
102279,176.0,-27.5,147.1046939244215
102280,176.0,-27.0,148.39398082303595
102281,176.0,-26.5,148.03426203109694
102282,176.0,-26.0,146.68666320254934
102283,176.0,-25.5,148.7447698186744
102284,176.0,-25.0,147.800085987711
102285,176.0,-24.5,155.12992862546938
102286,176.0,-24.0,149.52942615101588
102287,176.0,-23.5,149.6513744837969
102288,176.0,-23.0,147.8935851032878
102289,176.0,-22.5,147.63694627668153
102290,176.0,-22.0,149.05679935411203
102291,176.0,-21.5,151.03672200891785
102292,176.0,-21.0,148.23889295891718
102293,176.0,-20.5,149.21104520611607
102294,176.0,-20.0,150.87284705165575
102295,176.0,-19.5,150.32870027215836
102296,176.0,-19.0,151.07077547767196
102297,176.0,-18.5,148.30598291925298
102298,176.0,-18.0,158.66961426741196
102299,176.0,-17.5,149.52268801309438
102300,176.0,-17.0,149.6559048694831
102301,176.0,-16.5,149.55443605557025
102302,176.0,-16.0,147.5214589194917
102303,176.0,-15.5,149.39047252992592
102304,176.0,-15.0,150.19392407480956
102305,176.0,-14.5,152.62812785520882
102306,176.0,-14.0,152.33332053330105
102307,176.0,-13.5,150.27995067769913
102308,176.0,-13.0,150.3114672817286
102309,176.0,-12.5,148.9130257080281
102310,176.0,-12.0,148.87122202396145
102311,176.0,-11.5,146.95870505967235
102312,176.0,-11.0,152.16196698990316
102313,176.0,-10.0,151.27755996789108
102314,176.0,-9.5,151.4155295821053
102315,176.0,-9.0,147.54567102436908
102316,176.0,-8.5,151.8810178404987
102317,176.0,-8.0,153.98486171937446
102318,176.0,-7.5,154.65576779787602
102319,176.0,-7.0,153.56020494476192
102320,176.0,-6.5,155.23354993264527
102321,176.0,-6.0,154.93532292337545
102322,176.0,-5.5,155.17652137164848
102323,176.0,-4.5,156.86356225956644
102324,176.0,-4.0,157.88832075020176
102325,176.0,-3.5,154.496725594905
102326,176.0,-3.0,155.3781870244032
102327,176.0,-2.5,162.38368263851598
102328,176.0,-1.5,160.19241299651387
102329,176.0,-1.0,161.5677274941479
102330,176.0,-0.5,158.65853749290181
102331,176.0,0.0,156.65120950634207
102332,176.0,0.5,174.5367305732027
102333,176.0,1.5,159.5655632065313
102334,176.0,2.0,161.05253992793348
102335,176.0,3.0,152.73400287506092
102336,176.0,3.5,152.76791004119298
102337,176.0,4.0,150.45801066980113
102338,176.0,4.5,151.32351449943462
102339,176.0,5.0,150.52352375600037
102340,176.0,5.5,151.39609070053044
102341,176.0,6.0,152.50315037880827
102342,176.0,6.5,153.38125277192276
102343,176.0,7.0,150.99064506900822
102344,176.0,7.5,151.020461210716
102345,176.0,8.5,150.7845089258636
102346,176.0,9.0,168.42311973659545
102347,176.0,10.0,151.40227518820134
102348,176.0,10.5,151.64287853439518
102349,176.0,11.0,162.62762297026327
102350,176.0,11.5,152.00143280513672
102351,176.0,12.0,152.69731492365236
102352,176.0,12.5,154.2193423564552
102353,176.0,13.0,153.95413983368982
102354,176.0,13.5,154.03151233082866
102355,176.0,14.0,154.9731556463492
102356,176.0,14.5,154.64797373031845
102357,176.0,15.0,153.61400658315014
102358,176.0,15.5,155.91109901645063
102359,176.0,16.0,153.69798051759926
102360,176.0,16.5,150.98606280310807
102361,176.0,17.0,150.03744408205847
102362,176.0,17.5,150.26583078010785
102363,176.0,18.0,153.71090062314758
102364,176.0,18.5,161.57728441952935
102365,176.0,19.0,160.02185856999827
102366,176.0,19.5,150.72799639981864
102367,176.0,20.0,148.694409858816
102368,176.0,20.5,149.86544972096036
102369,176.0,21.0,158.37384003483655
102370,176.0,21.5,150.96523460119508
102371,176.0,22.0,155.9361423859515
102372,176.0,22.5,154.47472903236627
102373,176.0,23.0,149.8551022972477
102374,176.0,23.5,149.12019568916386
102375,176.0,24.5,148.92105857432688
102376,176.0,25.0,149.21996805916632
102377,176.0,25.5,148.86271945944938
102378,176.0,26.0,148.98424948945717
102379,176.0,26.5,147.6082880375028
102380,176.0,27.0,150.34720808062025
102381,176.0,27.5,155.42596748021424
102382,176.0,28.0,154.51481484267828
102383,176.0,28.5,151.42264191661496
102384,176.0,29.0,154.49204323651438
102385,176.0,29.5,156.6737417976697
102386,176.0,30.0,156.52756917595113
102387,176.0,30.5,149.5921668510583
102388,176.0,31.0,149.02667644064348
102389,176.0,31.5,148.74332484303144
102390,176.0,32.0,149.63599770204604
102391,176.0,32.5,151.82490411425763
102392,176.0,33.0,152.78900171880068
102393,176.0,33.5,149.06058603485167
102394,176.0,34.0,158.7910053422154
102395,176.0,34.5,161.7072954357598
102396,176.0,35.0,156.9748240010513
102397,176.0,35.5,155.796889559935
102398,176.0,36.0,160.6008393859016
102399,176.0,36.5,150.03083801126292
102400,176.0,37.0,151.22408641313703
102401,176.0,38.0,158.68452685837647
102402,176.0,38.5,161.89684363081625
102403,176.0,39.0,158.81714930650548
102404,176.0,40.5,178.71070926063547
102405,176.0,41.0,178.83899585654095
102406,176.5,-37.5,156.4327837464539
102407,176.5,-37.0,157.4704840336586
102408,176.5,-36.5,161.05045644788524
102409,176.5,-36.0,154.27017254499285
102410,176.5,-35.5,152.29250559319468
102411,176.5,-35.0,151.32397782240955
102412,176.5,-34.5,150.99027336585976
102413,176.5,-34.0,150.36073183833767
102414,176.5,-33.5,149.61851390021772
102415,176.5,-33.0,150.3277309137997
102416,176.5,-32.5,151.21386787214837
102417,176.5,-32.0,154.0641198044066
102418,176.5,-31.5,152.2238089483187
102419,176.5,-31.0,150.75490073679438
102420,176.5,-30.5,150.41821381720035
102421,176.5,-30.0,151.7116887444325
102422,176.5,-29.5,148.83359414289316
102423,176.5,-29.0,147.82617884912116
102424,176.5,-28.5,151.79030386284174
102425,176.5,-28.0,146.67614423819057
102426,176.5,-27.5,147.8213829459363
102427,176.5,-27.0,147.68185089663302
102428,176.5,-26.5,148.6369265619914
102429,176.5,-26.0,147.63601685050077
102430,176.5,-25.5,146.53468744342365
102431,176.5,-25.0,148.1180055802465
102432,176.5,-24.5,152.32920417013125
102433,176.5,-24.0,147.7720963233636
102434,176.5,-23.5,148.01181649911953
102435,176.5,-23.0,148.7721546944951
102436,176.5,-22.5,148.19621899323167
102437,176.5,-22.0,150.13208951905108
102438,176.5,-21.5,148.35929815092146
102439,176.5,-21.0,149.98310451644113
102440,176.5,-20.5,151.7507742776757
102441,176.5,-20.0,150.0216030260938
102442,176.5,-19.5,152.56280356957654
102443,176.5,-19.0,149.21751196932397
102444,176.5,-18.5,174.30180512030486
102445,176.5,-18.0,153.0218278309728
102446,176.5,-17.5,149.10962848191096
102447,176.5,-17.0,151.25660856569388
102448,176.5,-16.5,148.8290803932507
102449,176.5,-16.0,150.06956910045594
102450,176.5,-15.5,149.51539444758706
102451,176.5,-15.0,149.27430806363657
102452,176.5,-14.5,152.85907828488308
102453,176.5,-14.0,151.7519694755032
102454,176.5,-13.5,148.87336646627054
102455,176.5,-13.0,148.89083333091855
102456,176.5,-12.5,149.62485056530716
102457,176.5,-12.0,146.9410308371972
102458,176.5,-11.5,146.86332548924784
102459,176.5,-11.0,152.48162221797332
102460,176.5,-10.5,152.40118576748586
102461,176.5,-10.0,147.5963937588698
102462,176.5,-9.5,153.65617992316052
102463,176.5,-9.0,149.04682913102826
102464,176.5,-8.5,150.246624162505
102465,176.5,-8.0,152.85783530609532
102466,176.5,-7.5,155.63372790892015
102467,176.5,-7.0,156.02190734895507
102468,176.5,-5.5,157.6654404013245
102469,176.5,-5.0,156.70220980770387
102470,176.5,-4.5,156.23950053151302
102471,176.5,-4.0,156.61085173323414
102472,176.5,-3.5,154.72434172141448
102473,176.5,-3.0,157.44659077644567
102474,176.5,-2.5,161.96038742229342
102475,176.5,-2.0,161.1616540081465
102476,176.5,-1.5,160.42541767415864
102477,176.5,-1.0,158.70859213874982
102478,176.5,-0.5,162.0520325003514
102479,176.5,0.0,164.81496276694
102480,176.5,1.5,160.85765440508496
102481,176.5,2.0,160.94735103628378
102482,176.5,2.5,160.0754605477084
102483,176.5,3.0,151.9886657180922
102484,176.5,3.5,152.90548871818567
102485,176.5,4.0,150.88519377184923
102486,176.5,4.5,151.53626905428163
102487,176.5,5.0,151.63741474877799
102488,176.5,5.5,150.09057306538503
102489,176.5,6.0,151.32173438399076
102490,176.5,6.5,153.3519701232299
102491,176.5,7.0,152.94647569768009
102492,176.5,7.5,151.30697503083417
102493,176.5,8.0,150.92653344522944
102494,176.5,8.5,151.77736526697348
102495,176.5,9.5,168.4331589062266
102496,176.5,10.0,150.63483380899953
102497,176.5,10.5,151.86549262462557
102498,176.5,11.0,156.13520415735303
102499,176.5,11.5,155.13889844273538
102500,176.5,12.0,154.9414150497954
102501,176.5,12.5,154.3301775258178
102502,176.5,13.0,154.14227121670615
102503,176.5,13.5,155.28278528803492
102504,176.5,14.0,155.5386135968975
102505,176.5,14.5,153.3994174336059
102506,176.5,15.0,154.4747018215367
102507,176.5,15.5,157.57622288038934
102508,176.5,16.0,155.31079746806245
102509,176.5,16.5,150.55797801685353
102510,176.5,17.0,148.5025227341925
102511,176.5,17.5,151.2162539298792
102512,176.5,18.0,154.28709030521298
102513,176.5,18.5,154.04957604433855
102514,176.5,19.0,154.1804356898918
102515,176.5,19.5,150.30270123674714
102516,176.5,20.0,149.52633386370235
102517,176.5,20.5,149.08604991628377
102518,176.5,21.0,149.37629382452644
102519,176.5,21.5,154.57887718856284
102520,176.5,22.0,158.22024808502576
102521,176.5,22.5,149.90353665851566
102522,176.5,23.0,148.23953194068338
102523,176.5,23.5,149.79149200089674
102524,176.5,24.0,149.4874790604534
102525,176.5,24.5,147.08342145814402
102526,176.5,25.0,151.27321102937216
102527,176.5,25.5,148.8845176535179
102528,176.5,26.0,149.29301805976215
102529,176.5,26.5,148.64420865020574
102530,176.5,27.0,150.22036458386253
102531,176.5,27.5,153.84683664013343
102532,176.5,28.0,156.51677827543585
102533,176.5,28.5,151.49861526259198
102534,176.5,29.0,156.0391688179605
102535,176.5,29.5,155.59703974286262
102536,176.5,30.0,155.63920265797546
102537,176.5,30.5,149.59930916562234
102538,176.5,31.0,148.45883068658185
102539,176.5,31.5,148.38923286008318
102540,176.5,32.0,148.9494045091313
102541,176.5,32.5,153.45595421559182
102542,176.5,33.0,152.39704799866593
102543,176.5,33.5,156.89303180260097
102544,176.5,34.0,153.67686422196886
102545,176.5,34.5,162.32735378606554
102546,176.5,35.0,157.49929443428735
102547,176.5,35.5,156.35071204459774
102548,176.5,36.0,158.83997848432068
102549,176.5,36.5,149.47268534737657
102550,176.5,37.0,148.97864053212837
102551,176.5,38.0,158.60499894259226
102552,176.5,39.0,158.66431460828534
102553,176.5,39.5,165.66731891157096
102554,176.5,41.0,178.98140810282595
102555,177.0,-37.5,154.29394104143702
102556,177.0,-37.0,152.4291537004516
102557,177.0,-36.5,155.0453762531317
102558,177.0,-36.0,155.17200335034076
102559,177.0,-35.5,153.51542708682237
102560,177.0,-35.0,151.63347159383719
102561,177.0,-34.5,151.08141073672914
102562,177.0,-34.0,150.70833028947587
102563,177.0,-33.5,148.17261000113166
102564,177.0,-33.0,150.405554257856
102565,177.0,-32.5,149.6831568166023
102566,177.0,-32.0,151.50599700520345
102567,177.0,-31.5,153.33966865923506
102568,177.0,-31.0,150.78555374542566
102569,177.0,-30.5,150.57852925747008
102570,177.0,-30.0,151.05016931855735
102571,177.0,-29.5,151.40480161738384
102572,177.0,-29.0,152.6618294472168
102573,177.0,-28.5,147.31761026566184
102574,177.0,-28.0,146.0741152980605
102575,177.0,-27.5,147.980195152695
102576,177.0,-27.0,146.7116948694227
102577,177.0,-26.5,148.5499075890563
102578,177.0,-26.0,150.13931964762878
102579,177.0,-25.5,145.0017090993379
102580,177.0,-25.0,154.65249303221538
102581,177.0,-24.5,152.50625515322093
102582,177.0,-24.0,149.0137675024601
102583,177.0,-23.5,146.37781361182834
102584,177.0,-23.0,149.74964949921946
102585,177.0,-22.5,149.09510682613066
102586,177.0,-22.0,149.78091576891268
102587,177.0,-21.5,146.7072786331074
102588,177.0,-21.0,149.32415279220155
102589,177.0,-20.5,150.70737137119713
102590,177.0,-20.0,153.44211198721956
102591,177.0,-19.5,149.09727124425038
102592,177.0,-19.0,149.99933833868442
102593,177.0,-18.5,157.86856438438167
102594,177.0,-18.0,147.95832614819085
102595,177.0,-17.5,150.8834013704618
102596,177.0,-17.0,150.85410478896208
102597,177.0,-16.5,147.92632237518882
102598,177.0,-16.0,149.68433692819872
102599,177.0,-15.5,149.30529607869806
102600,177.0,-15.0,150.9903779026874
102601,177.0,-14.5,151.66809421172238
102602,177.0,-14.0,152.36850212488324
102603,177.0,-13.5,152.1851909313302
102604,177.0,-13.0,148.8255715076776
102605,177.0,-12.5,149.1860478179224
102606,177.0,-12.0,149.65261583332864
102607,177.0,-10.5,149.8225349018985
102608,177.0,-10.0,152.83093689922254
102609,177.0,-9.5,147.8826657563404
102610,177.0,-9.0,151.86991615416838
102611,177.0,-8.5,149.6964223369045
102612,177.0,-8.0,150.2794022771904
102613,177.0,-7.5,154.34118941770868
102614,177.0,-7.0,157.5890612275258
102615,177.0,-6.5,157.6473668861497
102616,177.0,-5.0,158.75439230977133
102617,177.0,-4.5,156.39374686123102
102618,177.0,-4.0,152.2951719656484
102619,177.0,-3.5,156.6997132516343
102620,177.0,-3.0,157.47283156249821
102621,177.0,-2.5,158.47038846602203
102622,177.0,-2.0,158.34668244227564
102623,177.0,-1.5,161.5531337021388
102624,177.0,-1.0,154.65574060999134
102625,177.0,-0.5,158.67030886447054
102626,177.0,0.0,164.77697506314706
102627,177.0,1.5,155.2789646308921
102628,177.0,2.0,161.1798947072845
102629,177.0,2.5,156.89315242151818
102630,177.0,3.0,153.843351557095
102631,177.0,3.5,151.35378131240816
102632,177.0,4.0,151.18247714793804
102633,177.0,4.5,151.1594004183914
102634,177.0,5.0,152.42629513992227
102635,177.0,5.5,152.7725648928905
102636,177.0,6.5,152.4480932321055
102637,177.0,7.0,153.0812964022553
102638,177.0,7.5,150.6503272148527
102639,177.0,8.0,151.27223610248012
102640,177.0,9.5,154.39171588765163
102641,177.0,10.0,165.93627673583194
102642,177.0,10.5,150.3615545797343
102643,177.0,11.0,152.18771627674903
102644,177.0,11.5,158.9482527565909
102645,177.0,12.0,155.59545719041344
102646,177.0,12.5,155.28309885310318
102647,177.0,13.0,156.12399081333513
102648,177.0,13.5,155.3894939438929
102649,177.0,14.0,152.55111477439715
102650,177.0,14.5,153.5345558188207
102651,177.0,15.5,156.32341814632514
102652,177.0,16.0,154.09795125350414
102653,177.0,16.5,154.49831676415374
102654,177.0,17.0,149.5126814699751
102655,177.0,17.5,154.49056800929543
102656,177.0,18.0,154.42388016932514
102657,177.0,18.5,154.48797628859336
102658,177.0,19.5,150.32569760903002
102659,177.0,20.0,150.1630998473146
102660,177.0,20.5,148.45415123864038
102661,177.0,21.0,148.62029151705966
102662,177.0,21.5,155.1737878197034
102663,177.0,22.0,151.6304866510946
102664,177.0,22.5,148.0769632819641
102665,177.0,23.0,147.4237366166312
102666,177.0,23.5,149.4485954479965
102667,177.0,24.0,149.46585483641596
102668,177.0,24.5,150.3054789295459
102669,177.0,25.0,150.9680562026152
102670,177.0,25.5,149.74572605819822
102671,177.0,26.0,149.00082003747303
102672,177.0,26.5,150.08662451756854
102673,177.0,27.0,149.23604240964934
102674,177.0,27.5,161.667517202355
102675,177.0,28.0,151.74495662894506
102676,177.0,28.5,152.30978231310854
102677,177.0,29.0,154.74825877794197
102678,177.0,29.5,162.8465522302739
102679,177.0,30.0,152.52728950946553
102680,177.0,30.5,148.23462251817483
102681,177.0,31.0,148.40832440175012
102682,177.0,31.5,149.10066950904297
102683,177.0,32.0,148.6689185472134
102684,177.0,32.5,151.65863621376374
102685,177.0,33.0,153.04233184326202
102686,177.0,33.5,156.96120346672487
102687,177.0,34.0,151.0566003353757
102688,177.0,34.5,162.90833748891762
102689,177.0,35.0,157.5064410889569
102690,177.0,35.5,155.93652469566595
102691,177.0,36.0,161.48593113427765
102692,177.0,36.5,149.8106304223091
102693,177.0,37.0,149.4016320333637
102694,177.0,38.0,158.08755666502765
102695,177.0,39.5,164.2322268165937
102696,177.0,40.0,179.43057499357192
102697,177.0,41.0,179.15502623267412
102698,177.5,-38.5,168.76798857326327
102699,177.5,-37.5,154.645719459711
102700,177.5,-37.0,152.11261661963445
102701,177.5,-36.5,155.5880044886081
102702,177.5,-36.0,154.85908411642058
102703,177.5,-35.5,152.79974076933215
102704,177.5,-35.0,151.69493009039797
102705,177.5,-34.5,151.1117501271535
102706,177.5,-34.0,150.74281131294458
102707,177.5,-33.5,148.0001089863347
102708,177.5,-33.0,149.93395797028614
102709,177.5,-32.5,149.49726449946425
102710,177.5,-32.0,151.5279768814295
102711,177.5,-31.5,153.50114252262762
102712,177.5,-31.0,152.1970622323721
102713,177.5,-30.5,149.87868735050967
102714,177.5,-30.0,155.93181763620456
102715,177.5,-29.5,149.85147533510377
102716,177.5,-29.0,151.4785634155634
102717,177.5,-28.5,147.7342111303297
102718,177.5,-28.0,146.16486899205506
102719,177.5,-27.5,146.96292837094978
102720,177.5,-27.0,146.81346504546056
102721,177.5,-26.5,148.7313741834563
102722,177.5,-26.0,146.97795280734516
102723,177.5,-25.5,145.10477720345278
102724,177.5,-25.0,154.01661064842924
102725,177.5,-24.5,146.60118038514491
102726,177.5,-24.0,148.37498191606832
102727,177.5,-23.5,147.0202684095062
102728,177.5,-23.0,149.69939045247568
102729,177.5,-22.5,150.51934592096003
102730,177.5,-22.0,148.07738585761675
102731,177.5,-21.5,146.72023060834823
102732,177.5,-21.0,150.3616954660251
102733,177.5,-20.5,151.0242803602422
102734,177.5,-20.0,150.754377830395
102735,177.5,-19.5,149.1872434921619
102736,177.5,-19.0,159.58121515831073
102737,177.5,-18.5,151.96639219754525
102738,177.5,-18.0,149.194364981845
102739,177.5,-17.5,150.83648602254266
102740,177.5,-17.0,150.35481772590316
102741,177.5,-16.5,149.72758036546597
102742,177.5,-16.0,149.47349316344776
102743,177.5,-15.5,150.1296516250958
102744,177.5,-15.0,150.02557617601005
102745,177.5,-14.5,150.345612083038
102746,177.5,-14.0,171.3471878084914
102747,177.5,-13.5,150.81568955395645
102748,177.5,-13.0,153.46776909026318
102749,177.5,-12.5,148.397982271747
102750,177.5,-12.0,151.33744210433454
102751,177.5,-11.5,152.1530049022657
102752,177.5,-11.0,147.60239938653774
102753,177.5,-10.5,147.49722924157
102754,177.5,-10.0,150.95663082038354
102755,177.5,-9.5,149.6456395054939
102756,177.5,-9.0,150.91765627502457
102757,177.5,-8.5,152.71143797421527
102758,177.5,-8.0,150.8089212045729
102759,177.5,-7.5,153.33705850685809
102760,177.5,-7.0,154.811593652428
102761,177.5,-6.5,157.6542914937564
102762,177.5,-6.0,157.62007346988352
102763,177.5,-5.5,154.22393871406706
102764,177.5,-5.0,156.46915034490272
102765,177.5,-4.5,155.53320070418607
102766,177.5,-4.0,155.4758120158415
102767,177.5,-3.5,156.8306204524477
102768,177.5,-3.0,156.74629657221396
102769,177.5,-2.5,155.8496813457439
102770,177.5,-2.0,155.23376288295435
102771,177.5,-1.5,155.84821103934414
102772,177.5,-1.0,159.95937466953188
102773,177.5,-0.5,157.6092977688454
102774,177.5,0.0,159.5548934003232
102775,177.5,0.5,164.90178365113556
102776,177.5,1.5,157.02592543960603
102777,177.5,2.0,155.0425008072079
102778,177.5,2.5,156.61135201578008
102779,177.5,3.0,154.0238365791482
102780,177.5,3.5,152.26262811081867
102781,177.5,4.0,151.1232858809422
102782,177.5,4.5,150.63237087625677
102783,177.5,5.0,152.4726557664299
102784,177.5,5.5,156.86923177196672
102785,177.5,6.5,152.60515335738512
102786,177.5,7.0,154.3549219650088
102787,177.5,7.5,152.34645039097313
102788,177.5,8.5,151.4407960474119
102789,177.5,9.0,150.80086818537023
102790,177.5,9.5,150.85754743160157
102791,177.5,10.0,165.11621238248804
102792,177.5,10.5,151.08348109674944
102793,177.5,11.0,152.69142155428045
102794,177.5,11.5,155.35235412601867
102795,177.5,12.0,160.9012774460087
102796,177.5,12.5,155.17384238062
102797,177.5,13.0,156.28832520732456
102798,177.5,13.5,153.24639415470764
102799,177.5,14.0,153.6166308026876
102800,177.5,14.5,157.2505873462167
102801,177.5,15.0,155.25425064135476
102802,177.5,15.5,154.41717230501683
102803,177.5,16.0,154.7423504326349
102804,177.5,16.5,153.81999507782973
102805,177.5,17.0,154.56136310821373
102806,177.5,18.0,154.91375803468472
102807,177.5,18.5,154.86275479017812
102808,177.5,19.0,154.4837516303608
102809,177.5,19.5,150.75923425515285
102810,177.5,20.0,149.00539419795896
102811,177.5,20.5,149.75075098545827
102812,177.5,21.0,149.8823046410899
102813,177.5,21.5,147.87879555907077
102814,177.5,22.0,151.75368497193654
102815,177.5,22.5,147.67876212332715
102816,177.5,23.0,147.386226098888
102817,177.5,23.5,149.23605938582736
102818,177.5,24.0,149.0031872590418
102819,177.5,24.5,149.71629502765217
102820,177.5,25.0,151.31167398701388
102821,177.5,25.5,150.68780139063009
102822,177.5,26.0,148.75879676107186
102823,177.5,26.5,151.32286436349165
102824,177.5,27.0,152.24170585920737
102825,177.5,27.5,153.4587126835236
102826,177.5,28.0,150.99537362804324
102827,177.5,28.5,153.9393124274648
102828,177.5,29.0,152.8820389244021
102829,177.5,29.5,161.37428985261516
102830,177.5,30.0,151.30096076960436
102831,177.5,31.0,149.11431300624517
102832,177.5,31.5,148.18773147819937
102833,177.5,32.0,150.2036938707301
102834,177.5,32.5,150.40993417728873
102835,177.5,33.0,152.81622357292395
102836,177.5,33.5,156.54381304180578
102837,177.5,34.0,156.78383199613563
102838,177.5,34.5,159.47421189756676
102839,177.5,35.0,158.06679904628191
102840,177.5,35.5,157.22827295391755
102841,177.5,36.0,157.48471558780565
102842,177.5,36.5,148.8975788601809
102843,177.5,37.0,148.7651770517496
102844,177.5,38.0,157.69322201064168
102845,177.5,39.5,159.4505491505635
102846,177.5,40.0,179.5013195224333
102847,178.0,-38.5,168.7686462308875
102848,178.0,-37.5,154.8022064339736
102849,178.0,-37.0,151.0813956392329
102850,178.0,-36.5,156.5062540950755
102851,178.0,-36.0,154.64756314765026
102852,178.0,-35.5,154.39271659115948
102853,178.0,-35.0,151.50967794573077
102854,178.0,-34.5,151.11235390552298
102855,178.0,-34.0,150.90052804186345
102856,178.0,-33.5,148.20343793863475
102857,178.0,-33.0,152.20722208599926
102858,178.0,-32.5,150.24444922881523
102859,178.0,-32.0,151.57644683834977
102860,178.0,-31.5,152.95410613624637
102861,178.0,-31.0,152.36465634005148
102862,178.0,-30.5,150.56745022223026
102863,178.0,-30.0,152.2746894298046
102864,178.0,-29.5,149.78641571290137
102865,178.0,-29.0,151.69285721273533
102866,178.0,-28.5,147.437216253787
102867,178.0,-28.0,146.32860998094057
102868,178.0,-27.5,146.27840183950127
102869,178.0,-27.0,147.4114875966274
102870,178.0,-26.5,150.82487896525237
102871,178.0,-26.0,148.9154667084895
102872,178.0,-25.5,148.7313777470479
102873,178.0,-25.0,154.41417551583484
102874,178.0,-24.5,147.63744241691347
102875,178.0,-24.0,146.7491083020115
102876,178.0,-23.5,149.56439980263787
102877,178.0,-23.0,148.6920121492383
102878,178.0,-22.5,149.73719775599358
102879,178.0,-22.0,148.33443625417704
102880,178.0,-21.5,148.72888335587228
102881,178.0,-21.0,149.30942061196697
102882,178.0,-20.5,151.2329274466741
102883,178.0,-20.0,150.38532048892355
102884,178.0,-19.5,154.20258246884043
102885,178.0,-19.0,156.7332480971729
102886,178.0,-18.5,152.98824906247714
102887,178.0,-18.0,149.09045865704763
102888,178.0,-17.0,149.08553986346712
102889,178.0,-16.5,149.76943374956832
102890,178.0,-16.0,149.53485741644906
102891,178.0,-15.5,150.58671164555508
102892,178.0,-15.0,150.53702915304584
102893,178.0,-14.5,148.4332171361908
102894,178.0,-14.0,149.0468339472819
102895,178.0,-13.5,150.38042076916113
102896,178.0,-13.0,150.9913741983229
102897,178.0,-12.5,154.45151639457407
102898,178.0,-12.0,150.61997364256925
102899,178.0,-11.5,150.63608438115355
102900,178.0,-11.0,148.6448541327614
102901,178.0,-10.5,147.8118663525167
102902,178.0,-10.0,149.91811383357052
102903,178.0,-9.5,151.71803943371467
102904,178.0,-9.0,150.04316500633618
102905,178.0,-8.5,151.7211529531665
102906,178.0,-8.0,152.31034875586198
102907,178.0,-7.0,154.70833735608463
102908,178.0,-6.5,155.91780188741555
102909,178.0,-6.0,158.5137315754408
102910,178.0,-5.0,151.70000922837374
102911,178.0,-4.5,153.752977231407
102912,178.0,-4.0,157.78053372779343
102913,178.0,-3.5,156.21300979997318
102914,178.0,-3.0,156.07345025848193
102915,178.0,-2.5,155.9975836963754
102916,178.0,-2.0,153.32217385518254
102917,178.0,-1.5,151.5774524669489
102918,178.0,-1.0,162.32205603769864
102919,178.0,-0.5,162.57528111648674
102920,178.0,0.0,159.82259597168596
102921,178.0,0.5,161.85554929983803
102922,178.0,1.0,164.58803600122164
102923,178.0,1.5,158.30552907966398
102924,178.0,2.0,156.7499434274483
102925,178.0,2.5,154.31545551253384
102926,178.0,3.0,155.35926455833743
102927,178.0,3.5,152.13667807721077
102928,178.0,4.0,151.15620647330002
102929,178.0,4.5,151.38404233982325
102930,178.0,5.0,151.23086796172672
102931,178.0,5.5,157.21719331494614
102932,178.0,6.0,152.76727363638273
102933,178.0,7.0,153.5204492577283
102934,178.0,7.5,152.9646685565997
102935,178.0,8.0,152.50132166272252
102936,178.0,8.5,151.00671953666543
102937,178.0,9.0,151.57668588998072
102938,178.0,10.0,151.37268447771095
102939,178.0,10.5,156.6731981540406
102940,178.0,11.0,153.4294134056859
102941,178.0,11.5,155.49674191153807
102942,178.0,12.0,159.89635187768152
102943,178.0,12.5,160.97472558936406
102944,178.0,13.0,156.21593529342343
102945,178.0,13.5,152.01855937985226
102946,178.0,14.0,153.96445527479864
102947,178.0,14.5,157.58950282925818
102948,178.0,15.0,155.22782603418608
102949,178.0,15.5,152.81299003349673
102950,178.0,16.0,154.3846052695725
102951,178.0,16.5,155.9986549913142
102952,178.0,17.0,156.14470342367136
102953,178.0,18.0,154.9729312760095
102954,178.0,19.0,152.88620639670734
102955,178.0,19.5,156.44369143901562
102956,178.0,20.0,151.74461911794688
102957,178.0,20.5,149.31093200515738
102958,178.0,21.0,153.9328364999462
102959,178.0,21.5,149.4170452127786
102960,178.0,22.0,148.58281510466097
102961,178.0,22.5,150.09206672651766
102962,178.0,23.0,147.6211147560582
102963,178.0,24.0,148.42801489863757
102964,178.0,24.5,151.35535850464277
102965,178.0,25.0,151.3785940431589
102966,178.0,25.5,153.32516320848444
102967,178.0,26.0,150.77401022680925
102968,178.0,26.5,151.07625894619147
102969,178.0,27.0,150.6370392659633
102970,178.0,27.5,150.3139196815744
102971,178.0,28.0,151.62982151249386
102972,178.0,28.5,153.28677053125895
102973,178.0,29.0,157.81445147442417
102974,178.0,29.5,158.6882559394156
102975,178.0,30.0,148.60137609818202
102976,178.0,30.5,148.78616909342637
102977,178.0,31.0,149.71836809209037
102978,178.0,31.5,148.85886061675404
102979,178.0,32.0,149.1939342730144
102980,178.0,32.5,150.33026368715267
102981,178.0,33.0,156.55100563099342
102982,178.0,33.5,149.27149565057772
102983,178.0,34.0,160.37218311902777
102984,178.0,34.5,156.69815453588862
102985,178.0,35.0,157.79453624990094
102986,178.0,35.5,157.862329233456
102987,178.0,36.0,153.96357152358695
102988,178.0,36.5,149.98020210292228
102989,178.0,37.0,148.74731383843925
102990,178.0,38.0,157.7278267525097
102991,178.0,39.5,159.59900383862708
102992,178.0,40.0,179.55809080064543
102993,178.0,41.0,180.24455848438845
102994,178.5,-38.5,168.3900188627539
102995,178.5,-37.5,154.89051054890305
102996,178.5,-37.0,151.07928516997598
102997,178.5,-36.5,155.5760854665936
102998,178.5,-36.0,156.08343454767532
102999,178.5,-35.5,154.99225248568123
103000,178.5,-35.0,151.59521349864622
103001,178.5,-34.5,151.02266538225513
103002,178.5,-34.0,151.97504136893406
103003,178.5,-33.5,149.91282451570484
103004,178.5,-33.0,154.1594245763796
103005,178.5,-32.5,149.91334710797477
103006,178.5,-32.0,151.83726380916755
103007,178.5,-31.5,151.97600190316913
103008,178.5,-31.0,152.76663101217108
103009,178.5,-30.5,149.94449123240227
103010,178.5,-30.0,149.6871314967262
103011,178.5,-29.5,154.50113212155895
103012,178.5,-29.0,147.6138634907973
103013,178.5,-28.5,147.37578627865008
103014,178.5,-28.0,146.61994371433767
103015,178.5,-27.5,146.0544241815379
103016,178.5,-27.0,146.7130344038029
103017,178.5,-26.5,150.5634552760661
103018,178.5,-26.0,149.88932201027592
103019,178.5,-25.5,149.10768588632575
103020,178.5,-25.0,146.6324209027656
103021,178.5,-24.5,147.25188213280785
103022,178.5,-24.0,147.7497648415158
103023,178.5,-23.5,149.60788752043115
103024,178.5,-23.0,149.12968667100006
103025,178.5,-22.5,149.9471258274024
103026,178.5,-22.0,146.27936832848442
103027,178.5,-21.5,149.58342805673772
103028,178.5,-21.0,150.02729454986417
103029,178.5,-20.5,150.7111230478785
103030,178.5,-20.0,150.14956142511352
103031,178.5,-19.5,158.62396869851077
103032,178.5,-19.0,149.13673429232978
103033,178.5,-18.5,149.67001143587282
103034,178.5,-18.0,152.14916351478072
103035,178.5,-17.5,150.75286221521466
103036,178.5,-17.0,150.45782735110052
103037,178.5,-16.5,151.2040824981626
103038,178.5,-16.0,150.8883075017573
103039,178.5,-15.5,150.81024948976236
103040,178.5,-15.0,149.92684998353917
103041,178.5,-14.5,148.94934487535778
103042,178.5,-14.0,148.97925857318475
103043,178.5,-13.5,147.48590000401097
103044,178.5,-13.0,151.2145545035567
103045,178.5,-12.5,152.7874540767215
103046,178.5,-12.0,154.09883103325942
103047,178.5,-11.5,149.3847027182078
103048,178.5,-11.0,152.35613382997255
103049,178.5,-10.5,148.371403313781
103050,178.5,-10.0,150.6954305211344
103051,178.5,-9.5,151.97087080995425
103052,178.5,-9.0,150.1261075583512
103053,178.5,-8.5,151.43711095507575
103054,178.5,-8.0,156.05229594073063
103055,178.5,-7.0,154.84164301176958
103056,178.5,-6.5,157.55025419882708
103057,178.5,-6.0,158.56772059979193
103058,178.5,-5.5,155.98586564241495
103059,178.5,-5.0,151.30504576978043
103060,178.5,-4.5,156.4772352708406
103061,178.5,-4.0,159.53528071903602
103062,178.5,-3.5,157.80922807646616
103063,178.5,-3.0,157.02492296212898
103064,178.5,-2.5,156.97435971193815
103065,178.5,-2.0,154.49684037878527
103066,178.5,-0.5,162.32792636654554
103067,178.5,0.0,161.8212213157453
103068,178.5,0.5,160.88473565888285
103069,178.5,1.0,164.84048483229748
103070,178.5,1.5,161.47354317146937
103071,178.5,2.0,157.08840503802116
103072,178.5,2.5,154.73626254170588
103073,178.5,3.0,154.8152079086895
103074,178.5,3.5,152.1981828464653
103075,178.5,4.0,151.31106947061667
103076,178.5,4.5,152.35688649374308
103077,178.5,5.0,152.56111504663195
103078,178.5,5.5,150.83745695245614
103079,178.5,6.0,152.97999514092325
103080,178.5,6.5,155.04480037471762
103081,178.5,7.0,154.89330779765186
103082,178.5,8.0,151.92730004624852
103083,178.5,8.5,151.7375596835128
103084,178.5,9.0,152.0610457304615
103085,178.5,9.5,151.7868496735688
103086,178.5,10.0,151.76039838276716
103087,178.5,10.5,164.42110786782922
103088,178.5,11.0,168.32877480954454
103089,178.5,11.5,155.38768570217215
103090,178.5,12.0,156.486226810275
103091,178.5,12.5,160.98337410093166
103092,178.5,13.0,152.73981804946976
103093,178.5,13.5,155.34373108264532
103094,178.5,14.0,155.14669358253823
103095,178.5,14.5,157.21894204386112
103096,178.5,15.0,154.2276553881368
103097,178.5,15.5,152.6635471269801
103098,178.5,16.0,153.702325275699
103099,178.5,16.5,156.75611990161468
103100,178.5,17.0,156.77322433082705
103101,178.5,17.5,157.3107906166287
103102,178.5,18.0,154.91993339076137
103103,178.5,18.5,152.62941627445778
103104,178.5,19.0,154.93507367362312
103105,178.5,19.5,153.62047833209792
103106,178.5,20.0,152.2419894119
103107,178.5,20.5,153.84813148313393
103108,178.5,21.0,152.85669532445152
103109,178.5,21.5,152.1190140522019
103110,178.5,22.0,148.51772862384192
103111,178.5,22.5,156.08187996086454
103112,178.5,23.0,147.51845557545136
103113,178.5,23.5,147.49028839076243
103114,178.5,24.0,151.15224815744287
103115,178.5,24.5,149.8232789885043
103116,178.5,25.0,151.84186659293104
103117,178.5,25.5,158.1033191869453
103118,178.5,26.0,151.61049487868746
103119,178.5,26.5,150.08335714202124
103120,178.5,27.0,150.68321148766776
103121,178.5,27.5,150.97074251200462
103122,178.5,28.0,153.48274089901523
103123,178.5,28.5,150.4525227850668
103124,178.5,29.0,158.5918827619473
103125,178.5,29.5,157.57043439735438
103126,178.5,30.5,148.11872590967687
103127,178.5,31.0,147.96433391137904
103128,178.5,31.5,149.3451800989302
103129,178.5,32.0,150.4856198998608
103130,178.5,32.5,149.3294072747745
103131,178.5,33.0,157.68959806725968
103132,178.5,33.5,151.09649309399217
103133,178.5,34.0,162.11773236660002
103134,178.5,34.5,156.3149802077228
103135,178.5,35.0,156.11431903986133
103136,178.5,35.5,157.9018676196137
103137,178.5,36.0,153.05282570900894
103138,178.5,36.5,148.94215251882335
103139,178.5,37.0,148.6816287143347
103140,178.5,38.0,157.48259621500753
103141,178.5,40.0,179.63326642725374
103142,178.5,40.5,179.8968979144547
103143,179.0,-38.5,167.70253235569137
103144,179.0,-38.0,159.631245931458
103145,179.0,-37.5,155.39409533368305
103146,179.0,-37.0,154.61735915153528
103147,179.0,-36.5,155.02458863253153
103148,179.0,-36.0,155.78333620288905
103149,179.0,-35.5,154.46063856130968
103150,179.0,-35.0,153.03554140173082
103151,179.0,-34.5,151.6053702629597
103152,179.0,-34.0,151.80818431482186
103153,179.0,-33.5,149.97639570536924
103154,179.0,-33.0,153.2172877755172
103155,179.0,-32.5,150.461961447853
103156,179.0,-32.0,151.27605505703718
103157,179.0,-31.5,154.40716945232805
103158,179.0,-31.0,152.28159414811236
103159,179.0,-30.5,150.95180610541576
103160,179.0,-30.0,148.52146140627914
103161,179.0,-29.5,152.40034611905693
103162,179.0,-29.0,149.9294968084234
103163,179.0,-28.5,146.51693094238775
103164,179.0,-28.0,148.13418729174506
103165,179.0,-27.5,146.09840227942334
103166,179.0,-27.0,148.7100752236547
103167,179.0,-26.5,148.05564993678271
103168,179.0,-26.0,150.84453587910306
103169,179.0,-25.5,149.06602459259446
103170,179.0,-25.0,146.70786665306042
103171,179.0,-24.5,147.18549054903895
103172,179.0,-24.0,148.29736528841326
103173,179.0,-23.5,149.57657402845228
103174,179.0,-23.0,149.1281725966451
103175,179.0,-22.5,147.81066994735903
103176,179.0,-22.0,149.0606165448119
103177,179.0,-21.5,150.76469507880373
103178,179.0,-21.0,149.68600841159247
103179,179.0,-20.5,146.72438412733726
103180,179.0,-20.0,154.4026697568497
103181,179.0,-19.5,157.23693333296586
103182,179.0,-19.0,147.5801283661526
103183,179.0,-18.5,149.51554851646378
103184,179.0,-18.0,150.75867870276412
103185,179.0,-17.5,150.76212962973278
103186,179.0,-17.0,150.54994461530885
103187,179.0,-16.5,151.15616285242183
103188,179.0,-16.0,150.94416918268504
103189,179.0,-15.5,150.4085191598513
103190,179.0,-15.0,149.0415648647025
103191,179.0,-14.5,149.62251206162745
103192,179.0,-14.0,148.98923286952405
103193,179.0,-13.5,147.55899987662286
103194,179.0,-12.5,153.94398231355876
103195,179.0,-12.0,152.679526946521
103196,179.0,-11.5,153.03113094314008
103197,179.0,-11.0,149.04691094519515
103198,179.0,-10.5,151.53037725829918
103199,179.0,-10.0,150.04902546934164
103200,179.0,-9.5,149.41825482503683
103201,179.0,-9.0,151.71812099193988
103202,179.0,-8.5,152.0767027692122
103203,179.0,-8.0,155.59727428814634
103204,179.0,-7.5,154.7767930455099
103205,179.0,-7.0,155.10103958374398
103206,179.0,-6.0,157.11994325443612
103207,179.0,-5.5,154.0541851368929
103208,179.0,-5.0,157.25843992330354
103209,179.0,-4.5,157.1518656771101
103210,179.0,-4.0,156.6173692579631
103211,179.0,-3.5,158.0192977537816
103212,179.0,-3.0,158.86357704031693
103213,179.0,-2.5,156.3650131389616
103214,179.0,-2.0,157.19186398211806
103215,179.0,-1.5,155.36677731567156
103216,179.0,0.0,162.74701961060285
103217,179.0,0.5,162.7930674699274
103218,179.0,1.0,161.2537892690162
103219,179.0,1.5,161.50643266711015
103220,179.0,2.0,159.44126020950537
103221,179.0,2.5,157.97783206026276
103222,179.0,3.0,154.41901368518165
103223,179.0,3.5,152.58220169050057
103224,179.0,4.0,152.94298602214923
103225,179.0,4.5,151.68608336657675
103226,179.0,5.0,149.82023542571883
103227,179.0,5.5,151.19450238746848
103228,179.0,6.0,150.99250122317295
103229,179.0,6.5,153.74074237144598
103230,179.0,8.0,152.06621242780562
103231,179.0,8.5,153.40997612867682
103232,179.0,9.0,151.5893121350865
103233,179.0,9.5,152.11530362889522
103234,179.0,10.0,152.9419924333747
103235,179.0,11.0,168.2436209493274
103236,179.0,11.5,168.21176337262997
103237,179.0,12.0,155.25162028205344
103238,179.0,12.5,155.83155434630973
103239,179.0,13.0,158.28165578069684
103240,179.0,13.5,157.22067148953255
103241,179.0,14.0,157.96255490881825
103242,179.0,14.5,156.12932670424513
103243,179.0,15.0,156.3070482408588
103244,179.0,15.5,154.64639975261085
103245,179.0,16.0,157.3802413915987
103246,179.0,16.5,157.33344782883228
103247,179.0,17.0,156.770868513401
103248,179.0,17.5,156.91946820441743
103249,179.0,18.0,155.41124357435055
103250,179.0,18.5,154.3772227545908
103251,179.0,19.5,158.26189091112403
103252,179.0,20.0,151.75058765623808
103253,179.0,20.5,163.01967646817747
103254,179.0,21.0,151.04921139981514
103255,179.0,21.5,155.05516918222722
103256,179.0,22.0,149.98575472714518
103257,179.0,22.5,153.2845994626802
103258,179.0,23.0,152.28015261114675
103259,179.0,23.5,147.89281573535823
103260,179.0,24.0,154.2019136450056
103261,179.0,24.5,151.47560872976646
103262,179.0,25.0,153.82414338415387
103263,179.0,25.5,152.99462764565044
103264,179.0,26.0,151.22389466455823
103265,179.0,26.5,150.83726937146193
103266,179.0,27.0,153.23827515683342
103267,179.0,27.5,151.1790214694548
103268,179.0,28.0,152.12291048516389
103269,179.0,28.5,151.91871908115866
103270,179.0,29.0,158.19148512900784
103271,179.0,29.5,155.9822148626516
103272,179.0,30.5,147.81237922408556
103273,179.0,31.5,149.1476469396365
103274,179.0,32.0,150.77629467639335
103275,179.0,32.5,150.4020266231674
103276,179.0,33.0,159.20753494672832
103277,179.0,33.5,151.23982332888946
103278,179.0,34.0,159.39896312370945
103279,179.0,34.5,155.8392374966766
103280,179.0,35.0,153.9806021764843
103281,179.0,35.5,157.42777698718416
103282,179.0,36.0,154.710822938792
103283,179.0,36.5,148.92585358124265
103284,179.0,37.0,148.31663891214674
103285,179.0,38.0,157.04970085229417
103286,179.0,40.0,179.6741222715202
103287,179.0,40.5,179.9581344373214
103288,179.5,-38.5,166.75002968465392
103289,179.5,-38.0,160.31215396146973
103290,179.5,-37.5,155.19628006354972
103291,179.5,-37.0,158.3705438800403
103292,179.5,-36.5,154.45442181811748
103293,179.5,-36.0,153.90563640831806
103294,179.5,-35.5,155.41222175559824
103295,179.5,-35.0,156.32674105218305
103296,179.5,-34.5,152.97359237188456
103297,179.5,-34.0,151.07735338270837
103298,179.5,-33.5,151.28645138090684
103299,179.5,-33.0,152.7316740450705
103300,179.5,-32.5,151.13369385756974
103301,179.5,-32.0,150.51092814139412
103302,179.5,-31.5,153.88983457892604
103303,179.5,-31.0,152.22064147562605
103304,179.5,-30.5,149.76729728231868
103305,179.5,-30.0,149.0594589716023
103306,179.5,-29.5,151.41524509154317
103307,179.5,-29.0,149.58392783673847
103308,179.5,-28.5,146.615786163244
103309,179.5,-28.0,147.08999751414547
103310,179.5,-27.5,146.11224928984154
103311,179.5,-27.0,148.686684603666
103312,179.5,-26.5,146.8415405437885
103313,179.5,-26.0,149.45914710613502
103314,179.5,-25.5,149.16003409509304
103315,179.5,-25.0,147.42649903939747
103316,179.5,-24.5,148.17503960835484
103317,179.5,-24.0,148.36868918372886
103318,179.5,-23.5,149.41016740824637
103319,179.5,-23.0,149.31976721907174
103320,179.5,-22.5,146.65480377587008
103321,179.5,-22.0,150.29918733206165
103322,179.5,-21.5,149.7291767509678
103323,179.5,-21.0,150.13194257663594
103324,179.5,-20.5,147.72181017138092
103325,179.5,-20.0,164.98182049305476
103326,179.5,-19.5,150.62792764445274
103327,179.5,-19.0,150.37122543632273
103328,179.5,-18.5,147.88910533587182
103329,179.5,-18.0,150.30171303625445
103330,179.5,-17.5,150.6589844043077
103331,179.5,-17.0,151.1663259338749
103332,179.5,-16.5,154.35050983541117
103333,179.5,-16.0,149.89247238500758
103334,179.5,-15.5,150.1137830564669
103335,179.5,-15.0,149.88882271999552
103336,179.5,-14.5,149.6241367518368
103337,179.5,-14.0,148.8396894130856
103338,179.5,-13.5,149.87196239261837
103339,179.5,-12.5,150.70463925662486
103340,179.5,-12.0,153.21853187184058
103341,179.5,-11.5,151.78782307546092
103342,179.5,-11.0,150.9181458703508
103343,179.5,-10.5,151.38434914746836
103344,179.5,-10.0,151.30819716375626
103345,179.5,-9.5,150.22675792339928
103346,179.5,-9.0,151.88099836003138
103347,179.5,-8.5,154.56603711000324
103348,179.5,-7.5,154.82838666445045
103349,179.5,-7.0,157.25921332656787
103350,179.5,-6.5,152.1480102722075
103351,179.5,-6.0,152.19385154277813
103352,179.5,-5.5,154.9943329578462
103353,179.5,-5.0,158.41294590906895
103354,179.5,-4.5,158.15978740313435
103355,179.5,-4.0,157.06123036068382
103356,179.5,-3.5,155.24118032888677
103357,179.5,-3.0,158.57174639706807
103358,179.5,-2.5,159.78810103772048
103359,179.5,-2.0,157.3955608963211
103360,179.5,-1.5,155.13322871797212
103361,179.5,-1.0,154.93152796570007
103362,179.5,0.5,163.20757006601224
103363,179.5,1.0,161.25639769908543
103364,179.5,1.5,159.96447406596616
103365,179.5,2.0,161.25220956314257
103366,179.5,2.5,159.4805695490869
103367,179.5,3.0,154.3666928823745
103368,179.5,3.5,155.40509678340612
103369,179.5,4.0,156.23679528376837
103370,179.5,4.5,153.07516443643146
103371,179.5,5.0,150.19386675234526
103372,179.5,5.5,151.42163900019463
103373,179.5,6.0,150.71268082130007
103374,179.5,6.5,153.32808722304017
103375,179.5,7.0,152.2960509936965
103376,179.5,7.5,152.83863502490598
103377,179.5,8.0,160.99140282224974
103378,179.5,8.5,153.76152448835305
103379,179.5,9.0,153.0403365443082
103380,179.5,9.5,152.13108173897822
103381,179.5,10.0,151.22549535348188
103382,179.5,11.5,163.2154332388746
103383,179.5,12.0,152.30901654800283
103384,179.5,12.5,153.70292557971726
103385,179.5,13.0,158.95709688539375
103386,179.5,13.5,168.67924301482086
103387,179.5,14.0,157.70555762140307
103388,179.5,14.5,153.52260303094073
103389,179.5,15.0,156.9839916914984
103390,179.5,15.5,155.01723313242567
103391,179.5,16.0,157.7618201795818
103392,179.5,16.5,156.5688295559713
103393,179.5,17.0,157.31821441849246
103394,179.5,17.5,156.47153274149187
103395,179.5,18.0,157.0108949248225
103396,179.5,18.5,155.76440284600716
103397,179.5,19.0,157.03574966890102
103398,179.5,19.5,157.55439036048753
103399,179.5,20.0,159.20016972537198
103400,179.5,20.5,154.7700747763743
103401,179.5,21.0,151.08291453412815
103402,179.5,21.5,153.11190002266383
103403,179.5,22.0,158.85230640295882
103404,179.5,22.5,153.14353496830307
103405,179.5,23.0,154.97915304889528
103406,179.5,23.5,151.3026884164394
103407,179.5,24.0,155.45235319467957
103408,179.5,24.5,152.34904285251824
103409,179.5,25.0,155.30977294882507
103410,179.5,25.5,153.07137226693686
103411,179.5,26.0,153.40788067541723
103412,179.5,26.5,152.56232332182694
103413,179.5,27.0,154.72648343839302
103414,179.5,27.5,151.79802239365858
103415,179.5,28.0,151.38188067742337
103416,179.5,28.5,153.41669186944114
103417,179.5,29.0,154.85509366943285
103418,179.5,31.0,147.78715538868246
103419,179.5,31.5,149.1939931235403
103420,179.5,32.0,149.87985447979725
103421,179.5,32.5,152.53099624843952
103422,179.5,33.0,150.78628774653524
103423,179.5,33.5,159.91006593917015
103424,179.5,34.0,156.7840123096507
103425,179.5,34.5,155.1242189714409
103426,179.5,35.0,155.12128136077064
103427,179.5,35.5,159.03833496277915
103428,179.5,36.0,153.08071229469766
103429,179.5,36.5,149.31524624919064
103430,179.5,37.0,148.32384130032824
103431,179.5,37.5,156.71307233885838
103432,179.5,40.0,179.68182753598688
103433,180.0,-38.5,165.97399910635733
103434,180.0,-38.0,160.82336184893882
103435,180.0,-37.5,155.78846666636554
103436,180.0,-37.0,153.84807925624
103437,180.0,-36.5,151.2480368844626
103438,180.0,-36.0,153.91213788761655
103439,180.0,-35.5,155.45856028829877
103440,180.0,-35.0,155.99603073163715
103441,180.0,-34.5,154.89806209124487
103442,180.0,-34.0,150.48422189767498
103443,180.0,-33.5,152.3151474916743
103444,180.0,-33.0,152.70496837085165
103445,180.0,-32.5,152.08180977972543
103446,180.0,-32.0,150.24876934635512
103447,180.0,-31.5,159.08112327357165
103448,180.0,-31.0,151.03473078932993
103449,180.0,-30.5,148.5825289917617
103450,180.0,-30.0,154.38552667401376
103451,180.0,-29.5,148.39318971525805
103452,180.0,-29.0,148.52679402602817
103453,180.0,-28.5,147.2928848134738
103454,180.0,-28.0,146.4905420831435
103455,180.0,-27.5,146.36200385809525
103456,180.0,-27.0,148.11666574782853
103457,180.0,-26.0,149.1438537912257
103458,180.0,-25.5,149.34290531114888
103459,180.0,-25.0,147.69562152160663
103460,180.0,-24.5,148.6594086115405
103461,180.0,-24.0,149.1385937790763
103462,180.0,-23.5,149.39103874742497
103463,180.0,-23.0,148.74858856922484
103464,180.0,-22.5,148.2143468927878
103465,180.0,-22.0,149.916663659301
103466,180.0,-21.5,148.750447304808
103467,180.0,-21.0,165.10860344337107
103468,180.0,-20.5,151.22955082251636
103469,180.0,-20.0,159.5598039541276
103470,180.0,-19.5,151.57174708966758
103471,180.0,-19.0,151.14671443194246
103472,180.0,-18.5,148.6314493063396
103473,180.0,-18.0,150.03506049614015
103474,180.0,-17.5,150.19684566090248
103475,180.0,-17.0,152.39003085141914
103476,180.0,-16.5,154.7159587390183
103477,180.0,-16.0,150.51431944720022
103478,180.0,-15.5,149.89267442709098
103479,180.0,-15.0,149.9647768161152
103480,180.0,-14.5,149.01898641479886
103481,180.0,-14.0,149.82299521965504
103482,180.0,-13.5,150.39176025505577
103483,180.0,-12.5,150.9155911248299
103484,180.0,-12.0,156.01107912216614
103485,180.0,-11.5,150.03589613078964
103486,180.0,-11.0,151.1262729320307
103487,180.0,-10.5,150.8621240222357
103488,180.0,-10.0,151.16908987556212
103489,180.0,-9.5,151.34411580985963
103490,180.0,-8.5,154.9627070998286
103491,180.0,-8.0,153.0590646617797
103492,180.0,-7.5,153.1171807038724
103493,180.0,-7.0,157.30199239383757
103494,180.0,-6.5,151.99459525345281
103495,180.0,-6.0,152.51632641827516
103496,180.0,-5.5,158.11606299014903
103497,180.0,-5.0,159.10321068032817
103498,180.0,-4.5,158.59160882638662
103499,180.0,-4.0,157.59675139908677
103500,180.0,-3.5,158.13846578462022
103501,180.0,-3.0,157.3956618150233
103502,180.0,-2.5,160.4062240343109
103503,180.0,-2.0,159.07361221968682
103504,180.0,-1.5,156.9192693091159
103505,180.0,0.5,161.39396060624102
103506,180.0,1.0,162.78688075605754
103507,180.0,1.5,160.0801793335441
103508,180.0,2.0,159.48083842515246
103509,180.0,2.5,160.40128220636612
103510,180.0,3.0,156.37717081829223
103511,180.0,3.5,158.65194883690768
103512,180.0,4.5,153.43968778342972
103513,180.0,5.0,156.56596711431396
103514,180.0,5.5,149.71880936248087
103515,180.0,6.0,152.06467830457385
103516,180.0,7.0,153.8824847323452
103517,180.0,7.5,154.47923244118033
103518,180.0,8.0,167.64864643811163
103519,180.0,8.5,152.41173489105194
103520,180.0,9.0,153.501632011424
103521,180.0,10.0,151.2376627721112
103522,180.0,11.0,153.78432852334353
103523,180.0,11.5,159.16639528645726
103524,180.0,12.0,156.53207369219578
103525,180.0,12.5,152.54601854324068
103526,180.0,13.0,158.9245231666338
103527,180.0,13.5,168.612745350028
103528,180.0,14.0,158.24051142929338
103529,180.0,14.5,153.75336168765935
103530,180.0,15.0,155.68884404314386
103531,180.0,15.5,156.74549340216606
103532,180.0,16.5,157.3050813498028
103533,180.0,17.0,158.04839200272903
103534,180.0,17.5,156.6707745706226
103535,180.0,18.0,156.79070057533318
103536,180.0,19.0,158.479079445786
103537,180.0,19.5,156.01361394054365
103538,180.0,20.0,160.7919710625889
103539,180.0,20.5,155.03201390723956
103540,180.0,21.0,151.33789911147397
103541,180.0,21.5,151.52675599424396
103542,180.0,22.0,160.60596424622477
103543,180.0,22.5,160.92205367590918
103544,180.0,23.0,151.33705651843
103545,180.0,23.5,153.73376335819773
103546,180.0,24.0,151.58205208190066
103547,180.0,24.5,151.75434416271423
103548,180.0,25.0,158.1134514362858
103549,180.0,25.5,154.21764705414088
103550,180.0,26.0,153.95533580413155
103551,180.0,26.5,153.89583816841892
103552,180.0,27.0,153.74207245617552
103553,180.0,27.5,151.6912255002502
103554,180.0,28.0,150.228997536675
103555,180.0,28.5,154.1058340729487
103556,180.0,29.0,151.6447068743485
103557,180.0,31.0,147.43163450335365
103558,180.0,31.5,148.59080169538367
103559,180.0,32.0,150.52301077452114
103560,180.0,32.5,152.7532986349645
103561,180.0,33.0,150.19143223510244
103562,180.0,33.5,162.82611790982892
103563,180.0,34.0,154.8239000796201
103564,180.0,34.5,154.39308699454133
103565,180.0,35.0,155.24283790410428
103566,180.0,35.5,159.1660896272678
103567,180.0,36.0,153.1409138756888
103568,180.0,36.5,149.37767308702374
103569,180.0,37.0,148.58530253616817
103570,180.0,37.5,156.58389541921505
103571,180.0,40.0,179.74712271060778
